#! FIELDS time refcv.mean refcv.morethan uwall.bias uwall.force2 lwall.bias lwall.force2 refcv2.mean refcv2.morethan
 0.750000 5.590379 395.052837 0.000000 0.000000 0.000000 0.000000 5.590379 386.000000
 1.000000 5.566989 386.230175 0.000000 0.000000 0.000000 0.000000 5.566989 378.000000
 1.250000 5.520293 363.861119 0.000000 0.000000 0.000000 0.000000 5.520293 363.000000
 1.500000 5.517486 359.529034 0.000000 0.000000 0.221809 0.887237 5.517486 366.000000
 1.750000 5.544425 365.931551 0.000000 0.000000 0.000000 0.000000 5.544425 365.000000
 2.000000 5.527993 363.458978 0.000000 0.000000 0.000000 0.000000 5.527993 370.000000
 2.250000 5.520093 359.885426 0.000000 0.000000 0.013127 0.052509 5.520093 363.000000
 2.500000 5.521234 364.920972 0.000000 0.000000 0.000000 0.000000 5.521234 378.000000
 2.750000 5.526059 364.724398 0.000000 0.000000 0.000000 0.000000 5.526059 375.000000
 3.000000 5.525684 369.082518 0.000000 0.000000 0.000000 0.000000 5.525684 383.000000
 3.250000 5.550946 380.985682 0.000000 0.000000 0.000000 0.000000 5.550946 397.000000
 3.500000 5.535667 358.677299 0.000000 0.000000 1.749539 6.998156 5.535667 366.000000
 3.750000 5.502920 359.738103 0.000000 0.000000 0.068590 0.274361 5.502920 373.000000
 4.000000 5.504762 364.562053 0.000000 0.000000 0.000000 0.000000 5.504762 374.000000
 4.250000 5.529800 360.795542 0.000000 0.000000 0.000000 0.000000 5.529800 371.000000
 4.500000 5.514916 362.573533 0.000000 0.000000 0.000000 0.000000 5.514916 381.000000
 4.750000 5.498250 361.568624 0.000000 0.000000 0.000000 0.000000 5.498250 375.000000
 5.000000 5.515868 365.534806 0.000000 0.000000 0.000000 0.000000 5.515868 375.000000
 5.250000 5.524204 363.246290 0.000000 0.000000 0.000000 0.000000 5.524204 377.000000
 5.500000 5.515235 361.098746 0.000000 0.000000 0.000000 0.000000 5.515235 364.000000
 5.750000 5.509755 359.786632 0.000000 0.000000 0.045526 0.182103 5.509755 365.000000
 6.000000 5.515013 361.294747 0.000000 0.000000 0.000000 0.000000 5.515013 378.000000
 6.250000 5.537813 371.607721 0.000000 0.000000 0.000000 0.000000 5.537813 377.000000
 6.500000 5.500092 359.742690 0.000000 0.000000 0.066209 0.264834 5.500092 380.000000
 6.750000 5.530726 366.766418 0.000000 0.000000 0.000000 0.000000 5.530726 372.000000
 7.000000 5.538997 384.689193 0.000000 0.000000 0.000000 0.000000 5.538997 393.000000
 7.250000 5.518393 361.397621 0.000000 0.000000 0.000000 0.000000 5.518393 363.000000
 7.500000 5.521675 377.913638 0.000000 0.000000 0.000000 0.000000 5.521675 390.000000
 7.750000 5.521798 371.236334 0.000000 0.000000 0.000000 0.000000 5.521798 375.000000
 8.000000 5.511483 365.819523 0.000000 0.000000 0.000000 0.000000 5.511483 380.000000
 8.250000 5.548501 392.448797 0.000000 0.000000 0.000000 0.000000 5.548501 398.000000
 8.500000 5.538071 385.908032 0.000000 0.000000 0.000000 0.000000 5.538071 395.000000
 8.750000 5.507336 365.416375 0.000000 0.000000 0.000000 0.000000 5.507336 373.000000
 9.000000 5.507332 361.505690 0.000000 0.000000 0.000000 0.000000 5.507332 362.000000
 9.250000 5.519366 371.176340 0.000000 0.000000 0.000000 0.000000 5.519366 384.000000
 9.500000 5.533887 387.382637 0.000000 0.000000 0.000000 0.000000 5.533887 400.000000
 9.750000 5.557636 389.831670 0.000000 0.000000 0.000000 0.000000 5.557636 407.000000
 10.000000 5.541798 385.342817 0.000000 0.000000 0.000000 0.000000 5.541798 395.000000
 10.250000 5.552973 400.956129 0.000000 0.000000 0.000000 0.000000 5.552973 416.000000
 10.500000 5.558296 396.270699 0.000000 0.000000 0.000000 0.000000 5.558296 410.000000
 10.750000 5.542993 387.244151 0.000000 0.000000 0.000000 0.000000 5.542993 403.000000
 11.000000 5.541468 396.670200 0.000000 0.000000 0.000000 0.000000 5.541468 421.000000
 11.250000 5.525863 365.414883 0.000000 0.000000 0.000000 0.000000 5.525863 371.000000
 11.500000 5.514917 369.298759 0.000000 0.000000 0.000000 0.000000 5.514917 394.000000
 11.750000 5.568584 400.804507 0.000000 0.000000 0.000000 0.000000 5.568584 404.000000
 12.000000 5.541177 388.140691 0.000000 0.000000 0.000000 0.000000 5.541177 413.000000
 12.250000 5.511117 365.395447 0.000000 0.000000 0.000000 0.000000 5.511117 395.000000
 12.500000 5.549548 383.001048 0.000000 0.000000 0.000000 0.000000 5.549548 396.000000
 12.750000 5.598474 430.081435 0.000000 0.000000 0.000000 0.000000 5.598474 445.000000
 13.000000 5.583704 430.999711 0.000000 0.000000 0.000000 0.000000 5.583704 447.000000
 13.250000 5.541484 396.572360 0.000000 0.000000 0.000000 0.000000 5.541484 411.000000
 13.500000 5.525044 376.977970 0.000000 0.000000 0.000000 0.000000 5.525044 401.000000
 13.750000 5.587684 425.513401 0.000000 0.000000 0.000000 0.000000 5.587684 430.000000
 14.000000 5.606155 430.417411 0.000000 0.000000 0.000000 0.000000 5.606155 439.000000
 14.250000 5.555602 403.364355 0.000000 0.000000 0.000000 0.000000 5.555602 433.000000
 14.500000 5.554758 401.935633 0.000000 0.000000 0.000000 0.000000 5.554758 420.000000
 14.750000 5.581627 421.593721 0.000000 0.000000 0.000000 0.000000 5.581627 431.000000
 15.000000 5.588412 429.161441 0.000000 0.000000 0.000000 0.000000 5.588412 453.000000
 15.250000 5.595462 430.629724 0.000000 0.000000 0.000000 0.000000 5.595462 442.000000
 15.500000 5.553465 405.303679 0.000000 0.000000 0.000000 0.000000 5.553465 421.000000
 15.750000 5.544287 387.484384 0.000000 0.000000 0.000000 0.000000 5.544287 401.000000
 16.000000 5.568546 398.289955 0.000000 0.000000 0.000000 0.000000 5.568546 409.000000
 16.250000 5.566366 405.485185 0.000000 0.000000 0.000000 0.000000 5.566366 425.000000
 16.500000 5.529494 375.147859 0.000000 0.000000 0.000000 0.000000 5.529494 401.000000
 16.750000 5.508705 380.315598 0.000000 0.000000 0.000000 0.000000 5.508705 397.000000
 17.000000 5.511837 380.768456 0.000000 0.000000 0.000000 0.000000 5.511837 404.000000
 17.250000 5.543876 399.354493 0.000000 0.000000 0.000000 0.000000 5.543876 418.000000
 17.500000 5.572584 404.859767 0.000000 0.000000 0.000000 0.000000 5.572584 417.000000
 17.750000 5.557874 411.333907 0.000000 0.000000 0.000000 0.000000 5.557874 434.000000
 18.000000 5.540860 388.856308 0.000000 0.000000 0.000000 0.000000 5.540860 414.000000
 18.250000 5.576424 401.429728 0.000000 0.000000 0.000000 0.000000 5.576424 408.000000
 18.500000 5.591741 430.848559 0.000000 0.000000 0.000000 0.000000 5.591741 441.000000
 18.750000 5.518130 369.434179 0.000000 0.000000 0.000000 0.000000 5.518130 404.000000
 19.000000 5.530984 380.145183 0.000000 0.000000 0.000000 0.000000 5.530984 405.000000
 19.250000 5.593516 427.950824 0.000000 0.000000 0.000000 0.000000 5.593516 435.000000
 19.500000 5.561066 393.615053 0.000000 0.000000 0.000000 0.000000 5.561066 407.000000
 19.750000 5.541907 385.507522 0.000000 0.000000 0.000000 0.000000 5.541907 420.000000
 20.000000 5.579148 422.892753 0.000000 0.000000 0.000000 0.000000 5.579148 447.000000
 20.250000 5.581369 410.628992 0.000000 0.000000 0.000000 0.000000 5.581369 419.000000
 20.500000 5.577971 407.516894 0.000000 0.000000 0.000000 0.000000 5.577971 414.000000
 20.750000 5.561895 415.615183 0.000000 0.000000 0.000000 0.000000 5.561895 430.000000
 21.000000 5.531654 374.660323 0.000000 0.000000 0.000000 0.000000 5.531654 393.000000
 21.250000 5.577432 416.739421 0.000000 0.000000 0.000000 0.000000 5.577432 431.000000
 21.500000 5.605217 425.190127 0.000000 0.000000 0.000000 0.000000 5.605217 436.000000
 21.750000 5.550117 392.950879 0.000000 0.000000 0.000000 0.000000 5.550117 424.000000
 22.000000 5.562355 387.530181 0.000000 0.000000 0.000000 0.000000 5.562355 405.000000
 22.250000 5.579203 421.048942 0.000000 0.000000 0.000000 0.000000 5.579203 433.000000
 22.500000 5.602438 425.393066 0.000000 0.000000 0.000000 0.000000 5.602438 438.000000
 22.750000 5.569195 405.283778 0.000000 0.000000 0.000000 0.000000 5.569195 424.000000
 23.000000 5.587071 433.913284 3.660654 14.642618 0.000000 0.000000 5.587071 446.000000
 23.250000 5.589631 429.561920 0.000000 0.000000 0.000000 0.000000 5.589631 442.000000
 23.500000 5.597157 433.238372 1.533565 6.134262 0.000000 0.000000 5.597157 455.000000
 23.750000 5.568419 412.100671 0.000000 0.000000 0.000000 0.000000 5.568419 430.000000
 24.000000 5.579858 418.242467 0.000000 0.000000 0.000000 0.000000 5.579858 444.000000
 24.250000 5.594390 420.736345 0.000000 0.000000 0.000000 0.000000 5.594390 425.000000
 24.500000 5.587800 421.752793 0.000000 0.000000 0.000000 0.000000 5.587800 455.000000
 24.750000 5.585620 428.433822 0.000000 0.000000 0.000000 0.000000 5.585620 456.000000
 25.000000 5.564680 417.271575 0.000000 0.000000 0.000000 0.000000 5.564680 445.000000
 25.250000 5.573858 413.369691 0.000000 0.000000 0.000000 0.000000 5.573858 445.000000
 25.500000 5.572708 420.795530 0.000000 0.000000 0.000000 0.000000 5.572708 465.000000
 25.750000 5.585456 418.211552 0.000000 0.000000 0.000000 0.000000 5.585456 449.000000
 26.000000 5.566237 410.399384 0.000000 0.000000 0.000000 0.000000 5.566237 459.000000
 26.250000 5.578646 427.784189 0.000000 0.000000 0.000000 0.000000 5.578646 457.000000
 26.500000 5.588439 429.493841 0.000000 0.000000 0.000000 0.000000 5.588439 444.000000
 26.750000 5.580766 424.600790 0.000000 0.000000 0.000000 0.000000 5.580766 468.000000
 27.000000 5.593866 433.852693 3.432470 13.729881 0.000000 0.000000 5.593866 464.000000
 27.250000 5.587682 430.979496 0.000000 0.000000 0.000000 0.000000 5.587682 447.000000
 27.500000 5.585215 420.093277 0.000000 0.000000 0.000000 0.000000 5.585215 451.000000
 27.750000 5.590973 420.834992 0.000000 0.000000 0.000000 0.000000 5.590973 443.000000
 28.000000 5.589351 429.836387 0.000000 0.000000 0.000000 0.000000 5.589351 473.000000
 28.250000 5.591505 427.448292 0.000000 0.000000 0.000000 0.000000 5.591505 467.000000
 28.500000 5.594725 433.909139 3.644812 14.579250 0.000000 0.000000 5.594725 473.000000
 28.750000 5.601562 430.879171 0.000000 0.000000 0.000000 0.000000 5.601562 464.000000
 29.000000 5.588885 431.457288 0.000000 0.000000 0.000000 0.000000 5.588885 491.000000
 29.250000 5.609863 429.939854 0.000000 0.000000 0.000000 0.000000 5.609863 434.000000
 29.500000 5.586515 416.561038 0.000000 0.000000 0.000000 0.000000 5.586515 448.000000
 29.750000 5.593185 427.543733 0.000000 0.000000 0.000000 0.000000 5.593185 473.000000
 30.000000 5.585970 418.398723 0.000000 0.000000 0.000000 0.000000 5.585970 437.000000
 30.250000 5.605020 432.103584 0.010730 0.042919 0.000000 0.000000 5.605020 459.000000
 30.500000 5.584511 422.320374 0.000000 0.000000 0.000000 0.000000 5.584511 485.000000
 30.750000 5.602933 435.327032 11.069144 44.276577 0.000000 0.000000 5.602933 463.000000
 31.000000 5.589905 427.065351 0.000000 0.000000 0.000000 0.000000 5.589905 473.000000
 31.250000 5.597114 434.466231 6.082297 24.329189 0.000000 0.000000 5.597114 492.000000
 31.500000 5.591598 425.839038 0.000000 0.000000 0.000000 0.000000 5.591598 460.000000
 31.750000 5.599044 435.186585 10.154323 40.617293 0.000000 0.000000 5.599044 494.000000
 32.000000 5.599356 432.767883 0.589644 2.358578 0.000000 0.000000 5.599356 464.000000
 32.250000 5.595497 431.820342 0.000000 0.000000 0.000000 0.000000 5.595497 476.000000
 32.500000 5.596884 432.987334 0.974828 3.899311 0.000000 0.000000 5.596884 481.000000
 32.750000 5.595420 432.080201 0.006432 0.025729 0.000000 0.000000 5.595420 489.000000
 33.000000 5.592495 428.004166 0.000000 0.000000 0.000000 0.000000 5.592495 477.000000
 33.250000 5.594536 431.996287 0.000000 0.000000 0.000000 0.000000 5.594536 480.000000
 33.500000 5.585518 421.792553 0.000000 0.000000 0.000000 0.000000 5.585518 501.000000
 33.750000 5.595282 429.592902 0.000000 0.000000 0.000000 0.000000 5.595282 475.000000
 34.000000 5.601853 436.439477 19.708959 78.835837 0.000000 0.000000 5.601853 481.000000
 34.250000 5.593088 428.338854 0.000000 0.000000 0.000000 0.000000 5.593088 473.000000
 34.500000 5.596812 432.590141 0.348266 1.393065 0.000000 0.000000 5.596812 487.000000
 34.750000 5.591660 428.589863 0.000000 0.000000 0.000000 0.000000 5.591660 501.000000
 35.000000 5.591972 425.849045 0.000000 0.000000 0.000000 0.000000 5.591972 465.000000
 35.250000 5.594927 432.962633 0.926662 3.706649 0.000000 0.000000 5.594927 491.000000
 35.500000 5.596167 432.356912 0.127386 0.509545 0.000000 0.000000 5.596167 489.000000
 35.750000 5.594397 429.165287 0.000000 0.000000 0.000000 0.000000 5.594397 493.000000
 36.000000 5.600752 434.398746 5.753984 23.015936 0.000000 0.000000 5.600752 493.000000
 36.250000 5.595873 433.445917 2.090677 8.362707 0.000000 0.000000 5.595873 482.000000
 36.500000 5.588915 424.170144 0.000000 0.000000 0.000000 0.000000 5.588915 482.000000
 36.750000 5.595792 434.961879 8.772726 35.090903 0.000000 0.000000 5.595792 506.000000
 37.000000 5.593640 431.708289 0.000000 0.000000 0.000000 0.000000 5.593640 505.000000
 37.250000 5.597254 435.646871 13.299668 53.198672 0.000000 0.000000 5.597254 519.000000
 37.500000 5.591970 430.856731 0.000000 0.000000 0.000000 0.000000 5.591970 515.000000
 37.750000 5.591458 424.574239 0.000000 0.000000 0.000000 0.000000 5.591458 468.000000
 38.000000 5.581727 416.354692 0.000000 0.000000 0.000000 0.000000 5.581727 484.000000
 38.250000 5.585895 420.563009 0.000000 0.000000 0.000000 0.000000 5.585895 486.000000
 38.500000 5.594172 431.663734 0.000000 0.000000 0.000000 0.000000 5.594172 493.000000
 38.750000 5.592357 428.727530 0.000000 0.000000 0.000000 0.000000 5.592357 490.000000
 39.000000 5.593141 433.447724 2.095905 8.383620 0.000000 0.000000 5.593141 564.000000
 39.250000 5.589564 426.529688 0.000000 0.000000 0.000000 0.000000 5.589564 498.000000
 39.500000 5.593884 432.617366 0.381140 1.524561 0.000000 0.000000 5.593884 496.000000
 39.750000 5.588180 425.012284 0.000000 0.000000 0.000000 0.000000 5.588180 490.000000
 40.000000 5.591159 429.532863 0.000000 0.000000 0.000000 0.000000 5.591159 521.000000
 40.250000 5.593999 433.210974 1.466458 5.865832 0.000000 0.000000 5.593999 529.000000
 40.500000 5.590203 427.249399 0.000000 0.000000 0.000000 0.000000 5.590203 502.000000
 40.750000 5.594730 433.097457 1.204412 4.817650 0.000000 0.000000 5.594730 495.000000
 41.000000 5.591037 428.546889 0.000000 0.000000 0.000000 0.000000 5.591037 510.000000
 41.250000 5.595738 432.430956 0.185723 0.742893 0.000000 0.000000 5.595738 491.000000
 41.500000 5.584240 420.393926 0.000000 0.000000 0.000000 0.000000 5.584240 504.000000
 41.750000 5.594747 433.127577 1.271430 5.085718 0.000000 0.000000 5.594747 493.000000
 42.000000 5.585983 421.279417 0.000000 0.000000 0.000000 0.000000 5.585983 471.000000
 42.250000 5.588780 424.963663 0.000000 0.000000 0.000000 0.000000 5.588780 494.000000
 42.500000 5.593928 432.821298 0.674530 2.698121 0.000000 0.000000 5.593928 513.000000
 42.750000 5.589820 426.852731 0.000000 0.000000 0.000000 0.000000 5.589820 503.000000
 43.000000 5.596785 435.475893 12.081834 48.327338 0.000000 0.000000 5.596785 512.000000
 43.250000 5.591227 428.293614 0.000000 0.000000 0.000000 0.000000 5.591227 493.000000
 43.500000 5.590276 426.710129 0.000000 0.000000 0.000000 0.000000 5.590276 503.000000
 43.750000 5.593460 432.472873 0.223609 0.894435 0.000000 0.000000 5.593460 510.000000
 44.000000 5.590321 428.311973 0.000000 0.000000 0.000000 0.000000 5.590321 519.000000
 44.250000 5.592251 427.962159 0.000000 0.000000 0.000000 0.000000 5.592251 483.000000
 44.500000 5.592907 432.898613 0.807505 3.230020 0.000000 0.000000 5.592907 532.000000
 44.750000 5.586503 424.170502 0.000000 0.000000 0.000000 0.000000 5.586503 529.000000
 45.000000 5.588448 425.104677 0.000000 0.000000 0.000000 0.000000 5.588448 520.000000
 45.250000 5.596534 435.774530 14.247076 56.988302 0.000000 0.000000 5.596534 506.000000
 45.500000 5.593792 432.240344 0.057765 0.231062 0.000000 0.000000 5.593792 502.000000
 45.750000 5.590824 426.971670 0.000000 0.000000 0.000000 0.000000 5.590824 471.000000
 46.000000 5.592571 430.095667 0.000000 0.000000 0.000000 0.000000 5.592571 486.000000
 46.250000 5.596718 434.598272 6.751019 27.004078 0.000000 0.000000 5.596718 524.000000
 46.500000 5.591853 429.066299 0.000000 0.000000 0.000000 0.000000 5.591853 499.000000
 46.750000 5.597622 433.311323 1.719568 6.878270 0.000000 0.000000 5.597622 474.000000
 47.000000 5.587165 422.128965 0.000000 0.000000 0.000000 0.000000 5.587165 484.000000
 47.250000 5.592965 426.011745 0.000000 0.000000 0.000000 0.000000 5.592965 469.000000
 47.500000 5.596014 432.607319 0.368836 1.475345 0.000000 0.000000 5.596014 478.000000
 47.750000 5.593071 426.670012 0.000000 0.000000 0.000000 0.000000 5.593071 469.000000
 48.000000 5.594544 431.154879 0.000000 0.000000 0.000000 0.000000 5.594544 489.000000
 48.250000 5.583134 417.581997 0.000000 0.000000 0.000000 0.000000 5.583134 472.000000
 48.500000 5.588791 423.554246 0.000000 0.000000 0.000000 0.000000 5.588791 467.000000
 48.750000 5.588768 426.304615 0.000000 0.000000 0.000000 0.000000 5.588768 498.000000
 49.000000 5.578524 411.783836 0.000000 0.000000 0.000000 0.000000 5.578524 465.000000
 49.250000 5.592251 431.978563 0.000000 0.000000 0.000000 0.000000 5.592251 531.000000
 49.500000 5.580409 413.877849 0.000000 0.000000 0.000000 0.000000 5.580409 470.000000
 49.750000 5.587286 421.393428 0.000000 0.000000 0.000000 0.000000 5.587286 478.000000
 50.000000 5.591531 424.895417 0.000000 0.000000 0.000000 0.000000 5.591531 475.000000
 50.250000 5.583548 418.504506 0.000000 0.000000 0.000000 0.000000 5.583548 481.000000
 50.500000 5.581213 415.102785 0.000000 0.000000 0.000000 0.000000 5.581213 474.000000
 50.750000 5.590329 424.791775 0.000000 0.000000 0.000000 0.000000 5.590329 480.000000
 51.000000 5.588568 426.231623 0.000000 0.000000 0.000000 0.000000 5.588568 516.000000
 51.250000 5.588424 420.110110 0.000000 0.000000 0.000000 0.000000 5.588424 447.000000
 51.500000 5.593488 429.334731 0.000000 0.000000 0.000000 0.000000 5.593488 474.000000
 51.750000 5.593549 429.443018 0.000000 0.000000 0.000000 0.000000 5.593549 484.000000
 52.000000 5.594940 433.883104 3.546079 14.184315 0.000000 0.000000 5.594940 489.000000
 52.250000 5.593249 433.184802 1.403756 5.615025 0.000000 0.000000 5.593249 534.000000
 52.500000 5.596559 436.622541 21.367890 85.471559 0.000000 0.000000 5.596559 523.000000
 52.750000 5.591870 430.156030 0.000000 0.000000 0.000000 0.000000 5.591870 505.000000
 53.000000 5.587876 422.058775 0.000000 0.000000 0.000000 0.000000 5.587876 472.000000
 53.250000 5.597466 435.354303 11.251347 45.005386 0.000000 0.000000 5.597466 507.000000
 53.500000 5.581934 417.433825 0.000000 0.000000 0.000000 0.000000 5.581934 507.000000
 53.750000 5.599503 432.804360 0.646995 2.587981 0.000000 0.000000 5.599503 446.000000
 54.000000 5.595447 432.514730 0.264947 1.059788 0.000000 0.000000 5.595447 503.000000
 54.250000 5.586024 422.305393 0.000000 0.000000 0.000000 0.000000 5.586024 495.000000
 54.500000 5.591138 427.139999 0.000000 0.000000 0.000000 0.000000 5.591138 487.000000
 54.750000 5.588644 424.867131 0.000000 0.000000 0.000000 0.000000 5.588644 501.000000
 55.000000 5.596262 428.658421 0.000000 0.000000 0.000000 0.000000 5.596262 463.000000
 55.250000 5.586975 422.204248 0.000000 0.000000 0.000000 0.000000 5.586975 480.000000
 55.500000 5.587566 424.045230 0.000000 0.000000 0.000000 0.000000 5.587566 493.000000
 55.750000 5.598747 435.601666 12.972002 51.888006 0.000000 0.000000 5.598747 493.000000
 56.000000 5.585918 421.231682 0.000000 0.000000 0.000000 0.000000 5.585918 491.000000
 56.250000 5.586198 421.697261 0.000000 0.000000 0.000000 0.000000 5.586198 471.000000
 56.500000 5.587910 422.992659 0.000000 0.000000 0.000000 0.000000 5.587910 480.000000
 56.750000 5.597760 433.879356 3.531979 14.127917 0.000000 0.000000 5.597760 504.000000
 57.000000 5.594497 429.952069 0.000000 0.000000 0.000000 0.000000 5.594497 478.000000
 57.250000 5.594891 434.829618 8.006736 32.026944 0.000000 0.000000 5.594891 524.000000
 57.500000 5.596280 432.031365 0.000984 0.003935 0.000000 0.000000 5.596280 483.000000
 57.750000 5.594252 431.499588 0.000000 0.000000 0.000000 0.000000 5.594252 498.000000
 58.000000 5.593977 430.833420 0.000000 0.000000 0.000000 0.000000 5.593977 488.000000
 58.250000 5.590071 427.611881 0.000000 0.000000 0.000000 0.000000 5.590071 507.000000
 58.500000 5.586286 421.069247 0.000000 0.000000 0.000000 0.000000 5.586286 477.000000
 58.750000 5.592774 430.583379 0.000000 0.000000 0.000000 0.000000 5.592774 481.000000
 59.000000 5.596742 435.213480 10.326452 41.305807 0.000000 0.000000 5.596742 491.000000
 59.250000 5.596229 428.883577 0.000000 0.000000 0.000000 0.000000 5.596229 445.000000
 59.500000 5.595588 435.301470 10.899705 43.598819 0.000000 0.000000 5.595588 515.000000
 59.750000 5.592460 427.749448 0.000000 0.000000 0.000000 0.000000 5.592460 492.000000
 60.000000 5.593329 432.888505 0.789441 3.157762 0.000000 0.000000 5.593329 532.000000
 60.250000 5.597073 434.213364 4.898982 19.595928 0.000000 0.000000 5.597073 504.000000
 60.500000 5.585595 422.068426 0.000000 0.000000 0.000000 0.000000 5.585595 503.000000
 60.750000 5.594337 433.980402 3.921991 15.687962 0.000000 0.000000 5.594337 528.000000
 61.000000 5.592234 428.852600 0.000000 0.000000 0.000000 0.000000 5.592234 497.000000
 61.250000 5.590105 426.867116 0.000000 0.000000 0.000000 0.000000 5.590105 492.000000
 61.500000 5.584074 416.871287 0.000000 0.000000 0.000000 0.000000 5.584074 463.000000
 61.750000 5.588527 425.974489 0.000000 0.000000 0.000000 0.000000 5.588527 496.000000
 62.000000 5.590306 425.431240 0.000000 0.000000 0.000000 0.000000 5.590306 470.000000
 62.250000 5.589666 425.449393 0.000000 0.000000 0.000000 0.000000 5.589666 492.000000
 62.500000 5.584927 418.698364 0.000000 0.000000 0.000000 0.000000 5.584927 469.000000
 62.750000 5.592814 429.093948 0.000000 0.000000 0.000000 0.000000 5.592814 489.000000
 63.000000 5.591385 426.447035 0.000000 0.000000 0.000000 0.000000 5.591385 478.000000
 63.250000 5.594338 431.279540 0.000000 0.000000 0.000000 0.000000 5.594338 489.000000
 63.500000 5.597892 434.103545 4.424902 17.699608 0.000000 0.000000 5.597892 493.000000
 63.750000 5.588122 424.421354 0.000000 0.000000 0.000000 0.000000 5.588122 482.000000
 64.000000 5.587548 422.188112 0.000000 0.000000 0.000000 0.000000 5.587548 466.000000
 64.250000 5.581437 415.946640 0.000000 0.000000 0.000000 0.000000 5.581437 482.000000
 64.500000 5.591137 428.923708 0.000000 0.000000 0.000000 0.000000 5.591137 499.000000
 64.750000 5.585475 419.446646 0.000000 0.000000 0.000000 0.000000 5.585475 475.000000
 65.000000 5.583809 417.232957 0.000000 0.000000 0.000000 0.000000 5.583809 466.000000
 65.250000 5.587617 424.892381 0.000000 0.000000 0.000000 0.000000 5.587617 500.000000
 65.500000 5.586792 422.201954 0.000000 0.000000 0.000000 0.000000 5.586792 505.000000
 65.750000 5.594960 435.304245 10.918034 43.672137 0.000000 0.000000 5.594960 540.000000
 66.000000 5.589599 427.583782 0.000000 0.000000 0.000000 0.000000 5.589599 514.000000
 66.250000 5.568861 397.438031 0.000000 0.000000 0.000000 0.000000 5.568861 435.000000
 66.500000 5.598411 438.036980 36.445123 145.780493 0.000000 0.000000 5.598411 531.000000
 66.750000 5.597284 436.742682 22.493030 89.972122 0.000000 0.000000 5.597284 506.000000
 67.000000 5.590609 425.407867 0.000000 0.000000 0.000000 0.000000 5.590609 493.000000
 67.250000 5.594413 433.261437 1.591225 6.364898 0.000000 0.000000 5.594413 519.000000
 67.500000 5.588668 424.979845 0.000000 0.000000 0.000000 0.000000 5.588668 498.000000
 67.750000 5.589080 423.446227 0.000000 0.000000 0.000000 0.000000 5.589080 468.000000
 68.000000 5.582387 417.161752 0.000000 0.000000 0.000000 0.000000 5.582387 495.000000
 68.250000 5.592290 431.406291 0.000000 0.000000 0.000000 0.000000 5.592290 544.000000
 68.500000 5.593631 430.879110 0.000000 0.000000 0.000000 0.000000 5.593631 502.000000
 68.750000 5.589323 426.278962 0.000000 0.000000 0.000000 0.000000 5.589323 499.000000
 69.000000 5.593433 429.038779 0.000000 0.000000 0.000000 0.000000 5.593433 486.000000
 69.250000 5.591200 429.601153 0.000000 0.000000 0.000000 0.000000 5.591200 511.000000
 69.500000 5.582100 415.872332 0.000000 0.000000 0.000000 0.000000 5.582100 481.000000
 69.750000 5.593807 432.394122 0.155332 0.621328 0.000000 0.000000 5.593807 509.000000
 70.000000 5.591073 427.538946 0.000000 0.000000 0.000000 0.000000 5.591073 487.000000
 70.250000 5.590246 426.893912 0.000000 0.000000 0.000000 0.000000 5.590246 500.000000
 70.500000 5.598747 434.752891 7.578407 30.313628 0.000000 0.000000 5.598747 475.000000
 70.750000 5.594119 430.730470 0.000000 0.000000 0.000000 0.000000 5.594119 478.000000
 71.000000 5.595471 434.858036 8.168367 32.673469 0.000000 0.000000 5.595471 530.000000
 71.250000 5.592427 426.479439 0.000000 0.000000 0.000000 0.000000 5.592427 484.000000
 71.500000 5.595574 435.318734 11.013997 44.055986 0.000000 0.000000 5.595574 514.000000
 71.750000 5.592895 430.959972 0.000000 0.000000 0.000000 0.000000 5.592895 508.000000
 72.000000 5.590732 428.218914 0.000000 0.000000 0.000000 0.000000 5.590732 512.000000
 72.250000 5.591285 427.915983 0.000000 0.000000 0.000000 0.000000 5.591285 493.000000
 72.500000 5.582175 416.735475 0.000000 0.000000 0.000000 0.000000 5.582175 482.000000
 72.750000 5.591452 429.384003 0.000000 0.000000 0.000000 0.000000 5.591452 528.000000
 73.000000 5.594058 431.646590 0.000000 0.000000 0.000000 0.000000 5.594058 506.000000
 73.250000 5.595240 429.880183 0.000000 0.000000 0.000000 0.000000 5.595240 452.000000
 73.500000 5.598123 436.072133 16.582268 66.329073 0.000000 0.000000 5.598123 499.000000
 73.750000 5.573139 402.714830 0.000000 0.000000 0.000000 0.000000 5.573139 428.000000
 74.000000 5.586446 421.412906 0.000000 0.000000 0.000000 0.000000 5.586446 470.000000
 74.250000 5.587500 423.264117 0.000000 0.000000 0.000000 0.000000 5.587500 505.000000
 74.500000 5.592344 431.539884 0.000000 0.000000 0.000000 0.000000 5.592344 513.000000
 74.750000 5.599847 435.927916 15.428527 61.714108 0.000000 0.000000 5.599847 500.000000
 75.000000 5.593975 433.724154 2.972707 11.890828 0.000000 0.000000 5.593975 537.000000
 75.250000 5.585590 422.129088 0.000000 0.000000 0.000000 0.000000 5.585590 493.000000
 75.500000 5.596042 430.684442 0.000000 0.000000 0.000000 0.000000 5.596042 482.000000
 75.750000 5.579270 411.206314 0.000000 0.000000 0.000000 0.000000 5.579270 460.000000
 76.000000 5.584358 420.062497 0.000000 0.000000 0.000000 0.000000 5.584358 488.000000
 76.250000 5.591595 428.733673 0.000000 0.000000 0.000000 0.000000 5.591595 499.000000
 76.500000 5.593699 431.813101 0.000000 0.000000 0.000000 0.000000 5.593699 501.000000
 76.750000 5.590570 426.863654 0.000000 0.000000 0.000000 0.000000 5.590570 483.000000
 77.000000 5.591280 429.530153 0.000000 0.000000 0.000000 0.000000 5.591280 491.000000
 77.250000 5.595964 434.965960 8.796919 35.187677 0.000000 0.000000 5.595964 511.000000
 77.500000 5.592201 427.210997 0.000000 0.000000 0.000000 0.000000 5.592201 487.000000
 77.750000 5.594693 432.481099 0.231456 0.925826 0.000000 0.000000 5.594693 488.000000
 78.000000 5.598546 435.425600 11.734732 46.938928 0.000000 0.000000 5.598546 483.000000
 78.250000 5.586482 421.819541 0.000000 0.000000 0.000000 0.000000 5.586482 492.000000
 78.500000 5.593605 432.265590 0.070538 0.282152 0.000000 0.000000 5.593605 505.000000
 78.750000 5.594535 429.319332 0.000000 0.000000 0.000000 0.000000 5.594535 495.000000
 79.000000 5.593181 431.302782 0.000000 0.000000 0.000000 0.000000 5.593181 524.000000
 79.250000 5.593083 432.985164 0.970547 3.882189 0.000000 0.000000 5.593083 530.000000
 79.500000 5.596097 436.013976 16.112000 64.447999 0.000000 0.000000 5.596097 531.000000
 79.750000 5.588379 425.809617 0.000000 0.000000 0.000000 0.000000 5.588379 507.000000
 80.000000 5.585639 417.279054 0.000000 0.000000 0.000000 0.000000 5.585639 442.000000
 80.250000 5.596030 433.856129 3.445213 13.780853 0.000000 0.000000 5.596030 509.000000
 80.500000 5.590415 426.288075 0.000000 0.000000 0.000000 0.000000 5.590415 495.000000
 80.750000 5.594103 430.783885 0.000000 0.000000 0.000000 0.000000 5.594103 478.000000
 81.000000 5.586894 423.861835 0.000000 0.000000 0.000000 0.000000 5.586894 500.000000
 81.250000 5.581531 411.982466 0.000000 0.000000 0.000000 0.000000 5.581531 441.000000
 81.500000 5.587100 420.957621 0.000000 0.000000 0.000000 0.000000 5.587100 459.000000
 81.750000 5.586529 421.787210 0.000000 0.000000 0.000000 0.000000 5.586529 488.000000
 82.000000 5.592613 430.607403 0.000000 0.000000 0.000000 0.000000 5.592613 490.000000
 82.250000 5.593648 425.652636 0.000000 0.000000 0.000000 0.000000 5.593648 474.000000
 82.500000 5.578466 409.781905 0.000000 0.000000 0.000000 0.000000 5.578466 455.000000
 82.750000 5.596793 435.903613 15.238198 60.952792 0.000000 0.000000 5.596793 498.000000
 83.000000 5.595001 431.573385 0.000000 0.000000 0.000000 0.000000 5.595001 478.000000
 83.250000 5.590448 425.602924 0.000000 0.000000 0.000000 0.000000 5.590448 471.000000
 83.500000 5.593158 432.141986 0.020160 0.080640 0.000000 0.000000 5.593158 520.000000
 83.750000 5.594661 430.151015 0.000000 0.000000 0.000000 0.000000 5.594661 481.000000
 84.000000 5.593284 430.184000 0.000000 0.000000 0.000000 0.000000 5.593284 494.000000
 84.250000 5.592819 428.973076 0.000000 0.000000 0.000000 0.000000 5.592819 494.000000
 84.500000 5.594414 432.686591 0.471407 1.885630 0.000000 0.000000 5.594414 504.000000
 84.750000 5.588439 425.563773 0.000000 0.000000 0.000000 0.000000 5.588439 509.000000
 85.000000 5.596742 433.337378 1.788581 7.154323 0.000000 0.000000 5.596742 490.000000
 85.250000 5.585167 419.986043 0.000000 0.000000 0.000000 0.000000 5.585167 486.000000
 85.500000 5.579209 412.140265 0.000000 0.000000 0.000000 0.000000 5.579209 470.000000
 85.750000 5.588346 424.463890 0.000000 0.000000 0.000000 0.000000 5.588346 500.000000
 86.000000 5.596583 436.026256 16.210736 64.842944 0.000000 0.000000 5.596583 506.000000
 86.250000 5.592354 429.216913 0.000000 0.000000 0.000000 0.000000 5.592354 501.000000
 86.500000 5.591476 428.609674 0.000000 0.000000 0.000000 0.000000 5.591476 498.000000
 86.750000 5.593675 432.276116 0.076240 0.304960 0.000000 0.000000 5.593675 515.000000
 87.000000 5.591019 429.686552 0.000000 0.000000 0.000000 0.000000 5.591019 534.000000
 87.250000 5.590749 429.792643 0.000000 0.000000 0.000000 0.000000 5.590749 530.000000
 87.500000 5.592435 432.423912 0.179701 0.718806 0.000000 0.000000 5.592435 543.000000
 87.750000 5.590494 428.771226 0.000000 0.000000 0.000000 0.000000 5.590494 523.000000
 88.000000 5.586348 421.773300 0.000000 0.000000 0.000000 0.000000 5.586348 491.000000
 88.250000 5.589318 427.206640 0.000000 0.000000 0.000000 0.000000 5.589318 507.000000
 88.500000 5.594387 434.753332 7.580836 30.323342 0.000000 0.000000 5.594387 533.000000
 88.750000 5.585615 422.084838 0.000000 0.000000 0.000000 0.000000 5.585615 502.000000
 89.000000 5.583620 418.724277 0.000000 0.000000 0.000000 0.000000 5.583620 480.000000
 89.250000 5.586157 423.059491 0.000000 0.000000 0.000000 0.000000 5.586157 499.000000
 89.500000 5.584582 419.251174 0.000000 0.000000 0.000000 0.000000 5.584582 483.000000
 89.750000 5.596517 435.261422 10.636874 42.547498 0.000000 0.000000 5.596517 510.000000
 90.000000 5.596779 435.154864 9.953166 39.812665 0.000000 0.000000 5.596779 485.000000
 90.250000 5.588023 422.657583 0.000000 0.000000 0.000000 0.000000 5.588023 468.000000
 90.500000 5.596818 432.744156 0.553769 2.215075 0.000000 0.000000 5.596818 490.000000
 90.750000 5.591822 430.226829 0.000000 0.000000 0.000000 0.000000 5.591822 511.000000
 91.000000 5.587052 423.467407 0.000000 0.000000 0.000000 0.000000 5.587052 512.000000
 91.250000 5.586016 422.721543 0.000000 0.000000 0.000000 0.000000 5.586016 506.000000
 91.500000 5.595004 434.389181 5.708183 22.832734 0.000000 0.000000 5.595004 537.000000
 91.750000 5.590320 424.972580 0.000000 0.000000 0.000000 0.000000 5.590320 495.000000
 92.000000 5.596091 433.274998 1.625620 6.502479 0.000000 0.000000 5.596091 488.000000
 92.250000 5.592988 430.592155 0.000000 0.000000 0.000000 0.000000 5.592988 500.000000
 92.500000 5.593282 431.131850 0.000000 0.000000 0.000000 0.000000 5.593282 491.000000
 92.750000 5.592857 427.721292 0.000000 0.000000 0.000000 0.000000 5.592857 476.000000
 93.000000 5.593531 431.262785 0.000000 0.000000 0.000000 0.000000 5.593531 512.000000
 93.250000 5.588642 426.118330 0.000000 0.000000 0.000000 0.000000 5.588642 519.000000
 93.500000 5.592124 426.961293 0.000000 0.000000 0.000000 0.000000 5.592124 475.000000
 93.750000 5.597418 436.076507 16.617908 66.471632 0.000000 0.000000 5.597418 509.000000
 94.000000 5.598407 436.096015 16.777341 67.109364 0.000000 0.000000 5.598407 495.000000
 94.250000 5.589111 425.674407 0.000000 0.000000 0.000000 0.000000 5.589111 513.000000
 94.500000 5.591532 425.980615 0.000000 0.000000 0.000000 0.000000 5.591532 466.000000
 94.750000 5.594036 431.365732 0.000000 0.000000 0.000000 0.000000 5.594036 504.000000
 95.000000 5.593687 429.639352 0.000000 0.000000 0.000000 0.000000 5.593687 497.000000
 95.250000 5.593738 432.202812 0.041133 0.164531 0.000000 0.000000 5.593738 508.000000
 95.500000 5.592886 431.081339 0.000000 0.000000 0.000000 0.000000 5.592886 509.000000
 95.750000 5.594221 433.995972 3.983903 15.935612 0.000000 0.000000 5.594221 524.000000
 96.000000 5.595251 435.019380 9.116657 36.466627 0.000000 0.000000 5.595251 536.000000
 96.250000 5.583877 420.864109 0.000000 0.000000 0.000000 0.000000 5.583877 528.000000
 96.500000 5.592906 431.761231 0.000000 0.000000 0.000000 0.000000 5.592906 509.000000
 96.750000 5.592363 430.113279 0.000000 0.000000 0.000000 0.000000 5.592363 508.000000
 97.000000 5.589742 426.773906 0.000000 0.000000 0.000000 0.000000 5.589742 490.000000
 97.250000 5.596036 436.409678 19.445258 77.781034 0.000000 0.000000 5.596036 538.000000
 97.500000 5.588293 425.922618 0.000000 0.000000 0.000000 0.000000 5.588293 518.000000
 97.750000 5.586454 423.580889 0.000000 0.000000 0.000000 0.000000 5.586454 511.000000
 98.000000 5.589560 427.120629 0.000000 0.000000 0.000000 0.000000 5.589560 520.000000
 98.250000 5.595238 434.094143 4.385433 17.541733 0.000000 0.000000 5.595238 519.000000
 98.500000 5.596184 432.118169 0.013964 0.055856 0.000000 0.000000 5.596184 491.000000
 98.750000 5.592109 430.108912 0.000000 0.000000 0.000000 0.000000 5.592109 502.000000
 99.000000 5.593563 432.380389 0.144696 0.578783 0.000000 0.000000 5.593563 500.000000
 99.250000 5.594557 429.706165 0.000000 0.000000 0.000000 0.000000 5.594557 470.000000
 99.500000 5.591260 423.452579 0.000000 0.000000 0.000000 0.000000 5.591260 458.000000
 99.750000 5.589001 424.981365 0.000000 0.000000 0.000000 0.000000 5.589001 486.000000
 100.000000 5.586551 423.316844 0.000000 0.000000 0.000000 0.000000 5.586551 519.000000
 100.250000 5.596072 433.852323 3.431100 13.724400 0.000000 0.000000 5.596072 501.000000
 100.500000 5.591804 429.349771 0.000000 0.000000 0.000000 0.000000 5.591804 511.000000
