#! FIELDS time refcv.mean refcv.morethan uwall.bias uwall.force2 lwall.bias lwall.force2 refcv2.mean refcv2.morethan
 0.500000 0.892626 427.133782 0.000000 0.000000 0.000000 0.000000 0.892626 437.000000
 0.750000 0.890869 413.876950 0.000000 0.000000 0.000000 0.000000 0.890869 425.000000
 1.000000 0.889510 406.356960 0.000000 0.000000 0.000000 0.000000 0.889510 414.000000
 1.250000 0.894004 422.633451 0.000000 0.000000 0.000000 0.000000 0.894004 431.000000
 1.500000 0.890311 413.599460 0.000000 0.000000 0.000000 0.000000 0.890311 424.000000
 1.750000 0.880183 395.336112 0.000000 0.000000 0.000000 0.000000 0.880183 411.000000
 2.000000 0.881638 396.690276 0.000000 0.000000 0.000000 0.000000 0.881638 407.000000
 2.250000 0.893073 414.293846 0.000000 0.000000 0.000000 0.000000 0.893073 421.000000
 2.500000 0.898474 430.272073 0.000000 0.000000 0.000000 0.000000 0.898474 435.000000
 2.750000 0.900698 429.722426 0.000000 0.000000 0.000000 0.000000 0.900698 443.000000
 3.000000 0.897616 432.419865 0.176286 0.705146 0.000000 0.000000 0.897616 442.000000
 3.250000 0.893255 420.289502 0.000000 0.000000 0.000000 0.000000 0.893255 433.000000
 3.500000 0.899998 433.230612 1.514407 6.057628 0.000000 0.000000 0.899998 443.000000
 3.750000 0.899627 423.982030 0.000000 0.000000 0.000000 0.000000 0.899627 434.000000
 4.000000 0.895558 424.610099 0.000000 0.000000 0.000000 0.000000 0.895558 435.000000
 4.250000 0.895964 428.459000 0.000000 0.000000 0.000000 0.000000 0.895964 438.000000
 4.500000 0.894578 419.191064 0.000000 0.000000 0.000000 0.000000 0.894578 430.000000
 4.750000 0.900404 432.461950 0.213398 0.853593 0.000000 0.000000 0.900404 443.000000
 5.000000 0.897732 426.800469 0.000000 0.000000 0.000000 0.000000 0.897732 435.000000
 5.250000 0.903473 432.296338 0.087816 0.351264 0.000000 0.000000 0.903473 441.000000
 5.500000 0.903266 432.747827 0.559245 2.236979 0.000000 0.000000 0.903266 434.000000
 5.750000 0.890216 410.419753 0.000000 0.000000 0.000000 0.000000 0.890216 413.000000
 6.000000 0.892462 421.331610 0.000000 0.000000 0.000000 0.000000 0.892462 430.000000
 6.250000 0.894317 424.692705 0.000000 0.000000 0.000000 0.000000 0.894317 433.000000
 6.500000 0.889556 410.516723 0.000000 0.000000 0.000000 0.000000 0.889556 421.000000
 6.750000 0.890213 415.149126 0.000000 0.000000 0.000000 0.000000 0.890213 424.000000
 7.000000 0.885726 412.431523 0.000000 0.000000 0.000000 0.000000 0.885726 424.000000
 7.250000 0.892688 412.118007 0.000000 0.000000 0.000000 0.000000 0.892688 420.000000
 7.500000 0.893166 414.034649 0.000000 0.000000 0.000000 0.000000 0.893166 420.000000
 7.750000 0.884973 402.756346 0.000000 0.000000 0.000000 0.000000 0.884973 413.000000
 8.000000 0.875972 392.057196 0.000000 0.000000 0.000000 0.000000 0.875972 403.000000
 8.250000 0.876299 389.489107 0.000000 0.000000 0.000000 0.000000 0.876299 397.000000
 8.500000 0.885133 398.996041 0.000000 0.000000 0.000000 0.000000 0.885133 406.000000
 8.750000 0.891644 410.878631 0.000000 0.000000 0.000000 0.000000 0.891644 417.000000
 9.000000 0.890498 406.287087 0.000000 0.000000 0.000000 0.000000 0.890498 407.000000
 9.250000 0.879204 391.074292 0.000000 0.000000 0.000000 0.000000 0.879204 405.000000
 9.500000 0.885755 400.739187 0.000000 0.000000 0.000000 0.000000 0.885755 408.000000
 9.750000 0.896941 420.532380 0.000000 0.000000 0.000000 0.000000 0.896941 429.000000
 10.000000 0.889466 406.210202 0.000000 0.000000 0.000000 0.000000 0.889466 416.000000
 10.250000 0.884962 404.746901 0.000000 0.000000 0.000000 0.000000 0.884962 409.000000
 10.500000 0.879364 393.213895 0.000000 0.000000 0.000000 0.000000 0.879364 401.000000
 10.750000 0.881537 395.549873 0.000000 0.000000 0.000000 0.000000 0.881537 410.000000
 11.000000 0.880013 391.898355 0.000000 0.000000 0.000000 0.000000 0.880013 399.000000
 11.250000 0.881147 394.302032 0.000000 0.000000 0.000000 0.000000 0.881147 402.000000
 11.500000 0.878825 385.606774 0.000000 0.000000 0.000000 0.000000 0.878825 392.000000
 11.750000 0.880591 389.993214 0.000000 0.000000 0.000000 0.000000 0.880591 393.000000
 12.000000 0.879692 387.540216 0.000000 0.000000 0.000000 0.000000 0.879692 390.000000
 12.250000 0.884190 397.146715 0.000000 0.000000 0.000000 0.000000 0.884190 408.000000
 12.500000 0.882427 395.216141 0.000000 0.000000 0.000000 0.000000 0.882427 404.000000
 12.750000 0.881572 396.119870 0.000000 0.000000 0.000000 0.000000 0.881572 408.000000
 13.000000 0.887763 409.167000 0.000000 0.000000 0.000000 0.000000 0.887763 415.000000
 13.250000 0.894317 416.239105 0.000000 0.000000 0.000000 0.000000 0.894317 420.000000
 13.500000 0.891726 413.276471 0.000000 0.000000 0.000000 0.000000 0.891726 428.000000
 13.750000 0.896075 421.890328 0.000000 0.000000 0.000000 0.000000 0.896075 427.000000
 14.000000 0.891891 416.188095 0.000000 0.000000 0.000000 0.000000 0.891891 427.000000
 14.250000 0.901562 432.919749 0.845938 3.383751 0.000000 0.000000 0.901562 441.000000
 14.500000 0.894646 416.715402 0.000000 0.000000 0.000000 0.000000 0.894646 425.000000
 14.750000 0.886589 399.677538 0.000000 0.000000 0.000000 0.000000 0.886589 401.000000
 15.000000 0.887633 401.611492 0.000000 0.000000 0.000000 0.000000 0.887633 401.000000
 15.250000 0.892226 413.914264 0.000000 0.000000 0.000000 0.000000 0.892226 417.000000
 15.500000 0.880614 391.605624 0.000000 0.000000 0.000000 0.000000 0.880614 400.000000
 15.750000 0.884578 401.974923 0.000000 0.000000 0.000000 0.000000 0.884578 414.000000
 16.000000 0.889018 408.726667 0.000000 0.000000 0.000000 0.000000 0.889018 414.000000
 16.250000 0.889500 411.525685 0.000000 0.000000 0.000000 0.000000 0.889500 419.000000
 16.500000 0.890450 408.047520 0.000000 0.000000 0.000000 0.000000 0.890450 406.000000
 16.750000 0.885310 401.100265 0.000000 0.000000 0.000000 0.000000 0.885310 401.000000
 17.000000 0.891749 416.891190 0.000000 0.000000 0.000000 0.000000 0.891749 424.000000
 17.250000 0.889255 410.538957 0.000000 0.000000 0.000000 0.000000 0.889255 418.000000
 17.500000 0.893784 422.478832 0.000000 0.000000 0.000000 0.000000 0.893784 430.000000
 17.750000 0.891377 410.944462 0.000000 0.000000 0.000000 0.000000 0.891377 414.000000
 18.000000 0.883996 400.182414 0.000000 0.000000 0.000000 0.000000 0.883996 411.000000
 18.250000 0.876310 392.188810 0.000000 0.000000 0.000000 0.000000 0.876310 403.000000
 18.500000 0.880135 394.092005 0.000000 0.000000 0.000000 0.000000 0.880135 403.000000
 18.750000 0.883202 399.580906 0.000000 0.000000 0.000000 0.000000 0.883202 412.000000
 19.000000 0.884182 407.211277 0.000000 0.000000 0.000000 0.000000 0.884182 416.000000
 19.250000 0.883867 405.109907 0.000000 0.000000 0.000000 0.000000 0.883867 414.000000
 19.500000 0.880604 399.188205 0.000000 0.000000 0.000000 0.000000 0.880604 408.000000
 19.750000 0.885535 410.172616 0.000000 0.000000 0.000000 0.000000 0.885535 418.000000
 20.000000 0.890914 414.093855 0.000000 0.000000 0.000000 0.000000 0.890914 416.000000
 20.250000 0.888829 408.979197 0.000000 0.000000 0.000000 0.000000 0.888829 413.000000
 20.500000 0.885013 402.640070 0.000000 0.000000 0.000000 0.000000 0.885013 413.000000
 20.750000 0.887605 403.923686 0.000000 0.000000 0.000000 0.000000 0.887605 409.000000
 21.000000 0.883498 401.617757 0.000000 0.000000 0.000000 0.000000 0.883498 414.000000
 21.250000 0.882211 397.866121 0.000000 0.000000 0.000000 0.000000 0.882211 408.000000
 21.500000 0.881904 397.280145 0.000000 0.000000 0.000000 0.000000 0.881904 404.000000
 21.750000 0.883963 397.227834 0.000000 0.000000 0.000000 0.000000 0.883963 405.000000
 22.000000 0.887506 403.082412 0.000000 0.000000 0.000000 0.000000 0.887506 401.000000
 22.250000 0.889274 408.733465 0.000000 0.000000 0.000000 0.000000 0.889274 413.000000
 22.500000 0.887043 408.874240 0.000000 0.000000 0.000000 0.000000 0.887043 419.000000
 22.750000 0.884683 408.482543 0.000000 0.000000 0.000000 0.000000 0.884683 419.000000
 23.000000 0.893494 420.162514 0.000000 0.000000 0.000000 0.000000 0.893494 426.000000
 23.250000 0.900795 430.935464 0.000000 0.000000 0.000000 0.000000 0.900795 441.000000
 23.500000 0.895267 424.419590 0.000000 0.000000 0.000000 0.000000 0.895267 438.000000
 23.750000 0.887795 410.572024 0.000000 0.000000 0.000000 0.000000 0.887795 418.000000
 24.000000 0.880718 401.992340 0.000000 0.000000 0.000000 0.000000 0.880718 421.000000
 24.250000 0.882701 405.791737 0.000000 0.000000 0.000000 0.000000 0.882701 415.000000
 24.500000 0.881365 396.461380 0.000000 0.000000 0.000000 0.000000 0.881365 409.000000
 24.750000 0.889820 411.918422 0.000000 0.000000 0.000000 0.000000 0.889820 414.000000
 25.000000 0.890369 411.215448 0.000000 0.000000 0.000000 0.000000 0.890369 416.000000
 25.250000 0.887487 414.137886 0.000000 0.000000 0.000000 0.000000 0.887487 421.000000
 25.500000 0.890545 420.863477 0.000000 0.000000 0.000000 0.000000 0.890545 432.000000
 25.750000 0.897233 429.949570 0.000000 0.000000 0.000000 0.000000 0.897233 439.000000
 26.000000 0.898222 428.714258 0.000000 0.000000 0.000000 0.000000 0.898222 436.000000
 26.250000 0.899793 432.455287 0.207286 0.829146 0.000000 0.000000 0.899793 443.000000
 26.500000 0.898520 434.052160 4.211361 16.845443 0.000000 0.000000 0.898520 450.000000
 26.750000 0.900152 432.335036 0.112249 0.448996 0.000000 0.000000 0.900152 445.000000
 27.000000 0.897439 430.765662 0.000000 0.000000 0.000000 0.000000 0.897439 442.000000
 27.250000 0.896198 426.810374 0.000000 0.000000 0.000000 0.000000 0.896198 442.000000
 27.500000 0.894844 425.148062 0.000000 0.000000 0.000000 0.000000 0.894844 436.000000
 27.750000 0.890317 414.493130 0.000000 0.000000 0.000000 0.000000 0.890317 418.000000
 28.000000 0.892468 419.634972 0.000000 0.000000 0.000000 0.000000 0.892468 431.000000
 28.250000 0.890026 414.717816 0.000000 0.000000 0.000000 0.000000 0.890026 421.000000
 28.500000 0.897344 429.785336 0.000000 0.000000 0.000000 0.000000 0.897344 438.000000
 28.750000 0.898789 423.971446 0.000000 0.000000 0.000000 0.000000 0.898789 435.000000
 29.000000 0.901291 434.044401 4.179575 16.718301 0.000000 0.000000 0.901291 438.000000
 29.250000 0.886565 411.486145 0.000000 0.000000 0.000000 0.000000 0.886565 420.000000
 29.500000 0.891068 412.569863 0.000000 0.000000 0.000000 0.000000 0.891068 415.000000
 29.750000 0.893861 419.081923 0.000000 0.000000 0.000000 0.000000 0.893861 425.000000
 30.000000 0.895150 422.399728 0.000000 0.000000 0.000000 0.000000 0.895150 427.000000
 30.250000 0.889473 415.773755 0.000000 0.000000 0.000000 0.000000 0.889473 426.000000
 30.500000 0.888629 410.448820 0.000000 0.000000 0.000000 0.000000 0.888629 422.000000
 30.750000 0.892497 415.854527 0.000000 0.000000 0.000000 0.000000 0.892497 425.000000
 31.000000 0.902710 434.094790 4.388144 17.552576 0.000000 0.000000 0.902710 441.000000
 31.250000 0.899375 428.577073 0.000000 0.000000 0.000000 0.000000 0.899375 437.000000
 31.500000 0.894175 420.619180 0.000000 0.000000 0.000000 0.000000 0.894175 427.000000
 31.750000 0.895454 422.532673 0.000000 0.000000 0.000000 0.000000 0.895454 435.000000
 32.000000 0.898551 433.154143 1.332046 5.328186 0.000000 0.000000 0.898551 443.000000
 32.250000 0.899153 429.890921 0.000000 0.000000 0.000000 0.000000 0.899153 431.000000
 32.500000 0.900655 432.163833 0.026841 0.107365 0.000000 0.000000 0.900655 439.000000
 32.750000 0.901048 431.853547 0.000000 0.000000 0.000000 0.000000 0.901048 437.000000
 33.000000 0.899293 431.429753 0.000000 0.000000 0.000000 0.000000 0.899293 445.000000
 33.250000 0.896601 427.211329 0.000000 0.000000 0.000000 0.000000 0.896601 427.000000
 33.500000 0.897444 426.096872 0.000000 0.000000 0.000000 0.000000 0.897444 436.000000
 33.750000 0.900908 433.971023 3.884932 15.539728 0.000000 0.000000 0.900908 447.000000
 34.000000 0.897062 421.115867 0.000000 0.000000 0.000000 0.000000 0.897062 422.000000
 34.250000 0.896550 429.487434 0.000000 0.000000 0.000000 0.000000 0.896550 445.000000
 34.500000 0.894518 423.425517 0.000000 0.000000 0.000000 0.000000 0.894518 434.000000
 34.750000 0.896609 428.722849 0.000000 0.000000 0.000000 0.000000 0.896609 437.000000
 35.000000 0.899592 428.479133 0.000000 0.000000 0.000000 0.000000 0.899592 437.000000
 35.250000 0.897407 428.559640 0.000000 0.000000 0.000000 0.000000 0.897407 439.000000
 35.500000 0.895066 427.495411 0.000000 0.000000 0.000000 0.000000 0.895066 441.000000
 35.750000 0.897616 431.553847 0.000000 0.000000 0.000000 0.000000 0.897616 445.000000
 36.000000 0.901406 433.433978 2.056292 8.225167 0.000000 0.000000 0.901406 441.000000
 36.250000 0.896743 423.514147 0.000000 0.000000 0.000000 0.000000 0.896743 432.000000
 36.500000 0.898463 429.088355 0.000000 0.000000 0.000000 0.000000 0.898463 435.000000
 36.750000 0.900758 435.007261 9.043620 36.174481 0.000000 0.000000 0.900758 444.000000
 37.000000 0.900714 433.279074 1.636031 6.544124 0.000000 0.000000 0.900714 446.000000
 37.250000 0.901372 433.444850 2.087591 8.350364 0.000000 0.000000 0.901372 449.000000
 37.500000 0.896676 427.307598 0.000000 0.000000 0.000000 0.000000 0.896676 436.000000
 37.750000 0.896993 425.465133 0.000000 0.000000 0.000000 0.000000 0.896993 433.000000
 38.000000 0.901298 431.842914 0.000000 0.000000 0.000000 0.000000 0.901298 440.000000
 38.250000 0.902385 431.066977 0.000000 0.000000 0.000000 0.000000 0.902385 437.000000
 38.500000 0.898125 423.381293 0.000000 0.000000 0.000000 0.000000 0.898125 427.000000
 38.750000 0.896489 428.803000 0.000000 0.000000 0.000000 0.000000 0.896489 441.000000
 39.000000 0.897257 424.964087 0.000000 0.000000 0.000000 0.000000 0.897257 432.000000
 39.250000 0.897888 428.188526 0.000000 0.000000 0.000000 0.000000 0.897888 441.000000
 39.500000 0.899294 428.411702 0.000000 0.000000 0.000000 0.000000 0.899294 436.000000
 39.750000 0.897687 428.351405 0.000000 0.000000 0.000000 0.000000 0.897687 443.000000
 40.000000 0.895262 416.373294 0.000000 0.000000 0.000000 0.000000 0.895262 420.000000
 40.250000 0.895343 420.366831 0.000000 0.000000 0.000000 0.000000 0.895343 424.000000
 40.500000 0.888523 408.151142 0.000000 0.000000 0.000000 0.000000 0.888523 410.000000
 40.750000 0.889355 412.691430 0.000000 0.000000 0.000000 0.000000 0.889355 419.000000
 41.000000 0.888394 409.692160 0.000000 0.000000 0.000000 0.000000 0.888394 419.000000
 41.250000 0.898571 421.991684 0.000000 0.000000 0.000000 0.000000 0.898571 429.000000
 41.500000 0.898384 422.693166 0.000000 0.000000 0.000000 0.000000 0.898384 429.000000
 41.750000 0.889565 408.341483 0.000000 0.000000 0.000000 0.000000 0.889565 416.000000
 42.000000 0.878504 394.962749 0.000000 0.000000 0.000000 0.000000 0.878504 407.000000
 42.250000 0.880442 396.752728 0.000000 0.000000 0.000000 0.000000 0.880442 406.000000
 42.500000 0.878790 388.375054 0.000000 0.000000 0.000000 0.000000 0.878790 396.000000
 42.750000 0.886222 402.194539 0.000000 0.000000 0.000000 0.000000 0.886222 412.000000
 43.000000 0.886353 395.067609 0.000000 0.000000 0.000000 0.000000 0.886353 392.000000
 43.250000 0.888362 405.461521 0.000000 0.000000 0.000000 0.000000 0.888362 413.000000
 43.500000 0.886069 403.036442 0.000000 0.000000 0.000000 0.000000 0.886069 417.000000
 43.750000 0.888845 403.330447 0.000000 0.000000 0.000000 0.000000 0.888845 410.000000
 44.000000 0.899210 423.690551 0.000000 0.000000 0.000000 0.000000 0.899210 427.000000
 44.250000 0.903585 432.030973 0.000959 0.003837 0.000000 0.000000 0.903585 440.000000
 44.500000 0.902554 430.149983 0.000000 0.000000 0.000000 0.000000 0.902554 438.000000
 44.750000 0.903093 432.934698 0.873660 3.494642 0.000000 0.000000 0.903093 443.000000
 45.000000 0.900202 429.633985 0.000000 0.000000 0.000000 0.000000 0.900202 432.000000
 45.250000 0.899252 426.211333 0.000000 0.000000 0.000000 0.000000 0.899252 430.000000
 45.500000 0.901897 429.671465 0.000000 0.000000 0.000000 0.000000 0.901897 437.000000
 45.750000 0.900965 432.015609 0.000244 0.000975 0.000000 0.000000 0.900965 442.000000
 46.000000 0.898656 430.392981 0.000000 0.000000 0.000000 0.000000 0.898656 435.000000
 46.250000 0.899474 431.202530 0.000000 0.000000 0.000000 0.000000 0.899474 442.000000
 46.500000 0.902187 430.987453 0.000000 0.000000 0.000000 0.000000 0.902187 436.000000
 46.750000 0.900217 429.912190 0.000000 0.000000 0.000000 0.000000 0.900217 431.000000
 47.000000 0.896761 421.162834 0.000000 0.000000 0.000000 0.000000 0.896761 422.000000
 47.250000 0.893620 410.237372 0.000000 0.000000 0.000000 0.000000 0.893620 409.000000
 47.500000 0.902347 428.977943 0.000000 0.000000 0.000000 0.000000 0.902347 427.000000
 47.750000 0.898593 428.730770 0.000000 0.000000 0.000000 0.000000 0.898593 439.000000
 48.000000 0.896069 423.638422 0.000000 0.000000 0.000000 0.000000 0.896069 430.000000
 48.250000 0.887967 405.281185 0.000000 0.000000 0.000000 0.000000 0.887967 419.000000
 48.500000 0.897724 426.566288 0.000000 0.000000 0.000000 0.000000 0.897724 435.000000
 48.750000 0.893287 415.204545 0.000000 0.000000 0.000000 0.000000 0.893287 422.000000
 49.000000 0.896115 421.341503 0.000000 0.000000 0.000000 0.000000 0.896115 429.000000
 49.250000 0.895175 415.433398 0.000000 0.000000 0.000000 0.000000 0.895175 423.000000
 49.500000 0.886817 404.232622 0.000000 0.000000 0.000000 0.000000 0.886817 409.000000
 49.750000 0.883469 404.775683 0.000000 0.000000 0.000000 0.000000 0.883469 417.000000
 50.000000 0.890215 413.465523 0.000000 0.000000 0.000000 0.000000 0.890215 423.000000
 50.250000 0.900720 433.082770 1.172391 4.689566 0.000000 0.000000 0.900720 443.000000
 50.500000 0.890332 406.597547 0.000000 0.000000 0.000000 0.000000 0.890332 412.000000
 50.750000 0.890149 412.983181 0.000000 0.000000 0.000000 0.000000 0.890149 419.000000
 51.000000 0.891195 416.969757 0.000000 0.000000 0.000000 0.000000 0.891195 424.000000
 51.250000 0.896284 424.896495 0.000000 0.000000 0.000000 0.000000 0.896284 432.000000
 51.500000 0.897468 426.399527 0.000000 0.000000 0.000000 0.000000 0.897468 433.000000
 51.750000 0.900995 431.158144 0.000000 0.000000 0.000000 0.000000 0.900995 429.000000
 52.000000 0.899614 429.729357 0.000000 0.000000 0.000000 0.000000 0.899614 431.000000
 52.250000 0.895257 422.758031 0.000000 0.000000 0.000000 0.000000 0.895257 425.000000
 52.500000 0.896208 424.767931 0.000000 0.000000 0.000000 0.000000 0.896208 428.000000
 52.750000 0.898393 423.250467 0.000000 0.000000 0.000000 0.000000 0.898393 424.000000
 53.000000 0.897937 425.271809 0.000000 0.000000 0.000000 0.000000 0.897937 429.000000
 53.250000 0.894163 416.431059 0.000000 0.000000 0.000000 0.000000 0.894163 421.000000
 53.500000 0.899427 434.018479 4.074258 16.297034 0.000000 0.000000 0.899427 448.000000
 53.750000 0.899201 433.126047 1.267982 5.071929 0.000000 0.000000 0.899201 446.000000
 54.000000 0.897054 424.389717 0.000000 0.000000 0.000000 0.000000 0.897054 433.000000
 54.250000 0.899816 431.083593 0.000000 0.000000 0.000000 0.000000 0.899816 454.000000
 54.500000 0.899022 430.999624 0.000000 0.000000 0.000000 0.000000 0.899022 444.000000
 54.750000 0.893638 426.841201 0.000000 0.000000 0.000000 0.000000 0.893638 437.000000
 55.000000 0.895333 423.712791 0.000000 0.000000 0.000000 0.000000 0.895333 428.000000
 55.250000 0.897960 426.269926 0.000000 0.000000 0.000000 0.000000 0.897960 433.000000
 55.500000 0.902998 434.478991 6.145397 24.581588 0.000000 0.000000 0.902998 444.000000
 55.750000 0.897211 431.764549 0.000000 0.000000 0.000000 0.000000 0.897211 446.000000
 56.000000 0.895438 432.780303 0.608873 2.435492 0.000000 0.000000 0.895438 446.000000
 56.250000 0.896110 422.424816 0.000000 0.000000 0.000000 0.000000 0.896110 429.000000
 56.500000 0.898579 426.045956 0.000000 0.000000 0.000000 0.000000 0.898579 428.000000
 56.750000 0.901370 433.119853 1.254072 5.016287 0.000000 0.000000 0.901370 446.000000
 57.000000 0.896851 423.194862 0.000000 0.000000 0.000000 0.000000 0.896851 434.000000
 57.250000 0.892181 418.062553 0.000000 0.000000 0.000000 0.000000 0.892181 422.000000
 57.500000 0.894083 419.437114 0.000000 0.000000 0.000000 0.000000 0.894083 426.000000
 57.750000 0.897991 419.654905 0.000000 0.000000 0.000000 0.000000 0.897991 424.000000
 58.000000 0.900146 428.349216 0.000000 0.000000 0.000000 0.000000 0.900146 437.000000
 58.250000 0.898641 426.895221 0.000000 0.000000 0.000000 0.000000 0.898641 436.000000
 58.500000 0.903060 434.485526 6.177841 24.711363 0.000000 0.000000 0.903060 441.000000
 58.750000 0.903043 432.723078 0.522842 2.091367 0.000000 0.000000 0.903043 444.000000
 59.000000 0.893820 420.207798 0.000000 0.000000 0.000000 0.000000 0.893820 435.000000
 59.250000 0.894994 428.884205 0.000000 0.000000 0.000000 0.000000 0.894994 435.000000
 59.500000 0.900301 433.594791 2.543359 10.173436 0.000000 0.000000 0.900301 446.000000
 59.750000 0.891209 422.324292 0.000000 0.000000 0.000000 0.000000 0.891209 440.000000
 60.000000 0.892057 421.252725 0.000000 0.000000 0.000000 0.000000 0.892057 438.000000
 60.250000 0.894875 421.687691 0.000000 0.000000 0.000000 0.000000 0.894875 431.000000
 60.500000 0.893976 422.802159 0.000000 0.000000 0.000000 0.000000 0.893976 429.000000
 60.750000 0.896333 422.828713 0.000000 0.000000 0.000000 0.000000 0.896333 434.000000
 61.000000 0.896742 424.260625 0.000000 0.000000 0.000000 0.000000 0.896742 431.000000
 61.250000 0.901552 429.758147 0.000000 0.000000 0.000000 0.000000 0.901552 438.000000
 61.500000 0.898001 430.535797 0.000000 0.000000 0.000000 0.000000 0.898001 442.000000
 61.750000 0.897310 430.580625 0.000000 0.000000 0.000000 0.000000 0.897310 441.000000
 62.000000 0.897812 427.638973 0.000000 0.000000 0.000000 0.000000 0.897812 431.000000
 62.250000 0.896311 428.860162 0.000000 0.000000 0.000000 0.000000 0.896311 443.000000
 62.500000 0.898190 429.992799 0.000000 0.000000 0.000000 0.000000 0.898190 435.000000
 62.750000 0.898307 431.017053 0.000000 0.000000 0.000000 0.000000 0.898307 449.000000
 63.000000 0.898241 429.962724 0.000000 0.000000 0.000000 0.000000 0.898241 443.000000
 63.250000 0.901871 429.034655 0.000000 0.000000 0.000000 0.000000 0.901871 429.000000
 63.500000 0.897757 427.763513 0.000000 0.000000 0.000000 0.000000 0.897757 434.000000
 63.750000 0.897594 428.136164 0.000000 0.000000 0.000000 0.000000 0.897594 440.000000
 64.000000 0.893468 422.980750 0.000000 0.000000 0.000000 0.000000 0.893468 435.000000
 64.250000 0.898023 429.979080 0.000000 0.000000 0.000000 0.000000 0.898023 436.000000
 64.500000 0.899503 430.808855 0.000000 0.000000 0.000000 0.000000 0.899503 437.000000
 64.750000 0.904081 434.083070 4.339180 17.356719 0.000000 0.000000 0.904081 434.000000
 65.000000 0.899634 433.315277 1.729953 6.919810 0.000000 0.000000 0.899634 440.000000
 65.250000 0.893833 424.070745 0.000000 0.000000 0.000000 0.000000 0.893833 434.000000
 65.500000 0.895180 426.754208 0.000000 0.000000 0.000000 0.000000 0.895180 431.000000
 65.750000 0.900753 432.924831 0.855311 3.421246 0.000000 0.000000 0.900753 441.000000
 66.000000 0.900300 433.895948 3.594620 14.378479 0.000000 0.000000 0.900300 444.000000
 66.250000 0.898034 429.661461 0.000000 0.000000 0.000000 0.000000 0.898034 432.000000
 66.500000 0.893873 416.740948 0.000000 0.000000 0.000000 0.000000 0.893873 419.000000
 66.750000 0.891841 414.479917 0.000000 0.000000 0.000000 0.000000 0.891841 417.000000
 67.000000 0.883956 395.767488 0.000000 0.000000 0.000000 0.000000 0.883956 396.000000
 67.250000 0.883335 396.432199 0.000000 0.000000 0.000000 0.000000 0.883335 396.000000
 67.500000 0.883889 401.123968 0.000000 0.000000 0.000000 0.000000 0.883889 406.000000
 67.750000 0.880822 392.586096 0.000000 0.000000 0.000000 0.000000 0.880822 395.000000
 68.000000 0.884003 396.383940 0.000000 0.000000 0.000000 0.000000 0.884003 394.000000
 68.250000 0.885556 399.248857 0.000000 0.000000 0.000000 0.000000 0.885556 400.000000
 68.500000 0.892901 414.001051 0.000000 0.000000 0.000000 0.000000 0.892901 413.000000
 68.750000 0.891382 412.524210 0.000000 0.000000 0.000000 0.000000 0.891382 421.000000
 69.000000 0.881452 400.648345 0.000000 0.000000 0.000000 0.000000 0.881452 410.000000
 69.250000 0.879450 397.647523 0.000000 0.000000 0.000000 0.000000 0.879450 414.000000
 69.500000 0.890090 409.063865 0.000000 0.000000 0.000000 0.000000 0.890090 415.000000
 69.750000 0.899808 429.679255 0.000000 0.000000 0.000000 0.000000 0.899808 439.000000
 70.000000 0.899453 430.578954 0.000000 0.000000 0.000000 0.000000 0.899453 437.000000
 70.250000 0.895450 422.853676 0.000000 0.000000 0.000000 0.000000 0.895450 436.000000
 70.500000 0.894038 422.952717 0.000000 0.000000 0.000000 0.000000 0.894038 426.000000
 70.750000 0.892321 416.405867 0.000000 0.000000 0.000000 0.000000 0.892321 420.000000
 71.000000 0.892975 418.938706 0.000000 0.000000 0.000000 0.000000 0.892975 428.000000
 71.250000 0.898990 428.876292 0.000000 0.000000 0.000000 0.000000 0.898990 435.000000
 71.500000 0.902314 430.099202 0.000000 0.000000 0.000000 0.000000 0.902314 428.000000
 71.750000 0.903026 430.090622 0.000000 0.000000 0.000000 0.000000 0.903026 429.000000
 72.000000 0.897722 421.071221 0.000000 0.000000 0.000000 0.000000 0.897722 417.000000
 72.250000 0.898931 425.568751 0.000000 0.000000 0.000000 0.000000 0.898931 425.000000
 72.500000 0.895573 419.809377 0.000000 0.000000 0.000000 0.000000 0.895573 425.000000
 72.750000 0.900483 425.658034 0.000000 0.000000 0.000000 0.000000 0.900483 428.000000
 73.000000 0.890320 415.204258 0.000000 0.000000 0.000000 0.000000 0.890320 421.000000
 73.250000 0.892227 422.608686 0.000000 0.000000 0.000000 0.000000 0.892227 435.000000
 73.500000 0.901851 430.103476 0.000000 0.000000 0.000000 0.000000 0.901851 430.000000
 73.750000 0.899112 427.978667 0.000000 0.000000 0.000000 0.000000 0.899112 436.000000
 74.000000 0.894521 422.028516 0.000000 0.000000 0.000000 0.000000 0.894521 429.000000
 74.250000 0.896581 427.187347 0.000000 0.000000 0.000000 0.000000 0.896581 438.000000
 74.500000 0.900012 424.647784 0.000000 0.000000 0.000000 0.000000 0.900012 429.000000
 74.750000 0.898298 430.037911 0.000000 0.000000 0.000000 0.000000 0.898298 439.000000
 75.000000 0.898620 427.115752 0.000000 0.000000 0.000000 0.000000 0.898620 428.000000
 75.250000 0.894823 419.531239 0.000000 0.000000 0.000000 0.000000 0.894823 425.000000
 75.500000 0.894929 425.765272 0.000000 0.000000 0.000000 0.000000 0.894929 440.000000
 75.750000 0.894358 418.752752 0.000000 0.000000 0.000000 0.000000 0.894358 428.000000
 76.000000 0.896381 420.513231 0.000000 0.000000 0.000000 0.000000 0.896381 425.000000
 76.250000 0.897105 425.221117 0.000000 0.000000 0.000000 0.000000 0.897105 433.000000
 76.500000 0.902681 430.437860 0.000000 0.000000 0.000000 0.000000 0.902681 437.000000
 76.750000 0.892117 417.483229 0.000000 0.000000 0.000000 0.000000 0.892117 426.000000
 77.000000 0.892941 423.382173 0.000000 0.000000 0.000000 0.000000 0.892941 434.000000
 77.250000 0.898501 427.733021 0.000000 0.000000 0.000000 0.000000 0.898501 436.000000
 77.500000 0.897717 421.652347 0.000000 0.000000 0.000000 0.000000 0.897717 424.000000
 77.750000 0.895559 425.745133 0.000000 0.000000 0.000000 0.000000 0.895559 433.000000
 78.000000 0.898645 429.963505 0.000000 0.000000 0.000000 0.000000 0.898645 437.000000
 78.250000 0.903162 433.579989 2.496365 9.985461 0.000000 0.000000 0.903162 429.000000
 78.500000 0.900234 429.350615 0.000000 0.000000 0.000000 0.000000 0.900234 440.000000
 78.750000 0.899358 429.028466 0.000000 0.000000 0.000000 0.000000 0.899358 434.000000
 79.000000 0.893978 424.288933 0.000000 0.000000 0.000000 0.000000 0.893978 439.000000
 79.250000 0.896359 428.884021 0.000000 0.000000 0.000000 0.000000 0.896359 439.000000
 79.500000 0.901248 432.787337 0.619900 2.479601 0.000000 0.000000 0.901248 440.000000
 79.750000 0.900999 430.875465 0.000000 0.000000 0.000000 0.000000 0.900999 439.000000
 80.000000 0.896978 430.589698 0.000000 0.000000 0.000000 0.000000 0.896978 438.000000
 80.250000 0.894425 422.504359 0.000000 0.000000 0.000000 0.000000 0.894425 434.000000
 80.500000 0.894122 425.231293 0.000000 0.000000 0.000000 0.000000 0.894122 437.000000
 80.750000 0.903436 434.472717 6.114329 24.457314 0.000000 0.000000 0.903436 441.000000
 81.000000 0.902907 432.337347 0.113803 0.455211 0.000000 0.000000 0.902907 435.000000
 81.250000 0.891937 414.219092 0.000000 0.000000 0.000000 0.000000 0.891937 425.000000
 81.500000 0.890298 419.425677 0.000000 0.000000 0.000000 0.000000 0.890298 423.000000
 81.750000 0.897645 429.661516 0.000000 0.000000 0.000000 0.000000 0.897645 438.000000
 82.000000 0.899169 426.003804 0.000000 0.000000 0.000000 0.000000 0.899169 433.000000
 82.250000 0.901245 430.952575 0.000000 0.000000 0.000000 0.000000 0.901245 430.000000
 82.500000 0.891908 418.173593 0.000000 0.000000 0.000000 0.000000 0.891908 428.000000
 82.750000 0.890387 420.711739 0.000000 0.000000 0.000000 0.000000 0.890387 431.000000
 83.000000 0.889089 407.584386 0.000000 0.000000 0.000000 0.000000 0.889089 415.000000
 83.250000 0.900475 429.402490 0.000000 0.000000 0.000000 0.000000 0.900475 440.000000
 83.500000 0.893744 420.505500 0.000000 0.000000 0.000000 0.000000 0.893744 427.000000
 83.750000 0.889571 417.024778 0.000000 0.000000 0.000000 0.000000 0.889571 434.000000
 84.000000 0.895194 428.025899 0.000000 0.000000 0.000000 0.000000 0.895194 437.000000
 84.250000 0.894696 422.695999 0.000000 0.000000 0.000000 0.000000 0.894696 433.000000
 84.500000 0.895934 424.285490 0.000000 0.000000 0.000000 0.000000 0.895934 434.000000
 84.750000 0.899356 434.114324 4.470364 17.881458 0.000000 0.000000 0.899356 444.000000
 85.000000 0.900305 433.395306 1.946879 7.787514 0.000000 0.000000 0.900305 443.000000
 85.250000 0.900329 433.930959 3.728604 14.914417 0.000000 0.000000 0.900329 438.000000
 85.500000 0.896514 432.415760 0.172857 0.691426 0.000000 0.000000 0.896514 438.000000
 85.750000 0.898554 430.996411 0.000000 0.000000 0.000000 0.000000 0.898554 442.000000
 86.000000 0.899785 424.174042 0.000000 0.000000 0.000000 0.000000 0.899785 422.000000
 86.250000 0.898752 428.491108 0.000000 0.000000 0.000000 0.000000 0.898752 438.000000
 86.500000 0.895041 425.813510 0.000000 0.000000 0.000000 0.000000 0.895041 433.000000
 86.750000 0.895017 421.820436 0.000000 0.000000 0.000000 0.000000 0.895017 425.000000
 87.000000 0.895270 424.370271 0.000000 0.000000 0.000000 0.000000 0.895270 430.000000
 87.250000 0.898899 429.571552 0.000000 0.000000 0.000000 0.000000 0.898899 435.000000
 87.500000 0.898691 430.186397 0.000000 0.000000 0.000000 0.000000 0.898691 443.000000
 87.750000 0.897288 424.313506 0.000000 0.000000 0.000000 0.000000 0.897288 431.000000
 88.000000 0.901552 434.731858 7.463049 29.852198 0.000000 0.000000 0.901552 440.000000
 88.250000 0.902375 432.700226 0.490316 1.961265 0.000000 0.000000 0.902375 444.000000
 88.500000 0.899587 431.360411 0.000000 0.000000 0.000000 0.000000 0.899587 445.000000
 88.750000 0.898212 431.101139 0.000000 0.000000 0.000000 0.000000 0.898212 443.000000
 89.000000 0.898000 430.225965 0.000000 0.000000 0.000000 0.000000 0.898000 446.000000
 89.250000 0.902082 433.371064 1.879817 7.519269 0.000000 0.000000 0.902082 438.000000
 89.500000 0.900207 430.204331 0.000000 0.000000 0.000000 0.000000 0.900207 439.000000
 89.750000 0.895153 421.590765 0.000000 0.000000 0.000000 0.000000 0.895153 430.000000
 90.000000 0.901875 432.202276 0.040916 0.163663 0.000000 0.000000 0.901875 443.000000
 90.250000 0.897678 427.272030 0.000000 0.000000 0.000000 0.000000 0.897678 439.000000
 90.500000 0.900784 429.821135 0.000000 0.000000 0.000000 0.000000 0.900784 437.000000
 90.750000 0.899046 426.478037 0.000000 0.000000 0.000000 0.000000 0.899046 433.000000
 91.000000 0.895383 422.806273 0.000000 0.000000 0.000000 0.000000 0.895383 437.000000
 91.250000 0.896678 425.845110 0.000000 0.000000 0.000000 0.000000 0.896678 438.000000
 91.500000 0.899941 430.715429 0.000000 0.000000 0.000000 0.000000 0.899941 431.000000
 91.750000 0.903027 429.757579 0.000000 0.000000 0.000000 0.000000 0.903027 432.000000
 92.000000 0.900658 426.906087 0.000000 0.000000 0.000000 0.000000 0.900658 437.000000
 92.250000 0.900080 430.594347 0.000000 0.000000 0.000000 0.000000 0.900080 436.000000
 92.500000 0.897740 428.586554 0.000000 0.000000 0.000000 0.000000 0.897740 433.000000
 92.750000 0.900106 430.514535 0.000000 0.000000 0.000000 0.000000 0.900106 435.000000
 93.000000 0.899881 430.632483 0.000000 0.000000 0.000000 0.000000 0.899881 439.000000
 93.250000 0.901227 432.757055 0.573132 2.292527 0.000000 0.000000 0.901227 440.000000
 93.500000 0.894288 419.058628 0.000000 0.000000 0.000000 0.000000 0.894288 426.000000
 93.750000 0.896872 431.300986 0.000000 0.000000 0.000000 0.000000 0.896872 440.000000
 94.000000 0.899778 431.585534 0.000000 0.000000 0.000000 0.000000 0.899778 438.000000
 94.250000 0.893495 422.921528 0.000000 0.000000 0.000000 0.000000 0.893495 437.000000
 94.500000 0.894272 421.378660 0.000000 0.000000 0.000000 0.000000 0.894272 430.000000
 94.750000 0.895949 424.353612 0.000000 0.000000 0.000000 0.000000 0.895949 437.000000
 95.000000 0.894383 423.931327 0.000000 0.000000 0.000000 0.000000 0.894383 431.000000
 95.250000 0.882073 397.333347 0.000000 0.000000 0.000000 0.000000 0.882073 405.000000
 95.500000 0.890910 411.348451 0.000000 0.000000 0.000000 0.000000 0.890910 417.000000
 95.750000 0.897791 419.426127 0.000000 0.000000 0.000000 0.000000 0.897791 419.000000
 96.000000 0.892273 408.191864 0.000000 0.000000 0.000000 0.000000 0.892273 415.000000
 96.250000 0.893222 423.101631 0.000000 0.000000 0.000000 0.000000 0.893222 436.000000
 96.500000 0.893198 418.699166 0.000000 0.000000 0.000000 0.000000 0.893198 429.000000
 96.750000 0.898713 424.946909 0.000000 0.000000 0.000000 0.000000 0.898713 430.000000
 97.000000 0.901003 433.672315 2.796638 11.186551 0.000000 0.000000 0.901003 441.000000
 97.250000 0.899301 428.984023 0.000000 0.000000 0.000000 0.000000 0.899301 431.000000
 97.500000 0.902877 435.051243 9.310081 37.240323 0.000000 0.000000 0.902877 447.000000
 97.750000 0.899643 430.518413 0.000000 0.000000 0.000000 0.000000 0.899643 441.000000
 98.000000 0.899759 433.076882 1.159674 4.638698 0.000000 0.000000 0.899759 443.000000
 98.250000 0.898455 430.498024 0.000000 0.000000 0.000000 0.000000 0.898455 441.000000
 98.500000 0.904325 431.985455 0.000000 0.000000 0.000000 0.000000 0.904325 430.000000
 98.750000 0.901544 428.495342 0.000000 0.000000 0.000000 0.000000 0.901544 434.000000
 99.000000 0.901524 431.541628 0.000000 0.000000 0.000000 0.000000 0.901524 434.000000
 99.250000 0.899320 432.483891 0.234151 0.936603 0.000000 0.000000 0.899320 441.000000
 99.500000 0.902419 433.536697 2.361436 9.445745 0.000000 0.000000 0.902419 438.000000
 99.750000 0.899527 432.206597 0.042682 0.170729 0.000000 0.000000 0.899527 443.000000
 100.000000 0.901919 433.946053 3.787120 15.148482 0.000000 0.000000 0.901919 441.000000
 100.250000 0.896006 428.883415 0.000000 0.000000 0.000000 0.000000 0.896006 438.000000
