#! FIELDS time refcv.mean refcv.morethan uwall.bias uwall.force2 lwall.bias lwall.force2 refcv2.mean refcv2.morethan
 0.500000 0.719566 662.057559 0.000000 0.000000 0.000000 0.000000 0.719566 656.000000
 0.750000 0.723758 685.114028 0.000000 0.000000 0.000000 0.000000 0.723758 683.000000
 1.000000 0.725366 687.478302 0.000000 0.000000 0.000000 0.000000 0.725366 684.000000
 1.250000 0.729256 698.612060 0.000000 0.000000 0.000000 0.000000 0.729256 700.000000
 1.500000 0.723267 681.885686 0.000000 0.000000 0.000000 0.000000 0.723267 682.000000
 1.750000 0.723791 690.192483 0.000000 0.000000 0.000000 0.000000 0.723791 690.000000
 2.000000 0.719888 684.224376 0.000000 0.000000 0.000000 0.000000 0.719888 682.000000
 2.250000 0.723336 678.445492 0.000000 0.000000 0.000000 0.000000 0.723336 677.000000
 2.500000 0.728736 693.724579 0.000000 0.000000 0.000000 0.000000 0.728736 695.000000
 2.750000 0.732367 697.287377 0.000000 0.000000 0.000000 0.000000 0.732367 694.000000
 3.000000 0.729758 695.471959 0.000000 0.000000 0.000000 0.000000 0.729758 692.000000
 3.250000 0.728470 693.058198 0.000000 0.000000 0.000000 0.000000 0.728470 682.000000
 3.500000 0.727593 690.320053 0.000000 0.000000 0.000000 0.000000 0.727593 687.000000
 3.750000 0.719751 672.563498 0.000000 0.000000 0.000000 0.000000 0.719751 671.000000
 4.000000 0.721790 677.306462 0.000000 0.000000 0.000000 0.000000 0.721790 677.000000
 4.250000 0.722028 683.687578 0.000000 0.000000 0.000000 0.000000 0.722028 681.000000
 4.500000 0.719542 661.335741 0.000000 0.000000 0.000000 0.000000 0.719542 657.000000
 4.750000 0.718106 671.668893 0.000000 0.000000 0.000000 0.000000 0.718106 668.000000
 5.000000 0.717156 659.592021 0.000000 0.000000 0.000000 0.000000 0.717156 657.000000
 5.250000 0.718019 665.329437 0.000000 0.000000 0.000000 0.000000 0.718019 666.000000
 5.500000 0.721548 664.536445 0.000000 0.000000 0.000000 0.000000 0.721548 657.000000
 5.750000 0.721450 670.722604 0.000000 0.000000 0.000000 0.000000 0.721450 666.000000
 6.000000 0.725140 673.688024 0.000000 0.000000 0.000000 0.000000 0.725140 672.000000
 6.250000 0.722351 660.960057 0.000000 0.000000 0.000000 0.000000 0.722351 658.000000
 6.500000 0.722162 678.039071 0.000000 0.000000 0.000000 0.000000 0.722162 678.000000
 6.750000 0.724472 680.090317 0.000000 0.000000 0.000000 0.000000 0.724472 684.000000
 7.000000 0.721400 669.337166 0.000000 0.000000 0.000000 0.000000 0.721400 662.000000
 7.250000 0.723108 672.204878 0.000000 0.000000 0.000000 0.000000 0.723108 666.000000
 7.500000 0.721159 676.802078 0.000000 0.000000 0.000000 0.000000 0.721159 683.000000
 7.750000 0.721431 671.771025 0.000000 0.000000 0.000000 0.000000 0.721431 665.000000
 8.000000 0.717842 656.847605 0.000000 0.000000 0.000000 0.000000 0.717842 653.000000
 8.250000 0.721709 677.158122 0.000000 0.000000 0.000000 0.000000 0.721709 673.000000
 8.500000 0.721417 666.614101 0.000000 0.000000 0.000000 0.000000 0.721417 659.425383
 8.750000 0.722245 675.595473 0.000000 0.000000 0.000000 0.000000 0.722245 670.000000
 9.000000 0.721871 669.425363 0.000000 0.000000 0.000000 0.000000 0.721871 663.000000
 9.250000 0.724637 689.337183 0.000000 0.000000 0.000000 0.000000 0.724637 693.000000
 9.500000 0.720946 670.803653 0.000000 0.000000 0.000000 0.000000 0.720946 662.000000
 9.750000 0.720217 667.764681 0.000000 0.000000 0.000000 0.000000 0.720217 670.000000
 10.000000 0.719275 669.443212 0.000000 0.000000 0.000000 0.000000 0.719275 667.000000
 10.250000 0.718510 656.659976 0.000000 0.000000 0.000000 0.000000 0.718510 649.000000
 10.500000 0.715620 652.467146 0.000000 0.000000 0.000000 0.000000 0.715620 648.000000
 10.750000 0.720146 670.687603 0.000000 0.000000 0.000000 0.000000 0.720146 665.000000
 11.000000 0.715510 669.326587 0.000000 0.000000 0.000000 0.000000 0.715510 665.000000
 11.250000 0.724663 680.016654 0.000000 0.000000 0.000000 0.000000 0.724663 670.000000
 11.500000 0.716506 659.355598 0.000000 0.000000 0.000000 0.000000 0.716506 663.000000
 11.750000 0.721215 677.156771 0.000000 0.000000 0.000000 0.000000 0.721215 679.000000
 12.000000 0.727885 685.182044 0.000000 0.000000 0.000000 0.000000 0.727885 682.000000
 12.250000 0.733424 693.646363 0.000000 0.000000 0.000000 0.000000 0.733424 688.000000
 12.500000 0.721293 674.305254 0.000000 0.000000 0.000000 0.000000 0.721293 670.000000
 12.750000 0.721318 671.436496 0.000000 0.000000 0.000000 0.000000 0.721318 670.000000
 13.000000 0.726700 684.714143 0.000000 0.000000 0.000000 0.000000 0.726700 679.000000
 13.250000 0.727597 688.924547 0.000000 0.000000 0.000000 0.000000 0.727597 686.000000
 13.500000 0.729992 691.800064 0.000000 0.000000 0.000000 0.000000 0.729992 685.000000
 13.750000 0.726744 681.312153 0.000000 0.000000 0.000000 0.000000 0.726744 678.000000
 14.000000 0.725133 684.163480 0.000000 0.000000 0.000000 0.000000 0.725133 673.000000
 14.250000 0.722999 682.235783 0.000000 0.000000 0.000000 0.000000 0.722999 678.000000
 14.500000 0.721483 673.254960 0.000000 0.000000 0.000000 0.000000 0.721483 674.000000
 14.750000 0.719877 667.003519 0.000000 0.000000 0.000000 0.000000 0.719877 659.000000
 15.000000 0.716130 657.773528 0.000000 0.000000 0.000000 0.000000 0.716130 658.000000
 15.250000 0.719876 666.816461 0.000000 0.000000 0.000000 0.000000 0.719876 662.000000
 15.500000 0.728243 680.511774 0.000000 0.000000 0.000000 0.000000 0.728243 673.000000
 15.750000 0.718880 663.407561 0.000000 0.000000 0.000000 0.000000 0.718880 656.000000
 16.000000 0.723780 677.847484 0.000000 0.000000 0.000000 0.000000 0.723780 678.000000
 16.250000 0.722406 674.410276 0.000000 0.000000 0.000000 0.000000 0.722406 673.000000
 16.500000 0.725643 669.752325 0.000000 0.000000 0.000000 0.000000 0.725643 663.000000
 16.750000 0.716414 661.513446 0.000000 0.000000 0.000000 0.000000 0.716414 657.000000
 17.000000 0.714663 659.085723 0.000000 0.000000 0.000000 0.000000 0.714663 658.000000
 17.250000 0.719675 671.012068 0.000000 0.000000 0.000000 0.000000 0.719675 670.000000
 17.500000 0.720692 665.308899 0.000000 0.000000 0.000000 0.000000 0.720692 662.000000
 17.750000 0.718207 660.825703 0.000000 0.000000 0.000000 0.000000 0.718207 660.000000
 18.000000 0.720534 665.454466 0.000000 0.000000 0.000000 0.000000 0.720534 662.000000
 18.250000 0.715753 659.219958 0.000000 0.000000 0.000000 0.000000 0.715753 654.000000
 18.500000 0.718239 664.680780 0.000000 0.000000 0.000000 0.000000 0.718239 662.000000
 18.750000 0.721945 671.058369 0.000000 0.000000 0.000000 0.000000 0.721945 675.000000
 19.000000 0.718451 663.318379 0.000000 0.000000 0.000000 0.000000 0.718451 660.000000
 19.250000 0.719014 665.774343 0.000000 0.000000 0.000000 0.000000 0.719014 665.000000
 19.500000 0.717922 660.678516 0.000000 0.000000 0.000000 0.000000 0.717922 656.000000
 19.750000 0.714171 662.736849 0.000000 0.000000 0.000000 0.000000 0.714171 663.000000
 20.000000 0.717117 661.165670 0.000000 0.000000 0.000000 0.000000 0.717117 661.000000
 20.250000 0.721554 662.707907 0.000000 0.000000 0.000000 0.000000 0.721554 657.000000
 20.500000 0.717820 655.990076 0.000000 0.000000 0.000000 0.000000 0.717820 649.000000
 20.750000 0.713223 654.450190 0.000000 0.000000 0.000000 0.000000 0.713223 651.000000
 21.000000 0.717417 659.591983 0.000000 0.000000 0.000000 0.000000 0.717417 656.000000
 21.250000 0.714718 655.415368 0.000000 0.000000 0.000000 0.000000 0.714718 652.000000
 21.500000 0.714191 661.214580 0.000000 0.000000 0.000000 0.000000 0.714191 663.000000
 21.750000 0.716854 659.984065 0.000000 0.000000 0.000000 0.000000 0.716854 656.000000
 22.000000 0.710999 648.993850 0.000000 0.000000 1.012338 4.049352 0.710999 643.000000
 22.250000 0.714932 649.380171 0.000000 0.000000 0.384188 1.536753 0.714932 648.000000
 22.500000 0.714024 648.933253 0.000000 0.000000 1.137948 4.551793 0.714024 648.000000
 22.750000 0.715027 652.045335 0.000000 0.000000 0.000000 0.000000 0.715027 650.000000
 23.000000 0.714702 652.856760 0.000000 0.000000 0.000000 0.000000 0.714702 651.000000
 23.250000 0.718455 664.093965 0.000000 0.000000 0.000000 0.000000 0.718455 663.000000
 23.500000 0.720588 662.126011 0.000000 0.000000 0.000000 0.000000 0.720588 659.000000
 23.750000 0.712123 654.584289 0.000000 0.000000 0.000000 0.000000 0.712123 658.000000
 24.000000 0.720730 667.879798 0.000000 0.000000 0.000000 0.000000 0.720730 668.000000
 24.250000 0.717568 659.574135 0.000000 0.000000 0.000000 0.000000 0.717568 659.000000
 24.500000 0.713763 656.029319 0.000000 0.000000 0.000000 0.000000 0.713763 653.000000
 24.750000 0.715416 652.998892 0.000000 0.000000 0.000000 0.000000 0.715416 651.000000
 25.000000 0.717636 655.940271 0.000000 0.000000 0.000000 0.000000 0.717636 651.000000
 25.250000 0.714801 653.134220 0.000000 0.000000 0.000000 0.000000 0.714801 646.000000
 25.500000 0.713412 653.191886 0.000000 0.000000 0.000000 0.000000 0.713412 650.000000
 25.750000 0.712505 649.572837 0.000000 0.000000 0.182468 0.729873 0.712505 644.000000
 26.000000 0.716883 660.030789 0.000000 0.000000 0.000000 0.000000 0.716883 656.000000
 26.250000 0.710969 655.653030 0.000000 0.000000 0.000000 0.000000 0.710969 654.000000
 26.500000 0.718843 664.148000 0.000000 0.000000 0.000000 0.000000 0.718843 662.000000
 26.750000 0.721548 669.194107 0.000000 0.000000 0.000000 0.000000 0.721548 669.000000
 27.000000 0.711002 649.676212 0.000000 0.000000 0.104839 0.419354 0.711002 651.000000
 27.250000 0.713993 650.893485 0.000000 0.000000 0.000000 0.000000 0.713993 645.000000
 27.500000 0.714532 655.187772 0.000000 0.000000 0.000000 0.000000 0.714532 656.000000
 27.750000 0.714395 649.622017 0.000000 0.000000 0.142871 0.571485 0.714395 641.000000
 28.000000 0.715677 654.406485 0.000000 0.000000 0.000000 0.000000 0.715677 649.000000
 28.250000 0.717406 652.154945 0.000000 0.000000 0.000000 0.000000 0.717406 651.000000
 28.500000 0.717018 652.242912 0.000000 0.000000 0.000000 0.000000 0.717018 651.000000
 28.750000 0.718236 656.532878 0.000000 0.000000 0.000000 0.000000 0.718236 648.000000
 29.000000 0.716713 655.162005 0.000000 0.000000 0.000000 0.000000 0.716713 658.000000
 29.250000 0.715500 650.075081 0.000000 0.000000 0.000000 0.000000 0.715500 651.000000
 29.500000 0.718928 661.791325 0.000000 0.000000 0.000000 0.000000 0.718928 655.000000
 29.750000 0.715229 654.482446 0.000000 0.000000 0.000000 0.000000 0.715229 658.000000
 30.000000 0.714661 650.016325 0.000000 0.000000 0.000000 0.000000 0.714661 645.000000
 30.250000 0.713327 649.813087 0.000000 0.000000 0.034936 0.139745 0.713327 648.000000
 30.500000 0.713069 650.389316 0.000000 0.000000 0.000000 0.000000 0.713069 646.000000
 30.750000 0.717128 651.819615 0.000000 0.000000 0.000000 0.000000 0.717128 646.000000
 31.000000 0.711832 650.251655 0.000000 0.000000 0.000000 0.000000 0.711832 651.000000
 31.250000 0.713591 654.437330 0.000000 0.000000 0.000000 0.000000 0.713591 657.000000
 31.500000 0.715507 657.180354 0.000000 0.000000 0.000000 0.000000 0.715507 652.000000
 31.750000 0.711625 648.895345 0.000000 0.000000 1.220262 4.881049 0.711625 650.000000
 32.000000 0.713060 647.774320 0.000000 0.000000 4.953650 19.814601 0.713060 650.000000
 32.250000 0.713254 648.272517 0.000000 0.000000 2.984198 11.936791 0.713254 646.000000
 32.500000 0.720256 659.363175 0.000000 0.000000 0.000000 0.000000 0.720256 659.000000
 32.750000 0.718360 661.200363 0.000000 0.000000 0.000000 0.000000 0.718360 658.000000
 33.000000 0.709833 649.599560 0.000000 0.000000 0.160352 0.641408 0.709833 646.000000
 33.250000 0.714025 652.444716 0.000000 0.000000 0.000000 0.000000 0.714025 648.000000
 33.500000 0.715079 651.751157 0.000000 0.000000 0.000000 0.000000 0.715079 643.000000
 33.750000 0.716265 651.158391 0.000000 0.000000 0.000000 0.000000 0.716265 646.000000
 34.000000 0.715075 653.080605 0.000000 0.000000 0.000000 0.000000 0.715075 652.000000
 34.250000 0.717651 654.637411 0.000000 0.000000 0.000000 0.000000 0.717651 655.000000
 34.500000 0.716594 658.605634 0.000000 0.000000 0.000000 0.000000 0.716594 662.000000
 34.750000 0.715100 656.530989 0.000000 0.000000 0.000000 0.000000 0.715100 662.000000
 35.000000 0.717922 659.054480 0.000000 0.000000 0.000000 0.000000 0.717922 653.000000
 35.250000 0.721022 669.091312 0.000000 0.000000 0.000000 0.000000 0.721022 662.000000
 35.500000 0.719264 670.275583 0.000000 0.000000 0.000000 0.000000 0.719264 668.000000
 35.750000 0.715475 664.485088 0.000000 0.000000 0.000000 0.000000 0.715475 662.000000
 36.000000 0.716963 661.156252 0.000000 0.000000 0.000000 0.000000 0.716963 660.000000
 36.250000 0.714027 655.720861 0.000000 0.000000 0.000000 0.000000 0.714027 655.000000
 36.500000 0.715993 660.672489 0.000000 0.000000 0.000000 0.000000 0.715993 663.000000
 36.750000 0.721906 670.775194 0.000000 0.000000 0.000000 0.000000 0.721906 673.000000
 37.000000 0.718687 667.758345 0.000000 0.000000 0.000000 0.000000 0.718687 665.000000
 37.250000 0.716916 654.471511 0.000000 0.000000 0.000000 0.000000 0.716916 650.000000
 37.500000 0.715400 653.057577 0.000000 0.000000 0.000000 0.000000 0.715400 650.000000
 37.750000 0.714055 661.134894 0.000000 0.000000 0.000000 0.000000 0.714055 660.000000
 38.000000 0.712655 653.404033 0.000000 0.000000 0.000000 0.000000 0.712655 661.000000
 38.250000 0.717540 669.845195 0.000000 0.000000 0.000000 0.000000 0.717540 672.000000
 38.500000 0.714198 657.429517 0.000000 0.000000 0.000000 0.000000 0.714198 660.000000
 38.750000 0.715811 660.037749 0.000000 0.000000 0.000000 0.000000 0.715811 660.000000
 39.000000 0.711468 649.590879 0.000000 0.000000 0.167380 0.669520 0.711468 649.000000
 39.250000 0.712740 650.663646 0.000000 0.000000 0.000000 0.000000 0.712740 656.000000
 39.500000 0.718474 651.002139 0.000000 0.000000 0.000000 0.000000 0.718474 647.000000
 39.750000 0.716625 656.173995 0.000000 0.000000 0.000000 0.000000 0.716625 659.000000
 40.000000 0.715415 656.857521 0.000000 0.000000 0.000000 0.000000 0.715415 659.000000
 40.250000 0.715192 656.124157 0.000000 0.000000 0.000000 0.000000 0.715192 653.000000
 40.500000 0.715922 654.667403 0.000000 0.000000 0.000000 0.000000 0.715922 651.000000
 40.750000 0.716309 651.522953 0.000000 0.000000 0.000000 0.000000 0.716309 650.000000
 41.000000 0.712913 649.555436 0.000000 0.000000 0.197637 0.790548 0.712913 653.000000
 41.250000 0.717397 658.641028 0.000000 0.000000 0.000000 0.000000 0.717397 654.000000
 41.500000 0.714079 649.301987 0.000000 0.000000 0.487222 1.948888 0.714079 648.000000
 41.750000 0.712447 649.910462 0.000000 0.000000 0.008017 0.032068 0.712447 648.000000
 42.000000 0.716594 653.484151 0.000000 0.000000 0.000000 0.000000 0.716594 649.000000
 42.250000 0.712913 649.647114 0.000000 0.000000 0.124528 0.498113 0.712913 639.000000
 42.500000 0.715921 652.279156 0.000000 0.000000 0.000000 0.000000 0.715921 649.000000
 42.750000 0.713033 658.935931 0.000000 0.000000 0.000000 0.000000 0.713033 660.000000
 43.000000 0.713371 654.214918 0.000000 0.000000 0.000000 0.000000 0.713371 650.000000
 43.250000 0.715048 651.335132 0.000000 0.000000 0.000000 0.000000 0.715048 651.000000
 43.500000 0.716894 659.876975 0.000000 0.000000 0.000000 0.000000 0.716894 655.000000
 43.750000 0.714043 649.458735 0.000000 0.000000 0.292968 1.171872 0.714043 649.000000
 44.000000 0.718827 663.024869 0.000000 0.000000 0.000000 0.000000 0.718827 661.000000
 44.250000 0.717695 662.603382 0.000000 0.000000 0.000000 0.000000 0.717695 664.000000
 44.500000 0.716531 662.703343 0.000000 0.000000 0.000000 0.000000 0.716531 655.000000
 44.750000 0.714305 655.120746 0.000000 0.000000 0.000000 0.000000 0.714305 652.000000
 45.000000 0.714168 649.956437 0.000000 0.000000 0.001898 0.007591 0.714168 645.000000
 45.250000 0.713968 654.444466 0.000000 0.000000 0.000000 0.000000 0.713968 642.000000
 45.500000 0.712331 651.366998 0.000000 0.000000 0.000000 0.000000 0.712331 651.000000
 45.750000 0.713321 650.151838 0.000000 0.000000 0.000000 0.000000 0.713321 652.000000
 46.000000 0.714453 653.539674 0.000000 0.000000 0.000000 0.000000 0.714453 655.000000
 46.250000 0.712196 648.672585 0.000000 0.000000 1.762031 7.048124 0.712196 644.000000
 46.500000 0.715927 652.529927 0.000000 0.000000 0.000000 0.000000 0.715927 654.000000
 46.750000 0.714489 649.068284 0.000000 0.000000 0.868096 3.472382 0.714489 646.000000
 47.000000 0.719832 664.365565 0.000000 0.000000 0.000000 0.000000 0.719832 659.000000
 47.250000 0.712069 649.366861 0.000000 0.000000 0.400865 1.603459 0.712069 641.000000
 47.500000 0.715092 656.729104 0.000000 0.000000 0.000000 0.000000 0.715092 650.000000
 47.750000 0.713952 654.407098 0.000000 0.000000 0.000000 0.000000 0.713952 654.000000
 48.000000 0.716074 649.625542 0.000000 0.000000 0.140219 0.560877 0.716074 644.000000
 48.250000 0.716577 654.648809 0.000000 0.000000 0.000000 0.000000 0.716577 649.000000
 48.500000 0.712799 654.469775 0.000000 0.000000 0.000000 0.000000 0.712799 651.000000
 48.750000 0.709243 652.340650 0.000000 0.000000 0.000000 0.000000 0.709243 652.000000
 49.000000 0.714282 654.168880 0.000000 0.000000 0.000000 0.000000 0.714282 653.000000
 49.250000 0.716212 660.225684 0.000000 0.000000 0.000000 0.000000 0.716212 666.000000
 49.500000 0.714891 653.377248 0.000000 0.000000 0.000000 0.000000 0.714891 646.000000
 49.750000 0.712208 651.257459 0.000000 0.000000 0.000000 0.000000 0.712208 650.000000
 50.000000 0.719381 656.974141 0.000000 0.000000 0.000000 0.000000 0.719381 655.000000
 50.250000 0.714668 649.497458 0.000000 0.000000 0.252548 1.010194 0.714668 651.000000
 50.500000 0.717882 654.095865 0.000000 0.000000 0.000000 0.000000 0.717882 650.000000
 50.750000 0.714179 649.785156 0.000000 0.000000 0.046158 0.184632 0.714179 644.000000
 51.000000 0.713509 651.095782 0.000000 0.000000 0.000000 0.000000 0.713509 653.000000
 51.250000 0.708521 649.571519 0.000000 0.000000 0.183596 0.734383 0.708521 652.000000
 51.500000 0.711603 649.289074 0.000000 0.000000 0.505415 2.021661 0.711603 651.000000
 51.750000 0.715552 654.592990 0.000000 0.000000 0.000000 0.000000 0.715552 656.000000
 52.000000 0.715529 650.132081 0.000000 0.000000 0.000000 0.000000 0.715529 648.000000
 52.250000 0.717180 654.479653 0.000000 0.000000 0.000000 0.000000 0.717180 654.000000
 52.500000 0.710060 648.135582 0.000000 0.000000 3.476053 13.904212 0.710060 642.000000
 52.750000 0.711969 649.870426 0.000000 0.000000 0.016790 0.067158 0.711969 641.000000
 53.000000 0.712241 654.043191 0.000000 0.000000 0.000000 0.000000 0.712241 652.000000
 53.250000 0.717249 653.532635 0.000000 0.000000 0.000000 0.000000 0.717249 646.000000
 53.500000 0.720077 649.909469 0.000000 0.000000 0.008196 0.032783 0.720077 644.000000
 53.750000 0.715130 652.454014 0.000000 0.000000 0.000000 0.000000 0.715130 649.000000
 54.000000 0.718354 657.423562 0.000000 0.000000 0.000000 0.000000 0.718354 655.000000
 54.250000 0.716880 654.324740 0.000000 0.000000 0.000000 0.000000 0.716880 648.000000
 54.500000 0.716279 649.189030 0.000000 0.000000 0.657672 2.630689 0.716279 641.000000
 54.750000 0.717433 651.274576 0.000000 0.000000 0.000000 0.000000 0.717433 652.000000
 55.000000 0.715492 653.728232 0.000000 0.000000 0.000000 0.000000 0.715492 650.000000
 55.250000 0.714060 652.543234 0.000000 0.000000 0.000000 0.000000 0.714060 647.000000
 55.500000 0.711778 651.235569 0.000000 0.000000 0.000000 0.000000 0.711778 655.000000
 55.750000 0.712763 653.308918 0.000000 0.000000 0.000000 0.000000 0.712763 653.000000
 56.000000 0.713562 652.249669 0.000000 0.000000 0.000000 0.000000 0.713562 656.000000
 56.250000 0.716170 653.006780 0.000000 0.000000 0.000000 0.000000 0.716170 651.000000
 56.500000 0.717475 666.237216 0.000000 0.000000 0.000000 0.000000 0.717475 663.000000
 56.750000 0.716129 655.363205 0.000000 0.000000 0.000000 0.000000 0.716129 648.000000
 57.000000 0.714538 658.163882 0.000000 0.000000 0.000000 0.000000 0.714538 655.000000
 57.250000 0.714721 652.068871 0.000000 0.000000 0.000000 0.000000 0.714721 653.000000
 57.500000 0.713625 648.801197 0.000000 0.000000 1.437128 5.748510 0.713625 643.000000
 57.750000 0.711201 650.326271 0.000000 0.000000 0.000000 0.000000 0.711201 648.000000
 58.000000 0.716264 656.023382 0.000000 0.000000 0.000000 0.000000 0.716264 661.000000
 58.250000 0.713872 652.749623 0.000000 0.000000 0.000000 0.000000 0.713872 649.000000
 58.500000 0.716765 651.966605 0.000000 0.000000 0.000000 0.000000 0.716765 656.000000
 58.750000 0.719743 660.938677 0.000000 0.000000 0.000000 0.000000 0.719743 654.000000
 59.000000 0.717012 652.799112 0.000000 0.000000 0.000000 0.000000 0.717012 652.000000
 59.250000 0.716816 659.314601 0.000000 0.000000 0.000000 0.000000 0.716816 659.000000
 59.500000 0.711384 651.891787 0.000000 0.000000 0.000000 0.000000 0.711384 657.000000
 59.750000 0.717190 655.583832 0.000000 0.000000 0.000000 0.000000 0.717190 650.000000
 60.000000 0.713835 652.266289 0.000000 0.000000 0.000000 0.000000 0.713835 650.000000
 60.250000 0.717716 658.756146 0.000000 0.000000 0.000000 0.000000 0.717716 655.000000
 60.500000 0.721082 671.463352 0.000000 0.000000 0.000000 0.000000 0.721082 669.000000
 60.750000 0.718453 665.571061 0.000000 0.000000 0.000000 0.000000 0.718453 662.000000
 61.000000 0.720618 665.556314 0.000000 0.000000 0.000000 0.000000 0.720618 659.000000
 61.250000 0.714624 657.521006 0.000000 0.000000 0.000000 0.000000 0.714624 656.000000
 61.500000 0.718509 668.285211 0.000000 0.000000 0.000000 0.000000 0.718509 662.000000
 61.750000 0.715000 649.880225 0.000000 0.000000 0.014346 0.057385 0.715000 649.000000
 62.000000 0.718018 664.407203 0.000000 0.000000 0.000000 0.000000 0.718018 658.000000
 62.250000 0.715261 662.540771 0.000000 0.000000 0.000000 0.000000 0.715261 662.000000
 62.500000 0.717014 654.279802 0.000000 0.000000 0.000000 0.000000 0.717014 649.000000
 62.750000 0.720919 672.999516 0.000000 0.000000 0.000000 0.000000 0.720919 667.000000
 63.000000 0.716429 661.920030 0.000000 0.000000 0.000000 0.000000 0.716429 664.000000
 63.250000 0.720160 659.769036 0.000000 0.000000 0.000000 0.000000 0.720160 655.000000
 63.500000 0.713232 651.808919 0.000000 0.000000 0.000000 0.000000 0.713232 643.000000
 63.750000 0.716268 650.266790 0.000000 0.000000 0.000000 0.000000 0.716268 651.000000
 64.000000 0.715915 656.672157 0.000000 0.000000 0.000000 0.000000 0.715915 655.000000
 64.250000 0.722192 666.171653 0.000000 0.000000 0.000000 0.000000 0.722192 661.000000
 64.500000 0.717734 659.577091 0.000000 0.000000 0.000000 0.000000 0.717734 654.000000
 64.750000 0.716163 667.618533 0.000000 0.000000 0.000000 0.000000 0.716163 665.000000
 65.000000 0.714140 651.103413 0.000000 0.000000 0.000000 0.000000 0.714140 648.000000
 65.250000 0.714135 656.637419 0.000000 0.000000 0.000000 0.000000 0.714135 649.000000
 65.500000 0.711163 648.701419 0.000000 0.000000 1.686312 6.745247 0.711163 646.000000
 65.750000 0.715186 654.665035 0.000000 0.000000 0.000000 0.000000 0.715186 651.000000
 66.000000 0.711002 653.829110 0.000000 0.000000 0.000000 0.000000 0.711002 655.000000
 66.250000 0.714596 655.413163 0.000000 0.000000 0.000000 0.000000 0.714596 653.000000
 66.500000 0.721000 665.385204 0.000000 0.000000 0.000000 0.000000 0.721000 665.000000
 66.750000 0.717770 652.030234 0.000000 0.000000 0.000000 0.000000 0.717770 646.000000
 67.000000 0.716210 653.974305 0.000000 0.000000 0.000000 0.000000 0.716210 655.000000
 67.250000 0.720119 650.954159 0.000000 0.000000 0.000000 0.000000 0.720119 644.000000
 67.500000 0.721575 662.992379 0.000000 0.000000 0.000000 0.000000 0.721575 659.000000
 67.750000 0.717857 662.398124 0.000000 0.000000 0.000000 0.000000 0.717857 663.000000
 68.000000 0.715508 651.056045 0.000000 0.000000 0.000000 0.000000 0.715508 650.000000
 68.250000 0.717473 653.126989 0.000000 0.000000 0.000000 0.000000 0.717473 648.000000
 68.500000 0.714242 648.638613 0.000000 0.000000 1.853376 7.413503 0.714242 649.000000
 68.750000 0.719290 661.208717 0.000000 0.000000 0.000000 0.000000 0.719290 663.000000
 69.000000 0.716402 649.974638 0.000000 0.000000 0.000643 0.002573 0.716402 644.000000
 69.250000 0.714819 650.972642 0.000000 0.000000 0.000000 0.000000 0.714819 648.000000
 69.500000 0.717956 657.212595 0.000000 0.000000 0.000000 0.000000 0.717956 649.000000
 69.750000 0.719816 666.601485 0.000000 0.000000 0.000000 0.000000 0.719816 663.000000
 70.000000 0.719531 652.544574 0.000000 0.000000 0.000000 0.000000 0.719531 645.000000
 70.250000 0.717318 649.491625 0.000000 0.000000 0.258445 1.033780 0.717318 638.000000
 70.500000 0.717346 653.390481 0.000000 0.000000 0.000000 0.000000 0.717346 642.000000
 70.750000 0.719841 659.141641 0.000000 0.000000 0.000000 0.000000 0.719841 656.000000
 71.000000 0.716758 649.329202 0.000000 0.000000 0.449970 1.799880 0.716758 650.000000
 71.250000 0.716516 648.178804 0.000000 0.000000 3.316755 13.267020 0.716516 648.000000
 71.500000 0.717654 651.311921 0.000000 0.000000 0.000000 0.000000 0.717654 645.000000
 71.750000 0.719874 660.469822 0.000000 0.000000 0.000000 0.000000 0.719874 659.000000
 72.000000 0.718479 662.925103 0.000000 0.000000 0.000000 0.000000 0.718479 665.000000
 72.250000 0.719561 667.571044 0.000000 0.000000 0.000000 0.000000 0.719561 669.000000
 72.500000 0.720104 667.022464 0.000000 0.000000 0.000000 0.000000 0.720104 667.000000
 72.750000 0.723670 670.524229 0.000000 0.000000 0.000000 0.000000 0.723670 664.000000
 73.000000 0.716365 651.734367 0.000000 0.000000 0.000000 0.000000 0.716365 645.000000
 73.250000 0.719914 668.532192 0.000000 0.000000 0.000000 0.000000 0.719914 665.000000
 73.500000 0.718647 669.919583 0.000000 0.000000 0.000000 0.000000 0.718647 665.000000
 73.750000 0.715761 665.482405 0.000000 0.000000 0.000000 0.000000 0.715761 661.000000
 74.000000 0.713790 666.558061 0.000000 0.000000 0.000000 0.000000 0.713790 664.000000
 74.250000 0.716909 653.012950 0.000000 0.000000 0.000000 0.000000 0.716909 651.000000
 74.500000 0.713009 650.758829 0.000000 0.000000 0.000000 0.000000 0.713009 651.000000
 74.750000 0.717066 654.503424 0.000000 0.000000 0.000000 0.000000 0.717066 648.000000
 75.000000 0.720974 660.676658 0.000000 0.000000 0.000000 0.000000 0.720974 664.000000
 75.250000 0.713801 650.142650 0.000000 0.000000 0.000000 0.000000 0.713801 655.000000
 75.500000 0.718994 663.944550 0.000000 0.000000 0.000000 0.000000 0.718994 662.000000
 75.750000 0.716801 663.549055 0.000000 0.000000 0.000000 0.000000 0.716801 665.000000
 76.000000 0.720929 662.342464 0.000000 0.000000 0.000000 0.000000 0.720929 659.000000
 76.250000 0.716494 650.927727 0.000000 0.000000 0.000000 0.000000 0.716494 647.000000
 76.500000 0.717146 659.671436 0.000000 0.000000 0.000000 0.000000 0.717146 658.000000
 76.750000 0.719650 657.930497 0.000000 0.000000 0.000000 0.000000 0.719650 652.000000
 77.000000 0.719326 661.030834 0.000000 0.000000 0.000000 0.000000 0.719326 660.000000
 77.250000 0.714678 653.510411 0.000000 0.000000 0.000000 0.000000 0.714678 646.000000
 77.500000 0.713272 652.933224 0.000000 0.000000 0.000000 0.000000 0.713272 655.000000
 77.750000 0.713999 649.765129 0.000000 0.000000 0.055164 0.220658 0.713999 650.000000
 78.000000 0.714990 648.947609 0.000000 0.000000 1.107527 4.430106 0.714990 651.000000
 78.250000 0.717796 651.507578 0.000000 0.000000 0.000000 0.000000 0.717796 650.000000
 78.500000 0.716323 649.759686 0.000000 0.000000 0.057751 0.231004 0.716323 639.000000
 78.750000 0.716162 649.651814 0.000000 0.000000 0.121233 0.484933 0.716162 646.000000
 79.000000 0.716293 656.386348 0.000000 0.000000 0.000000 0.000000 0.716293 653.000000
 79.250000 0.714447 650.120160 0.000000 0.000000 0.000000 0.000000 0.714447 641.000000
 79.500000 0.714797 653.930262 0.000000 0.000000 0.000000 0.000000 0.714797 650.000000
 79.750000 0.712475 651.154788 0.000000 0.000000 0.000000 0.000000 0.712475 646.000000
 80.000000 0.715447 653.051660 0.000000 0.000000 0.000000 0.000000 0.715447 649.000000
 80.250000 0.718548 656.116535 0.000000 0.000000 0.000000 0.000000 0.718548 651.000000
 80.500000 0.718946 659.439279 0.000000 0.000000 0.000000 0.000000 0.718946 653.000000
 80.750000 0.715298 651.862698 0.000000 0.000000 0.000000 0.000000 0.715298 649.000000
 81.000000 0.717835 649.528550 0.000000 0.000000 0.222265 0.889062 0.717835 640.000000
 81.250000 0.713904 649.118305 0.000000 0.000000 0.777386 3.109545 0.713904 646.000000
 81.500000 0.715574 658.595454 0.000000 0.000000 0.000000 0.000000 0.715574 657.000000
 81.750000 0.715630 653.949431 0.000000 0.000000 0.000000 0.000000 0.715630 648.000000
 82.000000 0.713959 658.589550 0.000000 0.000000 0.000000 0.000000 0.713959 658.000000
 82.250000 0.715280 653.256376 0.000000 0.000000 0.000000 0.000000 0.715280 652.000000
 82.500000 0.715433 649.808817 0.000000 0.000000 0.036551 0.146203 0.715433 646.000000
 82.750000 0.716971 648.916632 0.000000 0.000000 1.173686 4.694745 0.716971 641.000000
 83.000000 0.718409 649.740411 0.000000 0.000000 0.067386 0.269545 0.718409 652.000000
 83.250000 0.715625 649.707783 0.000000 0.000000 0.085391 0.341562 0.715625 647.000000
 83.500000 0.715410 648.559911 0.000000 0.000000 2.073856 8.295426 0.715410 645.000000
 83.750000 0.716986 648.505787 0.000000 0.000000 2.232673 8.930691 0.716986 648.000000
 84.000000 0.716010 647.372293 0.000000 0.000000 6.904842 27.619368 0.716010 643.000000
 84.250000 0.713806 649.600092 0.000000 0.000000 0.159926 0.639704 0.713806 647.000000
 84.500000 0.714292 649.244438 0.000000 0.000000 0.570874 2.283496 0.714292 649.000000
 84.750000 0.713677 650.215560 0.000000 0.000000 0.000000 0.000000 0.713677 642.000000
 85.000000 0.717656 659.066415 0.000000 0.000000 0.000000 0.000000 0.717656 657.000000
 85.250000 0.715281 649.280451 0.000000 0.000000 0.517751 2.071002 0.715281 644.000000
 85.500000 0.714946 650.578196 0.000000 0.000000 0.000000 0.000000 0.714946 642.000000
 85.750000 0.714622 650.615870 0.000000 0.000000 0.000000 0.000000 0.714622 642.000000
 86.000000 0.716378 654.795823 0.000000 0.000000 0.000000 0.000000 0.716378 653.000000
 86.250000 0.719766 662.217801 0.000000 0.000000 0.000000 0.000000 0.719766 667.000000
 86.500000 0.719706 661.348276 0.000000 0.000000 0.000000 0.000000 0.719706 658.000000
 86.750000 0.711470 650.449422 0.000000 0.000000 0.000000 0.000000 0.711470 653.000000
 87.000000 0.713455 657.125913 0.000000 0.000000 0.000000 0.000000 0.713455 649.000000
 87.250000 0.712071 650.267789 0.000000 0.000000 0.000000 0.000000 0.712071 652.000000
 87.500000 0.713864 653.015328 0.000000 0.000000 0.000000 0.000000 0.713864 657.000000
 87.750000 0.715315 648.874867 0.000000 0.000000 1.265924 5.063697 0.715315 647.000000
 88.000000 0.718784 649.454179 0.000000 0.000000 0.297920 1.191681 0.718784 647.000000
 88.250000 0.715922 651.440318 0.000000 0.000000 0.000000 0.000000 0.715922 645.000000
 88.500000 0.717143 656.677753 0.000000 0.000000 0.000000 0.000000 0.717143 655.000000
 88.750000 0.715718 649.710665 0.000000 0.000000 0.083715 0.334860 0.715718 644.000000
 89.000000 0.713703 654.906371 0.000000 0.000000 0.000000 0.000000 0.713703 658.000000
 89.250000 0.715592 650.219224 0.000000 0.000000 0.000000 0.000000 0.715592 652.000000
 89.500000 0.716255 649.395806 0.000000 0.000000 0.365051 1.460204 0.716255 638.000000
 89.750000 0.715647 658.068110 0.000000 0.000000 0.000000 0.000000 0.715647 659.000000
 90.000000 0.714083 655.471734 0.000000 0.000000 0.000000 0.000000 0.714083 654.000000
 90.250000 0.713288 655.702741 0.000000 0.000000 0.000000 0.000000 0.713288 651.000000
 90.500000 0.714889 650.028933 0.000000 0.000000 0.000000 0.000000 0.714889 650.000000
 90.750000 0.710037 649.856119 0.000000 0.000000 0.020702 0.082808 0.710037 655.000000
 91.000000 0.710352 650.590503 0.000000 0.000000 0.000000 0.000000 0.710352 653.000000
 91.250000 0.711385 654.109514 0.000000 0.000000 0.000000 0.000000 0.711385 650.000000
 91.500000 0.711404 654.524238 0.000000 0.000000 0.000000 0.000000 0.711404 659.000000
 91.750000 0.714344 656.426313 0.000000 0.000000 0.000000 0.000000 0.714344 659.000000
 92.000000 0.715345 656.883284 0.000000 0.000000 0.000000 0.000000 0.715345 647.000000
 92.250000 0.712781 653.031328 0.000000 0.000000 0.000000 0.000000 0.712781 655.000000
 92.500000 0.710538 649.285744 0.000000 0.000000 0.510162 2.040647 0.710538 652.000000
 92.750000 0.714496 660.301188 0.000000 0.000000 0.000000 0.000000 0.714496 654.000000
 93.000000 0.717994 659.077527 0.000000 0.000000 0.000000 0.000000 0.717994 661.000000
 93.250000 0.715710 652.571140 0.000000 0.000000 0.000000 0.000000 0.715710 644.000000
 93.500000 0.714647 649.294141 0.000000 0.000000 0.498237 1.992947 0.714647 645.000000
 93.750000 0.715354 652.784350 0.000000 0.000000 0.000000 0.000000 0.715354 645.000000
 94.000000 0.716410 657.329629 0.000000 0.000000 0.000000 0.000000 0.716410 652.000000
 94.250000 0.713403 652.276970 0.000000 0.000000 0.000000 0.000000 0.713403 651.000000
 94.500000 0.713932 652.532628 0.000000 0.000000 0.000000 0.000000 0.713932 645.000000
 94.750000 0.713107 654.659324 0.000000 0.000000 0.000000 0.000000 0.713107 658.000000
 95.000000 0.713767 650.024350 0.000000 0.000000 0.000000 0.000000 0.713767 647.000000
 95.250000 0.716930 653.306066 0.000000 0.000000 0.000000 0.000000 0.716930 645.000000
 95.500000 0.720835 663.434553 0.000000 0.000000 0.000000 0.000000 0.720835 657.000000
 95.750000 0.718131 650.139049 0.000000 0.000000 0.000000 0.000000 0.718131 648.000000
 96.000000 0.715797 651.680181 0.000000 0.000000 0.000000 0.000000 0.715797 650.000000
 96.250000 0.719414 663.715558 0.000000 0.000000 0.000000 0.000000 0.719414 664.000000
 96.500000 0.717583 661.552407 0.000000 0.000000 0.000000 0.000000 0.717583 658.000000
 96.750000 0.719796 662.820981 0.000000 0.000000 0.000000 0.000000 0.719796 652.000000
 97.000000 0.718924 661.417445 0.000000 0.000000 0.000000 0.000000 0.718924 650.000000
 97.250000 0.716488 648.985957 0.000000 0.000000 1.028283 4.113132 0.716488 645.000000
 97.500000 0.720012 656.941823 0.000000 0.000000 0.000000 0.000000 0.720012 656.000000
 97.750000 0.714830 650.618983 0.000000 0.000000 0.000000 0.000000 0.714830 643.000000
 98.000000 0.715436 652.415146 0.000000 0.000000 0.000000 0.000000 0.715436 643.000000
 98.250000 0.715892 649.639431 0.000000 0.000000 0.130010 0.520041 0.715892 647.000000
 98.500000 0.717809 660.465327 0.000000 0.000000 0.000000 0.000000 0.717809 654.000000
 98.750000 0.714076 653.762448 0.000000 0.000000 0.000000 0.000000 0.714076 646.000000
 99.000000 0.716647 660.623541 0.000000 0.000000 0.000000 0.000000 0.716647 656.000000
 99.250000 0.721728 669.424594 0.000000 0.000000 0.000000 0.000000 0.721728 673.000000
 99.500000 0.715680 648.328411 0.000000 0.000000 2.794208 11.176833 0.715680 642.000000
 99.750000 0.715123 650.677423 0.000000 0.000000 0.000000 0.000000 0.715123 652.000000
 100.000000 0.714111 653.288807 0.000000 0.000000 0.000000 0.000000 0.714111 650.000000
 100.250000 0.717793 651.465200 0.000000 0.000000 0.000000 0.000000 0.717793 643.000000
