#! FIELDS time refcv.mean refcv.morethan uwall.bias uwall.force2 lwall.bias lwall.force2 refcv2.mean refcv2.morethan
 0.500000 0.752416 281.642724 0.000000 0.000000 0.000000 0.000000 0.752416 285.000000
 0.750000 0.730798 272.121842 0.000000 0.000000 0.000000 0.000000 0.730798 283.000000
 1.000000 0.720161 264.688388 0.000000 0.000000 0.000000 0.000000 0.720161 280.000000
 1.250000 0.720554 263.317414 0.000000 0.000000 0.000000 0.000000 0.720554 279.000000
 1.500000 0.727790 270.496216 0.000000 0.000000 0.000000 0.000000 0.727790 284.000000
 1.750000 0.724655 264.846228 0.000000 0.000000 0.000000 0.000000 0.724655 277.000000
 2.000000 0.721567 268.669864 0.000000 0.000000 0.000000 0.000000 0.721567 285.000000
 2.250000 0.720910 267.692758 0.000000 0.000000 0.000000 0.000000 0.720910 281.000000
 2.500000 0.722110 266.999328 0.000000 0.000000 0.000000 0.000000 0.722110 281.000000
 2.750000 0.725390 272.007849 0.000000 0.000000 0.000000 0.000000 0.725390 286.000000
 3.000000 0.725645 274.472024 0.000000 0.000000 0.000000 0.000000 0.725645 287.000000
 3.250000 0.726354 274.632532 0.000000 0.000000 0.000000 0.000000 0.726354 286.000000
 3.500000 0.716846 266.072325 0.000000 0.000000 0.000000 0.000000 0.716846 282.000000
 3.750000 0.717910 266.119681 0.000000 0.000000 0.000000 0.000000 0.717910 280.000000
 4.000000 0.715071 264.913279 0.000000 0.000000 0.000000 0.000000 0.715071 279.000000
 4.250000 0.721557 267.958751 0.000000 0.000000 0.000000 0.000000 0.721557 279.000000
 4.500000 0.720744 266.287252 0.000000 0.000000 0.000000 0.000000 0.720744 280.000000
 4.750000 0.726011 268.915443 0.000000 0.000000 0.000000 0.000000 0.726011 281.000000
 5.000000 0.720045 269.595254 0.000000 0.000000 0.000000 0.000000 0.720045 287.000000
 5.250000 0.712366 265.596080 0.000000 0.000000 0.000000 0.000000 0.712366 283.000000
 5.500000 0.712854 262.607585 0.000000 0.000000 0.000000 0.000000 0.712854 280.000000
 5.750000 0.719219 268.598654 0.000000 0.000000 0.000000 0.000000 0.719219 284.000000
 6.000000 0.722141 266.782329 0.000000 0.000000 0.000000 0.000000 0.722141 284.000000
 6.250000 0.722747 267.290712 0.000000 0.000000 0.000000 0.000000 0.722747 284.000000
 6.500000 0.723069 271.845506 0.000000 0.000000 0.000000 0.000000 0.723069 287.000000
 6.750000 0.723663 271.686407 0.000000 0.000000 0.000000 0.000000 0.723663 284.000000
 7.000000 0.723259 272.304080 0.000000 0.000000 0.000000 0.000000 0.723259 285.000000
 7.250000 0.721839 272.707640 0.000000 0.000000 0.000000 0.000000 0.721839 285.000000
 7.500000 0.729195 275.358582 0.000000 0.000000 0.000000 0.000000 0.729195 287.000000
 7.750000 0.725777 273.890271 0.000000 0.000000 0.000000 0.000000 0.725777 287.000000
 8.000000 0.717471 267.828065 0.000000 0.000000 0.000000 0.000000 0.717471 282.000000
 8.250000 0.725279 275.561382 0.000000 0.000000 0.000000 0.000000 0.725279 287.000000
 8.500000 0.723693 274.303879 0.000000 0.000000 0.000000 0.000000 0.723693 284.000000
 8.750000 0.726850 276.282804 0.000000 0.000000 0.000000 0.000000 0.726850 287.000000
 9.000000 0.724337 273.997917 0.000000 0.000000 0.000000 0.000000 0.724337 288.000000
 9.250000 0.719924 274.654433 0.000000 0.000000 0.000000 0.000000 0.719924 290.000000
 9.500000 0.724281 276.231254 0.000000 0.000000 0.000000 0.000000 0.724281 288.000000
 9.750000 0.720689 272.075041 0.000000 0.000000 0.000000 0.000000 0.720689 288.000000
 10.000000 0.727919 278.168493 0.000000 0.000000 0.000000 0.000000 0.727919 291.000000
 10.250000 0.727310 276.929621 0.000000 0.000000 0.000000 0.000000 0.727310 288.000000
 10.500000 0.732286 277.534547 0.000000 0.000000 0.000000 0.000000 0.732286 287.000000
 10.750000 0.733290 279.265434 0.000000 0.000000 0.000000 0.000000 0.733290 290.000000
 11.000000 0.725040 272.701757 0.000000 0.000000 0.000000 0.000000 0.725040 287.000000
 11.250000 0.723626 271.848450 0.000000 0.000000 0.000000 0.000000 0.723626 287.000000
 11.500000 0.726182 274.851657 0.000000 0.000000 0.000000 0.000000 0.726182 292.000000
 11.750000 0.734498 276.189632 0.000000 0.000000 0.000000 0.000000 0.734498 291.000000
 12.000000 0.730543 276.409897 0.000000 0.000000 0.000000 0.000000 0.730543 290.000000
 12.250000 0.733199 277.162015 0.000000 0.000000 0.000000 0.000000 0.733199 288.000000
 12.500000 0.733246 281.426070 0.000000 0.000000 0.000000 0.000000 0.733246 291.000000
 12.750000 0.728997 275.096746 0.000000 0.000000 0.000000 0.000000 0.728997 289.000000
 13.000000 0.728257 277.092186 0.000000 0.000000 0.000000 0.000000 0.728257 291.000000
 13.250000 0.734385 281.949544 0.000000 0.000000 0.000000 0.000000 0.734385 290.000000
 13.500000 0.735587 279.371379 0.000000 0.000000 0.000000 0.000000 0.735587 287.000000
 13.750000 0.732940 276.204088 0.000000 0.000000 0.000000 0.000000 0.732940 291.000000
 14.000000 0.736377 280.156010 0.000000 0.000000 0.000000 0.000000 0.736377 290.000000
 14.250000 0.741440 287.129303 0.000000 0.000000 0.000000 0.000000 0.741440 296.000000
 14.500000 0.736785 283.890907 0.000000 0.000000 0.000000 0.000000 0.736785 292.000000
 14.750000 0.740050 282.124958 0.000000 0.000000 0.000000 0.000000 0.740050 291.000000
 15.000000 0.735083 280.830510 0.000000 0.000000 0.000000 0.000000 0.735083 291.000000
 15.250000 0.731712 278.780888 0.000000 0.000000 0.000000 0.000000 0.731712 290.000000
 15.500000 0.733785 278.945545 0.000000 0.000000 0.000000 0.000000 0.733785 294.000000
 15.750000 0.744693 283.475597 0.000000 0.000000 0.000000 0.000000 0.744693 289.000000
 16.000000 0.739926 283.725574 0.000000 0.000000 0.000000 0.000000 0.739926 291.000000
 16.250000 0.737244 279.115818 0.000000 0.000000 0.000000 0.000000 0.737244 288.000000
 16.500000 0.731958 276.661080 0.000000 0.000000 0.000000 0.000000 0.731958 289.000000
 16.750000 0.730284 278.753315 0.000000 0.000000 0.000000 0.000000 0.730284 291.000000
 17.000000 0.734435 280.796288 0.000000 0.000000 0.000000 0.000000 0.734435 292.000000
 17.250000 0.738375 280.854128 0.000000 0.000000 0.000000 0.000000 0.738375 290.000000
 17.500000 0.735112 277.201938 0.000000 0.000000 0.000000 0.000000 0.735112 286.000000
 17.750000 0.739000 279.689047 0.000000 0.000000 0.000000 0.000000 0.739000 293.000000
 18.000000 0.739241 283.756785 0.000000 0.000000 0.000000 0.000000 0.739241 293.000000
 18.250000 0.737964 281.705062 0.000000 0.000000 0.000000 0.000000 0.737964 289.000000
 18.500000 0.733476 278.703967 0.000000 0.000000 0.000000 0.000000 0.733476 288.000000
 18.750000 0.735587 282.121653 0.000000 0.000000 0.000000 0.000000 0.735587 289.000000
 19.000000 0.739141 284.356853 0.000000 0.000000 0.000000 0.000000 0.739141 291.000000
 19.250000 0.744746 284.049770 0.000000 0.000000 0.000000 0.000000 0.744746 291.000000
 19.500000 0.746095 285.690170 0.000000 0.000000 0.000000 0.000000 0.746095 295.000000
 19.750000 0.737399 282.464870 0.000000 0.000000 0.000000 0.000000 0.737399 291.000000
 20.000000 0.738255 281.485179 0.000000 0.000000 0.000000 0.000000 0.738255 290.000000
 20.250000 0.742126 286.457576 0.000000 0.000000 0.000000 0.000000 0.742126 296.000000
 20.500000 0.737963 282.685623 0.000000 0.000000 0.000000 0.000000 0.737963 290.000000
 20.750000 0.733915 277.004654 0.000000 0.000000 0.000000 0.000000 0.733915 288.000000
 21.000000 0.727841 276.389941 0.000000 0.000000 0.000000 0.000000 0.727841 285.000000
 21.250000 0.727438 275.875521 0.000000 0.000000 0.000000 0.000000 0.727438 287.000000
 21.500000 0.733351 280.187930 0.000000 0.000000 0.000000 0.000000 0.733351 292.000000
 21.750000 0.733251 278.649505 0.000000 0.000000 0.000000 0.000000 0.733251 286.000000
 22.000000 0.726804 276.072193 0.000000 0.000000 0.000000 0.000000 0.726804 292.000000
 22.250000 0.738294 280.370659 0.000000 0.000000 0.000000 0.000000 0.738294 290.000000
 22.500000 0.728928 273.517860 0.000000 0.000000 0.000000 0.000000 0.728928 291.000000
 22.750000 0.734929 279.006373 0.000000 0.000000 0.000000 0.000000 0.734929 293.000000
 23.000000 0.734394 279.446601 0.000000 0.000000 0.000000 0.000000 0.734394 294.000000
 23.250000 0.735346 281.666302 0.000000 0.000000 0.000000 0.000000 0.735346 291.000000
 23.500000 0.735835 279.636956 0.000000 0.000000 0.000000 0.000000 0.735835 291.000000
 23.750000 0.736328 284.372873 0.000000 0.000000 0.000000 0.000000 0.736328 292.000000
 24.000000 0.736402 282.866683 0.000000 0.000000 0.000000 0.000000 0.736402 292.000000
 24.250000 0.729133 281.968042 0.000000 0.000000 0.000000 0.000000 0.729133 298.000000
 24.500000 0.734592 281.508294 0.000000 0.000000 0.000000 0.000000 0.734592 293.000000
 24.750000 0.729025 273.948465 0.000000 0.000000 0.000000 0.000000 0.729025 286.000000
 25.000000 0.726850 275.406502 0.000000 0.000000 0.000000 0.000000 0.726850 287.000000
 25.250000 0.731783 278.653151 0.000000 0.000000 0.000000 0.000000 0.731783 290.000000
 25.500000 0.734824 285.634750 0.000000 0.000000 0.000000 0.000000 0.734824 294.000000
 25.750000 0.729603 277.422988 0.000000 0.000000 0.000000 0.000000 0.729603 290.000000
 26.000000 0.730087 277.727265 0.000000 0.000000 0.000000 0.000000 0.730087 295.000000
 26.250000 0.733790 281.087180 0.000000 0.000000 0.000000 0.000000 0.733790 295.000000
 26.500000 0.735803 282.281958 0.000000 0.000000 0.000000 0.000000 0.735803 292.000000
 26.750000 0.738402 281.837425 0.000000 0.000000 0.000000 0.000000 0.738402 295.000000
 27.000000 0.734891 279.988407 0.000000 0.000000 0.000000 0.000000 0.734891 292.000000
 27.250000 0.733685 279.466729 0.000000 0.000000 0.000000 0.000000 0.733685 293.000000
 27.500000 0.732616 278.762167 0.000000 0.000000 0.000000 0.000000 0.732616 288.620554
 27.750000 0.734123 278.656865 0.000000 0.000000 0.000000 0.000000 0.734123 288.000000
 28.000000 0.727618 271.348071 0.000000 0.000000 0.000000 0.000000 0.727618 284.000000
 28.250000 0.730837 276.476978 0.000000 0.000000 0.000000 0.000000 0.730837 290.000000
 28.500000 0.727361 272.368000 0.000000 0.000000 0.000000 0.000000 0.727361 282.000000
 28.750000 0.729946 278.569041 0.000000 0.000000 0.000000 0.000000 0.729946 287.000000
 29.000000 0.723050 274.036054 0.000000 0.000000 0.000000 0.000000 0.723050 283.000000
 29.250000 0.721453 272.570672 0.000000 0.000000 0.000000 0.000000 0.721453 287.000000
 29.500000 0.724489 267.245457 0.000000 0.000000 0.000000 0.000000 0.724489 276.000000
 29.750000 0.733240 274.483397 0.000000 0.000000 0.000000 0.000000 0.733240 286.000000
 30.000000 0.732553 275.426892 0.000000 0.000000 0.000000 0.000000 0.732553 288.000000
 30.250000 0.729292 275.177648 0.000000 0.000000 0.000000 0.000000 0.729292 290.000000
 30.500000 0.724071 276.464087 0.000000 0.000000 0.000000 0.000000 0.724071 289.000000
 30.750000 0.720530 270.353205 0.000000 0.000000 0.000000 0.000000 0.720530 287.000000
 31.000000 0.718794 268.633044 0.000000 0.000000 0.000000 0.000000 0.718794 284.000000
 31.250000 0.726347 275.103151 0.000000 0.000000 0.000000 0.000000 0.726347 288.000000
 31.500000 0.726873 277.429484 0.000000 0.000000 0.000000 0.000000 0.726873 292.000000
 31.750000 0.721747 274.328586 0.000000 0.000000 0.000000 0.000000 0.721747 292.000000
 32.000000 0.727540 279.252280 0.000000 0.000000 0.000000 0.000000 0.727540 293.000000
 32.250000 0.722289 276.660873 0.000000 0.000000 0.000000 0.000000 0.722289 288.000000
 32.500000 0.728832 277.760394 0.000000 0.000000 0.000000 0.000000 0.728832 290.000000
 32.750000 0.726187 275.833906 0.000000 0.000000 0.000000 0.000000 0.726187 293.000000
 33.000000 0.718567 270.111203 0.000000 0.000000 0.000000 0.000000 0.718567 285.000000
 33.250000 0.717443 267.265311 0.000000 0.000000 0.000000 0.000000 0.717443 282.000000
 33.500000 0.731450 281.004610 0.000000 0.000000 0.000000 0.000000 0.731450 295.000000
 33.750000 0.726574 280.440042 0.000000 0.000000 0.000000 0.000000 0.726574 294.000000
 34.000000 0.719518 272.717459 0.000000 0.000000 0.000000 0.000000 0.719518 287.000000
 34.250000 0.729249 279.408852 0.000000 0.000000 0.000000 0.000000 0.729249 291.000000
 34.500000 0.732010 280.256767 0.000000 0.000000 0.000000 0.000000 0.732010 296.000000
 34.750000 0.726353 273.762793 0.000000 0.000000 0.000000 0.000000 0.726353 286.000000
 35.000000 0.723191 274.518714 0.000000 0.000000 0.000000 0.000000 0.723191 289.000000
 35.250000 0.723747 275.162673 0.000000 0.000000 0.000000 0.000000 0.723747 290.000000
 35.500000 0.731522 277.774419 0.000000 0.000000 0.000000 0.000000 0.731522 296.000000
 35.750000 0.725393 270.510480 0.000000 0.000000 0.000000 0.000000 0.725393 286.000000
 36.000000 0.723053 271.004520 0.000000 0.000000 0.000000 0.000000 0.723053 288.000000
 36.250000 0.723927 269.082714 0.000000 0.000000 0.000000 0.000000 0.723927 285.000000
 36.500000 0.718015 264.709025 0.000000 0.000000 0.000000 0.000000 0.718015 280.000000
 36.750000 0.719098 264.910669 0.000000 0.000000 0.000000 0.000000 0.719098 283.000000
 37.000000 0.718993 270.504001 0.000000 0.000000 0.000000 0.000000 0.718993 287.000000
 37.250000 0.717758 270.644365 0.000000 0.000000 0.000000 0.000000 0.717758 285.000000
 37.500000 0.720437 271.611286 0.000000 0.000000 0.000000 0.000000 0.720437 290.000000
 37.750000 0.728854 279.562348 0.000000 0.000000 0.000000 0.000000 0.728854 296.000000
 38.000000 0.725435 275.670578 0.000000 0.000000 0.000000 0.000000 0.725435 294.000000
 38.250000 0.729520 281.534851 0.000000 0.000000 0.000000 0.000000 0.729520 297.000000
 38.500000 0.725372 277.787303 0.000000 0.000000 0.000000 0.000000 0.725372 290.000000
 38.750000 0.722313 271.161459 0.000000 0.000000 0.000000 0.000000 0.722313 288.000000
 39.000000 0.731502 281.515063 0.000000 0.000000 0.000000 0.000000 0.731502 295.000000
 39.250000 0.724075 276.334881 0.000000 0.000000 0.000000 0.000000 0.724075 290.000000
 39.500000 0.724700 277.607696 0.000000 0.000000 0.000000 0.000000 0.724700 291.000000
 39.750000 0.723039 276.515693 0.000000 0.000000 0.000000 0.000000 0.723039 288.000000
 40.000000 0.723896 276.207570 0.000000 0.000000 0.000000 0.000000 0.723896 289.000000
 40.250000 0.727700 275.354132 0.000000 0.000000 0.000000 0.000000 0.727700 289.000000
 40.500000 0.720744 267.227654 0.000000 0.000000 0.000000 0.000000 0.720744 281.000000
 40.750000 0.727071 272.017221 0.000000 0.000000 0.000000 0.000000 0.727071 287.000000
 41.000000 0.729825 276.238683 0.000000 0.000000 0.000000 0.000000 0.729825 285.000000
 41.250000 0.725741 270.874869 0.000000 0.000000 0.000000 0.000000 0.725741 283.000000
 41.500000 0.722894 270.063956 0.000000 0.000000 0.000000 0.000000 0.722894 284.000000
 41.750000 0.720455 268.067087 0.000000 0.000000 0.000000 0.000000 0.720455 281.000000
 42.000000 0.723921 271.775020 0.000000 0.000000 0.000000 0.000000 0.723921 285.000000
 42.250000 0.730419 275.022662 0.000000 0.000000 0.000000 0.000000 0.730419 287.000000
 42.500000 0.729949 273.800138 0.000000 0.000000 0.000000 0.000000 0.729949 284.000000
 42.750000 0.715853 263.464027 0.000000 0.000000 0.000000 0.000000 0.715853 280.000000
 43.000000 0.727425 267.223952 0.000000 0.000000 0.000000 0.000000 0.727425 276.000000
 43.250000 0.724648 269.806063 0.000000 0.000000 0.000000 0.000000 0.724648 282.000000
 43.500000 0.725972 272.908714 0.000000 0.000000 0.000000 0.000000 0.725972 286.000000
 43.750000 0.728736 272.155363 0.000000 0.000000 0.000000 0.000000 0.728736 285.000000
 44.000000 0.723369 264.777581 0.000000 0.000000 0.000000 0.000000 0.723369 277.000000
 44.250000 0.723789 268.512948 0.000000 0.000000 0.000000 0.000000 0.723789 284.000000
 44.500000 0.719882 267.915036 0.000000 0.000000 0.000000 0.000000 0.719882 281.000000
 44.750000 0.723913 269.008146 0.000000 0.000000 0.000000 0.000000 0.723913 288.000000
 45.000000 0.730988 275.055007 0.000000 0.000000 0.000000 0.000000 0.730988 285.000000
 45.250000 0.725197 270.224954 0.000000 0.000000 0.000000 0.000000 0.725197 282.000000
 45.500000 0.724299 270.419521 0.000000 0.000000 0.000000 0.000000 0.724299 282.000000
 45.750000 0.726522 271.218269 0.000000 0.000000 0.000000 0.000000 0.726522 285.000000
 46.000000 0.727735 274.677747 0.000000 0.000000 0.000000 0.000000 0.727735 286.000000
 46.250000 0.724007 272.250165 0.000000 0.000000 0.000000 0.000000 0.724007 286.000000
 46.500000 0.724880 269.976319 0.000000 0.000000 0.000000 0.000000 0.724880 287.000000
 46.750000 0.721378 266.620303 0.000000 0.000000 0.000000 0.000000 0.721378 284.000000
 47.000000 0.720507 266.512503 0.000000 0.000000 0.000000 0.000000 0.720507 283.000000
 47.250000 0.726955 270.842359 0.000000 0.000000 0.000000 0.000000 0.726955 283.000000
 47.500000 0.722969 269.561068 0.000000 0.000000 0.000000 0.000000 0.722969 281.000000
 47.750000 0.723330 270.831282 0.000000 0.000000 0.000000 0.000000 0.723330 285.996584
 48.000000 0.716795 269.781976 0.000000 0.000000 0.000000 0.000000 0.716795 286.000000
 48.250000 0.716573 266.860164 0.000000 0.000000 0.000000 0.000000 0.716573 283.000000
 48.500000 0.726100 272.951064 0.000000 0.000000 0.000000 0.000000 0.726100 281.000000
 48.750000 0.709687 262.353768 0.000000 0.000000 0.000000 0.000000 0.709687 279.000000
 49.000000 0.713900 266.894583 0.000000 0.000000 0.000000 0.000000 0.713900 282.000000
 49.250000 0.719320 268.899244 0.000000 0.000000 0.000000 0.000000 0.719320 283.000000
 49.500000 0.717362 270.555579 0.000000 0.000000 0.000000 0.000000 0.717362 283.000000
 49.750000 0.723671 269.772444 0.000000 0.000000 0.000000 0.000000 0.723671 279.000000
 50.000000 0.716654 270.697541 0.000000 0.000000 0.000000 0.000000 0.716654 285.000000
 50.250000 0.723901 270.930707 0.000000 0.000000 0.000000 0.000000 0.723901 285.000000
 50.500000 0.726340 271.899569 0.000000 0.000000 0.000000 0.000000 0.726340 284.000000
 50.750000 0.733541 278.462505 0.000000 0.000000 0.000000 0.000000 0.733541 286.000000
 51.000000 0.722990 270.497412 0.000000 0.000000 0.000000 0.000000 0.722990 285.000000
 51.250000 0.727101 275.550128 0.000000 0.000000 0.000000 0.000000 0.727101 284.000000
 51.500000 0.720378 272.417729 0.000000 0.000000 0.000000 0.000000 0.720378 286.000000
 51.750000 0.727765 277.210011 0.000000 0.000000 0.000000 0.000000 0.727765 287.000000
 52.000000 0.727480 273.082488 0.000000 0.000000 0.000000 0.000000 0.727480 282.000000
 52.250000 0.720721 272.606772 0.000000 0.000000 0.000000 0.000000 0.720721 285.000000
 52.500000 0.719048 269.609901 0.000000 0.000000 0.000000 0.000000 0.719048 284.000000
 52.750000 0.717867 269.394298 0.000000 0.000000 0.000000 0.000000 0.717867 286.000000
 53.000000 0.717149 267.282336 0.000000 0.000000 0.000000 0.000000 0.717149 285.000000
 53.250000 0.716158 265.853425 0.000000 0.000000 0.000000 0.000000 0.716158 279.000000
 53.500000 0.725970 270.604741 0.000000 0.000000 0.000000 0.000000 0.725970 284.000000
 53.750000 0.715121 261.549125 0.000000 0.000000 0.000000 0.000000 0.715121 284.000000
 54.000000 0.725971 273.084131 0.000000 0.000000 0.000000 0.000000 0.725971 285.000000
 54.250000 0.716591 265.433046 0.000000 0.000000 0.000000 0.000000 0.716591 283.000000
 54.500000 0.716717 264.417825 0.000000 0.000000 0.000000 0.000000 0.716717 280.000000
 54.750000 0.726023 275.674706 0.000000 0.000000 0.000000 0.000000 0.726023 286.000000
 55.000000 0.722612 268.465929 0.000000 0.000000 0.000000 0.000000 0.722612 285.000000
 55.250000 0.719491 269.415714 0.000000 0.000000 0.000000 0.000000 0.719491 285.000000
 55.500000 0.718065 267.770159 0.000000 0.000000 0.000000 0.000000 0.718065 283.000000
 55.750000 0.725207 271.710000 0.000000 0.000000 0.000000 0.000000 0.725207 281.000000
 56.000000 0.720952 266.759467 0.000000 0.000000 0.000000 0.000000 0.720952 280.000000
 56.250000 0.713142 263.037600 0.000000 0.000000 0.000000 0.000000 0.713142 282.000000
 56.500000 0.714237 260.281357 0.000000 0.000000 0.000000 0.000000 0.714237 272.000000
 56.750000 0.717525 262.862752 0.000000 0.000000 0.000000 0.000000 0.717525 282.000000
 57.000000 0.725459 269.587575 0.000000 0.000000 0.000000 0.000000 0.725459 281.000000
 57.250000 0.727305 274.368480 0.000000 0.000000 0.000000 0.000000 0.727305 286.000000
 57.500000 0.726484 274.712807 0.000000 0.000000 0.000000 0.000000 0.726484 287.000000
 57.750000 0.720524 265.641264 0.000000 0.000000 0.000000 0.000000 0.720524 281.000000
 58.000000 0.724236 271.664953 0.000000 0.000000 0.000000 0.000000 0.724236 283.000000
 58.250000 0.714369 266.193661 0.000000 0.000000 0.000000 0.000000 0.714369 283.000000
 58.500000 0.716576 266.559065 0.000000 0.000000 0.000000 0.000000 0.716576 278.000000
 58.750000 0.722678 270.217007 0.000000 0.000000 0.000000 0.000000 0.722678 285.000000
 59.000000 0.718275 265.763829 0.000000 0.000000 0.000000 0.000000 0.718275 279.000000
 59.250000 0.714004 261.265154 0.000000 0.000000 0.000000 0.000000 0.714004 276.000000
 59.500000 0.719978 267.751967 0.000000 0.000000 0.000000 0.000000 0.719978 279.000000
 59.750000 0.710342 260.744677 0.000000 0.000000 0.000000 0.000000 0.710342 276.000000
 60.000000 0.720576 267.763925 0.000000 0.000000 0.000000 0.000000 0.720576 278.000000
 60.250000 0.713337 256.824801 0.000000 0.000000 0.000000 0.000000 0.713337 274.000000
 60.500000 0.722504 265.525661 0.000000 0.000000 0.000000 0.000000 0.722504 279.000000
 60.750000 0.719825 262.979509 0.000000 0.000000 0.000000 0.000000 0.719825 275.000000
 61.000000 0.710596 256.833579 0.000000 0.000000 0.000000 0.000000 0.710596 277.000000
 61.250000 0.708829 253.361886 0.000000 0.000000 0.000000 0.000000 0.708829 272.000000
 61.500000 0.716450 259.848243 0.000000 0.000000 0.000000 0.000000 0.716450 275.000000
 61.750000 0.711793 256.330382 0.000000 0.000000 0.000000 0.000000 0.711793 274.000000
 62.000000 0.716787 261.402716 0.000000 0.000000 0.000000 0.000000 0.716787 280.000000
 62.250000 0.717999 258.178819 0.000000 0.000000 0.000000 0.000000 0.717999 273.000000
 62.500000 0.707863 248.781615 0.000000 0.000000 0.000000 0.000000 0.707863 266.000000
 62.750000 0.712583 254.949068 0.000000 0.000000 0.000000 0.000000 0.712583 273.000000
 63.000000 0.713329 260.162418 0.000000 0.000000 0.000000 0.000000 0.713329 273.000000
 63.250000 0.711087 256.973408 0.000000 0.000000 0.000000 0.000000 0.711087 270.000000
 63.500000 0.710325 258.245690 0.000000 0.000000 0.000000 0.000000 0.710325 273.000000
 63.750000 0.712477 258.341240 0.000000 0.000000 0.000000 0.000000 0.712477 274.000000
 64.000000 0.716421 263.513209 0.000000 0.000000 0.000000 0.000000 0.716421 277.000000
 64.250000 0.727275 268.068245 0.000000 0.000000 0.000000 0.000000 0.727275 281.000000
 64.500000 0.719506 263.865221 0.000000 0.000000 0.000000 0.000000 0.719506 281.000000
 64.750000 0.707378 257.984021 0.000000 0.000000 0.000000 0.000000 0.707378 275.985428
 65.000000 0.710071 258.913041 0.000000 0.000000 0.000000 0.000000 0.710071 276.000000
 65.250000 0.710993 259.102407 0.000000 0.000000 0.000000 0.000000 0.710993 277.000000
 65.500000 0.716076 266.389831 0.000000 0.000000 0.000000 0.000000 0.716076 283.000000
 65.750000 0.710511 258.060363 0.000000 0.000000 0.000000 0.000000 0.710511 273.000000
 66.000000 0.720343 266.664193 0.000000 0.000000 0.000000 0.000000 0.720343 286.000000
 66.250000 0.721154 265.712848 0.000000 0.000000 0.000000 0.000000 0.721154 280.000000
 66.500000 0.724417 268.287330 0.000000 0.000000 0.000000 0.000000 0.724417 280.000000
 66.750000 0.722750 269.997620 0.000000 0.000000 0.000000 0.000000 0.722750 286.000000
 67.000000 0.724250 267.775364 0.000000 0.000000 0.000000 0.000000 0.724250 279.000000
 67.250000 0.728054 271.276306 0.000000 0.000000 0.000000 0.000000 0.728054 285.000000
 67.500000 0.731124 273.986549 0.000000 0.000000 0.000000 0.000000 0.731124 283.000000
 67.750000 0.728816 274.687800 0.000000 0.000000 0.000000 0.000000 0.728816 286.000000
 68.000000 0.725918 276.290303 0.000000 0.000000 0.000000 0.000000 0.725918 288.000000
 68.250000 0.720858 270.785763 0.000000 0.000000 0.000000 0.000000 0.720858 284.000000
 68.500000 0.722322 270.213514 0.000000 0.000000 0.000000 0.000000 0.722322 283.000000
 68.750000 0.722979 270.251175 0.000000 0.000000 0.000000 0.000000 0.722979 281.000000
 69.000000 0.721180 267.085282 0.000000 0.000000 0.000000 0.000000 0.721180 279.000000
 69.250000 0.720088 271.573780 0.000000 0.000000 0.000000 0.000000 0.720088 288.000000
 69.500000 0.719377 269.138468 0.000000 0.000000 0.000000 0.000000 0.719377 284.000000
 69.750000 0.725782 272.089034 0.000000 0.000000 0.000000 0.000000 0.725782 284.000000
 70.000000 0.728415 273.740012 0.000000 0.000000 0.000000 0.000000 0.728415 286.000000
 70.250000 0.726937 274.038721 0.000000 0.000000 0.000000 0.000000 0.726937 284.000000
 70.500000 0.719938 271.874555 0.000000 0.000000 0.000000 0.000000 0.719938 287.000000
 70.750000 0.720657 273.050972 0.000000 0.000000 0.000000 0.000000 0.720657 289.000000
 71.000000 0.719189 269.165110 0.000000 0.000000 0.000000 0.000000 0.719189 287.000000
 71.250000 0.713949 270.465063 0.000000 0.000000 0.000000 0.000000 0.713949 290.000000
 71.500000 0.723706 278.591580 0.000000 0.000000 0.000000 0.000000 0.723706 294.000000
 71.750000 0.736105 285.883653 0.000000 0.000000 0.000000 0.000000 0.736105 296.000000
 72.000000 0.733950 280.456381 0.000000 0.000000 0.000000 0.000000 0.733950 292.000000
 72.250000 0.728902 275.983366 0.000000 0.000000 0.000000 0.000000 0.728902 290.977757
 72.500000 0.728795 276.667661 0.000000 0.000000 0.000000 0.000000 0.728795 292.000000
 72.750000 0.734532 283.077346 0.000000 0.000000 0.000000 0.000000 0.734532 292.000000
 73.000000 0.731849 276.525446 0.000000 0.000000 0.000000 0.000000 0.731849 289.000000
 73.250000 0.737667 279.696920 0.000000 0.000000 0.000000 0.000000 0.737667 290.000000
 73.500000 0.738984 288.037511 0.001407 0.005628 0.000000 0.000000 0.738984 304.000000
 73.750000 0.729099 281.179870 0.000000 0.000000 0.000000 0.000000 0.729099 293.000000
 74.000000 0.727586 281.769670 0.000000 0.000000 0.000000 0.000000 0.727586 290.000000
 74.250000 0.731220 283.081469 0.000000 0.000000 0.000000 0.000000 0.731220 291.000000
 74.500000 0.736796 286.456360 0.000000 0.000000 0.000000 0.000000 0.736796 300.000000
 74.750000 0.729340 280.980339 0.000000 0.000000 0.000000 0.000000 0.729340 292.000000
 75.000000 0.735982 285.528440 0.000000 0.000000 0.000000 0.000000 0.735982 298.000000
 75.250000 0.737130 283.203991 0.000000 0.000000 0.000000 0.000000 0.737130 295.000000
 75.500000 0.736153 282.156714 0.000000 0.000000 0.000000 0.000000 0.736153 293.000000
 75.750000 0.733154 283.139950 0.000000 0.000000 0.000000 0.000000 0.733154 293.000000
 76.000000 0.736756 286.157125 0.000000 0.000000 0.000000 0.000000 0.736756 295.000000
 76.250000 0.740260 290.024139 4.097138 16.388551 0.000000 0.000000 0.740260 299.000000
 76.500000 0.732916 286.970301 0.000000 0.000000 0.000000 0.000000 0.732916 303.000000
 76.750000 0.734670 287.002385 0.000000 0.000000 0.000000 0.000000 0.734670 300.000000
 77.000000 0.737796 284.007698 0.000000 0.000000 0.000000 0.000000 0.737796 296.000000
 77.250000 0.741362 289.419724 2.015615 8.062459 0.000000 0.000000 0.741362 300.000000
 77.500000 0.735820 285.881622 0.000000 0.000000 0.000000 0.000000 0.735820 300.000000
 77.750000 0.738438 288.794061 0.630534 2.522135 0.000000 0.000000 0.738438 301.000000
 78.000000 0.734776 285.007168 0.000000 0.000000 0.000000 0.000000 0.734776 294.000000
 78.250000 0.729970 283.155147 0.000000 0.000000 0.000000 0.000000 0.729970 296.000000
 78.500000 0.738153 285.028567 0.000000 0.000000 0.000000 0.000000 0.738153 300.000000
 78.750000 0.742600 288.103290 0.010669 0.042676 0.000000 0.000000 0.742600 299.000000
 79.000000 0.735816 283.961189 0.000000 0.000000 0.000000 0.000000 0.735816 295.000000
 79.250000 0.735756 285.269993 0.000000 0.000000 0.000000 0.000000 0.735756 301.000000
 79.500000 0.732846 283.036385 0.000000 0.000000 0.000000 0.000000 0.732846 299.000000
 79.750000 0.739969 288.465910 0.217072 0.868290 0.000000 0.000000 0.739969 299.000000
 80.000000 0.740343 286.594788 0.000000 0.000000 0.000000 0.000000 0.740343 299.000000
 80.250000 0.738543 285.771514 0.000000 0.000000 0.000000 0.000000 0.738543 300.000000
 80.500000 0.740679 288.000264 0.000000 0.000000 0.000000 0.000000 0.740679 302.000000
 80.750000 0.740393 286.406370 0.000000 0.000000 0.000000 0.000000 0.740393 299.000000
 81.000000 0.742143 289.396293 1.949633 7.798532 0.000000 0.000000 0.742143 301.000000
 81.250000 0.738318 288.224917 0.050587 0.202350 0.000000 0.000000 0.738318 295.000000
 81.500000 0.740892 288.175185 0.030690 0.122759 0.000000 0.000000 0.740892 299.000000
 81.750000 0.746435 288.754031 0.568563 2.274251 0.000000 0.000000 0.746435 300.000000
 82.000000 0.742038 289.256233 1.578121 6.312483 0.000000 0.000000 0.742038 299.000000
 82.250000 0.737865 284.363640 0.000000 0.000000 0.000000 0.000000 0.737865 300.000000
 82.500000 0.734059 279.522317 0.000000 0.000000 0.000000 0.000000 0.734059 291.000000
 82.750000 0.740147 286.638041 0.000000 0.000000 0.000000 0.000000 0.740147 297.000000
 83.000000 0.730495 282.638203 0.000000 0.000000 0.000000 0.000000 0.730495 302.000000
 83.250000 0.731998 281.011731 0.000000 0.000000 0.000000 0.000000 0.731998 294.000000
 83.500000 0.733234 284.127257 0.000000 0.000000 0.000000 0.000000 0.733234 293.000000
 83.750000 0.739671 285.209409 0.000000 0.000000 0.000000 0.000000 0.739671 295.000000
 84.000000 0.746118 288.757184 0.573327 2.293308 0.000000 0.000000 0.746118 298.000000
 84.250000 0.744410 286.398173 0.000000 0.000000 0.000000 0.000000 0.744410 298.000000
 84.500000 0.743467 288.504502 0.254522 1.018089 0.000000 0.000000 0.743467 300.000000
 84.750000 0.743156 287.144181 0.000000 0.000000 0.000000 0.000000 0.743156 295.000000
 85.000000 0.735821 285.196416 0.000000 0.000000 0.000000 0.000000 0.735821 298.000000
 85.250000 0.735366 285.831518 0.000000 0.000000 0.000000 0.000000 0.735366 301.000000
 85.500000 0.741249 288.229985 0.052893 0.211572 0.000000 0.000000 0.741249 299.000000
 85.750000 0.740968 284.298786 0.000000 0.000000 0.000000 0.000000 0.740968 294.000000
 86.000000 0.737515 281.412627 0.000000 0.000000 0.000000 0.000000 0.737515 291.000000
 86.250000 0.735813 288.603633 0.364372 1.457489 0.000000 0.000000 0.735813 298.000000
 86.500000 0.734828 286.788699 0.000000 0.000000 0.000000 0.000000 0.734828 299.000000
 86.750000 0.737543 286.708062 0.000000 0.000000 0.000000 0.000000 0.737543 300.000000
 87.000000 0.735833 287.969500 0.000000 0.000000 0.000000 0.000000 0.735833 300.000000
 87.250000 0.734525 283.976427 0.000000 0.000000 0.000000 0.000000 0.734525 293.000000
 87.500000 0.734444 285.865615 0.000000 0.000000 0.000000 0.000000 0.734444 298.000000
 87.750000 0.740800 287.295005 0.000000 0.000000 0.000000 0.000000 0.740800 295.000000
 88.000000 0.738334 284.937936 0.000000 0.000000 0.000000 0.000000 0.738334 297.000000
 88.250000 0.725411 275.434539 0.000000 0.000000 0.000000 0.000000 0.725411 289.000000
 88.500000 0.735243 283.682277 0.000000 0.000000 0.000000 0.000000 0.735243 294.000000
 88.750000 0.734032 284.197218 0.000000 0.000000 0.000000 0.000000 0.734032 296.000000
 89.000000 0.736651 281.490511 0.000000 0.000000 0.000000 0.000000 0.736651 296.000000
 89.250000 0.733691 277.659048 0.000000 0.000000 0.000000 0.000000 0.733691 291.000000
 89.500000 0.730734 276.248568 0.000000 0.000000 0.000000 0.000000 0.730734 291.000000
 89.750000 0.733319 282.660085 0.000000 0.000000 0.000000 0.000000 0.733319 294.000000
 90.000000 0.734658 282.948440 0.000000 0.000000 0.000000 0.000000 0.734658 299.000000
 90.250000 0.734370 282.943532 0.000000 0.000000 0.000000 0.000000 0.734370 293.000000
 90.500000 0.736563 284.592010 0.000000 0.000000 0.000000 0.000000 0.736563 299.000000
 90.750000 0.737684 286.554673 0.000000 0.000000 0.000000 0.000000 0.737684 297.000000
 91.000000 0.736222 282.342395 0.000000 0.000000 0.000000 0.000000 0.736222 295.000000
 91.250000 0.740434 284.369328 0.000000 0.000000 0.000000 0.000000 0.740434 294.000000
 91.500000 0.735399 281.448566 0.000000 0.000000 0.000000 0.000000 0.735399 290.000000
 91.750000 0.727359 273.618624 0.000000 0.000000 0.000000 0.000000 0.727359 287.000000
 92.000000 0.733345 281.174910 0.000000 0.000000 0.000000 0.000000 0.733345 292.000000
 92.250000 0.730852 276.938482 0.000000 0.000000 0.000000 0.000000 0.730852 295.337653
 92.500000 0.737466 284.059153 0.000000 0.000000 0.000000 0.000000 0.737466 293.000000
 92.750000 0.735416 280.600940 0.000000 0.000000 0.000000 0.000000 0.735416 296.000000
 93.000000 0.737899 282.194176 0.000000 0.000000 0.000000 0.000000 0.737899 292.000000
 93.250000 0.737884 282.796679 0.000000 0.000000 0.000000 0.000000 0.737884 295.000000
 93.500000 0.739035 287.438205 0.000000 0.000000 0.000000 0.000000 0.739035 295.000000
 93.750000 0.732585 282.788898 0.000000 0.000000 0.000000 0.000000 0.732585 302.000000
 94.000000 0.740353 285.962212 0.000000 0.000000 0.000000 0.000000 0.740353 298.000000
 94.250000 0.736365 284.006790 0.000000 0.000000 0.000000 0.000000 0.736365 295.000000
 94.500000 0.731960 279.458375 0.000000 0.000000 0.000000 0.000000 0.731960 295.000000
 94.750000 0.729782 281.568019 0.000000 0.000000 0.000000 0.000000 0.729782 298.000000
 95.000000 0.739150 285.767364 0.000000 0.000000 0.000000 0.000000 0.739150 299.000000
 95.250000 0.736803 286.902355 0.000000 0.000000 0.000000 0.000000 0.736803 307.000000
 95.500000 0.742111 289.375318 1.891500 7.566001 0.000000 0.000000 0.742111 302.000000
 95.750000 0.732382 284.209429 0.000000 0.000000 0.000000 0.000000 0.732382 297.000000
 96.000000 0.734823 286.137164 0.000000 0.000000 0.000000 0.000000 0.734823 303.000000
 96.250000 0.729882 281.645803 0.000000 0.000000 0.000000 0.000000 0.729882 298.000000
 96.500000 0.726673 281.249981 0.000000 0.000000 0.000000 0.000000 0.726673 292.000000
 96.750000 0.730410 284.213517 0.000000 0.000000 0.000000 0.000000 0.730410 297.000000
 97.000000 0.727129 283.626216 0.000000 0.000000 0.000000 0.000000 0.727129 296.000000
 97.250000 0.727246 283.203845 0.000000 0.000000 0.000000 0.000000 0.727246 300.000000
 97.500000 0.728344 282.774633 0.000000 0.000000 0.000000 0.000000 0.728344 301.000000
 97.750000 0.732295 287.541798 0.000000 0.000000 0.000000 0.000000 0.732295 306.000000
 98.000000 0.739962 288.867811 0.753096 3.012382 0.000000 0.000000 0.739962 298.000000
 98.250000 0.728573 282.177388 0.000000 0.000000 0.000000 0.000000 0.728573 295.000000
 98.500000 0.733973 289.134861 1.287910 5.151641 0.000000 0.000000 0.733973 299.000000
 98.750000 0.731744 285.397168 0.000000 0.000000 0.000000 0.000000 0.731744 301.000000
 99.000000 0.740591 288.465747 0.216921 0.867682 0.000000 0.000000 0.740591 296.000000
 99.250000 0.741072 287.442369 0.000000 0.000000 0.000000 0.000000 0.741072 305.000000
 99.500000 0.739713 288.088583 0.007847 0.031388 0.000000 0.000000 0.739713 307.000000
 99.750000 0.742080 291.148525 9.913208 39.652831 0.000000 0.000000 0.742080 307.000000
 100.000000 0.736917 287.998022 0.000000 0.000000 0.000000 0.000000 0.736917 298.000000
 100.250000 0.737027 288.911782 0.831347 3.325387 0.000000 0.000000 0.737027 302.000000
