#! FIELDS time refcv.mean refcv.morethan uwall.bias uwall.force2 lwall.bias lwall.force2 refcv2.mean refcv2.morethan
 0.500000 0.743045 278.666300 0.000000 0.000000 0.000000 0.000000 0.743045 287.000000
 0.750000 0.732413 272.012081 0.000000 0.000000 0.000000 0.000000 0.732413 282.000000
 1.000000 0.733550 272.988232 0.000000 0.000000 0.000000 0.000000 0.733550 286.000000
 1.250000 0.721515 264.558114 0.000000 0.000000 0.000000 0.000000 0.721515 277.000000
 1.500000 0.717789 259.056845 0.000000 0.000000 0.000000 0.000000 0.717789 277.000000
 1.750000 0.722607 263.858826 0.000000 0.000000 0.000000 0.000000 0.722607 277.000000
 2.000000 0.724602 262.814891 0.000000 0.000000 0.000000 0.000000 0.724602 279.000000
 2.250000 0.730000 269.759058 0.000000 0.000000 0.000000 0.000000 0.730000 282.000000
 2.500000 0.734816 275.039914 0.000000 0.000000 0.000000 0.000000 0.734816 285.000000
 2.750000 0.733746 274.094762 0.000000 0.000000 0.000000 0.000000 0.733746 285.000000
 3.000000 0.725331 269.467335 0.000000 0.000000 0.000000 0.000000 0.725331 284.000000
 3.250000 0.726398 270.510261 0.000000 0.000000 0.000000 0.000000 0.726398 282.000000
 3.500000 0.724830 264.864040 0.000000 0.000000 0.000000 0.000000 0.724830 281.000000
 3.750000 0.728557 268.942381 0.000000 0.000000 0.000000 0.000000 0.728557 281.000000
 4.000000 0.728524 264.930272 0.000000 0.000000 0.000000 0.000000 0.728524 278.000000
 4.250000 0.733116 269.506507 0.000000 0.000000 0.000000 0.000000 0.733116 283.000000
 4.500000 0.719892 262.680725 0.000000 0.000000 0.000000 0.000000 0.719892 279.000000
 4.750000 0.728343 268.315753 0.000000 0.000000 0.000000 0.000000 0.728343 279.000000
 5.000000 0.726659 268.400874 0.000000 0.000000 0.000000 0.000000 0.726659 279.000000
 5.250000 0.721769 263.317369 0.000000 0.000000 0.000000 0.000000 0.721769 276.000000
 5.500000 0.714671 255.875490 0.000000 0.000000 0.000000 0.000000 0.714671 276.000000
 5.750000 0.718957 259.381970 0.000000 0.000000 0.000000 0.000000 0.718957 270.000000
 6.000000 0.716887 261.327423 0.000000 0.000000 0.000000 0.000000 0.716887 278.000000
 6.250000 0.720232 262.557231 0.000000 0.000000 0.000000 0.000000 0.720232 278.000000
 6.500000 0.713990 263.725599 0.000000 0.000000 0.000000 0.000000 0.713990 281.000000
 6.750000 0.714407 258.984324 0.000000 0.000000 0.000000 0.000000 0.714407 275.000000
 7.000000 0.724567 264.491971 0.000000 0.000000 0.000000 0.000000 0.724567 275.000000
 7.250000 0.721816 262.883394 0.000000 0.000000 0.000000 0.000000 0.721816 275.000000
 7.500000 0.721724 260.954654 0.000000 0.000000 0.000000 0.000000 0.721724 274.000000
 7.750000 0.714311 257.413499 0.000000 0.000000 0.000000 0.000000 0.714311 271.000000
 8.000000 0.727066 266.801354 0.000000 0.000000 0.000000 0.000000 0.727066 278.000000
 8.250000 0.727923 265.607167 0.000000 0.000000 0.000000 0.000000 0.727923 278.000000
 8.500000 0.721038 263.869743 0.000000 0.000000 0.000000 0.000000 0.721038 280.000000
 8.750000 0.715753 257.694961 0.000000 0.000000 0.000000 0.000000 0.715753 272.000000
 9.000000 0.719195 263.049475 0.000000 0.000000 0.000000 0.000000 0.719195 276.000000
 9.250000 0.720645 262.813481 0.000000 0.000000 0.000000 0.000000 0.720645 278.000000
 9.500000 0.721825 264.575125 0.000000 0.000000 0.000000 0.000000 0.721825 279.000000
 9.750000 0.714564 257.908848 0.000000 0.000000 0.000000 0.000000 0.714564 271.000000
 10.000000 0.714724 258.760347 0.000000 0.000000 0.000000 0.000000 0.714724 275.000000
 10.250000 0.722849 264.820911 0.000000 0.000000 0.000000 0.000000 0.722849 278.000000
 10.500000 0.721123 263.297954 0.000000 0.000000 0.000000 0.000000 0.721123 274.000000
 10.750000 0.727296 266.331087 0.000000 0.000000 0.000000 0.000000 0.727296 273.000000
 11.000000 0.725997 262.921509 0.000000 0.000000 0.000000 0.000000 0.725997 274.000000
 11.250000 0.725191 266.385341 0.000000 0.000000 0.000000 0.000000 0.725191 277.000000
 11.500000 0.725176 265.276901 0.000000 0.000000 0.000000 0.000000 0.725176 279.000000
 11.750000 0.723079 262.032920 0.000000 0.000000 0.000000 0.000000 0.723079 274.000000
 12.000000 0.726804 263.712687 0.000000 0.000000 0.000000 0.000000 0.726804 273.000000
 12.250000 0.724941 264.536672 0.000000 0.000000 0.000000 0.000000 0.724941 275.000000
 12.500000 0.722328 263.480610 0.000000 0.000000 0.000000 0.000000 0.722328 272.000000
 12.750000 0.721420 258.654314 0.000000 0.000000 0.000000 0.000000 0.721420 273.000000
 13.000000 0.730610 264.470204 0.000000 0.000000 0.000000 0.000000 0.730610 274.000000
 13.250000 0.726857 269.840368 0.000000 0.000000 0.000000 0.000000 0.726857 282.000000
 13.500000 0.728451 267.956254 0.000000 0.000000 0.000000 0.000000 0.728451 280.000000
 13.750000 0.723566 266.037092 0.000000 0.000000 0.000000 0.000000 0.723566 276.000000
 14.000000 0.730097 269.326406 0.000000 0.000000 0.000000 0.000000 0.730097 280.000000
 14.250000 0.734589 271.880137 0.000000 0.000000 0.000000 0.000000 0.734589 283.000000
 14.500000 0.739818 273.724173 0.000000 0.000000 0.000000 0.000000 0.739818 282.000000
 14.750000 0.736144 271.226167 0.000000 0.000000 0.000000 0.000000 0.736144 277.000000
 15.000000 0.735729 268.065310 0.000000 0.000000 0.000000 0.000000 0.735729 277.000000
 15.250000 0.739780 274.391024 0.000000 0.000000 0.000000 0.000000 0.739780 286.000000
 15.500000 0.732859 269.415243 0.000000 0.000000 0.000000 0.000000 0.732859 275.000000
 15.750000 0.737992 271.259730 0.000000 0.000000 0.000000 0.000000 0.737992 279.000000
 16.000000 0.734247 273.383656 0.000000 0.000000 0.000000 0.000000 0.734247 282.301593
 16.250000 0.723288 263.110584 0.000000 0.000000 0.000000 0.000000 0.723288 281.000000
 16.500000 0.726563 262.833197 0.000000 0.000000 0.000000 0.000000 0.726563 273.000000
 16.750000 0.729522 268.108018 0.000000 0.000000 0.000000 0.000000 0.729522 278.000000
 17.000000 0.724235 265.646849 0.000000 0.000000 0.000000 0.000000 0.724235 276.000000
 17.250000 0.720759 259.162577 0.000000 0.000000 0.000000 0.000000 0.720759 272.000000
 17.500000 0.723998 265.245710 0.000000 0.000000 0.000000 0.000000 0.723998 278.000000
 17.750000 0.724711 266.186254 0.000000 0.000000 0.000000 0.000000 0.724711 280.000000
 18.000000 0.731252 268.812601 0.000000 0.000000 0.000000 0.000000 0.731252 281.000000
 18.250000 0.716784 258.631621 0.000000 0.000000 0.000000 0.000000 0.716784 278.000000
 18.500000 0.721898 260.553070 0.000000 0.000000 0.000000 0.000000 0.721898 274.000000
 18.750000 0.727248 267.361056 0.000000 0.000000 0.000000 0.000000 0.727248 281.000000
 19.000000 0.725067 261.916770 0.000000 0.000000 0.000000 0.000000 0.725067 280.000000
 19.250000 0.725179 262.237454 0.000000 0.000000 0.000000 0.000000 0.725179 278.000000
 19.500000 0.728497 262.468743 0.000000 0.000000 0.000000 0.000000 0.728497 276.000000
 19.750000 0.736976 270.807404 0.000000 0.000000 0.000000 0.000000 0.736976 283.000000
 20.000000 0.720067 256.649076 0.000000 0.000000 0.000000 0.000000 0.720067 275.000000
 20.250000 0.726790 265.425351 0.000000 0.000000 0.000000 0.000000 0.726790 283.000000
 20.500000 0.727245 263.867716 0.000000 0.000000 0.000000 0.000000 0.727245 279.000000
 20.750000 0.734986 270.522667 0.000000 0.000000 0.000000 0.000000 0.734986 278.000000
 21.000000 0.726944 263.404413 0.000000 0.000000 0.000000 0.000000 0.726944 279.000000
 21.250000 0.724700 263.111795 0.000000 0.000000 0.000000 0.000000 0.724700 279.000000
 21.500000 0.725434 262.984270 0.000000 0.000000 0.000000 0.000000 0.725434 276.000000
 21.750000 0.732005 270.631455 0.000000 0.000000 0.000000 0.000000 0.732005 279.000000
 22.000000 0.735700 273.067136 0.000000 0.000000 0.000000 0.000000 0.735700 280.000000
 22.250000 0.729331 263.526840 0.000000 0.000000 0.000000 0.000000 0.729331 276.000000
 22.500000 0.732305 268.167766 0.000000 0.000000 0.000000 0.000000 0.732305 278.000000
 22.750000 0.726851 261.787057 0.000000 0.000000 0.000000 0.000000 0.726851 275.000000
 23.000000 0.723352 261.572724 0.000000 0.000000 0.000000 0.000000 0.723352 278.000000
 23.250000 0.721309 258.104237 0.000000 0.000000 0.000000 0.000000 0.721309 276.000000
 23.500000 0.730310 263.648154 0.000000 0.000000 0.000000 0.000000 0.730310 273.000000
 23.750000 0.731284 268.485646 0.000000 0.000000 0.000000 0.000000 0.731284 282.000000
 24.000000 0.733532 273.385686 0.000000 0.000000 0.000000 0.000000 0.733532 284.000000
 24.250000 0.727558 269.984463 0.000000 0.000000 0.000000 0.000000 0.727558 280.000000
 24.500000 0.722081 262.571353 0.000000 0.000000 0.000000 0.000000 0.722081 279.000000
 24.750000 0.727304 266.968498 0.000000 0.000000 0.000000 0.000000 0.727304 281.000000
 25.000000 0.731331 267.946862 0.000000 0.000000 0.000000 0.000000 0.731331 283.000000
 25.250000 0.723911 263.786460 0.000000 0.000000 0.000000 0.000000 0.723911 276.000000
 25.500000 0.726247 261.519154 0.000000 0.000000 0.000000 0.000000 0.726247 276.000000
 25.750000 0.733348 264.417155 0.000000 0.000000 0.000000 0.000000 0.733348 273.000000
 26.000000 0.729735 262.772099 0.000000 0.000000 0.000000 0.000000 0.729735 273.000000
 26.250000 0.724314 260.500765 0.000000 0.000000 0.000000 0.000000 0.724314 276.000000
 26.500000 0.723508 261.453230 0.000000 0.000000 0.000000 0.000000 0.723508 275.000000
 26.750000 0.728880 267.972716 0.000000 0.000000 0.000000 0.000000 0.728880 281.000000
 27.000000 0.729716 269.361485 0.000000 0.000000 0.000000 0.000000 0.729716 282.000000
 27.250000 0.737995 273.156167 0.000000 0.000000 0.000000 0.000000 0.737995 283.000000
 27.500000 0.743872 277.420054 0.000000 0.000000 0.000000 0.000000 0.743872 288.000000
 27.750000 0.731218 267.264195 0.000000 0.000000 0.000000 0.000000 0.731218 280.000000
 28.000000 0.740580 275.984798 0.000000 0.000000 0.000000 0.000000 0.740580 285.000000
 28.250000 0.743053 279.999014 0.000000 0.000000 0.000000 0.000000 0.743053 290.000000
 28.500000 0.736732 274.824341 0.000000 0.000000 0.000000 0.000000 0.736732 288.000000
 28.750000 0.736513 274.155259 0.000000 0.000000 0.000000 0.000000 0.736513 284.000000
 29.000000 0.746226 282.199015 0.000000 0.000000 0.000000 0.000000 0.746226 289.000000
 29.250000 0.745534 281.007022 0.000000 0.000000 0.000000 0.000000 0.745534 288.000000
 29.500000 0.748786 285.819394 0.000000 0.000000 0.000000 0.000000 0.748786 294.000000
 29.750000 0.742951 283.218162 0.000000 0.000000 0.000000 0.000000 0.742951 292.000000
 30.000000 0.742367 279.642543 0.000000 0.000000 0.000000 0.000000 0.742367 290.000000
 30.250000 0.739711 277.299284 0.000000 0.000000 0.000000 0.000000 0.739711 287.000000
 30.500000 0.737472 273.485167 0.000000 0.000000 0.000000 0.000000 0.737472 284.000000
 30.750000 0.736881 276.796450 0.000000 0.000000 0.000000 0.000000 0.736881 288.000000
 31.000000 0.744546 284.993279 0.000000 0.000000 0.000000 0.000000 0.744546 295.000000
 31.250000 0.738379 272.232422 0.000000 0.000000 0.000000 0.000000 0.738379 285.000000
 31.500000 0.740329 278.788309 0.000000 0.000000 0.000000 0.000000 0.740329 292.000000
 31.750000 0.742358 281.682390 0.000000 0.000000 0.000000 0.000000 0.742358 294.000000
 32.000000 0.734502 273.030254 0.000000 0.000000 0.000000 0.000000 0.734502 281.000000
 32.250000 0.741643 281.249966 0.000000 0.000000 0.000000 0.000000 0.741643 292.000000
 32.500000 0.738302 275.992501 0.000000 0.000000 0.000000 0.000000 0.738302 287.000000
 32.750000 0.738796 281.066993 0.000000 0.000000 0.000000 0.000000 0.738796 297.000000
 33.000000 0.735402 275.213254 0.000000 0.000000 0.000000 0.000000 0.735402 286.000000
 33.250000 0.736976 277.050314 0.000000 0.000000 0.000000 0.000000 0.736976 292.000000
 33.500000 0.735120 275.646448 0.000000 0.000000 0.000000 0.000000 0.735120 291.000000
 33.750000 0.738285 280.028348 0.000000 0.000000 0.000000 0.000000 0.738285 295.000000
 34.000000 0.738805 280.244120 0.000000 0.000000 0.000000 0.000000 0.738805 290.000000
 34.250000 0.739189 275.969097 0.000000 0.000000 0.000000 0.000000 0.739189 289.000000
 34.500000 0.743608 278.512081 0.000000 0.000000 0.000000 0.000000 0.743608 291.000000
 34.750000 0.746085 282.598014 0.000000 0.000000 0.000000 0.000000 0.746085 293.000000
 35.000000 0.739693 277.587836 0.000000 0.000000 0.000000 0.000000 0.739693 285.000000
 35.250000 0.746109 286.619960 0.000000 0.000000 0.000000 0.000000 0.746109 298.000000
 35.500000 0.740247 280.167442 0.000000 0.000000 0.000000 0.000000 0.740247 295.000000
 35.750000 0.746770 286.369755 0.000000 0.000000 0.000000 0.000000 0.746770 298.000000
 36.000000 0.746576 285.274440 0.000000 0.000000 0.000000 0.000000 0.746576 299.000000
 36.250000 0.743501 285.462218 0.000000 0.000000 0.000000 0.000000 0.743501 301.000000
 36.500000 0.739688 278.778773 0.000000 0.000000 0.000000 0.000000 0.739688 294.000000
 36.750000 0.741993 277.354102 0.000000 0.000000 0.000000 0.000000 0.741993 294.000000
 37.000000 0.744238 282.064195 0.000000 0.000000 0.000000 0.000000 0.744238 299.000000
 37.250000 0.738822 282.347296 0.000000 0.000000 0.000000 0.000000 0.738822 297.000000
 37.500000 0.734506 280.589787 0.000000 0.000000 0.000000 0.000000 0.734506 300.000000
 37.750000 0.742050 285.900110 0.000000 0.000000 0.000000 0.000000 0.742050 300.000000
 38.000000 0.739254 283.489137 0.000000 0.000000 0.000000 0.000000 0.739254 294.000000
 38.250000 0.739040 281.898465 0.000000 0.000000 0.000000 0.000000 0.739040 299.000000
 38.500000 0.740718 284.752677 0.000000 0.000000 0.000000 0.000000 0.740718 300.000000
 38.750000 0.743273 284.004135 0.000000 0.000000 0.000000 0.000000 0.743273 298.000000
 39.000000 0.741886 282.869171 0.000000 0.000000 0.000000 0.000000 0.741886 299.000000
 39.250000 0.744034 286.596157 0.000000 0.000000 0.000000 0.000000 0.744034 302.000000
 39.500000 0.749167 288.110551 0.012222 0.048886 0.000000 0.000000 0.749167 299.000000
 39.750000 0.746644 285.964145 0.000000 0.000000 0.000000 0.000000 0.746644 295.000000
 40.000000 0.753136 289.124424 1.264329 5.057318 0.000000 0.000000 0.753136 299.000000
 40.250000 0.750828 287.134813 0.000000 0.000000 0.000000 0.000000 0.750828 302.000000
 40.500000 0.747608 285.896481 0.000000 0.000000 0.000000 0.000000 0.747608 304.000000
 40.750000 0.741848 284.996803 0.000000 0.000000 0.000000 0.000000 0.741848 299.000000
 41.000000 0.745725 282.104133 0.000000 0.000000 0.000000 0.000000 0.745725 298.000000
 41.250000 0.751941 288.901924 0.813467 3.253869 0.000000 0.000000 0.751941 301.000000
 41.500000 0.748252 288.849329 0.721359 2.885437 0.000000 0.000000 0.748252 302.000000
 41.750000 0.748216 288.064483 0.004158 0.016632 0.000000 0.000000 0.748216 307.000000
 42.000000 0.741351 282.930617 0.000000 0.000000 0.000000 0.000000 0.741351 298.000000
 42.250000 0.747392 286.359669 0.000000 0.000000 0.000000 0.000000 0.747392 297.000000
 42.500000 0.748875 284.391820 0.000000 0.000000 0.000000 0.000000 0.748875 299.000000
 42.750000 0.746028 283.473537 0.000000 0.000000 0.000000 0.000000 0.746028 301.000000
 43.000000 0.747609 287.483611 0.000000 0.000000 0.000000 0.000000 0.747609 303.000000
 43.250000 0.750360 287.774505 0.000000 0.000000 0.000000 0.000000 0.750360 300.000000
 43.500000 0.747617 283.194928 0.000000 0.000000 0.000000 0.000000 0.747617 300.000000
 43.750000 0.748233 285.822186 0.000000 0.000000 0.000000 0.000000 0.748233 304.000000
 44.000000 0.746924 285.409407 0.000000 0.000000 0.000000 0.000000 0.746924 302.000000
 44.250000 0.746172 284.894583 0.000000 0.000000 0.000000 0.000000 0.746172 301.000000
 44.500000 0.746052 285.791332 0.000000 0.000000 0.000000 0.000000 0.746052 297.000000
 44.750000 0.743139 281.673369 0.000000 0.000000 0.000000 0.000000 0.743139 293.000000
 45.000000 0.743126 281.707454 0.000000 0.000000 0.000000 0.000000 0.743126 297.000000
 45.250000 0.739112 277.329209 0.000000 0.000000 0.000000 0.000000 0.739112 294.000000
 45.500000 0.750334 290.276886 5.184212 20.736846 0.000000 0.000000 0.750334 303.000000
 45.750000 0.747857 287.160651 0.000000 0.000000 0.000000 0.000000 0.747857 300.000000
 46.000000 0.740510 280.752105 0.000000 0.000000 0.000000 0.000000 0.740510 297.000000
 46.250000 0.749057 288.148730 0.022121 0.088482 0.000000 0.000000 0.749057 301.000000
 46.500000 0.746867 283.522217 0.000000 0.000000 0.000000 0.000000 0.746867 298.000000
 46.750000 0.738596 278.846235 0.000000 0.000000 0.000000 0.000000 0.738596 292.000000
 47.000000 0.740632 283.130935 0.000000 0.000000 0.000000 0.000000 0.740632 302.000000
 47.250000 0.747526 286.966612 0.000000 0.000000 0.000000 0.000000 0.747526 299.000000
 47.500000 0.749141 287.995078 0.000000 0.000000 0.000000 0.000000 0.749141 303.000000
 47.750000 0.747059 287.453650 0.000000 0.000000 0.000000 0.000000 0.747059 300.000000
 48.000000 0.748004 286.482396 0.000000 0.000000 0.000000 0.000000 0.748004 300.000000
 48.250000 0.743915 284.411573 0.000000 0.000000 0.000000 0.000000 0.743915 307.000000
 48.500000 0.740060 281.085414 0.000000 0.000000 0.000000 0.000000 0.740060 298.000000
 48.750000 0.731441 275.882816 0.000000 0.000000 0.000000 0.000000 0.731441 292.000000
 49.000000 0.729537 274.075772 0.000000 0.000000 0.000000 0.000000 0.729537 288.000000
 49.250000 0.733519 275.800399 0.000000 0.000000 0.000000 0.000000 0.733519 288.000000
 49.500000 0.737233 276.925090 0.000000 0.000000 0.000000 0.000000 0.737233 288.000000
 49.750000 0.739826 278.475448 0.000000 0.000000 0.000000 0.000000 0.739826 291.000000
 50.000000 0.729629 267.761975 0.000000 0.000000 0.000000 0.000000 0.729629 283.000000
 50.250000 0.736458 277.635118 0.000000 0.000000 0.000000 0.000000 0.736458 289.000000
 50.500000 0.739377 281.819319 0.000000 0.000000 0.000000 0.000000 0.739377 295.000000
 50.750000 0.736323 276.149741 0.000000 0.000000 0.000000 0.000000 0.736323 291.000000
 51.000000 0.737759 278.757931 0.000000 0.000000 0.000000 0.000000 0.737759 292.000000
 51.250000 0.744603 285.967648 0.000000 0.000000 0.000000 0.000000 0.744603 303.000000
 51.500000 0.743097 284.800410 0.000000 0.000000 0.000000 0.000000 0.743097 303.000000
 51.750000 0.741073 281.808940 0.000000 0.000000 0.000000 0.000000 0.741073 298.000000
 52.000000 0.742049 285.433390 0.000000 0.000000 0.000000 0.000000 0.742049 301.000000
 52.250000 0.738745 282.258551 0.000000 0.000000 0.000000 0.000000 0.738745 300.000000
 52.500000 0.736458 279.366780 0.000000 0.000000 0.000000 0.000000 0.736458 295.000000
 52.750000 0.736001 277.236399 0.000000 0.000000 0.000000 0.000000 0.736001 296.000000
 53.000000 0.740490 280.949540 0.000000 0.000000 0.000000 0.000000 0.740490 296.000000
 53.250000 0.748239 288.694791 0.482734 1.930937 0.000000 0.000000 0.748239 300.000000
 53.500000 0.732077 274.349276 0.000000 0.000000 0.000000 0.000000 0.732077 289.000000
 53.750000 0.734701 274.327724 0.000000 0.000000 0.000000 0.000000 0.734701 284.000000
 54.000000 0.735509 278.306193 0.000000 0.000000 0.000000 0.000000 0.735509 292.000000
 54.250000 0.731414 266.938187 0.000000 0.000000 0.000000 0.000000 0.731414 280.000000
 54.500000 0.728088 272.042002 0.000000 0.000000 0.000000 0.000000 0.728088 291.000000
 54.750000 0.729153 267.958077 0.000000 0.000000 0.000000 0.000000 0.729153 283.000000
 55.000000 0.728620 269.388760 0.000000 0.000000 0.000000 0.000000 0.728620 279.000000
 55.250000 0.728401 269.936426 0.000000 0.000000 0.000000 0.000000 0.728401 289.000000
 55.500000 0.732349 268.180530 0.000000 0.000000 0.000000 0.000000 0.732349 284.000000
 55.750000 0.731152 270.089079 0.000000 0.000000 0.000000 0.000000 0.731152 287.000000
 56.000000 0.739058 277.197439 0.000000 0.000000 0.000000 0.000000 0.739058 292.000000
 56.250000 0.743088 279.071270 0.000000 0.000000 0.000000 0.000000 0.743088 290.000000
 56.500000 0.740661 278.743213 0.000000 0.000000 0.000000 0.000000 0.740661 294.000000
 56.750000 0.732580 271.892021 0.000000 0.000000 0.000000 0.000000 0.732580 285.000000
 57.000000 0.735492 272.702125 0.000000 0.000000 0.000000 0.000000 0.735492 289.000000
 57.250000 0.735836 273.856821 0.000000 0.000000 0.000000 0.000000 0.735836 288.000000
 57.500000 0.733643 274.412786 0.000000 0.000000 0.000000 0.000000 0.733643 289.000000
 57.750000 0.735649 276.069730 0.000000 0.000000 0.000000 0.000000 0.735649 290.000000
 58.000000 0.737301 276.482316 0.000000 0.000000 0.000000 0.000000 0.737301 289.000000
 58.250000 0.737059 276.877007 0.000000 0.000000 0.000000 0.000000 0.737059 290.000000
 58.500000 0.740802 278.742758 0.000000 0.000000 0.000000 0.000000 0.740802 293.000000
 58.750000 0.733676 272.273806 0.000000 0.000000 0.000000 0.000000 0.733676 283.000000
 59.000000 0.731246 271.407582 0.000000 0.000000 0.000000 0.000000 0.731246 284.000000
 59.250000 0.728090 270.064663 0.000000 0.000000 0.000000 0.000000 0.728090 288.000000
 59.500000 0.741615 281.757076 0.000000 0.000000 0.000000 0.000000 0.741615 294.000000
 59.750000 0.745040 283.395050 0.000000 0.000000 0.000000 0.000000 0.745040 292.000000
 60.000000 0.736690 279.203303 0.000000 0.000000 0.000000 0.000000 0.736690 297.000000
 60.250000 0.736140 274.219450 0.000000 0.000000 0.000000 0.000000 0.736140 285.000000
 60.500000 0.734940 276.610578 0.000000 0.000000 0.000000 0.000000 0.734940 292.000000
 60.750000 0.738005 276.177530 0.000000 0.000000 0.000000 0.000000 0.738005 287.000000
 61.000000 0.732537 270.667242 0.000000 0.000000 0.000000 0.000000 0.732537 280.000000
 61.250000 0.736668 276.122306 0.000000 0.000000 0.000000 0.000000 0.736668 281.000000
 61.500000 0.739244 274.138639 0.000000 0.000000 0.000000 0.000000 0.739244 280.000000
 61.750000 0.738109 276.057538 0.000000 0.000000 0.000000 0.000000 0.738109 285.000000
 62.000000 0.736170 273.280991 0.000000 0.000000 0.000000 0.000000 0.736170 285.000000
 62.250000 0.731231 271.254022 0.000000 0.000000 0.000000 0.000000 0.731231 284.000000
 62.500000 0.736347 273.905823 0.000000 0.000000 0.000000 0.000000 0.736347 283.000000
 62.750000 0.730139 269.152236 0.000000 0.000000 0.000000 0.000000 0.730139 282.000000
 63.000000 0.732309 271.948774 0.000000 0.000000 0.000000 0.000000 0.732309 283.000000
 63.250000 0.733434 271.078709 0.000000 0.000000 0.000000 0.000000 0.733434 281.000000
 63.500000 0.726897 264.948130 0.000000 0.000000 0.000000 0.000000 0.726897 278.000000
 63.750000 0.740752 276.085380 0.000000 0.000000 0.000000 0.000000 0.740752 284.000000
 64.000000 0.739465 276.324617 0.000000 0.000000 0.000000 0.000000 0.739465 290.000000
 64.250000 0.739354 277.208328 0.000000 0.000000 0.000000 0.000000 0.739354 292.000000
 64.500000 0.744592 281.661762 0.000000 0.000000 0.000000 0.000000 0.744592 291.403692
 64.750000 0.741080 277.039330 0.000000 0.000000 0.000000 0.000000 0.741080 289.000000
 65.000000 0.743282 278.079386 0.000000 0.000000 0.000000 0.000000 0.743282 289.000000
 65.250000 0.744921 282.484891 0.000000 0.000000 0.000000 0.000000 0.744921 290.000000
 65.500000 0.740858 277.155989 0.000000 0.000000 0.000000 0.000000 0.740858 292.000000
 65.750000 0.742597 275.745285 0.000000 0.000000 0.000000 0.000000 0.742597 283.000000
 66.000000 0.745036 278.702295 0.000000 0.000000 0.000000 0.000000 0.745036 291.000000
 66.250000 0.742848 275.034909 0.000000 0.000000 0.000000 0.000000 0.742848 289.000000
 66.500000 0.747454 277.105591 0.000000 0.000000 0.000000 0.000000 0.747454 284.000000
 66.750000 0.744931 279.120710 0.000000 0.000000 0.000000 0.000000 0.744931 291.000000
 67.000000 0.739260 275.922824 0.000000 0.000000 0.000000 0.000000 0.739260 289.000000
 67.250000 0.732465 269.643619 0.000000 0.000000 0.000000 0.000000 0.732465 287.000000
 67.500000 0.738125 275.294064 0.000000 0.000000 0.000000 0.000000 0.738125 288.000000
 67.750000 0.739382 273.593664 0.000000 0.000000 0.000000 0.000000 0.739382 282.000000
 68.000000 0.737217 272.442665 0.000000 0.000000 0.000000 0.000000 0.737217 284.000000
 68.250000 0.731884 266.885748 0.000000 0.000000 0.000000 0.000000 0.731884 275.000000
 68.500000 0.729802 262.605129 0.000000 0.000000 0.000000 0.000000 0.729802 277.000000
 68.750000 0.741860 276.755557 0.000000 0.000000 0.000000 0.000000 0.741860 284.000000
 69.000000 0.732501 269.471492 0.000000 0.000000 0.000000 0.000000 0.732501 281.000000
 69.250000 0.729760 262.364043 0.000000 0.000000 0.000000 0.000000 0.729760 271.000000
 69.500000 0.737039 268.868135 0.000000 0.000000 0.000000 0.000000 0.737039 281.000000
 69.750000 0.735453 269.504379 0.000000 0.000000 0.000000 0.000000 0.735453 280.000000
 70.000000 0.738785 269.920473 0.000000 0.000000 0.000000 0.000000 0.738785 282.000000
 70.250000 0.744511 277.147384 0.000000 0.000000 0.000000 0.000000 0.744511 286.000000
 70.500000 0.737150 273.736911 0.000000 0.000000 0.000000 0.000000 0.737150 290.000000
 70.750000 0.729990 269.809915 0.000000 0.000000 0.000000 0.000000 0.729990 289.000000
 71.000000 0.741110 277.909177 0.000000 0.000000 0.000000 0.000000 0.741110 286.000000
 71.250000 0.746481 282.319359 0.000000 0.000000 0.000000 0.000000 0.746481 293.000000
 71.500000 0.739165 275.356920 0.000000 0.000000 0.000000 0.000000 0.739165 287.000000
 71.750000 0.743516 280.388454 0.000000 0.000000 0.000000 0.000000 0.743516 287.000000
 72.000000 0.731335 271.775965 0.000000 0.000000 0.000000 0.000000 0.731335 283.000000
 72.250000 0.733441 274.499604 0.000000 0.000000 0.000000 0.000000 0.733441 286.000000
 72.500000 0.740687 277.251777 0.000000 0.000000 0.000000 0.000000 0.740687 287.000000
 72.750000 0.734261 274.011070 0.000000 0.000000 0.000000 0.000000 0.734261 286.000000
 73.000000 0.725293 266.831468 0.000000 0.000000 0.000000 0.000000 0.725293 283.000000
 73.250000 0.720565 260.307401 0.000000 0.000000 0.000000 0.000000 0.720565 273.000000
 73.500000 0.722844 262.528799 0.000000 0.000000 0.000000 0.000000 0.722844 271.000000
 73.750000 0.727410 266.892445 0.000000 0.000000 0.000000 0.000000 0.727410 280.000000
 74.000000 0.728306 268.129533 0.000000 0.000000 0.000000 0.000000 0.728306 278.000000
 74.250000 0.729397 269.985429 0.000000 0.000000 0.000000 0.000000 0.729397 283.000000
 74.500000 0.729032 267.950054 0.000000 0.000000 0.000000 0.000000 0.729032 285.000000
 74.750000 0.729381 268.213830 0.000000 0.000000 0.000000 0.000000 0.729381 284.000000
 75.000000 0.731760 274.237832 0.000000 0.000000 0.000000 0.000000 0.731760 291.000000
 75.250000 0.731598 272.183961 0.000000 0.000000 0.000000 0.000000 0.731598 284.000000
 75.500000 0.718038 260.756643 0.000000 0.000000 0.000000 0.000000 0.718038 282.000000
 75.750000 0.737835 278.817912 0.000000 0.000000 0.000000 0.000000 0.737835 293.000000
 76.000000 0.733584 275.104031 0.000000 0.000000 0.000000 0.000000 0.733584 289.000000
 76.250000 0.732244 273.665651 0.000000 0.000000 0.000000 0.000000 0.732244 294.000000
 76.500000 0.737334 284.056269 0.000000 0.000000 0.000000 0.000000 0.737334 295.000000
 76.750000 0.730265 270.103580 0.000000 0.000000 0.000000 0.000000 0.730265 284.000000
 77.000000 0.735230 276.831557 0.000000 0.000000 0.000000 0.000000 0.735230 291.000000
 77.250000 0.735571 277.549233 0.000000 0.000000 0.000000 0.000000 0.735571 286.510990
 77.500000 0.734813 273.947800 0.000000 0.000000 0.000000 0.000000 0.734813 288.000000
 77.750000 0.737529 278.045723 0.000000 0.000000 0.000000 0.000000 0.737529 292.000000
 78.000000 0.743113 280.823073 0.000000 0.000000 0.000000 0.000000 0.743113 287.000000
 78.250000 0.733371 273.231387 0.000000 0.000000 0.000000 0.000000 0.733371 285.000000
 78.500000 0.739735 280.839872 0.000000 0.000000 0.000000 0.000000 0.739735 290.000000
 78.750000 0.736541 284.783320 0.000000 0.000000 0.000000 0.000000 0.736541 298.000000
 79.000000 0.740228 284.090217 0.000000 0.000000 0.000000 0.000000 0.740228 298.000000
 79.250000 0.736521 279.892628 0.000000 0.000000 0.000000 0.000000 0.736521 297.000000
 79.500000 0.740973 284.281214 0.000000 0.000000 0.000000 0.000000 0.740973 292.000000
 79.750000 0.734086 279.501854 0.000000 0.000000 0.000000 0.000000 0.734086 292.000000
 80.000000 0.725048 271.077726 0.000000 0.000000 0.000000 0.000000 0.725048 286.000000
 80.250000 0.732214 272.733932 0.000000 0.000000 0.000000 0.000000 0.732214 285.000000
 80.500000 0.732579 274.102522 0.000000 0.000000 0.000000 0.000000 0.732579 286.000000
 80.750000 0.736485 273.420801 0.000000 0.000000 0.000000 0.000000 0.736485 288.000000
 81.000000 0.734628 272.810242 0.000000 0.000000 0.000000 0.000000 0.734628 283.000000
 81.250000 0.738482 278.044956 0.000000 0.000000 0.000000 0.000000 0.738482 290.000000
 81.500000 0.736360 273.895398 0.000000 0.000000 0.000000 0.000000 0.736360 285.000000
 81.750000 0.725518 265.727546 0.000000 0.000000 0.000000 0.000000 0.725518 282.000000
 82.000000 0.727744 267.943198 0.000000 0.000000 0.000000 0.000000 0.727744 281.000000
 82.250000 0.732656 274.733997 0.000000 0.000000 0.000000 0.000000 0.732656 286.000000
 82.500000 0.732684 276.142583 0.000000 0.000000 0.000000 0.000000 0.732684 285.982169
 82.750000 0.733098 275.225491 0.000000 0.000000 0.000000 0.000000 0.733098 287.000000
 83.000000 0.726669 265.920591 0.000000 0.000000 0.000000 0.000000 0.726669 278.000000
 83.250000 0.727932 267.094951 0.000000 0.000000 0.000000 0.000000 0.727932 281.000000
 83.500000 0.732611 274.292793 0.000000 0.000000 0.000000 0.000000 0.732611 288.000000
 83.750000 0.730256 270.353677 0.000000 0.000000 0.000000 0.000000 0.730256 283.000000
 84.000000 0.731513 273.553084 0.000000 0.000000 0.000000 0.000000 0.731513 286.000000
 84.250000 0.738292 278.079038 0.000000 0.000000 0.000000 0.000000 0.738292 287.000000
 84.500000 0.739130 278.934627 0.000000 0.000000 0.000000 0.000000 0.739130 288.000000
 84.750000 0.736345 276.513865 0.000000 0.000000 0.000000 0.000000 0.736345 291.000000
 85.000000 0.726037 269.666846 0.000000 0.000000 0.000000 0.000000 0.726037 282.000000
 85.250000 0.726850 265.894595 0.000000 0.000000 0.000000 0.000000 0.726850 277.000000
 85.500000 0.736921 273.773062 0.000000 0.000000 0.000000 0.000000 0.736921 285.000000
 85.750000 0.739590 271.292685 0.000000 0.000000 0.000000 0.000000 0.739590 280.000000
 86.000000 0.729406 267.101261 0.000000 0.000000 0.000000 0.000000 0.729406 281.000000
 86.250000 0.729177 266.865306 0.000000 0.000000 0.000000 0.000000 0.729177 281.000000
 86.500000 0.736003 272.425582 0.000000 0.000000 0.000000 0.000000 0.736003 283.000000
 86.750000 0.733619 271.951208 0.000000 0.000000 0.000000 0.000000 0.733619 282.000000
 87.000000 0.730572 266.606922 0.000000 0.000000 0.000000 0.000000 0.730572 277.000000
 87.250000 0.729122 267.182605 0.000000 0.000000 0.000000 0.000000 0.729122 278.000000
 87.500000 0.731818 271.539684 0.000000 0.000000 0.000000 0.000000 0.731818 284.000000
 87.750000 0.731118 266.194525 0.000000 0.000000 0.000000 0.000000 0.731118 277.000000
 88.000000 0.728703 264.443919 0.000000 0.000000 0.000000 0.000000 0.728703 275.000000
 88.250000 0.731074 267.117176 0.000000 0.000000 0.000000 0.000000 0.731074 278.000000
 88.500000 0.724926 263.879921 0.000000 0.000000 0.000000 0.000000 0.724926 280.000000
 88.750000 0.723298 262.368253 0.000000 0.000000 0.000000 0.000000 0.723298 279.000000
 89.000000 0.726511 265.014638 0.000000 0.000000 0.000000 0.000000 0.726511 278.000000
 89.250000 0.720283 258.841273 0.000000 0.000000 0.000000 0.000000 0.720283 274.000000
 89.500000 0.729203 267.901973 0.000000 0.000000 0.000000 0.000000 0.729203 278.000000
 89.750000 0.731057 270.122056 0.000000 0.000000 0.000000 0.000000 0.731057 283.000000
 90.000000 0.726879 268.326268 0.000000 0.000000 0.000000 0.000000 0.726879 281.000000
 90.250000 0.724408 261.418630 0.000000 0.000000 0.000000 0.000000 0.724408 278.000000
 90.500000 0.733264 268.637214 0.000000 0.000000 0.000000 0.000000 0.733264 280.000000
 90.750000 0.723339 260.535178 0.000000 0.000000 0.000000 0.000000 0.723339 278.736167
 91.000000 0.727071 266.003983 0.000000 0.000000 0.000000 0.000000 0.727071 282.000000
 91.250000 0.728611 264.056962 0.000000 0.000000 0.000000 0.000000 0.728611 281.000000
 91.500000 0.726518 261.501020 0.000000 0.000000 0.000000 0.000000 0.726518 277.000000
 91.750000 0.728362 262.466492 0.000000 0.000000 0.000000 0.000000 0.728362 274.000000
 92.000000 0.724896 260.738510 0.000000 0.000000 0.000000 0.000000 0.724896 276.000000
 92.250000 0.724872 262.133388 0.000000 0.000000 0.000000 0.000000 0.724872 281.000000
 92.500000 0.731735 268.237999 0.000000 0.000000 0.000000 0.000000 0.731735 279.000000
 92.750000 0.727795 262.362948 0.000000 0.000000 0.000000 0.000000 0.727795 276.000000
 93.000000 0.725193 258.649355 0.000000 0.000000 0.000000 0.000000 0.725193 277.000000
 93.250000 0.721622 257.852186 0.000000 0.000000 0.000000 0.000000 0.721622 276.000000
 93.500000 0.727206 265.665132 0.000000 0.000000 0.000000 0.000000 0.727206 280.000000
 93.750000 0.722297 262.810921 0.000000 0.000000 0.000000 0.000000 0.722297 280.000000
 94.000000 0.724303 262.344947 0.000000 0.000000 0.000000 0.000000 0.724303 278.000000
 94.250000 0.727262 262.549412 0.000000 0.000000 0.000000 0.000000 0.727262 273.000000
 94.500000 0.724832 259.011357 0.000000 0.000000 0.000000 0.000000 0.724832 276.000000
 94.750000 0.725110 261.016765 0.000000 0.000000 0.000000 0.000000 0.725110 279.000000
 95.000000 0.729186 264.506091 0.000000 0.000000 0.000000 0.000000 0.729186 276.000000
 95.250000 0.722477 265.727092 0.000000 0.000000 0.000000 0.000000 0.722477 282.000000
 95.500000 0.722636 260.354402 0.000000 0.000000 0.000000 0.000000 0.722636 278.000000
 95.750000 0.723357 262.769585 0.000000 0.000000 0.000000 0.000000 0.723357 279.000000
 96.000000 0.728381 266.068658 0.000000 0.000000 0.000000 0.000000 0.728381 280.000000
 96.250000 0.720732 261.008570 0.000000 0.000000 0.000000 0.000000 0.720732 276.000000
 96.500000 0.711741 253.717156 0.000000 0.000000 0.000000 0.000000 0.711741 271.000000
 96.750000 0.718672 265.728095 0.000000 0.000000 0.000000 0.000000 0.718672 276.000000
 97.000000 0.718220 262.247972 0.000000 0.000000 0.000000 0.000000 0.718220 276.000000
 97.250000 0.716971 257.676661 0.000000 0.000000 0.000000 0.000000 0.716971 273.000000
 97.500000 0.726070 262.047732 0.000000 0.000000 0.000000 0.000000 0.726070 269.000000
 97.750000 0.718861 259.169341 0.000000 0.000000 0.000000 0.000000 0.718861 273.000000
 98.000000 0.725266 259.645603 0.000000 0.000000 0.000000 0.000000 0.725266 269.000000
 98.250000 0.717561 253.671207 0.000000 0.000000 0.000000 0.000000 0.717561 267.000000
 98.500000 0.723019 262.611865 0.000000 0.000000 0.000000 0.000000 0.723019 275.000000
 98.750000 0.731475 267.475622 0.000000 0.000000 0.000000 0.000000 0.731475 281.000000
 99.000000 0.717992 253.594859 0.000000 0.000000 0.000000 0.000000 0.717992 268.000000
 99.250000 0.720643 257.291269 0.000000 0.000000 0.000000 0.000000 0.720643 271.000000
 99.500000 0.719799 258.048660 0.000000 0.000000 0.000000 0.000000 0.719799 273.000000
 99.750000 0.727668 261.440281 0.000000 0.000000 0.000000 0.000000 0.727668 273.000000
 100.000000 0.734425 269.659755 0.000000 0.000000 0.000000 0.000000 0.734425 280.000000
 100.250000 0.727919 262.728438 0.000000 0.000000 0.000000 0.000000 0.727919 276.000000
