#! FIELDS time s.mean
 0.000000 13.705802
 1.000000 13.892311
 2.000000 13.699559
 3.000000 13.723901
 4.000000 13.907801
 5.000000 13.668700
 6.000000 13.839340
 7.000000 13.900840
 8.000000 13.468900
 9.000000 13.942945
 10.000000 13.725130
 11.000000 13.531930
 12.000000 13.902454
 13.000000 13.629121
 14.000000 13.805616
 15.000000 13.837384
 16.000000 13.488270
 17.000000 13.939749
 18.000000 13.694200
 19.000000 13.887201
 20.000000 13.938988
 21.000000 13.647321
 22.000000 14.050150
 23.000000 13.638287
 24.000000 13.697535
 25.000000 14.041908
 26.000000 13.472296
 27.000000 13.921034
 28.000000 13.740133
 29.000000 13.738712
 30.000000 13.774999
 31.000000 13.707423
 32.000000 13.819267
 33.000000 13.677401
 34.000000 13.720170
 35.000000 13.866971
 36.000000 13.573488
 37.000000 13.897607
 38.000000 13.622813
 39.000000 13.705003
 40.000000 13.824802
 41.000000 13.543194
 42.000000 13.935383
 43.000000 13.588869
 44.000000 13.760749
 45.000000 13.759090
 46.000000 13.573769
 47.000000 13.827902
 48.000000 13.656312
 49.000000 13.920098
 50.000000 13.732571
 51.000000 13.751172
 52.000000 13.849215
 53.000000 13.555212
 54.000000 13.832991
 55.000000 13.806232
 56.000000 13.805817
 57.000000 13.836177
 58.000000 13.819901
 59.000000 13.789759
 60.000000 13.664032
 61.000000 13.830246
 62.000000 13.845875
 63.000000 13.648208
 64.000000 13.898512
 65.000000 13.792976
 66.000000 13.666435
 67.000000 13.967015
 68.000000 13.640559
 69.000000 13.849315
 70.000000 13.819699
 71.000000 13.641743
 72.000000 13.894206
 73.000000 13.742444
 74.000000 13.810480
 75.000000 13.814826
 76.000000 13.629152
 77.000000 13.846037
 78.000000 13.644205
 79.000000 13.536180
 80.000000 13.921652
 81.000000 13.533680
 82.000000 13.695032
 83.000000 13.837825
 84.000000 13.573941
 85.000000 13.805049
 86.000000 13.644713
 87.000000 13.668260
 88.000000 13.908708
 89.000000 13.664247
 90.000000 13.811020
 91.000000 13.720537
 92.000000 13.614445
 93.000000 13.904843
 94.000000 13.607247
 95.000000 13.761072
 96.000000 13.864603
 97.000000 13.655200
 98.000000 13.862664
 99.000000 13.738157
 100.000000 13.757659
 101.000000 13.761550
 102.000000 13.808497
 103.000000 13.770352
 104.000000 13.797664
 105.000000 13.875034
 106.000000 13.653100
 107.000000 13.901282
 108.000000 13.653599
 109.000000 13.677535
 110.000000 13.823648
 111.000000 13.681302
 112.000000 13.814410
 113.000000 13.826099
 114.000000 13.685539
 115.000000 13.807560
 116.000000 13.666153
 117.000000 13.671906
 118.000000 13.751310
 119.000000 13.611934
 120.000000 13.821334
 121.000000 13.723847
 122.000000 13.688215
 123.000000 13.858959
 124.000000 13.682812
 125.000000 13.682137
 126.000000 13.823509
 127.000000 13.769097
 128.000000 13.692624
 129.000000 13.742829
 130.000000 13.598399
 131.000000 13.706669
 132.000000 13.802445
 133.000000 13.558709
 134.000000 13.818542
 135.000000 13.786555
 136.000000 13.713285
 137.000000 13.808618
 138.000000 13.707511
 139.000000 13.789692
 140.000000 13.918325
 141.000000 13.724289
 142.000000 13.760533
 143.000000 13.841997
 144.000000 13.558891
 145.000000 13.862153
 146.000000 13.682158
 147.000000 13.675545
 148.000000 13.925939
 149.000000 13.602439
 150.000000 13.825286
 151.000000 13.821581
 152.000000 13.638359
 153.000000 13.823373
 154.000000 13.769376
 155.000000 13.680453
 156.000000 13.775932
 157.000000 13.562760
 158.000000 13.933064
 159.000000 13.659787
 160.000000 13.595416
 161.000000 13.958438
 162.000000 13.528916
 163.000000 13.848066
 164.000000 13.837381
 165.000000 13.702056
 166.000000 13.934151
 167.000000 13.712605
 168.000000 13.778234
 169.000000 13.833512
 170.000000 13.686216
 171.000000 13.783767
 172.000000 13.721674
 173.000000 13.757526
 174.000000 13.926083
 175.000000 13.651751
 176.000000 13.865277
 177.000000 13.773160
 178.000000 13.629771
 179.000000 13.936901
 180.000000 13.685581
 181.000000 13.754794
 182.000000 13.864155
 183.000000 13.646180
 184.000000 13.720303
 185.000000 13.701166
 186.000000 13.605702
 187.000000 13.874145
 188.000000 13.716443
 189.000000 13.674192
 190.000000 13.945608
 191.000000 13.645217
 192.000000 13.840318
 193.000000 13.759009
 194.000000 13.719571
 195.000000 13.834133
 196.000000 13.720614
 197.000000 13.929079
 198.000000 13.705114
 199.000000 13.587538
 200.000000 13.885580
 201.000000 13.645408
 202.000000 13.825583
 203.000000 13.719216
 204.000000 13.710262
 205.000000 13.817505
 206.000000 13.644375
 207.000000 13.935658
 208.000000 13.584685
 209.000000 13.779086
 210.000000 13.888416
 211.000000 13.604018
 212.000000 13.867378
 213.000000 13.720382
 214.000000 13.769763
 215.000000 13.888039
 216.000000 13.707141
 217.000000 13.903403
 218.000000 13.788268
 219.000000 13.786317
 220.000000 13.889583
 221.000000 13.711657
 222.000000 13.751774
 223.000000 13.766254
 224.000000 13.706190
 225.000000 13.821097
 226.000000 13.730685
 227.000000 13.828514
 228.000000 13.756538
 229.000000 13.764236
 230.000000 13.848564
 231.000000 13.744427
 232.000000 13.886725
 233.000000 13.792969
 234.000000 13.742400
 235.000000 13.895624
 236.000000 13.710893
 237.000000 13.938914
 238.000000 13.841645
 239.000000 13.591394
 240.000000 13.893145
 241.000000 13.632752
 242.000000 13.695356
 243.000000 13.904792
 244.000000 13.584914
 245.000000 13.901042
 246.000000 13.798695
 247.000000 13.709722
 248.000000 13.863614
 249.000000 13.680575
 250.000000 13.807289
 251.000000 13.852554
 252.000000 13.896360
 253.000000 13.646115
 254.000000 13.860639
 255.000000 13.783878
 256.000000 13.632047
 257.000000 13.847224
 258.000000 13.704587
 259.000000 13.763460
 260.000000 13.715459
 261.000000 13.755018
 262.000000 13.698141
 263.000000 13.762765
 264.000000 13.828225
 265.000000 13.811308
 266.000000 13.806846
 267.000000 13.768003
 268.000000 13.814437
 269.000000 13.732589
 270.000000 13.873310
 271.000000 13.717125
 272.000000 13.761319
 273.000000 13.756202
 274.000000 13.732293
 275.000000 13.841906
 276.000000 13.571270
 277.000000 13.942070
 278.000000 13.762503
 279.000000 13.581196
 280.000000 13.971426
 281.000000 13.576714
 282.000000 13.714206
 283.000000 13.721904
 284.000000 13.840498
 285.000000 13.899781
 286.000000 13.666943
 287.000000 13.789300
 288.000000 13.702495
 289.000000 13.651012
 290.000000 13.887552
 291.000000 13.544451
 292.000000 13.806513
 293.000000 13.836610
 294.000000 13.607244
 295.000000 13.940872
 296.000000 13.656324
 297.000000 13.670381
 298.000000 13.826512
 299.000000 13.704467
 300.000000 13.780950
 301.000000 13.745972
 302.000000 13.652467
 303.000000 13.865611
 304.000000 13.696140
 305.000000 13.781465
 306.000000 13.975444
 307.000000 13.639528
 308.000000 13.780186
 309.000000 13.798527
 310.000000 13.703284
 311.000000 13.880948
 312.000000 13.741094
 313.000000 13.751316
 314.000000 13.877179
 315.000000 13.745689
 316.000000 13.877260
 317.000000 13.770163
 318.000000 13.668746
 319.000000 13.934036
 320.000000 13.479181
 321.000000 13.757746
 322.000000 13.841067
 323.000000 13.627511
 324.000000 13.859145
 325.000000 13.743195
 326.000000 13.774805
 327.000000 13.804085
 328.000000 13.712662
 329.000000 13.737628
 330.000000 13.712105
 331.000000 14.065120
 332.000000 13.524036
 333.000000 14.046817
 334.000000 13.905442
 335.000000 13.625673
 336.000000 13.868518
 337.000000 13.697241
 338.000000 13.824407
 339.000000 13.818557
 340.000000 13.655100
 341.000000 13.841053
 342.000000 13.705308
 343.000000 13.860143
 344.000000 13.806648
 345.000000 13.787278
 346.000000 13.786979
 347.000000 13.721002
 348.000000 13.815194
 349.000000 13.702620
 350.000000 13.765405
 351.000000 13.771086
 352.000000 13.674892
 353.000000 13.784808
 354.000000 13.732402
 355.000000 13.788544
 356.000000 13.858320
 357.000000 13.757985
 358.000000 13.747758
 359.000000 13.808530
 360.000000 13.717486
 361.000000 13.819647
 362.000000 13.686681
 363.000000 13.597526
 364.000000 13.870074
 365.000000 13.544789
 366.000000 13.782470
 367.000000 13.816512
 368.000000 13.613368
 369.000000 13.885740
 370.000000 13.693213
 371.000000 13.755629
 372.000000 13.807299
 373.000000 13.577174
 374.000000 13.679060
 375.000000 13.821067
 376.000000 13.750479
 377.000000 13.785341
 378.000000 13.809258
 379.000000 13.717857
 380.000000 13.670351
 381.000000 13.764882
 382.000000 13.801156
 383.000000 13.721698
 384.000000 13.751077
 385.000000 13.733292
 386.000000 13.703263
 387.000000 13.702395
 388.000000 13.678795
 389.000000 13.822190
 390.000000 13.678371
 391.000000 13.735975
 392.000000 13.824359
 393.000000 13.632333
 394.000000 13.859013
 395.000000 13.743451
 396.000000 13.802748
 397.000000 13.742548
 398.000000 13.698143
 399.000000 13.916703
