#! FIELDS time s.mean
 0.000000 0.597187
 1.000000 0.559704
 2.000000 0.554848
 3.000000 0.564745
 4.000000 0.590820
 5.000000 0.563845
 6.000000 0.591893
 7.000000 0.551258
 8.000000 0.538936
 9.000000 0.571556
 10.000000 0.543921
 11.000000 0.534865
 12.000000 0.549441
 13.000000 0.561599
 14.000000 0.529503
 15.000000 0.495840
 16.000000 0.516121
 17.000000 0.525429
 18.000000 0.551474
 19.000000 0.554074
 20.000000 0.522751
 21.000000 0.521302
 22.000000 0.561547
 23.000000 0.575736
 24.000000 0.567369
 25.000000 0.535583
 26.000000 0.519070
 27.000000 0.525683
 28.000000 0.566030
 29.000000 0.563885
 30.000000 0.552114
 31.000000 0.560366
 32.000000 0.537738
 33.000000 0.571319
 34.000000 0.572973
 35.000000 0.554105
 36.000000 0.567370
 37.000000 0.548234
 38.000000 0.538120
 39.000000 0.510980
 40.000000 0.507436
 41.000000 0.548535
 42.000000 0.548479
 43.000000 0.517760
 44.000000 0.522561
 45.000000 0.542376
 46.000000 0.527858
 47.000000 0.516818
 48.000000 0.584768
 49.000000 0.540336
 50.000000 0.544714
 51.000000 0.553936
 52.000000 0.539565
 53.000000 0.539046
 54.000000 0.573201
 55.000000 0.566955
 56.000000 0.532439
 57.000000 0.577436
 58.000000 0.579213
 59.000000 0.543402
 60.000000 0.527007
 61.000000 0.544846
 62.000000 0.584991
 63.000000 0.549720
 64.000000 0.558994
 65.000000 0.557114
 66.000000 0.597628
 67.000000 0.572488
 68.000000 0.594578
 69.000000 0.576536
 70.000000 0.571861
 71.000000 0.562027
 72.000000 0.567740
 73.000000 0.583684
 74.000000 0.567383
 75.000000 0.536352
 76.000000 0.530722
 77.000000 0.519027
 78.000000 0.530700
 79.000000 0.522852
 80.000000 0.537244
 81.000000 0.525227
 82.000000 0.529056
 83.000000 0.522863
 84.000000 0.549391
 85.000000 0.571989
 86.000000 0.523701
 87.000000 0.515202
 88.000000 0.599483
 89.000000 0.582522
 90.000000 0.515386
 91.000000 0.509821
 92.000000 0.563794
 93.000000 0.535541
 94.000000 0.513346
 95.000000 0.500906
 96.000000 0.524067
 97.000000 0.515147
 98.000000 0.509910
 99.000000 0.535719
 100.000000 0.533575
 101.000000 0.547615
 102.000000 0.538102
 103.000000 0.527350
 104.000000 0.556069
 105.000000 0.537736
 106.000000 0.513277
 107.000000 0.520199
 108.000000 0.486660
 109.000000 0.512317
 110.000000 0.514018
 111.000000 0.507053
 112.000000 0.544825
 113.000000 0.537834
 114.000000 0.509480
 115.000000 0.555305
 116.000000 0.529925
 117.000000 0.506806
 118.000000 0.480981
 119.000000 0.493251
 120.000000 0.555120
 121.000000 0.547181
 122.000000 0.538953
 123.000000 0.584810
 124.000000 0.544809
 125.000000 0.504469
 126.000000 0.574930
 127.000000 0.567003
 128.000000 0.543402
 129.000000 0.529521
 130.000000 0.509792
 131.000000 0.537502
 132.000000 0.532744
 133.000000 0.540838
 134.000000 0.535179
 135.000000 0.548304
 136.000000 0.533494
 137.000000 0.532095
 138.000000 0.536794
 139.000000 0.536473
 140.000000 0.577569
 141.000000 0.526018
 142.000000 0.515396
 143.000000 0.572960
 144.000000 0.529771
 145.000000 0.491768
 146.000000 0.518864
 147.000000 0.488992
 148.000000 0.506084
 149.000000 0.522674
 150.000000 0.546320
 151.000000 0.537055
 152.000000 0.544562
 153.000000 0.566072
 154.000000 0.528138
 155.000000 0.533395
 156.000000 0.500290
 157.000000 0.556287
 158.000000 0.550537
 159.000000 0.499188
 160.000000 0.525306
 161.000000 0.568197
 162.000000 0.552216
 163.000000 0.525135
 164.000000 0.527662
 165.000000 0.542737
 166.000000 0.549655
 167.000000 0.536039
 168.000000 0.547982
 169.000000 0.580490
 170.000000 0.575604
 171.000000 0.570411
 172.000000 0.540388
 173.000000 0.597153
 174.000000 0.568226
 175.000000 0.574598
 176.000000 0.613687
 177.000000 0.553152
 178.000000 0.548637
 179.000000 0.582441
 180.000000 0.540366
 181.000000 0.553014
 182.000000 0.568992
 183.000000 0.574410
 184.000000 0.521524
 185.000000 0.528211
 186.000000 0.553571
 187.000000 0.588144
 188.000000 0.569161
 189.000000 0.543996
 190.000000 0.517914
 191.000000 0.533644
 192.000000 0.555191
 193.000000 0.552287
 194.000000 0.525184
 195.000000 0.554510
 196.000000 0.564223
 197.000000 0.560185
 198.000000 0.519571
 199.000000 0.539887
 200.000000 0.539887
 201.000000 0.561447
 202.000000 0.508044
 203.000000 0.543582
 204.000000 0.553188
 205.000000 0.547076
 206.000000 0.548570
 207.000000 0.546877
 208.000000 0.530630
 209.000000 0.584533
 210.000000 0.553036
 211.000000 0.532245
 212.000000 0.535520
 213.000000 0.524210
 214.000000 0.586348
 215.000000 0.548280
 216.000000 0.554690
 217.000000 0.556444
 218.000000 0.598989
 219.000000 0.513251
 220.000000 0.546985
 221.000000 0.556536
 222.000000 0.599656
 223.000000 0.525243
 224.000000 0.541667
 225.000000 0.559748
 226.000000 0.583341
 227.000000 0.570781
 228.000000 0.535411
 229.000000 0.560644
 230.000000 0.572290
 231.000000 0.560823
 232.000000 0.552665
 233.000000 0.548264
 234.000000 0.578010
 235.000000 0.549935
 236.000000 0.528227
 237.000000 0.562065
 238.000000 0.534065
 239.000000 0.511369
 240.000000 0.531696
 241.000000 0.528632
 242.000000 0.560049
 243.000000 0.538394
 244.000000 0.579073
 245.000000 0.578641
 246.000000 0.591130
 247.000000 0.576606
 248.000000 0.581739
 249.000000 0.592103
 250.000000 0.562218
 251.000000 0.576530
 252.000000 0.571932
 253.000000 0.579263
 254.000000 0.562971
 255.000000 0.556099
 256.000000 0.515549
 257.000000 0.524920
 258.000000 0.541025
 259.000000 0.507216
 260.000000 0.529249
 261.000000 0.503215
 262.000000 0.528417
 263.000000 0.546782
 264.000000 0.543360
 265.000000 0.564488
 266.000000 0.567047
 267.000000 0.588688
 268.000000 0.573879
 269.000000 0.567785
 270.000000 0.558978
 271.000000 0.542894
 272.000000 0.547765
 273.000000 0.520062
 274.000000 0.529477
 275.000000 0.513130
 276.000000 0.533045
 277.000000 0.568896
 278.000000 0.529711
 279.000000 0.553502
 280.000000 0.526734
 281.000000 0.549809
 282.000000 0.509593
 283.000000 0.529809
 284.000000 0.556666
 285.000000 0.559356
 286.000000 0.537709
 287.000000 0.536273
 288.000000 0.535617
 289.000000 0.557848
 290.000000 0.553982
 291.000000 0.491197
 292.000000 0.572993
 293.000000 0.575284
 294.000000 0.529067
 295.000000 0.544600
 296.000000 0.552697
 297.000000 0.557031
 298.000000 0.554151
 299.000000 0.545718
 300.000000 0.566678
 301.000000 0.537311
 302.000000 0.498744
 303.000000 0.539696
 304.000000 0.543793
 305.000000 0.545445
 306.000000 0.518765
 307.000000 0.485665
 308.000000 0.533304
 309.000000 0.497847
 310.000000 0.511241
 311.000000 0.529597
 312.000000 0.547415
 313.000000 0.545687
 314.000000 0.546576
 315.000000 0.551608
 316.000000 0.569565
 317.000000 0.582147
 318.000000 0.574076
 319.000000 0.576926
 320.000000 0.522555
 321.000000 0.537715
 322.000000 0.552461
 323.000000 0.562555
 324.000000 0.532709
 325.000000 0.571932
 326.000000 0.564280
 327.000000 0.543070
 328.000000 0.524902
 329.000000 0.531531
 330.000000 0.542358
 331.000000 0.521642
 332.000000 0.512117
 333.000000 0.542058
 334.000000 0.509065
 335.000000 0.493752
 336.000000 0.554020
 337.000000 0.568587
 338.000000 0.581300
 339.000000 0.537457
 340.000000 0.572063
 341.000000 0.538221
 342.000000 0.575648
 343.000000 0.556268
 344.000000 0.546181
 345.000000 0.511408
 346.000000 0.538624
 347.000000 0.562240
 348.000000 0.527221
 349.000000 0.545832
 350.000000 0.548775
 351.000000 0.577019
 352.000000 0.532755
 353.000000 0.528140
 354.000000 0.550330
 355.000000 0.565983
 356.000000 0.564487
 357.000000 0.538100
 358.000000 0.535138
 359.000000 0.548536
 360.000000 0.541943
 361.000000 0.526164
 362.000000 0.511153
 363.000000 0.497294
 364.000000 0.544737
 365.000000 0.493982
 366.000000 0.520203
 367.000000 0.561885
 368.000000 0.556390
 369.000000 0.565950
 370.000000 0.559569
 371.000000 0.557218
 372.000000 0.532865
 373.000000 0.511417
 374.000000 0.542724
 375.000000 0.559290
 376.000000 0.538765
 377.000000 0.547930
 378.000000 0.571347
 379.000000 0.556225
 380.000000 0.498050
 381.000000 0.546409
 382.000000 0.522361
 383.000000 0.523594
 384.000000 0.545566
 385.000000 0.522533
 386.000000 0.559015
 387.000000 0.535782
 388.000000 0.480747
 389.000000 0.507005
 390.000000 0.555958
 391.000000 0.566520
 392.000000 0.531833
 393.000000 0.530847
 394.000000 0.503710
 395.000000 0.556066
 396.000000 0.537054
 397.000000 0.486312
 398.000000 0.525316
 399.000000 0.551061
