#! FIELDS time s.mean
 0.000000 0.863655
 1.000000 0.846196
 2.000000 0.846900
 3.000000 0.848513
 4.000000 0.860050
 5.000000 0.845717
 6.000000 0.862145
 7.000000 0.842916
 8.000000 0.834506
 9.000000 0.855336
 10.000000 0.836222
 11.000000 0.835906
 12.000000 0.841135
 13.000000 0.846855
 14.000000 0.832021
 15.000000 0.815713
 16.000000 0.821870
 17.000000 0.830237
 18.000000 0.842116
 19.000000 0.845133
 20.000000 0.827542
 21.000000 0.827781
 22.000000 0.845119
 23.000000 0.852524
 24.000000 0.849023
 25.000000 0.832249
 26.000000 0.825666
 27.000000 0.829213
 28.000000 0.849686
 29.000000 0.845790
 30.000000 0.840427
 31.000000 0.844104
 32.000000 0.838112
 33.000000 0.853660
 34.000000 0.852551
 35.000000 0.844404
 36.000000 0.850356
 37.000000 0.839546
 38.000000 0.833524
 39.000000 0.823262
 40.000000 0.817986
 41.000000 0.838766
 42.000000 0.841667
 43.000000 0.821451
 44.000000 0.829147
 45.000000 0.840005
 46.000000 0.830682
 47.000000 0.823067
 48.000000 0.858655
 49.000000 0.835446
 50.000000 0.837826
 51.000000 0.839918
 52.000000 0.837305
 53.000000 0.830401
 54.000000 0.853897
 55.000000 0.852879
 56.000000 0.833377
 57.000000 0.856319
 58.000000 0.854815
 59.000000 0.839124
 60.000000 0.827634
 61.000000 0.838608
 62.000000 0.858077
 63.000000 0.844812
 64.000000 0.844092
 65.000000 0.846483
 66.000000 0.863928
 67.000000 0.854590
 68.000000 0.862334
 69.000000 0.855493
 70.000000 0.853279
 71.000000 0.845692
 72.000000 0.851093
 73.000000 0.859554
 74.000000 0.847692
 75.000000 0.833297
 76.000000 0.834696
 77.000000 0.824385
 78.000000 0.830724
 79.000000 0.827174
 80.000000 0.836131
 81.000000 0.827485
 82.000000 0.831287
 83.000000 0.827086
 84.000000 0.839926
 85.000000 0.850487
 86.000000 0.826675
 87.000000 0.824111
 88.000000 0.863008
 89.000000 0.856858
 90.000000 0.822859
 91.000000 0.816195
 92.000000 0.849951
 93.000000 0.833280
 94.000000 0.818254
 95.000000 0.815119
 96.000000 0.827299
 97.000000 0.824252
 98.000000 0.820880
 99.000000 0.834811
 100.000000 0.832405
 101.000000 0.838740
 102.000000 0.835142
 103.000000 0.831186
 104.000000 0.844706
 105.000000 0.837592
 106.000000 0.822546
 107.000000 0.821426
 108.000000 0.810437
 109.000000 0.821186
 110.000000 0.820098
 111.000000 0.817179
 112.000000 0.836539
 113.000000 0.834377
 114.000000 0.821234
 115.000000 0.844344
 116.000000 0.831134
 117.000000 0.819506
 118.000000 0.803401
 119.000000 0.809551
 120.000000 0.842834
 121.000000 0.839754
 122.000000 0.835439
 123.000000 0.858400
 124.000000 0.834355
 125.000000 0.816962
 126.000000 0.853858
 127.000000 0.848759
 128.000000 0.837096
 129.000000 0.826358
 130.000000 0.820110
 131.000000 0.836705
 132.000000 0.830582
 133.000000 0.836862
 134.000000 0.833034
 135.000000 0.841891
 136.000000 0.831813
 137.000000 0.833844
 138.000000 0.835181
 139.000000 0.834188
 140.000000 0.857459
 141.000000 0.828786
 142.000000 0.823561
 143.000000 0.852092
 144.000000 0.828815
 145.000000 0.807562
 146.000000 0.822910
 147.000000 0.810619
 148.000000 0.821860
 149.000000 0.826129
 150.000000 0.835866
 151.000000 0.834476
 152.000000 0.836525
 153.000000 0.849023
 154.000000 0.831821
 155.000000 0.832147
 156.000000 0.814067
 157.000000 0.843826
 158.000000 0.840911
 159.000000 0.813736
 160.000000 0.827340
 161.000000 0.851739
 162.000000 0.841194
 163.000000 0.830250
 164.000000 0.827795
 165.000000 0.838986
 166.000000 0.842972
 167.000000 0.831333
 168.000000 0.841218
 169.000000 0.856961
 170.000000 0.856131
 171.000000 0.850576
 172.000000 0.834703
 173.000000 0.864450
 174.000000 0.851582
 175.000000 0.853559
 176.000000 0.870589
 177.000000 0.841704
 178.000000 0.840759
 179.000000 0.855850
 180.000000 0.835403
 181.000000 0.843284
 182.000000 0.850533
 183.000000 0.853290
 184.000000 0.827860
 185.000000 0.831024
 186.000000 0.842791
 187.000000 0.859726
 188.000000 0.850886
 189.000000 0.836475
 190.000000 0.826505
 191.000000 0.833046
 192.000000 0.844909
 193.000000 0.844364
 194.000000 0.825962
 195.000000 0.843475
 196.000000 0.848593
 197.000000 0.844102
 198.000000 0.824446
 199.000000 0.836418
 200.000000 0.833039
 201.000000 0.846407
 202.000000 0.820320
 203.000000 0.839208
 204.000000 0.843980
 205.000000 0.835267
 206.000000 0.839731
 207.000000 0.838441
 208.000000 0.831685
 209.000000 0.859046
 210.000000 0.844789
 211.000000 0.830276
 212.000000 0.834144
 213.000000 0.830289
 214.000000 0.856569
 215.000000 0.839087
 216.000000 0.844160
 217.000000 0.842665
 218.000000 0.864679
 219.000000 0.823270
 220.000000 0.840901
 221.000000 0.843148
 222.000000 0.865185
 223.000000 0.831339
 224.000000 0.838127
 225.000000 0.844801
 226.000000 0.857611
 227.000000 0.853039
 228.000000 0.833279
 229.000000 0.846856
 230.000000 0.851999
 231.000000 0.846148
 232.000000 0.839707
 233.000000 0.842045
 234.000000 0.854556
 235.000000 0.842952
 236.000000 0.829156
 237.000000 0.848034
 238.000000 0.833131
 239.000000 0.820300
 240.000000 0.832391
 241.000000 0.832754
 242.000000 0.846859
 243.000000 0.836292
 244.000000 0.855403
 245.000000 0.856206
 246.000000 0.861351
 247.000000 0.855837
 248.000000 0.859201
 249.000000 0.861134
 250.000000 0.848068
 251.000000 0.854243
 252.000000 0.852492
 253.000000 0.855362
 254.000000 0.848213
 255.000000 0.844989
 256.000000 0.823630
 257.000000 0.828396
 258.000000 0.837644
 259.000000 0.820185
 260.000000 0.832590
 261.000000 0.817074
 262.000000 0.832585
 263.000000 0.839444
 264.000000 0.838697
 265.000000 0.850249
 266.000000 0.851051
 267.000000 0.856435
 268.000000 0.852018
 269.000000 0.850179
 270.000000 0.845297
 271.000000 0.835756
 272.000000 0.839474
 273.000000 0.826076
 274.000000 0.827363
 275.000000 0.819340
 276.000000 0.834397
 277.000000 0.849946
 278.000000 0.827655
 279.000000 0.842997
 280.000000 0.825798
 281.000000 0.842144
 282.000000 0.820532
 283.000000 0.831993
 284.000000 0.846070
 285.000000 0.846845
 286.000000 0.831633
 287.000000 0.833913
 288.000000 0.835604
 289.000000 0.844332
 290.000000 0.844093
 291.000000 0.806561
 292.000000 0.852445
 293.000000 0.854040
 294.000000 0.831846
 295.000000 0.837450
 296.000000 0.839381
 297.000000 0.844053
 298.000000 0.843651
 299.000000 0.838279
 300.000000 0.850084
 301.000000 0.833961
 302.000000 0.815958
 303.000000 0.836857
 304.000000 0.836544
 305.000000 0.841025
 306.000000 0.825294
 307.000000 0.808570
 308.000000 0.832322
 309.000000 0.812556
 310.000000 0.822445
 311.000000 0.829505
 312.000000 0.841514
 313.000000 0.838469
 314.000000 0.837926
 315.000000 0.840599
 316.000000 0.851115
 317.000000 0.858130
 318.000000 0.852897
 319.000000 0.855707
 320.000000 0.828355
 321.000000 0.835833
 322.000000 0.843925
 323.000000 0.846427
 324.000000 0.831897
 325.000000 0.854095
 326.000000 0.847276
 327.000000 0.837367
 328.000000 0.827232
 329.000000 0.830677
 330.000000 0.835292
 331.000000 0.827575
 332.000000 0.821277
 333.000000 0.838831
 334.000000 0.817783
 335.000000 0.811163
 336.000000 0.843344
 337.000000 0.851232
 338.000000 0.856553
 339.000000 0.837189
 340.000000 0.852181
 341.000000 0.834783
 342.000000 0.853557
 343.000000 0.844617
 344.000000 0.837997
 345.000000 0.823011
 346.000000 0.836721
 347.000000 0.847332
 348.000000 0.830633
 349.000000 0.836721
 350.000000 0.839511
 351.000000 0.852617
 352.000000 0.833379
 353.000000 0.831125
 354.000000 0.839766
 355.000000 0.849384
 356.000000 0.848310
 357.000000 0.835922
 358.000000 0.834384
 359.000000 0.841278
 360.000000 0.837746
 361.000000 0.826324
 362.000000 0.821347
 363.000000 0.812826
 364.000000 0.834536
 365.000000 0.809813
 366.000000 0.824375
 367.000000 0.847669
 368.000000 0.843851
 369.000000 0.848445
 370.000000 0.846339
 371.000000 0.846608
 372.000000 0.832526
 373.000000 0.822614
 374.000000 0.835339
 375.000000 0.843135
 376.000000 0.835945
 377.000000 0.839564
 378.000000 0.851463
 379.000000 0.845754
 380.000000 0.814747
 381.000000 0.838961
 382.000000 0.829313
 383.000000 0.826282
 384.000000 0.839650
 385.000000 0.825978
 386.000000 0.845797
 387.000000 0.833357
 388.000000 0.802290
 389.000000 0.821530
 390.000000 0.841868
 391.000000 0.851676
 392.000000 0.832285
 393.000000 0.831185
 394.000000 0.814400
 395.000000 0.843231
 396.000000 0.834352
 397.000000 0.807316
 398.000000 0.828847
 399.000000 0.841622
