#! FIELDS time refcv.mean refcv.morethan umb1.refcv.morethan opes.bias refcv2.mean refcv2.morethan
 101.000000 0.541972 546.936808 546.936808 0.000000 0.541972 303.000000
 101.250000 0.569360 602.041559 602.041559 0.000000 0.569360 424.000000
 101.500000 0.586414 633.811162 633.811162 0.000000 0.586414 528.000000
 101.750000 0.598315 652.139747 652.139747 0.000000 0.598315 587.000000
 102.000000 0.610458 668.210910 668.210910 0.000000 0.610458 638.000000
 102.250000 0.624430 681.309904 681.309904 0.000000 0.624430 666.000000
 102.500000 0.626104 683.815366 683.815366 0.000000 0.626104 664.000000
 102.750000 0.622818 680.494351 680.494351 0.000000 0.622818 666.000000
 103.000000 0.626902 684.346347 684.346347 0.000000 0.626902 672.000000
 103.250000 0.623911 682.728195 682.728195 0.000000 0.623911 673.000000
 103.500000 0.626190 687.101995 687.101995 0.000000 0.626190 681.000000
 103.750000 0.630604 687.037281 687.037281 0.000000 0.630604 678.000000
 104.000000 0.627757 684.787998 684.787998 0.000000 0.627757 674.000000
 104.250000 0.629836 684.301257 684.301257 0.000000 0.629836 660.000000
 104.500000 0.632734 688.990076 688.990076 0.000000 0.632734 675.000000
 104.750000 0.632749 688.599186 688.599186 0.000000 0.632749 681.000000
 105.000000 0.631075 689.194640 689.194640 0.000000 0.631075 684.000000
 105.250000 0.628297 686.549193 686.549193 0.000000 0.628297 675.000000
 105.500000 0.627406 683.257125 683.257125 0.000000 0.627406 658.000000
 105.750000 0.632150 687.235896 687.235896 0.000000 0.632150 676.000000
 106.000000 0.630410 688.063112 688.063112 0.000000 0.630410 683.000000
 106.250000 0.628952 686.653206 686.653206 0.000000 0.628952 681.000000
 106.500000 0.627846 684.463438 684.463438 0.000000 0.627846 677.000000
 106.750000 0.629023 683.572937 683.572937 0.000000 0.629023 658.000000
 107.000000 0.631190 687.951383 687.951383 0.000000 0.631190 679.000000
 107.250000 0.633220 688.444636 688.444636 0.000000 0.633220 673.000000
 107.500000 0.634617 690.548977 690.548977 0.000000 0.634617 687.000000
 107.750000 0.631591 691.104513 691.104513 0.000000 0.631591 689.000000
 108.000000 0.628665 686.243157 686.243157 0.000000 0.628665 676.000000
 108.250000 0.631759 688.230873 688.230873 0.000000 0.631759 681.000000
 108.500000 0.636839 693.997173 693.997173 0.000000 0.636839 696.000000
 108.750000 0.632293 690.243377 690.243377 0.000000 0.632293 694.000000
 109.000000 0.626351 682.588056 682.588056 0.000000 0.626351 666.000000
 109.250000 0.632327 688.414404 688.414404 0.000000 0.632327 676.000000
 109.500000 0.628573 689.615737 689.615737 0.000000 0.628573 689.000000
 109.750000 0.632012 689.281894 689.281894 0.000000 0.632012 684.000000
 110.000000 0.627852 689.500261 689.500261 0.000000 0.627852 694.000000
 110.250000 0.627349 687.622602 687.622602 0.000000 0.627349 679.000000
 110.500000 0.624458 684.968142 684.968142 0.000000 0.624458 684.000000
 110.750000 0.631731 691.260718 691.260718 0.000000 0.631731 689.000000
 111.000000 0.635556 694.282821 694.282821 0.000000 0.635556 699.000000
 111.250000 0.630870 689.102247 689.102247 0.000000 0.630870 683.000000
 111.500000 0.628805 684.497384 684.497384 0.000000 0.628805 680.000000
 111.750000 0.628036 684.665956 684.665956 0.000000 0.628036 680.000000
 112.000000 0.629397 689.047726 689.047726 0.000000 0.629397 685.000000
 112.250000 0.630182 688.155648 688.155648 0.000000 0.630182 684.000000
 112.500000 0.628362 688.172390 688.172390 0.000000 0.628362 689.000000
 112.750000 0.622640 679.731879 679.731879 0.000000 0.622640 663.000000
 113.000000 0.622582 681.823446 681.823446 0.000000 0.622582 664.000000
 113.250000 0.624113 681.632809 681.632809 0.000000 0.624113 676.000000
 113.500000 0.620593 679.045326 679.045326 0.000000 0.620593 657.000000
 113.750000 0.626226 681.627145 681.627145 0.000000 0.626226 668.000000
 114.000000 0.632829 689.851674 689.851674 0.000000 0.632829 675.000000
 114.250000 0.633963 692.572334 692.572334 0.000000 0.633963 693.000000
 114.500000 0.632962 690.153313 690.153313 0.000000 0.632962 691.000000
 114.750000 0.632351 689.393686 689.393686 0.000000 0.632351 687.000000
 115.000000 0.631381 689.852389 689.852389 0.000000 0.631381 687.000000
 115.250000 0.634853 692.383476 692.383476 0.000000 0.634853 693.000000
 115.500000 0.633588 689.202036 689.202036 0.000000 0.633588 683.000000
 115.750000 0.638395 693.365607 693.365607 0.000000 0.638395 686.000000
 116.000000 0.636367 689.792492 689.792492 0.000000 0.636367 674.000000
 116.250000 0.633646 688.534600 688.534600 0.000000 0.633646 672.000000
 116.500000 0.630975 688.208448 688.208448 0.000000 0.630975 687.000000
 116.750000 0.629991 688.113444 688.113444 0.000000 0.629991 679.000000
 117.000000 0.636392 693.368068 693.368068 0.000000 0.636392 690.000000
 117.250000 0.629839 687.059060 687.059060 0.000000 0.629839 686.000000
 117.500000 0.627606 687.105364 687.105364 0.000000 0.627606 686.000000
 117.750000 0.630056 689.983233 689.983233 0.000000 0.630056 698.000000
 118.000000 0.636139 693.589502 693.589502 0.000000 0.636139 697.000000
 118.250000 0.633813 691.526758 691.526758 0.000000 0.633813 688.000000
 118.500000 0.626903 685.181048 685.181048 0.000000 0.626903 675.000000
 118.750000 0.625858 682.801046 682.801046 0.000000 0.625858 666.000000
 119.000000 0.630457 688.579778 688.579778 0.000000 0.630457 690.000000
 119.250000 0.633936 689.769812 689.769812 0.000000 0.633936 675.000000
 119.500000 0.634692 690.604287 690.604287 0.000000 0.634692 683.000000
 119.750000 0.633784 691.277593 691.277593 0.000000 0.633784 678.000000
 120.000000 0.633465 688.593818 688.593818 0.000000 0.633465 682.000000
 120.250000 0.627202 685.605524 685.605524 0.000000 0.627202 683.000000
 120.500000 0.627677 683.685006 683.685006 0.000000 0.627677 666.000000
 120.750000 0.629283 686.783759 686.783759 0.000000 0.629283 684.000000
 121.000000 0.627003 687.102247 687.102247 0.000000 0.627003 690.000000
 121.250000 0.624389 681.993061 681.993061 0.000000 0.624389 675.000000
 121.500000 0.616636 676.439543 676.439543 0.000000 0.616636 652.000000
 121.750000 0.625730 685.094991 685.094991 0.000000 0.625730 679.000000
 122.000000 0.631179 688.022104 688.022104 0.000000 0.631179 676.000000
 122.250000 0.634378 691.927801 691.927801 0.000000 0.634378 689.000000
 122.500000 0.634697 692.497970 692.497970 0.000000 0.634697 695.000000
 122.750000 0.633126 690.273094 690.273094 0.000000 0.633126 679.000000
 123.000000 0.630663 687.713144 687.713144 0.000000 0.630663 684.000000
 123.250000 0.631760 688.525387 688.525387 0.000000 0.631760 677.000000
 123.500000 0.634429 691.877376 691.877376 0.000000 0.634429 692.000000
 123.750000 0.631685 688.766904 688.766904 0.000000 0.631685 685.000000
 124.000000 0.627137 685.429966 685.429966 0.000000 0.627137 674.000000
 124.250000 0.624516 684.218778 684.218778 0.000000 0.624516 672.000000
 124.500000 0.621446 682.157230 682.157230 0.000000 0.621446 673.000000
 124.750000 0.627623 683.814268 683.814268 0.000000 0.627623 676.000000
 125.000000 0.634938 690.821648 690.821648 0.000000 0.634938 682.000000
 125.250000 0.638212 694.162942 694.162942 0.000000 0.638212 695.000000
 125.500000 0.633745 690.164210 690.164210 0.000000 0.633745 691.000000
 125.750000 0.635380 691.219658 691.219658 0.000000 0.635380 683.000000
