#! FIELDS time refcv.mean refcv.morethan uwall.bias uwall.force2 lwall.bias lwall.force2 refcv2.mean refcv2.morethan
 1.000000 0.786769 536.326326 10883.982230 43535.928920 0.000000 0.000000 0.786769 505.000000
 1.250000 0.624641 482.082482 2508.255001 10033.020005 0.000000 0.000000 0.624641 385.000000
 1.500000 0.569662 451.410838 376.780615 1507.122459 0.000000 0.000000 0.569662 323.000000
 1.750000 0.531257 442.811912 116.897438 467.589750 0.000000 0.000000 0.531257 258.000000
 2.000000 0.509209 439.699447 59.281477 237.125906 0.000000 0.000000 0.509209 177.000000
 2.250000 0.501392 439.510024 56.400454 225.601816 0.000000 0.000000 0.501392 140.000000
 2.500000 0.496750 435.297828 10.875669 43.502675 0.000000 0.000000 0.496750 105.000000
 2.750000 0.496845 437.428354 29.467029 117.868116 0.000000 0.000000 0.496845 81.000000
 3.000000 0.496176 435.821438 14.603386 58.413545 0.000000 0.000000 0.496176 80.000000
 3.250000 0.496637 436.781513 22.862864 91.451457 0.000000 0.000000 0.496637 84.000000
 3.500000 0.496982 437.602330 31.386101 125.544406 0.000000 0.000000 0.496982 96.000000
 3.750000 0.496319 436.120126 16.975438 67.901753 0.000000 0.000000 0.496319 91.000000
 4.000000 0.497073 438.294562 39.621512 158.486046 0.000000 0.000000 0.497073 97.000000
 4.250000 0.496433 436.966010 24.661258 98.645033 0.000000 0.000000 0.496433 75.000000
 4.500000 0.496072 436.349887 18.921517 75.686067 0.000000 0.000000 0.496072 82.000000
 4.750000 0.496371 436.847544 23.498687 93.994746 0.000000 0.000000 0.496371 79.000000
 5.000000 0.496127 435.972454 15.780391 63.121563 0.000000 0.000000 0.496127 82.000000
 5.250000 0.496238 436.236969 17.951904 71.807615 0.000000 0.000000 0.496238 83.000000
 5.500000 0.496238 436.953727 24.539410 98.157638 0.000000 0.000000 0.496238 85.000000
 5.750000 0.497683 439.088957 50.253311 201.013242 0.000000 0.000000 0.497683 82.000000
 6.000000 0.496856 437.995142 35.941728 143.766911 0.000000 0.000000 0.496856 83.000000
 6.250000 0.498032 441.183009 84.327660 337.310638 0.000000 0.000000 0.498032 84.000000
 6.500000 0.496888 437.972576 35.671659 142.686638 0.000000 0.000000 0.496888 86.000000
 6.750000 0.496112 436.487201 20.134970 80.539878 0.000000 0.000000 0.496112 82.000000
 7.000000 0.496555 436.769763 22.750641 91.002564 0.000000 0.000000 0.496555 85.000000
 7.250000 0.496771 438.347078 40.285400 161.141600 0.000000 0.000000 0.496771 80.000000
 7.500000 0.497457 439.352112 54.053554 216.214216 0.000000 0.000000 0.497457 90.000000
 7.750000 0.495898 436.313020 18.602137 74.408550 0.000000 0.000000 0.495898 82.000000
 8.000000 0.496387 436.561089 20.803529 83.214117 0.000000 0.000000 0.496387 80.000000
 8.250000 0.496170 435.805623 14.482767 57.931068 0.000000 0.000000 0.496170 76.000000
 8.500000 0.497283 438.804758 46.304738 185.218952 0.000000 0.000000 0.497283 92.000000
 8.750000 0.496387 436.446190 19.768608 79.074432 0.000000 0.000000 0.496387 93.000000
 9.000000 0.496936 438.161451 37.963473 151.853892 0.000000 0.000000 0.496936 103.000000
 9.250000 0.497073 439.053897 49.757459 199.029835 0.000000 0.000000 0.497073 87.000000
 9.500000 0.496860 438.741034 45.441546 181.766184 0.000000 0.000000 0.496860 78.000000
 9.750000 0.495443 434.906727 8.449060 33.796238 0.000000 0.000000 0.495443 66.000000
 10.000000 0.496607 436.455123 19.848121 79.392486 0.000000 0.000000 0.496607 90.000000
 10.250000 0.495615 435.634397 13.208838 52.835352 0.000000 0.000000 0.495615 66.000000
 10.500000 0.495437 435.028408 9.171256 36.685025 0.000000 0.000000 0.495437 75.000000
 10.750000 0.495951 436.225873 17.857998 71.431994 0.000000 0.000000 0.495951 76.000000
 11.000000 0.496361 436.831622 23.344569 93.378277 0.000000 0.000000 0.496361 82.000000
 11.250000 0.496833 438.082081 36.991709 147.966837 0.000000 0.000000 0.496833 92.000000
 11.500000 0.495846 436.509344 20.334183 81.336733 0.000000 0.000000 0.495846 62.000000
 11.750000 0.495784 435.786112 14.334647 57.338589 0.000000 0.000000 0.495784 67.000000
 12.000000 0.498061 441.392513 88.219294 352.877174 0.000000 0.000000 0.498061 89.000000
 12.250000 0.494863 433.984504 3.938258 15.753032 0.000000 0.000000 0.494863 68.000000
 12.500000 0.496341 436.233669 17.923952 71.695808 0.000000 0.000000 0.496341 78.000000
 12.750000 0.497062 438.403529 41.005180 164.020720 0.000000 0.000000 0.497062 76.000000
 13.000000 0.496317 437.293022 28.016082 112.064327 0.000000 0.000000 0.496317 67.000000
 13.250000 0.496878 437.824901 33.929475 135.717899 0.000000 0.000000 0.496878 87.000000
 13.500000 0.495923 435.779991 14.288334 57.153335 0.000000 0.000000 0.495923 83.000000
 13.750000 0.497023 438.275102 39.376901 157.507604 0.000000 0.000000 0.497023 83.000000
 14.000000 0.496247 435.981449 15.851937 63.407748 0.000000 0.000000 0.496247 92.000000
 14.250000 0.496842 437.379133 28.935068 115.740273 0.000000 0.000000 0.496842 92.000000
 14.500000 0.497376 439.592259 57.642402 230.569610 0.000000 0.000000 0.497376 86.000000
 14.750000 0.496665 437.569094 31.014806 124.059223 0.000000 0.000000 0.496665 92.000000
 15.000000 0.496432 436.470670 19.986894 79.947576 0.000000 0.000000 0.496432 82.000000
 15.250000 0.497160 438.500317 42.254126 169.016502 0.000000 0.000000 0.497160 88.000000
 15.500000 0.496378 436.736103 22.430671 89.722686 0.000000 0.000000 0.496378 77.000000
 15.750000 0.496888 438.235057 38.875932 155.503728 0.000000 0.000000 0.496888 85.000000
 16.000000 0.495971 435.500487 12.253410 49.013638 0.000000 0.000000 0.495971 73.000000
 16.250000 0.495355 435.219250 10.363570 41.454279 0.000000 0.000000 0.495355 66.000000
 16.500000 0.496356 437.255177 27.616886 110.467545 0.000000 0.000000 0.496356 79.000000
 16.750000 0.496470 437.168682 26.715278 106.861111 0.000000 0.000000 0.496470 77.000000
 17.000000 0.496184 436.386944 19.245275 76.981099 0.000000 0.000000 0.496184 87.000000
 17.250000 0.496984 437.875951 34.526797 138.107189 0.000000 0.000000 0.496984 93.000000
 17.500000 0.496223 436.204041 17.673958 70.695832 0.000000 0.000000 0.496223 81.000000
 17.750000 0.497043 437.332664 28.437309 113.749238 0.000000 0.000000 0.497043 94.000000
 18.000000 0.497080 439.049150 49.690516 198.762066 0.000000 0.000000 0.497080 86.000000
 18.250000 0.496197 437.466643 29.884186 119.536743 0.000000 0.000000 0.496197 56.000000
 18.500000 0.496614 437.688193 32.355539 129.422155 0.000000 0.000000 0.496614 84.000000
 18.750000 0.496318 437.080500 25.811485 103.245941 0.000000 0.000000 0.496318 79.000000
 19.000000 0.496882 437.903290 34.848832 139.395327 0.000000 0.000000 0.496882 83.000000
 19.250000 0.497595 440.194716 67.153368 268.613472 0.000000 0.000000 0.497595 83.000000
 19.500000 0.496624 436.972461 24.725364 98.901454 0.000000 0.000000 0.496624 91.000000
 19.750000 0.495805 434.944893 8.672396 34.689582 0.000000 0.000000 0.495805 82.000000
 20.000000 0.497406 439.454742 55.573183 222.292733 0.000000 0.000000 0.497406 98.000000
 20.250000 0.496681 436.728537 22.359066 89.436265 0.000000 0.000000 0.496681 86.000000
 20.500000 0.496815 438.373535 40.621948 162.487792 0.000000 0.000000 0.496815 80.000000
 20.750000 0.496899 437.734314 32.882352 131.529408 0.000000 0.000000 0.496899 92.000000
 21.000000 0.496430 437.525410 30.530151 122.120605 0.000000 0.000000 0.496430 73.000000
 21.250000 0.496714 437.020116 25.201561 100.806243 0.000000 0.000000 0.496714 92.000000
 21.500000 0.496414 436.827197 23.301833 93.207331 0.000000 0.000000 0.496414 82.000000
 21.750000 0.496990 439.465356 55.731545 222.926179 0.000000 0.000000 0.496990 78.000000
 22.000000 0.496895 437.394186 29.097240 116.388959 0.000000 0.000000 0.496895 90.000000
 22.250000 0.496140 436.236263 17.945924 71.783698 0.000000 0.000000 0.496140 76.000000
 22.500000 0.496012 436.645897 21.584355 86.337421 0.000000 0.000000 0.496012 73.000000
 22.750000 0.496139 437.194608 26.983947 107.935790 0.000000 0.000000 0.496139 64.000000
 23.000000 0.496906 437.551182 30.815618 123.262472 0.000000 0.000000 0.496906 99.000000
 23.250000 0.495991 435.066375 9.402653 37.610610 0.000000 0.000000 0.495991 96.000000
 23.500000 0.497023 437.545269 30.750007 123.000027 0.000000 0.000000 0.497023 89.000000
 23.750000 0.497145 438.780456 45.974580 183.898322 0.000000 0.000000 0.497145 84.000000
 24.000000 0.496670 437.930097 35.166046 140.664185 0.000000 0.000000 0.496670 79.000000
 24.250000 0.495842 435.046879 9.283470 37.133881 0.000000 0.000000 0.495842 66.000000
 24.500000 0.497033 439.157227 51.225903 204.903613 0.000000 0.000000 0.497033 66.000000
 24.750000 0.497080 438.103434 37.251903 149.007611 0.000000 0.000000 0.497080 100.000000
 25.000000 0.496472 436.873399 23.750018 95.000071 0.000000 0.000000 0.496472 80.000000
 25.250000 0.496602 437.054105 25.543982 102.175926 0.000000 0.000000 0.496602 80.000000
 25.500000 0.496111 436.277354 18.295757 73.183030 0.000000 0.000000 0.496111 73.000000
 25.750000 0.496920 437.983775 35.805566 143.222265 0.000000 0.000000 0.496920 91.000000
 26.000000 0.496861 438.513859 42.430364 169.721456 0.000000 0.000000 0.496861 79.000000
 26.250000 0.496961 438.817920 46.484032 185.936129 0.000000 0.000000 0.496961 73.000000
 26.500000 0.496691 436.542506 20.634363 82.537452 0.000000 0.000000 0.496691 83.000000
 26.750000 0.496970 438.440992 41.486376 165.945506 0.000000 0.000000 0.496970 72.000000
 27.000000 0.496762 437.244168 27.501296 110.005184 0.000000 0.000000 0.496762 81.000000
 27.250000 0.496162 436.394358 19.310378 77.241512 0.000000 0.000000 0.496162 79.000000
 27.500000 0.497574 439.366494 54.265241 217.060964 0.000000 0.000000 0.497574 80.000000
 27.750000 0.496761 438.762302 45.728734 182.914935 0.000000 0.000000 0.496761 70.000000
 28.000000 0.496589 437.356080 28.687596 114.750383 0.000000 0.000000 0.496589 77.000000
 28.250000 0.497014 438.712523 45.057961 180.231846 0.000000 0.000000 0.497014 79.000000
 28.500000 0.496711 437.876777 34.536512 138.146048 0.000000 0.000000 0.496711 82.000000
 28.750000 0.497463 439.222984 52.171502 208.686007 0.000000 0.000000 0.497463 80.000000
 29.000000 0.496639 437.107207 26.083562 104.334249 0.000000 0.000000 0.496639 79.000000
 29.250000 0.496544 437.159862 26.624171 106.496685 0.000000 0.000000 0.496544 72.000000
 29.500000 0.497355 439.890550 62.260775 249.043099 0.000000 0.000000 0.497355 75.000000
 29.750000 0.495596 434.844276 8.089903 32.359613 0.000000 0.000000 0.495596 84.000000
 30.000000 0.496007 435.905409 15.252220 61.008880 0.000000 0.000000 0.496007 86.000000
 30.250000 0.496924 438.451034 41.615845 166.463382 0.000000 0.000000 0.496924 70.000000
 30.500000 0.497268 438.436613 41.429991 165.719963 0.000000 0.000000 0.497268 86.000000
 30.750000 0.495974 435.776088 14.258839 57.035355 0.000000 0.000000 0.495974 81.000000
 31.000000 0.496694 438.152781 37.856718 151.426871 0.000000 0.000000 0.496694 72.000000
 31.250000 0.497102 437.757015 33.143221 132.572885 0.000000 0.000000 0.497102 92.000000
 31.500000 0.495203 434.222217 4.938250 19.753000 0.000000 0.000000 0.495203 71.000000
 31.750000 0.496417 437.545607 30.753761 123.015043 0.000000 0.000000 0.496417 66.000000
 32.000000 0.496025 436.535268 20.568652 82.274609 0.000000 0.000000 0.496025 72.000000
 32.250000 0.496991 437.584356 31.185036 124.740143 0.000000 0.000000 0.496991 93.000000
 32.500000 0.496287 436.642741 21.555042 86.220168 0.000000 0.000000 0.496287 84.000000
 32.750000 0.498270 440.901938 79.244498 316.977993 0.000000 0.000000 0.498270 90.000000
 33.000000 0.497912 440.491768 72.110129 288.440517 0.000000 0.000000 0.497912 86.000000
 33.250000 0.496084 436.114109 16.925891 67.703564 0.000000 0.000000 0.496084 75.000000
 33.500000 0.496532 437.044133 25.443274 101.773094 0.000000 0.000000 0.496532 79.000000
 33.750000 0.497003 437.986339 35.836255 143.345019 0.000000 0.000000 0.497003 82.000000
 34.000000 0.496138 436.627229 21.411250 85.644999 0.000000 0.000000 0.496138 73.000000
 34.250000 0.497021 438.748409 45.541017 182.164069 0.000000 0.000000 0.497021 74.000000
 34.500000 0.496300 437.390870 29.061484 116.245935 0.000000 0.000000 0.496300 73.000000
 34.750000 0.496209 435.629465 13.173019 52.692076 0.000000 0.000000 0.496209 79.000000
 35.000000 0.497685 439.125511 50.772912 203.091649 0.000000 0.000000 0.497685 86.000000
 35.250000 0.497078 438.197547 38.409586 153.638345 0.000000 0.000000 0.497078 89.000000
 35.500000 0.497049 439.745246 59.988832 239.955329 0.000000 0.000000 0.497049 75.000000
 35.750000 0.496173 436.576944 20.948417 83.793669 0.000000 0.000000 0.496173 75.000000
 36.000000 0.496849 437.981724 35.781026 143.124105 0.000000 0.000000 0.496849 85.000000
 36.250000 0.496156 436.392314 19.292425 77.169701 0.000000 0.000000 0.496156 86.000000
 36.500000 0.496511 438.284094 39.489844 157.959374 0.000000 0.000000 0.496511 75.000000
 36.750000 0.496691 437.731322 32.848057 131.392229 0.000000 0.000000 0.496691 88.000000
 37.000000 0.496588 437.259110 27.658233 110.632933 0.000000 0.000000 0.496588 86.000000
 37.250000 0.495691 435.105672 9.645200 38.580801 0.000000 0.000000 0.495691 79.000000
 37.500000 0.497496 439.808041 60.965500 243.861998 0.000000 0.000000 0.497496 85.000000
 37.750000 0.497006 438.598356 43.538308 174.153230 0.000000 0.000000 0.497006 81.000000
 38.000000 0.496653 437.867954 34.432884 137.731534 0.000000 0.000000 0.496653 82.000000
 38.250000 0.496509 437.607809 31.447521 125.790082 0.000000 0.000000 0.496509 80.000000
 38.500000 0.496838 438.444898 41.536709 166.146834 0.000000 0.000000 0.496838 71.000000
 38.750000 0.496479 436.845246 23.476407 93.905629 0.000000 0.000000 0.496479 83.000000
 39.000000 0.496756 438.101536 37.228736 148.914945 0.000000 0.000000 0.496756 83.000000
 39.250000 0.496515 436.800147 23.041411 92.165645 0.000000 0.000000 0.496515 80.000000
 39.500000 0.496722 437.308257 28.177596 112.710385 0.000000 0.000000 0.496722 86.000000
 39.750000 0.496410 436.677289 21.877032 87.508127 0.000000 0.000000 0.496410 83.000000
 40.000000 0.496313 436.748044 22.543923 90.175694 0.000000 0.000000 0.496313 80.000000
 40.250000 0.496187 436.519261 20.423716 81.694863 0.000000 0.000000 0.496187 76.000000
 40.500000 0.497172 439.271785 52.878851 211.515402 0.000000 0.000000 0.497172 85.000000
 40.750000 0.496780 438.230570 38.820007 155.280030 0.000000 0.000000 0.496780 86.000000
 41.000000 0.495993 437.130667 26.323745 105.294978 0.000000 0.000000 0.495993 59.000000
 41.250000 0.497134 438.270767 39.322514 157.290055 0.000000 0.000000 0.497134 76.000000
 41.500000 0.496103 436.630447 21.441039 85.764157 0.000000 0.000000 0.496103 75.000000
 41.750000 0.496638 438.024561 36.295332 145.181327 0.000000 0.000000 0.496638 76.000000
 42.000000 0.495704 436.277705 18.298763 73.195050 0.000000 0.000000 0.495704 73.000000
 42.250000 0.496253 436.966111 24.662262 98.649047 0.000000 0.000000 0.496253 90.000000
 42.500000 0.496538 437.386705 29.016589 116.066355 0.000000 0.000000 0.496538 88.000000
 42.750000 0.497866 441.616342 92.474039 369.896156 0.000000 0.000000 0.497866 69.000000
 43.000000 0.496455 437.404738 29.211196 116.844785 0.000000 0.000000 0.496455 71.000000
 43.250000 0.496407 438.241180 38.952325 155.809302 0.000000 0.000000 0.496407 63.000000
 43.500000 0.496266 436.257850 18.129291 72.517163 0.000000 0.000000 0.496266 81.000000
 43.750000 0.496042 436.146100 17.190143 68.760573 0.000000 0.000000 0.496042 73.000000
 44.000000 0.496743 437.661574 32.053416 128.213664 0.000000 0.000000 0.496743 87.000000
 44.250000 0.496437 437.224536 27.295772 109.183087 0.000000 0.000000 0.496437 80.000000
 44.500000 0.495577 435.976978 15.816355 63.265419 0.000000 0.000000 0.495577 65.000000
 44.750000 0.497123 438.504799 42.312415 169.249658 0.000000 0.000000 0.497123 83.000000
 45.000000 0.496440 437.410565 29.274210 117.096838 0.000000 0.000000 0.496440 84.000000
 45.250000 0.497111 437.506263 30.318934 121.275737 0.000000 0.000000 0.497111 93.000000
 45.500000 0.495849 435.527838 12.445639 49.782556 0.000000 0.000000 0.495849 72.000000
 45.750000 0.496409 438.278194 39.415722 157.662889 0.000000 0.000000 0.496409 63.000000
 46.000000 0.496555 437.098350 25.993177 103.972708 0.000000 0.000000 0.496555 84.000000
 46.250000 0.496999 437.864366 34.390785 137.563138 0.000000 0.000000 0.496999 84.000000
 46.500000 0.496854 438.298345 39.669152 158.676607 0.000000 0.000000 0.496854 85.000000
 46.750000 0.496225 437.245423 27.514466 110.057862 0.000000 0.000000 0.496225 68.000000
 47.000000 0.497845 439.837498 61.426369 245.705477 0.000000 0.000000 0.497845 90.000000
 47.250000 0.497031 438.136038 37.650968 150.603871 0.000000 0.000000 0.497031 92.000000
 47.500000 0.495789 435.876549 15.027633 60.110532 0.000000 0.000000 0.495789 78.000000
 47.750000 0.496996 437.532200 30.605236 122.420946 0.000000 0.000000 0.496996 102.000000
 48.000000 0.496318 436.905121 24.060215 96.240859 0.000000 0.000000 0.496318 77.000000
 48.250000 0.496497 436.823812 23.269162 93.076647 0.000000 0.000000 0.496497 78.000000
 48.500000 0.496590 437.712056 32.627584 130.510334 0.000000 0.000000 0.496590 73.000000
 48.750000 0.496328 437.407451 29.240530 116.962121 0.000000 0.000000 0.496328 73.000000
 49.000000 0.496399 437.678351 32.243671 128.974684 0.000000 0.000000 0.496399 70.000000
 49.250000 0.497555 439.478701 55.930968 223.723871 0.000000 0.000000 0.497555 79.000000
 49.500000 0.494590 432.898261 0.806873 3.227493 0.000000 0.000000 0.494590 63.000000
 49.750000 0.496677 436.561092 20.803561 83.214244 0.000000 0.000000 0.496677 79.000000
 50.000000 0.495940 436.084816 16.685718 66.742874 0.000000 0.000000 0.495940 81.000000
 50.250000 0.497768 439.083607 50.177495 200.709979 0.000000 0.000000 0.497768 95.000000
 50.500000 0.496993 438.771967 45.859535 183.438142 0.000000 0.000000 0.496993 74.000000
 50.750000 0.496497 437.928796 35.150626 140.602504 0.000000 0.000000 0.496497 58.000000
 51.000000 0.496975 439.671711 58.855148 235.420591 0.000000 0.000000 0.496975 69.000000
 51.250000 0.496155 436.280118 18.319407 73.277628 0.000000 0.000000 0.496155 75.000000
 51.500000 0.496546 436.737264 22.441673 89.766690 0.000000 0.000000 0.496546 81.000000
 51.750000 0.496991 438.428042 41.319730 165.278922 0.000000 0.000000 0.496991 85.000000
 52.000000 0.497046 438.251186 39.077320 156.309282 0.000000 0.000000 0.497046 85.000000
 52.250000 0.496329 436.536701 20.581659 82.326635 0.000000 0.000000 0.496329 87.000000
 52.500000 0.497113 438.656640 44.310849 177.243398 0.000000 0.000000 0.497113 75.000000
 52.750000 0.496701 437.311566 28.212739 112.850955 0.000000 0.000000 0.496701 96.000000
 53.000000 0.496410 436.296970 18.463953 73.855814 0.000000 0.000000 0.496410 94.000000
 53.250000 0.495443 434.969409 8.817392 35.269566 0.000000 0.000000 0.495443 69.000000
 53.500000 0.496788 438.439813 41.471191 165.884763 0.000000 0.000000 0.496788 75.000000
 53.750000 0.495891 436.138190 17.124619 68.498476 0.000000 0.000000 0.495891 69.000000
 54.000000 0.496671 436.249439 18.057729 72.230916 0.000000 0.000000 0.496671 86.000000
 54.250000 0.497754 440.637975 74.614606 298.458422 0.000000 0.000000 0.497754 93.000000
 54.500000 0.497203 438.569916 43.163790 172.655161 0.000000 0.000000 0.497203 80.000000
 54.750000 0.496686 437.215169 27.197986 108.791945 0.000000 0.000000 0.496686 77.000000
 55.000000 0.497170 438.446981 41.563560 166.254239 0.000000 0.000000 0.497170 77.000000
 55.250000 0.496470 437.220159 27.250060 109.000240 0.000000 0.000000 0.496470 102.000000
 55.500000 0.496448 436.650933 21.631181 86.524725 0.000000 0.000000 0.496448 80.000000
 55.750000 0.496241 437.278514 27.862710 111.450839 0.000000 0.000000 0.496241 81.000000
 56.000000 0.496319 437.213120 27.176618 108.706471 0.000000 0.000000 0.496319 82.000000
 56.250000 0.496453 438.139024 37.687616 150.750463 0.000000 0.000000 0.496453 71.000000
 56.500000 0.496607 437.022060 25.221087 100.884349 0.000000 0.000000 0.496607 79.000000
 56.750000 0.495984 435.724210 13.869742 55.478970 0.000000 0.000000 0.495984 83.000000
 57.000000 0.497024 438.328553 40.050584 160.202336 0.000000 0.000000 0.497024 83.000000
 57.250000 0.496112 436.704588 22.133149 88.532598 0.000000 0.000000 0.496112 72.000000
 57.500000 0.496252 436.135795 17.104800 68.419200 0.000000 0.000000 0.496252 87.000000
 57.750000 0.497222 438.993380 48.907364 195.629457 0.000000 0.000000 0.497222 82.000000
 58.000000 0.495637 435.349561 11.219560 44.878241 0.000000 0.000000 0.495637 77.000000
 58.250000 0.496850 438.817343 46.476164 185.904654 0.000000 0.000000 0.496850 74.000000
 58.500000 0.495782 436.537776 20.591410 82.365642 0.000000 0.000000 0.495782 66.000000
 58.750000 0.496283 437.321759 28.321119 113.284475 0.000000 0.000000 0.496283 69.000000
 59.000000 0.495982 435.439444 11.829777 47.319108 0.000000 0.000000 0.495982 71.000000
 59.250000 0.497356 439.804011 60.902581 243.610326 0.000000 0.000000 0.497356 76.000000
 59.500000 0.496149 436.286094 18.370603 73.482411 0.000000 0.000000 0.496149 84.000000
 59.750000 0.496207 436.293727 18.436090 73.744362 0.000000 0.000000 0.496207 85.000000
 60.000000 0.496805 437.399973 29.159712 116.638847 0.000000 0.000000 0.496805 95.000000
 60.250000 0.496680 437.014804 25.148254 100.593017 0.000000 0.000000 0.496680 93.000000
 60.500000 0.497225 438.683664 44.671359 178.685436 0.000000 0.000000 0.497225 93.000000
 60.750000 0.496722 438.145201 37.763492 151.053966 0.000000 0.000000 0.496722 77.000000
 61.000000 0.496507 438.468653 41.843467 167.373867 0.000000 0.000000 0.496507 64.000000
 61.250000 0.496312 435.965591 15.725908 62.903634 0.000000 0.000000 0.496312 84.000000
 61.500000 0.497113 438.860165 47.061864 188.247458 0.000000 0.000000 0.497113 88.000000
 61.750000 0.496623 436.767118 22.725412 90.901650 0.000000 0.000000 0.496623 77.000000
 62.000000 0.496765 437.853796 34.266931 137.067724 0.000000 0.000000 0.496765 85.000000
 62.250000 0.496191 437.047992 25.482224 101.928898 0.000000 0.000000 0.496191 72.000000
 62.500000 0.496372 437.177716 26.808746 107.234984 0.000000 0.000000 0.496372 77.000000
 62.750000 0.496327 436.805453 23.092376 92.369505 0.000000 0.000000 0.496327 74.000000
 63.000000 0.496184 436.953042 24.532625 98.130500 0.000000 0.000000 0.496184 79.000000
 63.250000 0.496946 439.475211 55.878776 223.515106 0.000000 0.000000 0.496946 78.000000
 63.500000 0.497139 439.480334 55.955397 223.821588 0.000000 0.000000 0.497139 68.000000
 63.750000 0.497065 439.260046 52.708272 210.833088 0.000000 0.000000 0.497065 69.000000
 64.000000 0.497050 438.584048 43.349682 173.398729 0.000000 0.000000 0.497050 82.000000
 64.250000 0.496836 437.311511 28.212154 112.848616 0.000000 0.000000 0.496836 101.000000
 64.500000 0.496388 436.998915 24.989151 99.956602 0.000000 0.000000 0.496388 77.000000
 64.750000 0.496734 437.600374 31.364185 125.456740 0.000000 0.000000 0.496734 78.000000
 65.000000 0.496228 437.814037 33.803027 135.212108 0.000000 0.000000 0.496228 73.000000
 65.250000 0.497171 439.190844 51.708233 206.832932 0.000000 0.000000 0.497171 67.000000
 65.500000 0.495981 435.912804 15.310032 61.240127 0.000000 0.000000 0.495981 84.000000
 65.750000 0.496687 437.877473 34.544691 138.178762 0.000000 0.000000 0.496687 89.000000
 66.000000 0.496615 438.424269 41.271234 165.084935 0.000000 0.000000 0.496615 77.000000
 66.250000 0.496458 437.006364 25.063680 100.254720 0.000000 0.000000 0.496458 75.000000
 66.500000 0.496435 436.956998 24.571825 98.287300 0.000000 0.000000 0.496435 77.000000
 66.750000 0.496890 438.281034 39.451383 157.805533 0.000000 0.000000 0.496890 79.000000
 67.000000 0.495918 435.066206 9.401620 37.606481 0.000000 0.000000 0.495918 77.000000
 67.250000 0.497839 441.417223 88.684088 354.736354 0.000000 0.000000 0.497839 78.000000
 67.500000 0.496103 436.380305 19.187068 76.748271 0.000000 0.000000 0.496103 79.000000
 67.750000 0.495175 433.994260 3.977075 15.908299 0.000000 0.000000 0.495175 69.000000
 68.000000 0.495864 435.682999 13.564479 54.257916 0.000000 0.000000 0.495864 77.000000
 68.250000 0.496500 438.593669 43.476469 173.905877 0.000000 0.000000 0.496500 62.000000
 68.500000 0.496051 436.915072 24.157934 96.631736 0.000000 0.000000 0.496051 56.000000
 68.750000 0.496914 438.776327 45.918607 183.674428 0.000000 0.000000 0.496914 82.000000
 69.000000 0.496524 437.064965 25.653875 102.615501 0.000000 0.000000 0.496524 77.000000
 69.250000 0.496737 437.867424 34.426660 137.706641 0.000000 0.000000 0.496737 70.000000
 69.500000 0.496136 435.971303 15.771246 63.084985 0.000000 0.000000 0.496136 79.000000
 69.750000 0.496413 437.628401 31.678895 126.715582 0.000000 0.000000 0.496413 70.000000
 70.000000 0.496412 437.593572 31.288049 125.152196 0.000000 0.000000 0.496412 82.000000
 70.250000 0.496881 437.357440 28.702168 114.808670 0.000000 0.000000 0.496881 84.000000
 70.500000 0.496019 436.846265 23.486282 93.945129 0.000000 0.000000 0.496019 62.000000
 70.750000 0.496811 439.285486 53.078308 212.313234 0.000000 0.000000 0.496811 64.000000
 71.000000 0.496520 437.317829 28.279310 113.117242 0.000000 0.000000 0.496520 81.000000
 71.250000 0.497236 439.283537 53.049917 212.199667 0.000000 0.000000 0.497236 73.000000
 71.500000 0.496638 437.900298 34.813512 139.254050 0.000000 0.000000 0.496638 79.000000
 71.750000 0.497017 437.853122 34.259035 137.036141 0.000000 0.000000 0.497017 82.000000
 72.000000 0.496771 438.406412 41.042120 164.168481 0.000000 0.000000 0.496771 76.000000
 72.250000 0.497190 438.094677 37.145093 148.580372 0.000000 0.000000 0.497190 103.000000
 72.500000 0.496694 438.231440 38.830841 155.323363 0.000000 0.000000 0.496694 72.000000
 72.750000 0.496075 436.590069 21.068737 84.274946 0.000000 0.000000 0.496075 73.000000
 73.000000 0.496403 437.347128 28.591774 114.367098 0.000000 0.000000 0.496403 69.000000
 73.250000 0.496583 438.442759 41.509147 166.036588 0.000000 0.000000 0.496583 65.000000
 73.500000 0.495893 436.627009 21.409211 85.636845 0.000000 0.000000 0.495893 66.000000
 73.750000 0.496103 437.388205 29.032753 116.131013 0.000000 0.000000 0.496103 64.000000
 74.000000 0.496833 438.333301 40.110696 160.442783 0.000000 0.000000 0.496833 63.000000
 74.250000 0.497240 438.898476 47.588975 190.355902 0.000000 0.000000 0.497240 81.000000
 74.500000 0.496630 436.760789 22.665109 90.660437 0.000000 0.000000 0.496630 94.000000
 74.750000 0.496511 436.151347 17.233682 68.934730 0.000000 0.000000 0.496511 93.000000
 75.000000 0.496907 438.493865 42.170279 168.681115 0.000000 0.000000 0.496907 75.000000
 75.250000 0.496196 436.172005 17.405630 69.622519 0.000000 0.000000 0.496196 79.000000
 75.500000 0.496675 437.908871 34.914756 139.659025 0.000000 0.000000 0.496675 81.000000
 75.750000 0.497072 438.296984 39.652007 158.608030 0.000000 0.000000 0.497072 84.000000
 76.000000 0.495635 434.812687 7.911211 31.644843 0.000000 0.000000 0.495635 82.000000
 76.250000 0.497226 439.524668 56.620629 226.482516 0.000000 0.000000 0.497226 67.000000
 76.500000 0.496690 438.080566 36.973278 147.893110 0.000000 0.000000 0.496690 63.000000
 76.750000 0.496502 437.747293 33.031378 132.125512 0.000000 0.000000 0.496502 74.000000
 77.000000 0.496572 436.965611 24.657288 98.629153 0.000000 0.000000 0.496572 86.000000
 77.250000 0.496605 437.136800 26.386718 105.546872 0.000000 0.000000 0.496605 73.000000
 77.500000 0.496652 437.496867 30.215546 120.862185 0.000000 0.000000 0.496652 83.000000
 77.750000 0.496696 438.326317 40.022293 160.089172 0.000000 0.000000 0.496696 74.000000
 78.000000 0.495976 436.064639 16.521294 66.085174 0.000000 0.000000 0.495976 73.000000
 78.250000 0.497682 440.052507 64.842867 259.371467 0.000000 0.000000 0.497682 92.000000
 78.500000 0.497286 438.472227 41.889725 167.558902 0.000000 0.000000 0.497286 84.000000
 78.750000 0.497021 437.289041 27.973959 111.895835 0.000000 0.000000 0.497021 95.000000
 79.000000 0.497352 439.856265 61.720898 246.883591 0.000000 0.000000 0.497352 87.000000
 79.250000 0.495863 435.556298 12.647254 50.589016 0.000000 0.000000 0.495863 84.000000
 79.500000 0.496331 437.046239 25.464528 101.858113 0.000000 0.000000 0.496331 70.000000
 79.750000 0.496705 437.460098 29.812673 119.250692 0.000000 0.000000 0.496705 86.000000
 80.000000 0.496479 437.568116 31.003920 124.015679 0.000000 0.000000 0.496479 79.000000
 80.250000 0.496744 437.933782 35.209763 140.839053 0.000000 0.000000 0.496744 91.000000
 80.500000 0.496417 437.164662 26.673736 106.694943 0.000000 0.000000 0.496417 75.000000
 80.750000 0.495844 435.672177 13.484880 53.939521 0.000000 0.000000 0.495844 74.000000
 81.000000 0.496114 436.817590 23.209177 92.836710 0.000000 0.000000 0.496114 66.000000
 81.250000 0.497037 437.418439 29.359480 117.437920 0.000000 0.000000 0.497037 101.000000
 81.500000 0.497831 440.414002 70.795436 283.181743 0.000000 0.000000 0.497831 88.000000
 81.750000 0.496590 437.415494 29.327579 117.310317 0.000000 0.000000 0.496590 74.000000
 82.000000 0.496579 437.364633 28.779284 115.117137 0.000000 0.000000 0.496579 80.000000
 82.250000 0.496448 436.639030 21.520597 86.082388 0.000000 0.000000 0.496448 78.000000
 82.500000 0.496719 438.006660 36.079970 144.319881 0.000000 0.000000 0.496719 81.000000
 82.750000 0.496236 435.959284 15.675933 62.703734 0.000000 0.000000 0.496236 71.000000
 83.000000 0.496773 438.213032 38.601768 154.407072 0.000000 0.000000 0.496773 76.000000
 83.250000 0.497005 439.346500 53.971068 215.884270 0.000000 0.000000 0.497005 67.000000
 83.500000 0.496264 436.444388 19.752580 79.010322 0.000000 0.000000 0.496264 85.000000
 83.750000 0.497521 438.710864 45.035698 180.142793 0.000000 0.000000 0.497521 90.000000
 84.000000 0.496970 437.587713 31.222531 124.890126 0.000000 0.000000 0.496970 91.000000
 84.250000 0.495932 435.676868 13.519360 54.077439 0.000000 0.000000 0.495932 82.000000
 84.500000 0.497408 438.791881 46.129643 184.518573 0.000000 0.000000 0.497408 96.000000
 84.750000 0.495607 434.611543 6.820158 27.280630 0.000000 0.000000 0.495607 94.000000
 85.000000 0.496860 438.231366 38.829918 155.319670 0.000000 0.000000 0.496860 81.000000
 85.250000 0.495093 434.476340 6.132262 24.529048 0.000000 0.000000 0.495093 74.000000
 85.500000 0.496116 436.808747 23.124046 92.496183 0.000000 0.000000 0.496116 77.000000
 85.750000 0.496365 436.552576 20.725950 82.903801 0.000000 0.000000 0.496365 79.000000
 86.000000 0.495865 435.595118 12.924871 51.699484 0.000000 0.000000 0.495865 76.000000
 86.250000 0.495921 435.371574 11.367513 45.470051 0.000000 0.000000 0.495921 84.000000
 86.500000 0.497145 438.191039 38.328966 153.315864 0.000000 0.000000 0.497145 90.000000
 86.750000 0.497070 438.399865 40.958266 163.833064 0.000000 0.000000 0.497070 82.000000
 87.000000 0.497100 438.927970 47.996773 191.987091 0.000000 0.000000 0.497100 74.000000
 87.250000 0.497438 439.614088 57.974341 231.897362 0.000000 0.000000 0.497438 82.000000
 87.500000 0.496480 436.371533 19.110300 76.441198 0.000000 0.000000 0.496480 79.000000
 87.750000 0.496395 436.987245 24.872609 99.490435 0.000000 0.000000 0.496395 79.000000
 88.000000 0.496767 437.982075 35.785217 143.140866 0.000000 0.000000 0.496767 79.000000
 88.250000 0.495744 435.648155 13.309038 53.236152 0.000000 0.000000 0.495744 74.000000
 88.500000 0.497075 438.449475 41.595724 166.382897 0.000000 0.000000 0.497075 87.000000
 88.750000 0.496679 437.171515 26.744572 106.978290 0.000000 0.000000 0.496679 82.000000
 89.000000 0.496616 437.542197 30.715947 122.863787 0.000000 0.000000 0.496616 85.000000
 89.250000 0.496972 438.980944 48.733581 194.934323 0.000000 0.000000 0.496972 72.000000
 89.500000 0.495346 435.124288 9.761174 39.044695 0.000000 0.000000 0.495346 70.000000
 89.750000 0.496994 438.743533 45.475243 181.900971 0.000000 0.000000 0.496994 81.000000
 90.000000 0.496630 437.024930 25.249920 100.999681 0.000000 0.000000 0.496630 84.000000
 90.250000 0.495882 436.494124 20.197147 80.788589 0.000000 0.000000 0.495882 63.000000
 90.500000 0.496922 437.495677 30.202470 120.809881 0.000000 0.000000 0.496922 90.000000
 90.750000 0.496383 436.688335 21.980483 87.921932 0.000000 0.000000 0.496383 80.000000
 91.000000 0.495527 435.478694 12.101313 48.405251 0.000000 0.000000 0.495527 66.000000
 91.250000 0.496407 436.655411 21.672848 86.691392 0.000000 0.000000 0.496407 83.000000
 91.500000 0.496581 437.397665 29.134788 116.539154 0.000000 0.000000 0.496581 77.000000
 91.750000 0.497203 438.498034 42.224440 168.897759 0.000000 0.000000 0.497203 90.000000
 92.000000 0.497130 437.159326 26.618644 106.474575 0.000000 0.000000 0.497130 93.000000
 92.250000 0.497100 438.572336 43.195600 172.782401 0.000000 0.000000 0.497100 83.000000
 92.500000 0.497117 437.888052 34.669162 138.676647 0.000000 0.000000 0.497117 101.000000
 92.750000 0.497536 439.207996 51.955199 207.820798 0.000000 0.000000 0.497536 87.000000
 93.000000 0.495751 434.804605 7.865806 31.463226 0.000000 0.000000 0.495751 79.000000
 93.250000 0.497166 438.126664 37.536007 150.144029 0.000000 0.000000 0.497166 92.000000
 93.500000 0.497108 438.294171 39.616583 158.466334 0.000000 0.000000 0.497108 86.000000
 93.750000 0.496585 438.497922 42.222987 168.891947 0.000000 0.000000 0.496585 67.000000
 94.000000 0.495678 435.992956 15.943698 63.774793 0.000000 0.000000 0.495678 71.000000
 94.250000 0.497078 438.035146 36.422982 145.691930 0.000000 0.000000 0.497078 91.000000
 94.500000 0.495732 435.122005 9.746917 38.987668 0.000000 0.000000 0.495732 78.000000
 94.750000 0.496158 436.138191 17.124623 68.498490 0.000000 0.000000 0.496158 82.000000
 95.000000 0.496751 436.682272 21.923673 87.694691 0.000000 0.000000 0.496751 97.000000
 95.250000 0.497565 439.717715 59.563125 238.252501 0.000000 0.000000 0.497565 93.000000
 95.500000 0.496850 438.212260 38.592169 154.368676 0.000000 0.000000 0.496850 90.000000
 95.750000 0.496727 437.172274 26.752421 107.009683 0.000000 0.000000 0.496727 96.000000
 96.000000 0.495720 435.786160 14.335010 57.340042 0.000000 0.000000 0.495720 79.000000
 96.250000 0.496824 438.316056 39.892570 159.570279 0.000000 0.000000 0.496824 78.000000
 96.500000 0.497803 439.813119 61.044826 244.179305 0.000000 0.000000 0.497803 96.000000
 96.750000 0.496518 436.944950 24.452535 97.810142 0.000000 0.000000 0.496518 83.000000
 97.000000 0.498037 440.005505 64.088114 256.352457 0.000000 0.000000 0.498037 84.000000
 97.250000 0.496478 437.695044 32.433528 129.734112 0.000000 0.000000 0.496478 74.000000
 97.500000 0.496500 437.555603 30.864723 123.458890 0.000000 0.000000 0.496500 68.000000
 97.750000 0.496235 437.165825 26.685749 106.742997 0.000000 0.000000 0.496235 62.000000
 98.000000 0.495677 435.544386 12.562675 50.250699 0.000000 0.000000 0.495677 81.000000
 98.250000 0.495934 435.993974 15.951829 63.807317 0.000000 0.000000 0.495934 78.000000
 98.500000 0.496490 437.323916 28.344087 113.376347 0.000000 0.000000 0.496490 89.000000
 98.750000 0.495777 436.278798 18.308110 73.232442 0.000000 0.000000 0.495777 70.000000
 99.000000 0.496696 438.106827 37.293337 149.173350 0.000000 0.000000 0.496696 76.000000
 99.250000 0.496137 436.866500 23.682824 94.731298 0.000000 0.000000 0.496137 71.000000
 99.500000 0.496372 436.933435 24.338786 97.355142 0.000000 0.000000 0.496372 84.000000
 99.750000 0.495973 436.282697 18.341490 73.365961 0.000000 0.000000 0.495973 70.000000
 100.000000 0.497781 439.688455 59.112338 236.449352 0.000000 0.000000 0.497781 93.000000
 100.250000 0.496648 438.480097 41.991658 167.966632 0.000000 0.000000 0.496648 73.000000
 100.500000 0.496545 437.437681 29.568376 118.273504 0.000000 0.000000 0.496545 90.000000
 100.750000 0.496828 438.146801 37.783168 151.132672 0.000000 0.000000 0.496828 87.000000
