#! FIELDS time refcv.mean refcv.morethan uwall.bias uwall.force2 lwall.bias lwall.force2 refcv2.mean refcv2.morethan
 0.750000 0.872991 379.748951 0.000000 0.000000 0.000000 0.000000 0.917186 400.000000
 1.000000 0.860391 370.247232 0.000000 0.000000 0.000000 0.000000 0.906847 405.000000
 1.250000 0.857168 363.871482 0.000000 0.000000 0.000000 0.000000 0.903234 402.000000
 1.500000 0.847258 353.868731 0.000000 0.000000 0.000000 0.000000 0.893178 383.000000
 1.750000 0.836557 341.034122 0.000000 0.000000 0.000000 0.000000 0.883110 387.000000
 2.000000 0.837718 341.643864 0.000000 0.000000 0.000000 0.000000 0.884234 383.000000
 2.250000 0.838272 341.976557 0.000000 0.000000 0.000000 0.000000 0.884602 385.000000
 2.500000 0.840023 341.694392 0.000000 0.000000 0.000000 0.000000 0.886061 380.000000
 2.750000 0.844619 349.334127 0.000000 0.000000 0.000000 0.000000 0.891001 398.000000
 3.000000 0.846239 354.587939 0.000000 0.000000 0.000000 0.000000 0.892369 392.000000
 3.250000 0.838520 341.394289 0.000000 0.000000 0.000000 0.000000 0.884751 386.000000
 3.500000 0.844075 350.839617 0.000000 0.000000 0.000000 0.000000 0.889769 386.000000
 3.750000 0.846508 354.940781 0.000000 0.000000 0.000000 0.000000 0.892329 392.000000
 4.000000 0.841839 351.497642 0.000000 0.000000 0.000000 0.000000 0.888173 392.000000
 4.250000 0.845006 354.021620 0.000000 0.000000 0.000000 0.000000 0.890801 394.000000
 4.500000 0.840344 345.651849 0.000000 0.000000 0.000000 0.000000 0.886484 387.000000
 4.750000 0.836471 338.138798 0.000000 0.000000 0.000000 0.000000 0.883223 378.000000
 5.000000 0.843913 351.592714 0.000000 0.000000 0.000000 0.000000 0.890102 395.000000
 5.250000 0.838059 337.827101 0.000000 0.000000 0.000000 0.000000 0.884532 382.000000
 5.500000 0.833347 335.309950 0.000000 0.000000 0.476170 1.904678 0.880294 372.000000
 5.750000 0.838109 341.186346 0.000000 0.000000 0.000000 0.000000 0.884441 376.000000
 6.000000 0.836169 336.839030 0.000000 0.000000 0.000000 0.000000 0.882581 380.000000
 6.250000 0.840350 339.581354 0.000000 0.000000 0.000000 0.000000 0.887244 377.000000
 6.500000 0.838406 338.153032 0.000000 0.000000 0.000000 0.000000 0.885163 373.000000
 6.750000 0.833991 337.671673 0.000000 0.000000 0.000000 0.000000 0.880223 377.000000
 7.000000 0.838275 344.901831 0.000000 0.000000 0.000000 0.000000 0.884156 382.000000
 7.250000 0.834360 340.733759 0.000000 0.000000 0.000000 0.000000 0.880646 379.000000
 7.500000 0.838400 339.628701 0.000000 0.000000 0.000000 0.000000 0.884434 370.000000
 7.750000 0.837713 342.880049 0.000000 0.000000 0.000000 0.000000 0.883736 384.000000
 8.000000 0.831117 337.778123 0.000000 0.000000 0.000000 0.000000 0.877225 378.000000
 8.250000 0.831837 337.609935 0.000000 0.000000 0.000000 0.000000 0.878061 372.000000
 8.500000 0.840244 345.440478 0.000000 0.000000 0.000000 0.000000 0.886262 375.000000
 8.750000 0.836949 341.194390 0.000000 0.000000 0.000000 0.000000 0.883113 380.000000
 9.000000 0.837386 335.566099 0.000000 0.000000 0.188270 0.753081 0.883834 374.000000
 9.250000 0.839399 336.393644 0.000000 0.000000 0.000000 0.000000 0.886295 371.000000
 9.500000 0.842655 340.401631 0.000000 0.000000 0.000000 0.000000 0.889667 372.000000
 9.750000 0.836953 337.006242 0.000000 0.000000 0.000000 0.000000 0.883696 372.000000
 10.000000 0.835530 336.434529 0.000000 0.000000 0.000000 0.000000 0.881397 371.000000
 10.250000 0.836056 336.279293 0.000000 0.000000 0.000000 0.000000 0.882450 369.000000
 10.500000 0.840787 341.135036 0.000000 0.000000 0.000000 0.000000 0.887516 376.000000
 10.750000 0.836916 341.367265 0.000000 0.000000 0.000000 0.000000 0.883291 383.000000
 11.000000 0.832524 333.410323 0.000000 0.000000 6.706426 26.825703 0.878860 374.000000
 11.250000 0.840800 340.846752 0.000000 0.000000 0.000000 0.000000 0.887128 376.000000
 11.500000 0.844686 345.768182 0.000000 0.000000 0.000000 0.000000 0.891479 379.000000
 11.750000 0.838312 343.545057 0.000000 0.000000 0.000000 0.000000 0.884534 382.000000
 12.000000 0.832705 332.160129 0.000000 0.000000 14.744609 58.978437 0.878283 364.000000
 12.250000 0.839948 338.931778 0.000000 0.000000 0.000000 0.000000 0.886392 371.000000
 12.500000 0.837104 336.656183 0.000000 0.000000 0.000000 0.000000 0.883994 369.000000
 12.750000 0.834646 335.508777 0.000000 0.000000 0.241300 0.965201 0.881117 374.000000
 13.000000 0.838888 338.739006 0.000000 0.000000 0.000000 0.000000 0.885270 377.000000
 13.250000 0.839829 337.095221 0.000000 0.000000 0.000000 0.000000 0.886652 373.000000
 13.500000 0.837765 334.176357 0.000000 0.000000 3.325675 13.302701 0.884704 367.000000
 13.750000 0.840596 341.039193 0.000000 0.000000 0.000000 0.000000 0.886833 384.000000
 14.000000 0.834386 336.138526 0.000000 0.000000 0.000000 0.000000 0.880928 374.000000
 14.250000 0.838120 338.345663 0.000000 0.000000 0.000000 0.000000 0.884306 375.000000
 14.500000 0.846514 349.697394 0.000000 0.000000 0.000000 0.000000 0.892236 382.000000
 14.750000 0.842427 341.551280 0.000000 0.000000 0.000000 0.000000 0.889311 375.000000
 15.000000 0.839610 342.504575 0.000000 0.000000 0.000000 0.000000 0.886085 384.000000
 15.250000 0.840860 342.602624 0.000000 0.000000 0.000000 0.000000 0.887029 385.000000
 15.500000 0.845198 345.791748 0.000000 0.000000 0.000000 0.000000 0.892072 384.000000
 15.750000 0.852307 358.079597 0.000000 0.000000 0.000000 0.000000 0.898575 393.000000
 16.000000 0.844038 347.347914 0.000000 0.000000 0.000000 0.000000 0.890136 382.000000
 16.250000 0.847372 349.799909 0.000000 0.000000 0.000000 0.000000 0.893306 391.000000
 16.500000 0.847718 348.371983 0.000000 0.000000 0.000000 0.000000 0.894203 380.000000
 16.750000 0.845438 346.026161 0.000000 0.000000 0.000000 0.000000 0.891978 375.000000
 17.000000 0.841371 341.965689 0.000000 0.000000 0.000000 0.000000 0.887980 377.000000
 17.250000 0.843823 341.894923 0.000000 0.000000 0.000000 0.000000 0.890060 376.000000
 17.500000 0.842657 342.764930 0.000000 0.000000 0.000000 0.000000 0.888800 375.000000
 17.750000 0.843459 345.443772 0.000000 0.000000 0.000000 0.000000 0.889706 380.000000
 18.000000 0.841986 342.111133 0.000000 0.000000 0.000000 0.000000 0.887907 383.000000
 18.250000 0.839150 336.563596 0.000000 0.000000 0.000000 0.000000 0.885190 376.000000
 18.500000 0.839730 344.366921 0.000000 0.000000 0.000000 0.000000 0.885649 394.000000
 18.750000 0.837247 338.322565 0.000000 0.000000 0.000000 0.000000 0.883070 381.000000
 19.000000 0.838989 341.955220 0.000000 0.000000 0.000000 0.000000 0.885058 384.000000
 19.250000 0.836759 335.598257 0.000000 0.000000 0.161397 0.645589 0.883353 375.000000
 19.500000 0.835899 338.676882 0.000000 0.000000 0.000000 0.000000 0.882410 377.000000
 19.750000 0.835401 337.590649 0.000000 0.000000 0.000000 0.000000 0.881226 377.000000
 20.000000 0.833956 338.470242 0.000000 0.000000 0.000000 0.000000 0.879826 378.000000
 20.250000 0.834418 339.578337 0.000000 0.000000 0.000000 0.000000 0.880420 376.000000
 20.500000 0.834530 336.815023 0.000000 0.000000 0.000000 0.000000 0.880636 375.000000
 20.750000 0.835566 336.397018 0.000000 0.000000 0.000000 0.000000 0.881961 373.000000
 21.000000 0.833844 333.185209 0.000000 0.000000 7.923051 31.692203 0.880117 368.000000
 21.250000 0.833674 338.216410 0.000000 0.000000 0.000000 0.000000 0.879318 367.000000
 21.500000 0.829004 335.468659 0.000000 0.000000 0.282323 1.129292 0.874798 371.000000
 21.750000 0.832499 334.997999 0.000000 0.000000 1.004006 4.016024 0.878709 373.000000
 22.000000 0.838769 339.655243 0.000000 0.000000 0.000000 0.000000 0.884991 371.000000
 22.250000 0.837113 336.013103 0.000000 0.000000 0.000000 0.000000 0.883125 373.000000
 22.500000 0.840508 340.141191 0.000000 0.000000 0.000000 0.000000 0.886369 379.000000
 22.750000 0.839761 337.339332 0.000000 0.000000 0.000000 0.000000 0.886693 369.000000
 23.000000 0.836264 334.294139 0.000000 0.000000 2.909962 11.639847 0.882853 367.000000
 23.250000 0.835157 334.698951 0.000000 0.000000 1.692727 6.770909 0.881444 374.000000
 23.500000 0.838356 333.151424 0.000000 0.000000 8.114384 32.457535 0.884929 368.000000
 23.750000 0.838729 334.196278 0.000000 0.000000 3.253412 13.013647 0.885623 369.000000
 24.000000 0.833245 334.848401 0.000000 0.000000 1.326181 5.304723 0.880387 370.000000
 24.250000 0.835277 335.988730 0.000000 0.000000 0.000127 0.000508 0.881629 368.000000
 24.500000 0.836812 336.041993 0.000000 0.000000 0.000000 0.000000 0.883563 372.000000
 24.750000 0.837658 334.968418 0.000000 0.000000 1.064161 4.256642 0.884333 375.000000
 25.000000 0.839513 335.210166 0.000000 0.000000 0.623837 2.495349 0.886293 362.000000
 25.250000 0.836999 333.499729 0.000000 0.000000 6.251356 25.005424 0.884118 367.000000
 25.500000 0.839478 337.420367 0.000000 0.000000 0.000000 0.000000 0.885938 367.000000
 25.750000 0.840159 335.416186 0.000000 0.000000 0.340839 1.363355 0.886325 369.000000
 26.000000 0.837609 337.508423 0.000000 0.000000 0.000000 0.000000 0.884062 372.000000
 26.250000 0.840711 335.433821 0.000000 0.000000 0.320559 1.282236 0.887192 366.000000
 26.500000 0.840960 334.957689 0.000000 0.000000 1.086411 4.345646 0.888058 368.000000
 26.750000 0.843746 336.025343 0.000000 0.000000 0.000000 0.000000 0.890457 371.000000
 27.000000 0.841440 335.503035 0.000000 0.000000 0.246974 0.987896 0.887807 368.000000
 27.250000 0.833388 335.115353 0.000000 0.000000 0.782601 3.130404 0.879937 372.000000
 27.500000 0.837589 334.584095 0.000000 0.000000 2.004787 8.019149 0.883733 363.000000
 27.750000 0.843422 338.415968 0.000000 0.000000 0.000000 0.000000 0.889609 364.000000
 28.000000 0.838500 333.128841 0.000000 0.000000 8.243555 32.974221 0.884872 364.000000
 28.250000 0.840997 337.686908 0.000000 0.000000 0.000000 0.000000 0.887386 365.000000
 28.500000 0.839358 335.091619 0.000000 0.000000 0.825156 3.300626 0.886534 363.000000
 28.750000 0.841967 338.571654 0.000000 0.000000 0.000000 0.000000 0.888274 368.000000
 29.000000 0.836816 337.526654 0.000000 0.000000 0.000000 0.000000 0.882744 371.000000
 29.250000 0.836983 334.882510 0.000000 0.000000 1.248784 4.995134 0.883243 369.000000
 29.500000 0.840649 337.498233 0.000000 0.000000 0.000000 0.000000 0.887390 372.000000
 29.750000 0.840319 336.167362 0.000000 0.000000 0.000000 0.000000 0.886909 368.000000
 30.000000 0.839837 337.003395 0.000000 0.000000 0.000000 0.000000 0.886326 368.000000
 30.250000 0.838330 334.888908 0.000000 0.000000 1.234525 4.938099 0.884903 373.000000
 30.500000 0.844420 337.621995 0.000000 0.000000 0.000000 0.000000 0.890985 373.000000
 30.750000 0.840812 334.576047 0.000000 0.000000 2.027642 8.110567 0.887763 376.000000
 31.000000 0.838292 335.505176 0.000000 0.000000 0.244851 0.979405 0.884617 369.000000
 31.250000 0.842041 339.032043 0.000000 0.000000 0.000000 0.000000 0.888438 378.000000
 31.500000 0.840992 337.120061 0.000000 0.000000 0.000000 0.000000 0.887934 377.000000
 31.750000 0.848981 340.180704 0.000000 0.000000 0.000000 0.000000 0.895448 378.000000
 32.000000 0.842273 337.077644 0.000000 0.000000 0.000000 0.000000 0.888931 376.000000
 32.250000 0.839919 333.956832 0.000000 0.000000 4.174536 16.698143 0.886171 372.000000
 32.500000 0.844670 340.123736 0.000000 0.000000 0.000000 0.000000 0.891207 375.000000
 32.750000 0.845534 340.223562 0.000000 0.000000 0.000000 0.000000 0.892208 375.000000
 33.000000 0.840421 334.386587 0.000000 0.000000 2.603102 10.412408 0.886478 375.000000
 33.250000 0.836671 336.351360 0.000000 0.000000 0.000000 0.000000 0.882484 370.000000
 33.500000 0.836940 335.490627 0.000000 0.000000 0.259461 1.037845 0.883359 369.000000
 33.750000 0.837575 336.820144 0.000000 0.000000 0.000000 0.000000 0.884738 376.000000
 34.000000 0.835764 335.745014 0.000000 0.000000 0.065018 0.260070 0.882319 369.000000
 34.250000 0.830358 334.046385 0.000000 0.000000 3.816611 15.266445 0.876446 370.000000
 34.500000 0.836285 335.510614 0.000000 0.000000 0.239498 0.957994 0.882384 367.000000
 34.750000 0.837746 338.290806 0.000000 0.000000 0.000000 0.000000 0.884556 371.000000
 35.000000 0.841430 343.680294 0.000000 0.000000 0.000000 0.000000 0.887253 379.000000
 35.250000 0.837001 336.025452 0.000000 0.000000 0.000000 0.000000 0.883377 371.000000
 35.500000 0.839091 338.884407 0.000000 0.000000 0.000000 0.000000 0.885705 379.000000
 35.750000 0.839304 338.483996 0.000000 0.000000 0.000000 0.000000 0.886291 371.000000
 36.000000 0.840734 340.823143 0.000000 0.000000 0.000000 0.000000 0.887343 386.000000
 36.250000 0.837661 335.641874 0.000000 0.000000 0.128254 0.513016 0.884297 379.000000
 36.500000 0.837066 335.650477 0.000000 0.000000 0.122166 0.488666 0.884221 378.000000
 36.750000 0.837667 335.770110 0.000000 0.000000 0.052849 0.211397 0.884780 377.000000
 37.000000 0.834643 336.234381 0.000000 0.000000 0.000000 0.000000 0.881316 379.000000
 37.250000 0.834009 336.871078 0.000000 0.000000 0.000000 0.000000 0.880322 373.000000
 37.500000 0.836203 334.930659 0.000000 0.000000 1.143491 4.573964 0.882828 375.000000
 37.750000 0.837552 335.692188 0.000000 0.000000 0.094748 0.378994 0.884287 379.000000
 38.000000 0.837715 336.046857 0.000000 0.000000 0.000000 0.000000 0.884267 378.000000
 38.250000 0.838068 336.543020 0.000000 0.000000 0.000000 0.000000 0.884551 375.000000
 38.500000 0.837409 338.280888 0.000000 0.000000 0.000000 0.000000 0.883890 379.000000
 38.750000 0.839947 341.022555 0.000000 0.000000 0.000000 0.000000 0.886713 384.000000
 39.000000 0.839383 338.041840 0.000000 0.000000 0.000000 0.000000 0.885944 384.000000
 39.250000 0.844743 345.949934 0.000000 0.000000 0.000000 0.000000 0.890530 381.000000
 39.500000 0.838263 333.817781 0.000000 0.000000 4.762078 19.048313 0.884822 378.000000
 39.750000 0.842427 335.677329 0.000000 0.000000 0.104117 0.416468 0.889698 374.000000
 40.000000 0.840808 336.861127 0.000000 0.000000 0.000000 0.000000 0.887594 379.000000
 40.250000 0.835551 335.191688 0.000000 0.000000 0.653368 2.613471 0.881717 379.000000
 40.500000 0.835511 334.844362 0.000000 0.000000 1.335500 5.341998 0.881922 375.000000
 40.750000 0.836321 336.284825 0.000000 0.000000 0.000000 0.000000 0.883413 378.000000
 41.000000 0.836410 334.651979 0.000000 0.000000 1.817161 7.268642 0.882797 366.000000
 41.250000 0.838054 336.480722 0.000000 0.000000 0.000000 0.000000 0.884108 373.000000
 41.500000 0.838958 338.082647 0.000000 0.000000 0.000000 0.000000 0.885344 375.000000
 41.750000 0.836861 336.884754 0.000000 0.000000 0.000000 0.000000 0.883970 373.000000
 42.000000 0.833704 334.056426 0.000000 0.000000 3.777479 15.109918 0.880460 373.000000
 42.250000 0.834016 336.533224 0.000000 0.000000 0.000000 0.000000 0.880293 379.000000
 42.500000 0.839150 336.744530 0.000000 0.000000 0.000000 0.000000 0.885695 377.000000
 42.750000 0.838030 337.497388 0.000000 0.000000 0.000000 0.000000 0.884803 382.000000
 43.000000 0.840036 340.813706 0.000000 0.000000 0.000000 0.000000 0.886304 380.000000
 43.250000 0.841160 334.766756 0.000000 0.000000 1.520891 6.083565 0.887737 376.000000
 43.500000 0.840246 338.451169 0.000000 0.000000 0.000000 0.000000 0.887219 384.000000
 43.750000 0.837167 335.353208 0.000000 0.000000 0.418340 1.673361 0.884181 380.000000
 44.000000 0.840993 341.382250 0.000000 0.000000 0.000000 0.000000 0.887100 383.000000
 44.250000 0.835686 338.265733 0.000000 0.000000 0.000000 0.000000 0.881946 378.000000
 44.500000 0.841066 337.781149 0.000000 0.000000 0.000000 0.000000 0.887127 380.000000
 44.750000 0.842349 335.750705 0.000000 0.000000 0.062148 0.248593 0.889139 370.000000
 45.000000 0.838401 335.180078 0.000000 0.000000 0.672272 2.689087 0.885474 377.000000
 45.250000 0.837676 337.135055 0.000000 0.000000 0.000000 0.000000 0.884041 373.000000
 45.500000 0.836583 336.087866 0.000000 0.000000 0.000000 0.000000 0.882900 381.000000
 45.750000 0.837357 336.116911 0.000000 0.000000 0.000000 0.000000 0.884535 372.000000
 46.000000 0.843558 341.609964 0.000000 0.000000 0.000000 0.000000 0.889925 370.000000
 46.250000 0.836949 338.303428 0.000000 0.000000 0.000000 0.000000 0.883608 376.000000
 46.500000 0.837611 337.003391 0.000000 0.000000 0.000000 0.000000 0.884371 381.000000
 46.750000 0.835697 339.372867 0.000000 0.000000 0.000000 0.000000 0.882554 377.000000
 47.000000 0.843574 345.250721 0.000000 0.000000 0.000000 0.000000 0.889742 373.000000
 47.250000 0.836933 337.814157 0.000000 0.000000 0.000000 0.000000 0.883578 378.000000
 47.500000 0.841125 337.479191 0.000000 0.000000 0.000000 0.000000 0.887827 372.000000
 47.750000 0.847354 345.172082 0.000000 0.000000 0.000000 0.000000 0.893729 381.000000
 48.000000 0.841516 337.251368 0.000000 0.000000 0.000000 0.000000 0.887807 373.000000
 48.250000 0.840002 337.865083 0.000000 0.000000 0.000000 0.000000 0.886015 373.000000
 48.500000 0.839977 340.335862 0.000000 0.000000 0.000000 0.000000 0.886296 380.000000
 48.750000 0.838605 336.043835 0.000000 0.000000 0.000000 0.000000 0.885637 376.000000
 49.000000 0.836560 338.370496 0.000000 0.000000 0.000000 0.000000 0.883550 378.000000
 49.250000 0.840120 337.471146 0.000000 0.000000 0.000000 0.000000 0.887000 372.000000
 49.500000 0.836921 335.583448 0.000000 0.000000 0.173515 0.694061 0.884130 380.000000
 49.750000 0.839523 336.350746 0.000000 0.000000 0.000000 0.000000 0.886165 370.000000
 50.000000 0.838075 337.302706 0.000000 0.000000 0.000000 0.000000 0.885227 373.000000
 50.250000 0.839812 338.160833 0.000000 0.000000 0.000000 0.000000 0.886875 379.000000
 50.500000 0.837960 334.538695 0.000000 0.000000 2.135413 8.541653 0.884631 376.000000
 50.750000 0.840291 337.738930 0.000000 0.000000 0.000000 0.000000 0.886980 380.000000
 51.000000 0.836261 333.559306 0.000000 0.000000 5.956986 23.827943 0.883173 378.000000
 51.250000 0.839446 340.069395 0.000000 0.000000 0.000000 0.000000 0.885967 382.000000
 51.500000 0.839572 340.482691 0.000000 0.000000 0.000000 0.000000 0.886242 383.000000
 51.750000 0.842232 341.641208 0.000000 0.000000 0.000000 0.000000 0.889033 380.000000
 52.000000 0.840444 340.060564 0.000000 0.000000 0.000000 0.000000 0.887622 379.000000
 52.250000 0.839337 339.791628 0.000000 0.000000 0.000000 0.000000 0.885730 378.000000
 52.500000 0.835101 337.178561 0.000000 0.000000 0.000000 0.000000 0.881264 377.000000
 52.750000 0.842511 340.609313 0.000000 0.000000 0.000000 0.000000 0.889007 379.000000
 53.000000 0.844550 345.845094 0.000000 0.000000 0.000000 0.000000 0.891479 389.000000
 53.250000 0.839607 336.699063 0.000000 0.000000 0.000000 0.000000 0.886254 375.000000
 53.500000 0.837224 340.183906 0.000000 0.000000 0.000000 0.000000 0.883421 374.000000
 53.750000 0.835404 335.320902 0.000000 0.000000 0.461174 1.844694 0.881571 373.000000
 54.000000 0.837880 340.684698 0.000000 0.000000 0.000000 0.000000 0.884575 385.000000
 54.250000 0.840033 339.942293 0.000000 0.000000 0.000000 0.000000 0.886691 378.000000
 54.500000 0.837347 334.492356 0.000000 0.000000 2.272990 9.091960 0.883712 368.000000
 54.750000 0.835026 338.592840 0.000000 0.000000 0.000000 0.000000 0.881157 374.000000
 55.000000 0.835339 338.049306 0.000000 0.000000 0.000000 0.000000 0.881773 374.000000
 55.250000 0.834820 335.250492 0.000000 0.000000 0.561762 2.247047 0.881569 378.000000
 55.500000 0.841724 343.739763 0.000000 0.000000 0.000000 0.000000 0.887565 380.000000
 55.750000 0.839275 337.486480 0.000000 0.000000 0.000000 0.000000 0.885786 370.000000
 56.000000 0.835645 337.151219 0.000000 0.000000 0.000000 0.000000 0.882742 380.000000
 56.250000 0.834247 337.188769 0.000000 0.000000 0.000000 0.000000 0.880458 372.000000
 56.500000 0.834664 334.949109 0.000000 0.000000 1.104372 4.417489 0.880820 372.000000
 56.750000 0.837992 338.349758 0.000000 0.000000 0.000000 0.000000 0.884639 380.000000
 57.000000 0.841952 339.743255 0.000000 0.000000 0.000000 0.000000 0.888858 382.000000
 57.250000 0.841967 341.743290 0.000000 0.000000 0.000000 0.000000 0.888107 381.000000
 57.500000 0.838979 340.586320 0.000000 0.000000 0.000000 0.000000 0.885008 382.000000
 57.750000 0.840569 334.976228 0.000000 0.000000 1.048109 4.192435 0.887272 371.000000
 58.000000 0.837949 335.507777 0.000000 0.000000 0.242284 0.969134 0.884844 381.000000
 58.250000 0.838050 337.427125 0.000000 0.000000 0.000000 0.000000 0.884313 377.000000
 58.500000 0.839399 334.953361 0.000000 0.000000 1.095453 4.381814 0.886074 378.000000
 58.750000 0.845406 342.825776 0.000000 0.000000 0.000000 0.000000 0.891983 383.000000
 59.000000 0.838182 336.170745 0.000000 0.000000 0.000000 0.000000 0.884808 377.000000
 59.250000 0.839234 339.806799 0.000000 0.000000 0.000000 0.000000 0.885567 383.000000
 59.500000 0.840975 338.200143 0.000000 0.000000 0.000000 0.000000 0.887689 375.000000
 59.750000 0.838913 335.278140 0.000000 0.000000 0.521082 2.084329 0.886092 375.000000
 60.000000 0.838599 335.165893 0.000000 0.000000 0.695735 2.782941 0.885308 371.000000
 60.250000 0.842975 342.310048 0.000000 0.000000 0.000000 0.000000 0.889545 377.000000
 60.500000 0.844155 337.426599 0.000000 0.000000 0.000000 0.000000 0.890414 371.000000
 60.750000 0.840176 335.311264 0.000000 0.000000 0.474357 1.897429 0.886887 379.000000
 61.000000 0.839578 334.739437 0.000000 0.000000 1.589019 6.356074 0.886730 378.000000
 61.250000 0.840761 339.235409 0.000000 0.000000 0.000000 0.000000 0.887909 383.000000
 61.500000 0.837248 335.012716 0.000000 0.000000 0.974729 3.898918 0.883864 386.000000
 61.750000 0.837205 335.768155 0.000000 0.000000 0.053752 0.215009 0.883678 374.000000
 62.000000 0.841907 339.999733 0.000000 0.000000 0.000000 0.000000 0.888621 378.000000
 62.250000 0.847279 344.103161 0.000000 0.000000 0.000000 0.000000 0.894334 391.000000
 62.500000 0.848566 343.126276 0.000000 0.000000 0.000000 0.000000 0.895331 387.000000
 62.750000 0.841626 334.570121 0.000000 0.000000 2.044555 8.178219 0.888217 380.000000
 63.000000 0.842479 341.517246 0.000000 0.000000 0.000000 0.000000 0.889093 381.000000
 63.250000 0.840118 337.154276 0.000000 0.000000 0.000000 0.000000 0.886539 375.000000
 63.500000 0.834604 333.978851 0.000000 0.000000 4.085044 16.340178 0.880942 378.000000
 63.750000 0.839240 337.417585 0.000000 0.000000 0.000000 0.000000 0.886088 381.000000
 64.000000 0.842079 336.973393 0.000000 0.000000 0.000000 0.000000 0.889178 389.000000
 64.250000 0.839482 338.212815 0.000000 0.000000 0.000000 0.000000 0.886448 385.000000
 64.500000 0.835036 334.878249 0.000000 0.000000 1.258326 5.033302 0.881487 385.000000
 64.750000 0.835381 334.217298 0.000000 0.000000 3.178028 12.712113 0.882249 381.000000
 65.000000 0.843532 339.180952 0.000000 0.000000 0.000000 0.000000 0.890456 373.000000
 65.250000 0.845124 341.547794 0.000000 0.000000 0.000000 0.000000 0.892509 383.000000
 65.500000 0.840759 336.295547 0.000000 0.000000 0.000000 0.000000 0.887463 381.000000
 65.750000 0.835194 334.707044 0.000000 0.000000 1.671734 6.686936 0.881609 376.000000
 66.000000 0.840405 336.052515 0.000000 0.000000 0.000000 0.000000 0.887320 375.000000
 66.250000 0.839731 338.467219 0.000000 0.000000 0.000000 0.000000 0.886779 381.000000
 66.500000 0.835717 331.974076 0.000000 0.000000 16.208061 64.832245 0.882344 376.000000
 66.750000 0.838309 335.582421 0.000000 0.000000 0.174373 0.697490 0.885382 376.000000
 67.000000 0.844004 345.684870 0.000000 0.000000 0.000000 0.000000 0.891221 386.000000
 67.250000 0.840894 335.972688 0.000000 0.000000 0.000746 0.002984 0.887536 372.000000
 67.500000 0.837297 337.685865 0.000000 0.000000 0.000000 0.000000 0.883751 376.000000
 67.750000 0.841456 335.823536 0.000000 0.000000 0.031140 0.124558 0.888112 383.000000
 68.000000 0.843562 341.518813 0.000000 0.000000 0.000000 0.000000 0.890361 381.000000
 68.250000 0.839098 336.638502 0.000000 0.000000 0.000000 0.000000 0.885583 370.000000
 68.500000 0.838978 335.121489 0.000000 0.000000 0.771782 3.087129 0.885321 373.000000
 68.750000 0.843066 341.907549 0.000000 0.000000 0.000000 0.000000 0.889836 378.000000
 69.000000 0.842066 338.510064 0.000000 0.000000 0.000000 0.000000 0.888712 377.000000
 69.250000 0.835750 334.278079 0.000000 0.000000 2.965011 11.860044 0.882174 377.000000
 69.500000 0.837236 335.272670 0.000000 0.000000 0.529008 2.116034 0.883620 383.000000
 69.750000 0.838466 336.273328 0.000000 0.000000 0.000000 0.000000 0.885218 376.000000
 70.000000 0.839476 339.468229 0.000000 0.000000 0.000000 0.000000 0.885836 387.000000
 70.250000 0.838184 336.129800 0.000000 0.000000 0.000000 0.000000 0.883777 373.000000
 70.500000 0.836824 335.605583 0.000000 0.000000 0.155565 0.622259 0.882771 376.000000
 70.750000 0.840083 341.360694 0.000000 0.000000 0.000000 0.000000 0.886621 381.000000
 71.000000 0.842847 343.273404 0.000000 0.000000 0.000000 0.000000 0.888953 383.000000
 71.250000 0.838432 336.061557 0.000000 0.000000 0.000000 0.000000 0.884420 374.000000
 71.500000 0.838927 337.579081 0.000000 0.000000 0.000000 0.000000 0.884962 376.000000
 71.750000 0.838013 337.667007 0.000000 0.000000 0.000000 0.000000 0.884325 371.000000
 72.000000 0.837310 335.554245 0.000000 0.000000 0.198697 0.794790 0.883872 374.000000
 72.250000 0.836608 335.753379 0.000000 0.000000 0.060822 0.243287 0.883531 383.000000
 72.500000 0.837146 334.183405 0.000000 0.000000 3.300018 13.200070 0.883379 375.000000
 72.750000 0.833485 335.545611 0.000000 0.000000 0.206469 0.825876 0.879611 379.000000
 73.000000 0.838484 337.429767 0.000000 0.000000 0.000000 0.000000 0.885018 377.000000
 73.250000 0.839194 337.595437 0.000000 0.000000 0.000000 0.000000 0.885854 371.000000
 73.500000 0.836915 335.810075 0.000000 0.000000 0.036072 0.144287 0.882624 380.000000
 73.750000 0.836976 337.749998 0.000000 0.000000 0.000000 0.000000 0.882900 382.000000
 74.000000 0.841016 335.510330 0.000000 0.000000 0.239776 0.959106 0.888240 372.000000
 74.250000 0.839907 339.572962 0.000000 0.000000 0.000000 0.000000 0.886516 387.000000
 74.500000 0.836562 338.305000 0.000000 0.000000 0.000000 0.000000 0.882242 374.000000
 74.750000 0.837746 337.508893 0.000000 0.000000 0.000000 0.000000 0.883878 377.000000
 75.000000 0.838776 337.247142 0.000000 0.000000 0.000000 0.000000 0.885992 386.000000
 75.250000 0.839969 338.626276 0.000000 0.000000 0.000000 0.000000 0.886745 384.000000
 75.500000 0.836821 334.719740 0.000000 0.000000 1.639067 6.556267 0.883819 384.000000
 75.750000 0.839478 334.323323 0.000000 0.000000 2.811245 11.244980 0.885854 371.000000
 76.000000 0.839053 337.513246 0.000000 0.000000 0.000000 0.000000 0.885402 377.000000
 76.250000 0.839046 338.680163 0.000000 0.000000 0.000000 0.000000 0.885481 382.000000
 76.500000 0.835540 335.174736 0.000000 0.000000 0.681060 2.724240 0.881990 384.000000
 76.750000 0.834967 336.434968 0.000000 0.000000 0.000000 0.000000 0.881582 379.000000
 77.000000 0.834039 335.376271 0.000000 0.000000 0.389038 1.556151 0.880787 381.000000
 77.250000 0.836027 338.051690 0.000000 0.000000 0.000000 0.000000 0.882635 372.000000
 77.500000 0.838696 338.550371 0.000000 0.000000 0.000000 0.000000 0.885282 378.000000
 77.750000 0.839019 336.381206 0.000000 0.000000 0.000000 0.000000 0.885713 383.000000
 78.000000 0.836427 338.762564 0.000000 0.000000 0.000000 0.000000 0.883095 384.000000
 78.250000 0.837309 335.881419 0.000000 0.000000 0.014062 0.056246 0.883568 372.000000
 78.500000 0.836004 336.402251 0.000000 0.000000 0.000000 0.000000 0.882600 378.000000
 78.750000 0.836952 336.900516 0.000000 0.000000 0.000000 0.000000 0.883705 376.000000
 79.000000 0.834076 335.428071 0.000000 0.000000 0.327103 1.308411 0.880326 369.000000
 79.250000 0.832276 335.897006 0.000000 0.000000 0.010608 0.042431 0.878106 374.000000
 79.500000 0.838027 336.408642 0.000000 0.000000 0.000000 0.000000 0.884278 369.000000
 79.750000 0.841159 338.458791 0.000000 0.000000 0.000000 0.000000 0.887983 372.000000
 80.000000 0.836730 333.492399 0.000000 0.000000 6.288065 25.152259 0.883305 371.000000
 80.250000 0.834222 339.181666 0.000000 0.000000 0.000000 0.000000 0.880179 375.000000
 80.500000 0.836586 334.569194 0.000000 0.000000 2.047205 8.188819 0.882557 372.000000
 80.750000 0.841326 339.383424 0.000000 0.000000 0.000000 0.000000 0.887757 371.000000
 81.000000 0.838380 335.124531 0.000000 0.000000 0.766445 3.065781 0.884834 376.000000
 81.250000 0.840394 338.921831 0.000000 0.000000 0.000000 0.000000 0.886692 378.000000
 81.500000 0.839534 341.207754 0.000000 0.000000 0.000000 0.000000 0.885879 376.000000
 81.750000 0.837050 334.073736 0.000000 0.000000 3.710491 14.841965 0.883178 362.000000
 82.000000 0.841333 344.631789 0.000000 0.000000 0.000000 0.000000 0.887107 377.000000
 82.250000 0.835929 341.731969 0.000000 0.000000 0.000000 0.000000 0.882613 386.000000
 82.500000 0.836203 338.563894 0.000000 0.000000 0.000000 0.000000 0.882437 374.000000
 82.750000 0.834609 334.101364 0.000000 0.000000 3.604818 14.419271 0.880897 379.000000
 83.000000 0.836908 338.153483 0.000000 0.000000 0.000000 0.000000 0.883416 379.000000
 83.250000 0.840248 337.398234 0.000000 0.000000 0.000000 0.000000 0.887195 376.000000
 83.500000 0.839346 336.695050 0.000000 0.000000 0.000000 0.000000 0.886332 375.000000
 83.750000 0.834757 336.421160 0.000000 0.000000 0.000000 0.000000 0.881379 378.000000
 84.000000 0.835246 337.734856 0.000000 0.000000 0.000000 0.000000 0.881472 382.000000
 84.250000 0.837232 335.471069 0.000000 0.000000 0.279768 1.119074 0.883377 371.000000
 84.500000 0.839264 338.847029 0.000000 0.000000 0.000000 0.000000 0.886639 384.000000
 84.750000 0.840802 337.163745 0.000000 0.000000 0.000000 0.000000 0.887853 380.000000
 85.000000 0.838554 335.575564 0.000000 0.000000 0.180146 0.720584 0.884909 376.000000
 85.250000 0.836884 338.431020 0.000000 0.000000 0.000000 0.000000 0.884368 387.000000
 85.500000 0.841497 343.530550 0.000000 0.000000 0.000000 0.000000 0.888722 379.000000
 85.750000 0.834925 336.766925 0.000000 0.000000 0.000000 0.000000 0.881830 378.000000
 86.000000 0.834300 334.886775 0.000000 0.000000 1.239270 4.957081 0.880616 378.000000
 86.250000 0.836986 335.960208 0.000000 0.000000 0.001583 0.006334 0.884571 380.000000
 86.500000 0.839334 342.583010 0.000000 0.000000 0.000000 0.000000 0.886928 389.000000
 86.750000 0.838234 338.179771 0.000000 0.000000 0.000000 0.000000 0.884783 383.000000
 87.000000 0.835580 336.917208 0.000000 0.000000 0.000000 0.000000 0.882195 379.000000
 87.250000 0.838340 341.607985 0.000000 0.000000 0.000000 0.000000 0.885178 378.000000
 87.500000 0.837505 338.186297 0.000000 0.000000 0.000000 0.000000 0.884595 378.000000
 87.750000 0.837807 335.613867 0.000000 0.000000 0.149099 0.596394 0.884516 373.000000
 88.000000 0.837720 335.521094 0.000000 0.000000 0.229351 0.917404 0.884290 371.000000
 88.250000 0.838309 335.073961 0.000000 0.000000 0.857548 3.430194 0.885152 373.000000
 88.500000 0.837564 335.907663 0.000000 0.000000 0.008526 0.034105 0.884744 380.000000
 88.750000 0.841732 339.236742 0.000000 0.000000 0.000000 0.000000 0.888846 382.000000
 89.000000 0.840807 335.698051 0.000000 0.000000 0.091173 0.364693 0.887690 378.000000
 89.250000 0.840739 336.835664 0.000000 0.000000 0.000000 0.000000 0.887811 371.000000
 89.500000 0.840871 340.850723 0.000000 0.000000 0.000000 0.000000 0.887695 378.000000
 89.750000 0.834910 334.792779 0.000000 0.000000 1.457383 5.829532 0.881640 376.000000
 90.000000 0.837110 336.370911 0.000000 0.000000 0.000000 0.000000 0.883380 384.000000
 90.250000 0.841606 338.479632 0.000000 0.000000 0.000000 0.000000 0.887986 378.000000
 90.500000 0.843357 342.075915 0.000000 0.000000 0.000000 0.000000 0.889857 376.000000
 90.750000 0.843673 342.921824 0.000000 0.000000 0.000000 0.000000 0.890513 380.000000
 91.000000 0.839131 336.164710 0.000000 0.000000 0.000000 0.000000 0.885995 376.000000
 91.250000 0.836557 335.066606 0.000000 0.000000 0.871225 3.484901 0.883282 378.000000
 91.500000 0.840634 336.149527 0.000000 0.000000 0.000000 0.000000 0.887675 372.000000
 91.750000 0.842254 343.098694 0.000000 0.000000 0.000000 0.000000 0.889711 380.000000
 92.000000 0.839160 335.179904 0.000000 0.000000 0.672558 2.690232 0.885864 383.000000
 92.250000 0.838173 340.499655 0.000000 0.000000 0.000000 0.000000 0.884306 388.000000
 92.500000 0.837135 335.710256 0.000000 0.000000 0.083952 0.335807 0.883734 373.000000
 92.750000 0.837012 335.675384 0.000000 0.000000 0.105375 0.421502 0.883374 368.000000
 93.000000 0.835189 336.476634 0.000000 0.000000 0.000000 0.000000 0.881782 373.000000
 93.250000 0.833403 335.061721 0.000000 0.000000 0.880368 3.521470 0.880305 374.000000
 93.500000 0.837261 337.397366 0.000000 0.000000 0.000000 0.000000 0.883681 375.000000
 93.750000 0.834120 337.826751 0.000000 0.000000 0.000000 0.000000 0.880026 376.000000
 94.000000 0.834898 338.750244 0.000000 0.000000 0.000000 0.000000 0.880825 377.000000
 94.250000 0.835097 334.959431 0.000000 0.000000 1.082784 4.331137 0.881978 378.000000
 94.500000 0.835835 336.332385 0.000000 0.000000 0.000000 0.000000 0.882692 375.000000
 94.750000 0.837554 335.836628 0.000000 0.000000 0.026690 0.106762 0.883682 373.000000
 95.000000 0.837041 335.643632 0.000000 0.000000 0.126998 0.507994 0.883852 375.000000
 95.250000 0.839647 337.704326 0.000000 0.000000 0.000000 0.000000 0.886736 387.000000
 95.500000 0.837701 337.304693 0.000000 0.000000 0.000000 0.000000 0.884857 378.000000
 95.750000 0.836262 341.487393 0.000000 0.000000 0.000000 0.000000 0.882720 377.000000
 96.000000 0.835442 334.654726 0.000000 0.000000 1.809762 7.239049 0.881694 367.000000
 96.250000 0.838095 336.804471 0.000000 0.000000 0.000000 0.000000 0.884581 378.000000
 96.500000 0.843355 342.086351 0.000000 0.000000 0.000000 0.000000 0.890146 380.000000
 96.750000 0.838340 336.012384 0.000000 0.000000 0.000000 0.000000 0.885040 382.000000
 97.000000 0.836543 334.788354 0.000000 0.000000 1.468087 5.872347 0.883297 375.000000
 97.250000 0.847743 343.022401 0.000000 0.000000 0.000000 0.000000 0.894672 378.000000
 97.500000 0.844504 337.468236 0.000000 0.000000 0.000000 0.000000 0.891840 379.000000
 97.750000 0.843471 336.118220 0.000000 0.000000 0.000000 0.000000 0.889795 370.000000
 98.000000 0.840144 335.637030 0.000000 0.000000 0.131747 0.526990 0.886850 372.000000
 98.250000 0.841674 336.168372 0.000000 0.000000 0.000000 0.000000 0.888708 373.000000
 98.500000 0.839442 334.129958 0.000000 0.000000 3.497058 13.988233 0.886459 365.000000
 98.750000 0.839531 334.442441 0.000000 0.000000 2.425989 9.703955 0.886502 374.000000
 99.000000 0.844083 335.831261 0.000000 0.000000 0.028473 0.113891 0.891470 380.000000
 99.250000 0.842609 337.803362 0.000000 0.000000 0.000000 0.000000 0.889659 383.000000
 99.500000 0.837442 337.440141 0.000000 0.000000 0.000000 0.000000 0.883533 381.000000
 99.750000 0.838119 338.676763 0.000000 0.000000 0.000000 0.000000 0.883709 376.000000
 100.000000 0.842716 344.560529 0.000000 0.000000 0.000000 0.000000 0.888926 376.000000
 100.250000 0.839330 334.589375 0.000000 0.000000 1.989862 7.959449 0.886289 374.000000
 100.500000 0.835773 338.568318 0.000000 0.000000 0.000000 0.000000 0.882434 378.000000
