#! FIELDS time refcv.mean refcv.morethan uwall.bias uwall.force2 lwall.bias lwall.force2 refcv2.mean refcv2.morethan
 0.500000 0.788820 375.169926 0.000000 0.000000 0.000000 0.000000 0.788820 384.000000
 0.750000 0.797928 400.360909 0.000000 0.000000 0.000000 0.000000 0.797928 408.000000
 1.000000 0.789763 386.968764 0.000000 0.000000 0.000000 0.000000 0.789763 400.000000
 1.250000 0.785437 379.487898 0.000000 0.000000 0.000000 0.000000 0.785437 401.000000
 1.500000 0.792962 391.972009 0.000000 0.000000 0.000000 0.000000 0.792962 408.000000
 1.750000 0.796077 397.138442 0.000000 0.000000 0.000000 0.000000 0.796077 415.000000
 2.000000 0.793046 396.038268 0.000000 0.000000 0.000000 0.000000 0.793046 411.000000
 2.250000 0.792183 392.604544 0.000000 0.000000 0.000000 0.000000 0.792183 407.000000
 2.500000 0.799151 403.945212 0.000000 0.000000 0.000000 0.000000 0.799151 415.000000
 2.750000 0.796503 404.876461 0.000000 0.000000 0.000000 0.000000 0.796503 419.000000
 3.000000 0.796806 399.387069 0.000000 0.000000 0.000000 0.000000 0.796806 415.000000
 3.250000 0.798585 405.724994 0.525616 2.102463 0.000000 0.000000 0.798585 415.000000
 3.500000 0.799547 405.951291 0.904955 3.619820 0.000000 0.000000 0.799547 418.000000
 3.750000 0.799073 403.296010 0.000000 0.000000 0.000000 0.000000 0.799073 420.000000
 4.000000 0.796195 400.386062 0.000000 0.000000 0.000000 0.000000 0.796195 411.000000
 4.250000 0.793510 401.830061 0.000000 0.000000 0.000000 0.000000 0.793510 412.000000
 4.500000 0.795457 404.444012 0.000000 0.000000 0.000000 0.000000 0.795457 418.000000
 4.750000 0.791127 397.428866 0.000000 0.000000 0.000000 0.000000 0.791127 409.000000
 5.000000 0.786464 392.438949 0.000000 0.000000 0.000000 0.000000 0.786464 417.000000
 5.250000 0.791319 392.191178 0.000000 0.000000 0.000000 0.000000 0.791319 406.000000
 5.500000 0.796089 401.147770 0.000000 0.000000 0.000000 0.000000 0.796089 412.000000
 5.750000 0.794495 399.872702 0.000000 0.000000 0.000000 0.000000 0.794495 415.000000
 6.000000 0.795228 395.781954 0.000000 0.000000 0.000000 0.000000 0.795228 411.000000
 6.250000 0.797081 402.671171 0.000000 0.000000 0.000000 0.000000 0.797081 420.000000
 6.500000 0.798557 405.943864 0.890880 3.563519 0.000000 0.000000 0.798557 421.000000
 6.750000 0.789080 392.711972 0.000000 0.000000 0.000000 0.000000 0.789080 417.000000
 7.000000 0.796111 402.180715 0.000000 0.000000 0.000000 0.000000 0.796111 418.000000
 7.250000 0.791767 390.099337 0.000000 0.000000 0.000000 0.000000 0.791767 402.000000
 7.500000 0.797740 401.509625 0.000000 0.000000 0.000000 0.000000 0.797740 416.000000
 7.750000 0.797528 402.402424 0.000000 0.000000 0.000000 0.000000 0.797528 409.000000
 8.000000 0.793102 396.016848 0.000000 0.000000 0.000000 0.000000 0.793102 418.000000
 8.250000 0.794032 396.828650 0.000000 0.000000 0.000000 0.000000 0.794032 410.000000
 8.500000 0.794792 398.848344 0.000000 0.000000 0.000000 0.000000 0.794792 412.000000
 8.750000 0.797349 402.429312 0.000000 0.000000 0.000000 0.000000 0.797349 416.000000
 9.000000 0.794651 399.844911 0.000000 0.000000 0.000000 0.000000 0.794651 422.000000
 9.250000 0.798235 404.841190 0.000000 0.000000 0.000000 0.000000 0.798235 421.000000
 9.500000 0.795230 399.065349 0.000000 0.000000 0.000000 0.000000 0.795230 410.000000
 9.750000 0.788353 390.429596 0.000000 0.000000 0.000000 0.000000 0.788353 417.000000
 10.000000 0.796584 399.805988 0.000000 0.000000 0.000000 0.000000 0.796584 413.000000
 10.250000 0.801635 404.337949 0.000000 0.000000 0.000000 0.000000 0.801635 415.000000
 10.500000 0.794260 400.656194 0.000000 0.000000 0.000000 0.000000 0.794260 420.000000
 10.750000 0.786926 387.840421 0.000000 0.000000 0.000000 0.000000 0.786926 408.000000
 11.000000 0.795453 401.237006 0.000000 0.000000 0.000000 0.000000 0.795453 424.000000
 11.250000 0.800208 402.740562 0.000000 0.000000 0.000000 0.000000 0.800208 414.000000
 11.500000 0.803876 403.908537 0.000000 0.000000 0.000000 0.000000 0.803876 408.000000
 11.750000 0.799350 404.905412 0.000000 0.000000 0.000000 0.000000 0.799350 419.000000
 12.000000 0.798838 402.693778 0.000000 0.000000 0.000000 0.000000 0.798838 418.000000
 12.250000 0.800117 403.093986 0.000000 0.000000 0.000000 0.000000 0.800117 415.000000
 12.500000 0.795570 399.442631 0.000000 0.000000 0.000000 0.000000 0.795570 420.000000
 12.750000 0.800549 406.631849 2.662931 10.651725 0.000000 0.000000 0.800549 421.000000
 13.000000 0.797589 405.067181 0.004513 0.018053 0.000000 0.000000 0.797589 419.000000
 13.250000 0.797059 404.554051 0.000000 0.000000 0.000000 0.000000 0.797059 423.000000
 13.500000 0.798592 404.267258 0.000000 0.000000 0.000000 0.000000 0.798592 419.000000
 13.750000 0.802785 406.352287 1.828679 7.314717 0.000000 0.000000 0.802785 420.000000
 14.000000 0.791749 394.803543 0.000000 0.000000 0.000000 0.000000 0.791749 405.000000
 14.250000 0.795720 402.975478 0.000000 0.000000 0.000000 0.000000 0.795720 422.000000
 14.500000 0.792056 390.120114 0.000000 0.000000 0.000000 0.000000 0.792056 402.000000
 14.750000 0.791048 390.710544 0.000000 0.000000 0.000000 0.000000 0.791048 404.000000
 15.000000 0.789929 389.447492 0.000000 0.000000 0.000000 0.000000 0.789929 407.000000
 15.250000 0.791507 391.922137 0.000000 0.000000 0.000000 0.000000 0.791507 411.000000
 15.500000 0.796212 395.551864 0.000000 0.000000 0.000000 0.000000 0.796212 402.000000
 15.750000 0.800170 400.582629 0.000000 0.000000 0.000000 0.000000 0.800170 410.000000
 16.000000 0.798747 399.393230 0.000000 0.000000 0.000000 0.000000 0.798747 413.000000
 16.250000 0.803321 401.669790 0.000000 0.000000 0.000000 0.000000 0.803321 404.000000
 16.500000 0.793164 392.779029 0.000000 0.000000 0.000000 0.000000 0.793164 407.000000
 16.750000 0.795566 394.667200 0.000000 0.000000 0.000000 0.000000 0.795566 409.000000
 17.000000 0.794167 392.055331 0.000000 0.000000 0.000000 0.000000 0.794167 405.000000
 17.250000 0.795849 394.618449 0.000000 0.000000 0.000000 0.000000 0.795849 405.000000
 17.500000 0.796801 398.965750 0.000000 0.000000 0.000000 0.000000 0.796801 411.000000
 17.750000 0.799019 401.340362 0.000000 0.000000 0.000000 0.000000 0.799019 411.000000
 18.000000 0.801083 403.859475 0.000000 0.000000 0.000000 0.000000 0.801083 416.000000
 18.250000 0.800641 402.526816 0.000000 0.000000 0.000000 0.000000 0.800641 417.000000
 18.500000 0.800387 404.709997 0.000000 0.000000 0.000000 0.000000 0.800387 419.000000
 18.750000 0.801108 405.415004 0.172228 0.688913 0.000000 0.000000 0.801108 417.000000
 19.000000 0.798042 404.151179 0.000000 0.000000 0.000000 0.000000 0.798042 412.000000
 19.250000 0.799885 403.727364 0.000000 0.000000 0.000000 0.000000 0.799885 416.000000
 19.500000 0.798990 404.530525 0.000000 0.000000 0.000000 0.000000 0.798990 423.000000
 19.750000 0.800198 404.430229 0.000000 0.000000 0.000000 0.000000 0.800198 419.000000
 20.000000 0.799340 404.335606 0.000000 0.000000 0.000000 0.000000 0.799340 413.000000
 20.250000 0.801423 406.109485 1.230956 4.923825 0.000000 0.000000 0.801423 415.000000
 20.500000 0.800804 405.446938 0.199753 0.799013 0.000000 0.000000 0.800804 418.000000
 20.750000 0.799378 402.236692 0.000000 0.000000 0.000000 0.000000 0.799378 414.000000
 21.000000 0.800337 405.643508 0.414103 1.656411 0.000000 0.000000 0.800337 419.000000
 21.250000 0.798555 400.483190 0.000000 0.000000 0.000000 0.000000 0.798555 413.000000
 21.500000 0.798584 398.872682 0.000000 0.000000 0.000000 0.000000 0.798584 407.000000
 21.750000 0.801608 404.428561 0.000000 0.000000 0.000000 0.000000 0.801608 417.000000
 22.000000 0.801997 405.737673 0.544161 2.176644 0.000000 0.000000 0.801997 419.000000
 22.250000 0.795722 402.938177 0.000000 0.000000 0.000000 0.000000 0.795722 423.000000
 22.500000 0.800179 404.298121 0.000000 0.000000 0.000000 0.000000 0.800179 414.000000
 22.750000 0.799311 402.896664 0.000000 0.000000 0.000000 0.000000 0.799311 414.000000
 23.000000 0.797881 399.331473 0.000000 0.000000 0.000000 0.000000 0.797881 413.000000
 23.250000 0.797298 398.792240 0.000000 0.000000 0.000000 0.000000 0.797298 416.000000
 23.500000 0.800650 404.667742 0.000000 0.000000 0.000000 0.000000 0.800650 421.000000
 23.750000 0.799282 405.546094 0.298219 1.192875 0.000000 0.000000 0.799282 423.000000
 24.000000 0.796750 398.777938 0.000000 0.000000 0.000000 0.000000 0.796750 415.000000
 24.250000 0.798588 401.125084 0.000000 0.000000 0.000000 0.000000 0.798588 411.000000
 24.500000 0.799127 400.944966 0.000000 0.000000 0.000000 0.000000 0.799127 419.000000
 24.750000 0.802618 404.725595 0.000000 0.000000 0.000000 0.000000 0.802618 417.000000
 25.000000 0.797524 404.623398 0.000000 0.000000 0.000000 0.000000 0.797524 419.000000
 25.250000 0.799561 401.105031 0.000000 0.000000 0.000000 0.000000 0.799561 414.000000
 25.500000 0.799635 401.159899 0.000000 0.000000 0.000000 0.000000 0.799635 411.000000
 25.750000 0.795706 394.230513 0.000000 0.000000 0.000000 0.000000 0.795706 405.000000
 26.000000 0.792776 394.196393 0.000000 0.000000 0.000000 0.000000 0.792776 410.000000
 26.250000 0.799407 402.858843 0.000000 0.000000 0.000000 0.000000 0.799407 420.000000
 26.500000 0.797977 399.996221 0.000000 0.000000 0.000000 0.000000 0.797977 416.000000
 26.750000 0.798402 405.216763 0.046986 0.187944 0.000000 0.000000 0.798402 420.000000
 27.000000 0.795496 394.872873 0.000000 0.000000 0.000000 0.000000 0.795496 405.000000
 27.250000 0.800205 401.086610 0.000000 0.000000 0.000000 0.000000 0.800205 414.000000
 27.500000 0.798773 399.975013 0.000000 0.000000 0.000000 0.000000 0.798773 403.000000
 27.750000 0.787039 386.100080 0.000000 0.000000 0.000000 0.000000 0.787039 408.000000
 28.000000 0.798791 399.937199 0.000000 0.000000 0.000000 0.000000 0.798791 412.000000
 28.250000 0.795955 394.120183 0.000000 0.000000 0.000000 0.000000 0.795955 406.000000
 28.500000 0.800468 401.986089 0.000000 0.000000 0.000000 0.000000 0.800468 410.000000
 28.750000 0.799111 402.368872 0.000000 0.000000 0.000000 0.000000 0.799111 414.000000
 29.000000 0.799640 400.242065 0.000000 0.000000 0.000000 0.000000 0.799640 409.000000
 29.250000 0.799294 402.079692 0.000000 0.000000 0.000000 0.000000 0.799294 413.000000
 29.500000 0.798288 397.875522 0.000000 0.000000 0.000000 0.000000 0.798288 402.000000
 29.750000 0.804038 403.587277 0.000000 0.000000 0.000000 0.000000 0.804038 409.000000
 30.000000 0.804512 403.105814 0.000000 0.000000 0.000000 0.000000 0.804512 412.000000
 30.250000 0.803839 402.462223 0.000000 0.000000 0.000000 0.000000 0.803839 409.000000
 30.500000 0.799306 397.864497 0.000000 0.000000 0.000000 0.000000 0.799306 409.000000
 30.750000 0.802005 401.086806 0.000000 0.000000 0.000000 0.000000 0.802005 410.000000
 31.000000 0.799582 402.195270 0.000000 0.000000 0.000000 0.000000 0.799582 412.000000
 31.250000 0.797564 396.001385 0.000000 0.000000 0.000000 0.000000 0.797564 409.000000
 31.500000 0.799363 395.948977 0.000000 0.000000 0.000000 0.000000 0.799363 407.000000
 31.750000 0.800132 396.984904 0.000000 0.000000 0.000000 0.000000 0.800132 406.000000
 32.000000 0.797678 395.200738 0.000000 0.000000 0.000000 0.000000 0.797678 406.000000
 32.250000 0.803880 404.497451 0.000000 0.000000 0.000000 0.000000 0.803880 408.000000
 32.500000 0.801737 404.232509 0.000000 0.000000 0.000000 0.000000 0.801737 416.000000
 32.750000 0.796071 394.271895 0.000000 0.000000 0.000000 0.000000 0.796071 402.000000
 33.000000 0.802438 400.483011 0.000000 0.000000 0.000000 0.000000 0.802438 414.000000
 33.250000 0.795389 396.521606 0.000000 0.000000 0.000000 0.000000 0.795389 413.000000
 33.500000 0.793291 390.906493 0.000000 0.000000 0.000000 0.000000 0.793291 408.000000
 33.750000 0.794076 391.429661 0.000000 0.000000 0.000000 0.000000 0.794076 404.000000
 34.000000 0.801509 397.630587 0.000000 0.000000 0.000000 0.000000 0.801509 399.000000
 34.250000 0.796104 394.082545 0.000000 0.000000 0.000000 0.000000 0.796104 403.000000
 34.500000 0.799557 400.426320 0.000000 0.000000 0.000000 0.000000 0.799557 414.000000
 34.750000 0.794484 394.201045 0.000000 0.000000 0.000000 0.000000 0.794484 406.000000
 35.000000 0.794848 391.602498 0.000000 0.000000 0.000000 0.000000 0.794848 399.000000
 35.250000 0.791963 393.498581 0.000000 0.000000 0.000000 0.000000 0.791963 411.000000
 35.500000 0.798840 398.913877 0.000000 0.000000 0.000000 0.000000 0.798840 406.000000
 35.750000 0.796505 392.977841 0.000000 0.000000 0.000000 0.000000 0.796505 400.000000
 36.000000 0.789043 388.196481 0.000000 0.000000 0.000000 0.000000 0.789043 403.000000
 36.250000 0.799323 397.472000 0.000000 0.000000 0.000000 0.000000 0.799323 407.000000
 36.500000 0.800038 400.268210 0.000000 0.000000 0.000000 0.000000 0.800038 407.000000
 36.750000 0.793741 390.637279 0.000000 0.000000 0.000000 0.000000 0.793741 397.000000
 37.000000 0.796098 393.623003 0.000000 0.000000 0.000000 0.000000 0.796098 409.000000
 37.250000 0.796925 395.058465 0.000000 0.000000 0.000000 0.000000 0.796925 410.000000
 37.500000 0.793804 390.607947 0.000000 0.000000 0.000000 0.000000 0.793804 406.000000
 37.750000 0.798443 398.403978 0.000000 0.000000 0.000000 0.000000 0.798443 413.000000
 38.000000 0.800428 399.401081 0.000000 0.000000 0.000000 0.000000 0.800428 409.000000
 38.250000 0.797192 392.085608 0.000000 0.000000 0.000000 0.000000 0.797192 401.000000
 38.500000 0.789927 385.327981 0.000000 0.000000 0.000000 0.000000 0.789927 397.000000
 38.750000 0.791530 388.574241 0.000000 0.000000 0.000000 0.000000 0.791530 405.000000
 39.000000 0.797736 398.310365 0.000000 0.000000 0.000000 0.000000 0.797736 410.000000
 39.250000 0.797606 399.498990 0.000000 0.000000 0.000000 0.000000 0.797606 411.000000
 39.500000 0.789232 386.412531 0.000000 0.000000 0.000000 0.000000 0.789232 400.000000
 39.750000 0.797953 400.137385 0.000000 0.000000 0.000000 0.000000 0.797953 411.000000
 40.000000 0.796506 398.516213 0.000000 0.000000 0.000000 0.000000 0.796506 410.000000
 40.250000 0.791611 391.242426 0.000000 0.000000 0.000000 0.000000 0.791611 409.000000
 40.500000 0.798298 399.587454 0.000000 0.000000 0.000000 0.000000 0.798298 407.000000
 40.750000 0.799872 400.875979 0.000000 0.000000 0.000000 0.000000 0.799872 408.000000
 41.000000 0.790844 388.086458 0.000000 0.000000 0.000000 0.000000 0.790844 398.000000
 41.250000 0.796729 398.587212 0.000000 0.000000 0.000000 0.000000 0.796729 409.000000
 41.500000 0.798648 400.985689 0.000000 0.000000 0.000000 0.000000 0.798648 406.000000
 41.750000 0.801029 405.458293 0.210032 0.840129 0.000000 0.000000 0.801029 416.000000
 42.000000 0.793597 388.879090 0.000000 0.000000 0.000000 0.000000 0.793597 401.000000
 42.250000 0.803062 405.665822 0.443319 1.773276 0.000000 0.000000 0.803062 419.000000
 42.500000 0.792639 384.663082 0.000000 0.000000 0.000000 0.000000 0.792639 399.000000
 42.750000 0.803223 403.112874 0.000000 0.000000 0.000000 0.000000 0.803223 417.000000
 43.000000 0.803940 404.425668 0.000000 0.000000 0.000000 0.000000 0.803940 412.000000
 43.250000 0.798368 395.042942 0.000000 0.000000 0.000000 0.000000 0.798368 400.000000
 43.500000 0.799775 396.485519 0.000000 0.000000 0.000000 0.000000 0.799775 412.000000
 43.750000 0.799248 396.014114 0.000000 0.000000 0.000000 0.000000 0.799248 405.000000
 44.000000 0.797944 392.665528 0.000000 0.000000 0.000000 0.000000 0.797944 400.000000
 44.250000 0.799092 397.880174 0.000000 0.000000 0.000000 0.000000 0.799092 405.000000
 44.500000 0.800747 398.024926 0.000000 0.000000 0.000000 0.000000 0.800747 403.000000
 44.750000 0.795742 387.611257 0.000000 0.000000 0.000000 0.000000 0.795742 400.000000
 45.000000 0.797940 391.203234 0.000000 0.000000 0.000000 0.000000 0.797940 395.000000
 45.250000 0.799385 398.130699 0.000000 0.000000 0.000000 0.000000 0.799385 407.000000
 45.500000 0.798946 399.902272 0.000000 0.000000 0.000000 0.000000 0.798946 408.000000
 45.750000 0.797795 395.883188 0.000000 0.000000 0.000000 0.000000 0.797795 410.000000
 46.000000 0.796838 398.137007 0.000000 0.000000 0.000000 0.000000 0.796838 415.000000
 46.250000 0.797216 394.302532 0.000000 0.000000 0.000000 0.000000 0.797216 407.000000
 46.500000 0.791245 388.691914 0.000000 0.000000 0.000000 0.000000 0.791245 402.000000
 46.750000 0.795263 397.149480 0.000000 0.000000 0.000000 0.000000 0.795263 411.000000
 47.000000 0.794536 395.637188 0.000000 0.000000 0.000000 0.000000 0.794536 413.000000
 47.250000 0.796187 396.151978 0.000000 0.000000 0.000000 0.000000 0.796187 404.000000
 47.500000 0.800147 405.424813 0.180466 0.721864 0.000000 0.000000 0.800147 421.000000
 47.750000 0.798762 403.981572 0.000000 0.000000 0.000000 0.000000 0.798762 409.000000
 48.000000 0.800060 401.183048 0.000000 0.000000 0.000000 0.000000 0.800060 414.000000
 48.250000 0.796616 393.459120 0.000000 0.000000 0.000000 0.000000 0.796616 406.000000
 48.500000 0.798086 396.846403 0.000000 0.000000 0.000000 0.000000 0.798086 412.000000
 48.750000 0.798419 396.608185 0.000000 0.000000 0.000000 0.000000 0.798419 407.000000
 49.000000 0.797826 399.764751 0.000000 0.000000 0.000000 0.000000 0.797826 417.000000
 49.250000 0.803177 404.961658 0.000000 0.000000 0.000000 0.000000 0.803177 422.000000
 49.500000 0.802180 406.205023 1.452081 5.808325 0.000000 0.000000 0.802180 413.000000
 49.750000 0.797334 401.782894 0.000000 0.000000 0.000000 0.000000 0.797334 418.000000
 50.000000 0.801063 402.930724 0.000000 0.000000 0.000000 0.000000 0.801063 413.000000
 50.250000 0.797820 401.808157 0.000000 0.000000 0.000000 0.000000 0.797820 408.000000
 50.500000 0.803963 405.733548 0.538093 2.152372 0.000000 0.000000 0.803963 413.000000
 50.750000 0.803642 405.135747 0.018427 0.073708 0.000000 0.000000 0.803642 416.000000
 51.000000 0.800327 400.003932 0.000000 0.000000 0.000000 0.000000 0.800327 411.000000
 51.250000 0.797032 399.940010 0.000000 0.000000 0.000000 0.000000 0.797032 411.000000
 51.500000 0.803676 404.731281 0.000000 0.000000 0.000000 0.000000 0.803676 414.000000
 51.750000 0.798820 401.067488 0.000000 0.000000 0.000000 0.000000 0.798820 419.000000
 52.000000 0.803294 405.525977 0.276652 1.106607 0.000000 0.000000 0.803294 413.000000
 52.250000 0.802128 404.638698 0.000000 0.000000 0.000000 0.000000 0.802128 410.000000
 52.500000 0.801475 405.077995 0.006083 0.024333 0.000000 0.000000 0.801475 418.000000
 52.750000 0.793762 393.160239 0.000000 0.000000 0.000000 0.000000 0.793762 408.000000
 53.000000 0.797880 400.153861 0.000000 0.000000 0.000000 0.000000 0.797880 413.000000
 53.250000 0.799935 403.428618 0.000000 0.000000 0.000000 0.000000 0.799935 414.000000
 53.500000 0.799131 400.818283 0.000000 0.000000 0.000000 0.000000 0.799131 411.000000
 53.750000 0.801299 405.747866 0.559303 2.237212 0.000000 0.000000 0.801299 420.000000
 54.000000 0.796306 395.979074 0.000000 0.000000 0.000000 0.000000 0.796306 409.000000
 54.250000 0.799981 404.115692 0.000000 0.000000 0.000000 0.000000 0.799981 423.000000
 54.500000 0.801968 406.204839 1.451637 5.806549 0.000000 0.000000 0.801968 420.000000
 54.750000 0.799496 404.390132 0.000000 0.000000 0.000000 0.000000 0.799496 424.000000
 55.000000 0.798775 406.415985 2.005014 8.020058 0.000000 0.000000 0.798775 424.000000
 55.250000 0.795085 400.334029 0.000000 0.000000 0.000000 0.000000 0.795085 413.000000
 55.500000 0.795378 397.871529 0.000000 0.000000 0.000000 0.000000 0.795378 416.000000
 55.750000 0.797333 397.515643 0.000000 0.000000 0.000000 0.000000 0.797333 410.000000
 56.000000 0.801611 404.399484 0.000000 0.000000 0.000000 0.000000 0.801611 416.000000
 56.250000 0.799525 405.890849 0.793612 3.174450 0.000000 0.000000 0.799525 420.000000
 56.500000 0.794763 394.766058 0.000000 0.000000 0.000000 0.000000 0.794763 406.000000
 56.750000 0.795521 392.766933 0.000000 0.000000 0.000000 0.000000 0.795521 408.000000
 57.000000 0.799530 400.116474 0.000000 0.000000 0.000000 0.000000 0.799530 406.000000
 57.250000 0.802322 403.676518 0.000000 0.000000 0.000000 0.000000 0.802322 417.000000
 57.500000 0.798252 403.698892 0.000000 0.000000 0.000000 0.000000 0.798252 423.000000
 57.750000 0.795355 397.986416 0.000000 0.000000 0.000000 0.000000 0.795355 409.000000
 58.000000 0.796115 399.043599 0.000000 0.000000 0.000000 0.000000 0.796115 410.000000
 58.250000 0.800857 403.302926 0.000000 0.000000 0.000000 0.000000 0.800857 409.000000
 58.500000 0.802832 403.788279 0.000000 0.000000 0.000000 0.000000 0.802832 415.000000
 58.750000 0.795974 395.011995 0.000000 0.000000 0.000000 0.000000 0.795974 404.000000
 59.000000 0.799356 400.193249 0.000000 0.000000 0.000000 0.000000 0.799356 410.000000
 59.250000 0.800939 401.091225 0.000000 0.000000 0.000000 0.000000 0.800939 408.000000
 59.500000 0.798553 396.901458 0.000000 0.000000 0.000000 0.000000 0.798553 406.000000
 59.750000 0.796304 395.934223 0.000000 0.000000 0.000000 0.000000 0.796304 401.000000
 60.000000 0.801890 402.473320 0.000000 0.000000 0.000000 0.000000 0.801890 411.000000
 60.250000 0.796233 397.108941 0.000000 0.000000 0.000000 0.000000 0.796233 413.000000
 60.500000 0.801538 403.264155 0.000000 0.000000 0.000000 0.000000 0.801538 418.000000
 60.750000 0.803551 401.819461 0.000000 0.000000 0.000000 0.000000 0.803551 413.000000
 61.000000 0.803383 404.127224 0.000000 0.000000 0.000000 0.000000 0.803383 411.000000
 61.250000 0.803121 403.198206 0.000000 0.000000 0.000000 0.000000 0.803121 410.000000
 61.500000 0.799173 399.563764 0.000000 0.000000 0.000000 0.000000 0.799173 412.000000
 61.750000 0.804865 405.157180 0.024706 0.098823 0.000000 0.000000 0.804865 412.000000
 62.000000 0.794983 393.421774 0.000000 0.000000 0.000000 0.000000 0.794983 404.000000
 62.250000 0.799355 398.744502 0.000000 0.000000 0.000000 0.000000 0.799355 405.000000
 62.500000 0.804771 405.019417 0.000377 0.001508 0.000000 0.000000 0.804771 410.000000
 62.750000 0.793871 390.712303 0.000000 0.000000 0.000000 0.000000 0.793871 403.000000
 63.000000 0.793517 389.892424 0.000000 0.000000 0.000000 0.000000 0.793517 406.000000
 63.250000 0.799532 398.676956 0.000000 0.000000 0.000000 0.000000 0.799532 408.000000
 63.500000 0.796518 391.662548 0.000000 0.000000 0.000000 0.000000 0.796518 398.000000
 63.750000 0.793890 389.484260 0.000000 0.000000 0.000000 0.000000 0.793890 394.000000
 64.000000 0.797557 389.796570 0.000000 0.000000 0.000000 0.000000 0.797557 392.000000
 64.250000 0.791330 381.053658 0.000000 0.000000 0.000000 0.000000 0.791330 388.000000
 64.500000 0.788873 375.649875 0.000000 0.000000 0.000000 0.000000 0.788873 388.000000
 64.750000 0.787165 378.400582 0.000000 0.000000 0.000000 0.000000 0.787165 397.000000
 65.000000 0.791862 386.789671 0.000000 0.000000 0.000000 0.000000 0.791862 395.000000
 65.250000 0.792137 386.957142 0.000000 0.000000 0.000000 0.000000 0.792137 400.000000
 65.500000 0.794974 388.959976 0.000000 0.000000 0.000000 0.000000 0.794974 397.000000
 65.750000 0.793599 386.093640 0.000000 0.000000 0.000000 0.000000 0.793599 396.000000
 66.000000 0.791330 382.694872 0.000000 0.000000 0.000000 0.000000 0.791330 396.000000
 66.250000 0.788413 378.647080 0.000000 0.000000 0.000000 0.000000 0.788413 387.000000
 66.500000 0.793738 390.076694 0.000000 0.000000 0.000000 0.000000 0.793738 403.000000
 66.750000 0.800264 400.327084 0.000000 0.000000 0.000000 0.000000 0.800264 406.000000
 67.000000 0.797819 393.067280 0.000000 0.000000 0.000000 0.000000 0.797819 403.000000
 67.250000 0.800390 401.788827 0.000000 0.000000 0.000000 0.000000 0.800390 412.000000
 67.500000 0.798604 398.179909 0.000000 0.000000 0.000000 0.000000 0.798604 406.000000
 67.750000 0.794863 395.769541 0.000000 0.000000 0.000000 0.000000 0.794863 412.000000
 68.000000 0.795732 391.737100 0.000000 0.000000 0.000000 0.000000 0.795732 399.000000
 68.250000 0.803181 401.647459 0.000000 0.000000 0.000000 0.000000 0.803181 411.000000
 68.500000 0.800345 397.781444 0.000000 0.000000 0.000000 0.000000 0.800345 402.000000
 68.750000 0.803009 404.042506 0.000000 0.000000 0.000000 0.000000 0.803009 411.000000
 69.000000 0.799287 400.512921 0.000000 0.000000 0.000000 0.000000 0.799287 414.000000
 69.250000 0.795830 393.961359 0.000000 0.000000 0.000000 0.000000 0.795830 409.000000
 69.500000 0.796759 397.113084 0.000000 0.000000 0.000000 0.000000 0.796759 416.000000
 69.750000 0.799104 395.299624 0.000000 0.000000 0.000000 0.000000 0.799104 403.000000
 70.000000 0.803081 401.573342 0.000000 0.000000 0.000000 0.000000 0.803081 403.000000
 70.250000 0.794023 391.052346 0.000000 0.000000 0.000000 0.000000 0.794023 407.000000
 70.500000 0.790195 381.723748 0.000000 0.000000 0.000000 0.000000 0.790195 389.000000
 70.750000 0.794806 388.029890 0.000000 0.000000 0.000000 0.000000 0.794806 394.000000
 71.000000 0.792203 385.441212 0.000000 0.000000 0.000000 0.000000 0.792203 392.000000
 71.250000 0.800940 397.834466 0.000000 0.000000 0.000000 0.000000 0.800940 398.000000
 71.500000 0.797444 393.840069 0.000000 0.000000 0.000000 0.000000 0.797444 399.000000
 71.750000 0.797957 395.486868 0.000000 0.000000 0.000000 0.000000 0.797957 399.000000
 72.000000 0.793523 387.904950 0.000000 0.000000 0.000000 0.000000 0.793523 397.000000
 72.250000 0.793780 391.475545 0.000000 0.000000 0.000000 0.000000 0.793780 401.000000
 72.500000 0.800266 397.239276 0.000000 0.000000 0.000000 0.000000 0.800266 405.000000
 72.750000 0.793441 391.000902 0.000000 0.000000 0.000000 0.000000 0.793441 404.000000
 73.000000 0.789167 384.750045 0.000000 0.000000 0.000000 0.000000 0.789167 401.000000
 73.250000 0.791534 390.205771 0.000000 0.000000 0.000000 0.000000 0.791534 401.000000
 73.500000 0.792263 384.918047 0.000000 0.000000 0.000000 0.000000 0.792263 394.000000
 73.750000 0.794579 387.920395 0.000000 0.000000 0.000000 0.000000 0.794579 395.000000
 74.000000 0.794928 391.523760 0.000000 0.000000 0.000000 0.000000 0.794928 406.000000
 74.250000 0.791241 385.836480 0.000000 0.000000 0.000000 0.000000 0.791241 406.000000
 74.500000 0.795582 390.368239 0.000000 0.000000 0.000000 0.000000 0.795582 403.000000
 74.750000 0.788915 383.859542 0.000000 0.000000 0.000000 0.000000 0.788915 396.000000
 75.000000 0.794667 390.912027 0.000000 0.000000 0.000000 0.000000 0.794667 396.000000
 75.250000 0.792347 388.388357 0.000000 0.000000 0.000000 0.000000 0.792347 400.000000
 75.500000 0.793677 390.032695 0.000000 0.000000 0.000000 0.000000 0.793677 402.000000
 75.750000 0.792953 391.496503 0.000000 0.000000 0.000000 0.000000 0.792953 407.000000
 76.000000 0.792041 390.279162 0.000000 0.000000 0.000000 0.000000 0.792041 401.000000
 76.250000 0.790540 386.694649 0.000000 0.000000 0.000000 0.000000 0.790540 400.000000
 76.500000 0.791457 391.242283 0.000000 0.000000 0.000000 0.000000 0.791457 406.000000
 76.750000 0.790489 390.474671 0.000000 0.000000 0.000000 0.000000 0.790489 403.000000
 77.000000 0.789631 388.658934 0.000000 0.000000 0.000000 0.000000 0.789631 407.000000
 77.250000 0.788858 389.813776 0.000000 0.000000 0.000000 0.000000 0.788858 409.000000
 77.500000 0.796178 398.672009 0.000000 0.000000 0.000000 0.000000 0.796178 412.000000
 77.750000 0.797040 400.143476 0.000000 0.000000 0.000000 0.000000 0.797040 411.000000
 78.000000 0.785985 385.045163 0.000000 0.000000 0.000000 0.000000 0.785985 400.000000
 78.250000 0.783732 378.886690 0.000000 0.000000 0.000000 0.000000 0.783732 401.000000
 78.500000 0.795961 396.989086 0.000000 0.000000 0.000000 0.000000 0.795961 411.000000
 78.750000 0.792283 391.254602 0.000000 0.000000 0.000000 0.000000 0.792283 404.000000
 79.000000 0.799738 402.888135 0.000000 0.000000 0.000000 0.000000 0.799738 414.000000
 79.250000 0.787264 383.980681 0.000000 0.000000 0.000000 0.000000 0.787264 407.000000
 79.500000 0.793062 398.953905 0.000000 0.000000 0.000000 0.000000 0.793062 412.000000
 79.750000 0.789658 390.127476 0.000000 0.000000 0.000000 0.000000 0.789658 409.000000
 80.000000 0.796606 396.021357 0.000000 0.000000 0.000000 0.000000 0.796606 409.000000
 80.250000 0.790377 386.768497 0.000000 0.000000 0.000000 0.000000 0.790377 401.000000
 80.500000 0.793923 392.042873 0.000000 0.000000 0.000000 0.000000 0.793923 407.000000
 80.750000 0.788554 381.804760 0.000000 0.000000 0.000000 0.000000 0.788554 397.000000
 81.000000 0.790357 387.291892 0.000000 0.000000 0.000000 0.000000 0.790357 404.000000
 81.250000 0.794055 390.976259 0.000000 0.000000 0.000000 0.000000 0.794055 409.000000
 81.500000 0.788908 388.650351 0.000000 0.000000 0.000000 0.000000 0.788908 402.000000
 81.750000 0.795060 396.763928 0.000000 0.000000 0.000000 0.000000 0.795060 410.000000
 82.000000 0.790504 387.527173 0.000000 0.000000 0.000000 0.000000 0.790504 404.000000
 82.250000 0.793100 391.872465 0.000000 0.000000 0.000000 0.000000 0.793100 406.000000
 82.500000 0.789264 383.855731 0.000000 0.000000 0.000000 0.000000 0.789264 401.000000
 82.750000 0.792937 389.068535 0.000000 0.000000 0.000000 0.000000 0.792937 400.000000
 83.000000 0.789331 387.617821 0.000000 0.000000 0.000000 0.000000 0.789331 409.000000
 83.250000 0.793862 387.123420 0.000000 0.000000 0.000000 0.000000 0.793862 398.000000
 83.500000 0.792521 385.604016 0.000000 0.000000 0.000000 0.000000 0.792521 399.000000
 83.750000 0.789961 382.968533 0.000000 0.000000 0.000000 0.000000 0.789961 397.000000
 84.000000 0.790500 389.170116 0.000000 0.000000 0.000000 0.000000 0.790500 402.000000
 84.250000 0.791959 389.225070 0.000000 0.000000 0.000000 0.000000 0.791959 403.000000
 84.500000 0.788697 383.540284 0.000000 0.000000 0.000000 0.000000 0.788697 397.000000
 84.750000 0.792779 390.009242 0.000000 0.000000 0.000000 0.000000 0.792779 400.000000
 85.000000 0.795379 396.966428 0.000000 0.000000 0.000000 0.000000 0.795379 408.000000
 85.250000 0.787356 378.807123 0.000000 0.000000 0.000000 0.000000 0.787356 395.000000
 85.500000 0.793195 387.956109 0.000000 0.000000 0.000000 0.000000 0.793195 398.000000
 85.750000 0.798558 395.255022 0.000000 0.000000 0.000000 0.000000 0.798558 401.000000
 86.000000 0.794081 392.556901 0.000000 0.000000 0.000000 0.000000 0.794081 408.000000
 86.250000 0.798547 398.984711 0.000000 0.000000 0.000000 0.000000 0.798547 408.000000
 86.500000 0.792649 390.830529 0.000000 0.000000 0.000000 0.000000 0.792649 401.000000
 86.750000 0.798682 395.201154 0.000000 0.000000 0.000000 0.000000 0.798682 401.000000
 87.000000 0.793959 391.258843 0.000000 0.000000 0.000000 0.000000 0.793959 406.000000
 87.250000 0.792569 390.382963 0.000000 0.000000 0.000000 0.000000 0.792569 397.000000
 87.500000 0.790430 386.233934 0.000000 0.000000 0.000000 0.000000 0.790430 398.000000
 87.750000 0.801569 402.304177 0.000000 0.000000 0.000000 0.000000 0.801569 412.000000
 88.000000 0.795268 392.703402 0.000000 0.000000 0.000000 0.000000 0.795268 407.000000
 88.250000 0.790478 384.727363 0.000000 0.000000 0.000000 0.000000 0.790478 399.000000
 88.500000 0.797207 393.000192 0.000000 0.000000 0.000000 0.000000 0.797207 402.000000
 88.750000 0.792890 390.439999 0.000000 0.000000 0.000000 0.000000 0.792890 405.000000
 89.000000 0.795447 392.282802 0.000000 0.000000 0.000000 0.000000 0.795447 399.000000
 89.250000 0.792575 390.924012 0.000000 0.000000 0.000000 0.000000 0.792575 402.000000
 89.500000 0.794448 391.198440 0.000000 0.000000 0.000000 0.000000 0.794448 398.000000
 89.750000 0.791552 385.003566 0.000000 0.000000 0.000000 0.000000 0.791552 395.000000
 90.000000 0.795807 393.695239 0.000000 0.000000 0.000000 0.000000 0.795807 402.000000
 90.250000 0.795565 391.304001 0.000000 0.000000 0.000000 0.000000 0.795565 403.000000
 90.500000 0.794990 391.887204 0.000000 0.000000 0.000000 0.000000 0.794990 398.000000
 90.750000 0.796041 393.765967 0.000000 0.000000 0.000000 0.000000 0.796041 402.000000
 91.000000 0.789366 388.265006 0.000000 0.000000 0.000000 0.000000 0.789366 403.000000
 91.250000 0.796314 395.410618 0.000000 0.000000 0.000000 0.000000 0.796314 404.000000
 91.500000 0.792992 392.257041 0.000000 0.000000 0.000000 0.000000 0.792992 405.000000
 91.750000 0.789977 383.860024 0.000000 0.000000 0.000000 0.000000 0.789977 400.000000
 92.000000 0.790539 384.451623 0.000000 0.000000 0.000000 0.000000 0.790539 397.000000
 92.250000 0.786313 380.195899 0.000000 0.000000 0.000000 0.000000 0.786313 395.000000
 92.500000 0.793926 391.274928 0.000000 0.000000 0.000000 0.000000 0.793926 407.000000
 92.750000 0.795939 394.124899 0.000000 0.000000 0.000000 0.000000 0.795939 407.000000
 93.000000 0.789470 385.073454 0.000000 0.000000 0.000000 0.000000 0.789470 404.000000
 93.250000 0.787908 385.851429 0.000000 0.000000 0.000000 0.000000 0.787908 404.000000
 93.500000 0.791117 387.104333 0.000000 0.000000 0.000000 0.000000 0.791117 406.000000
 93.750000 0.791040 383.370429 0.000000 0.000000 0.000000 0.000000 0.791040 397.000000
 94.000000 0.786422 380.176481 0.000000 0.000000 0.000000 0.000000 0.786422 392.000000
 94.250000 0.782695 373.673268 0.000000 0.000000 0.000000 0.000000 0.782695 390.000000
 94.500000 0.787743 374.706902 0.000000 0.000000 0.000000 0.000000 0.787743 380.000000
 94.750000 0.792184 383.396512 0.000000 0.000000 0.000000 0.000000 0.792184 390.000000
 95.000000 0.790107 384.129621 0.000000 0.000000 0.000000 0.000000 0.790107 397.000000
 95.250000 0.790323 383.887306 0.000000 0.000000 0.000000 0.000000 0.790323 396.000000
 95.500000 0.793583 381.723879 0.000000 0.000000 0.000000 0.000000 0.793583 388.000000
 95.750000 0.791151 382.796942 0.000000 0.000000 0.000000 0.000000 0.791151 391.000000
 96.000000 0.780669 368.028257 0.000000 0.000000 0.000000 0.000000 0.780669 388.000000
 96.250000 0.790685 383.645084 0.000000 0.000000 0.000000 0.000000 0.790685 393.000000
 96.500000 0.782495 369.826299 0.000000 0.000000 0.000000 0.000000 0.782495 388.000000
 96.750000 0.787263 382.412734 0.000000 0.000000 0.000000 0.000000 0.787263 401.000000
 97.000000 0.784193 375.945334 0.000000 0.000000 0.000000 0.000000 0.784193 390.000000
 97.250000 0.787955 377.562160 0.000000 0.000000 0.000000 0.000000 0.787955 387.000000
 97.500000 0.792196 382.116981 0.000000 0.000000 0.000000 0.000000 0.792196 395.000000
 97.750000 0.793265 385.469374 0.000000 0.000000 0.000000 0.000000 0.793265 399.000000
 98.000000 0.789474 378.661288 0.000000 0.000000 0.000000 0.000000 0.789474 386.000000
 98.250000 0.793927 391.789287 0.000000 0.000000 0.000000 0.000000 0.793927 406.000000
 98.500000 0.796064 387.275630 0.000000 0.000000 0.000000 0.000000 0.796064 392.000000
 98.750000 0.788679 377.743496 0.000000 0.000000 0.000000 0.000000 0.788679 391.000000
 99.000000 0.786620 373.732599 0.000000 0.000000 0.000000 0.000000 0.786620 383.000000
 99.250000 0.796694 394.300316 0.000000 0.000000 0.000000 0.000000 0.796694 403.000000
 99.500000 0.792844 383.689507 0.000000 0.000000 0.000000 0.000000 0.792844 393.000000
 99.750000 0.783051 374.881604 0.000000 0.000000 0.000000 0.000000 0.783051 389.000000
 100.000000 0.790645 385.126787 0.000000 0.000000 0.000000 0.000000 0.790645 397.000000
 100.250000 0.790207 382.810072 0.000000 0.000000 0.000000 0.000000 0.790207 400.000000
