#! FIELDS time refcv.mean refcv.morethan uwall.bias uwall.force2 lwall.bias lwall.force2 refcv2.mean refcv2.morethan
 0.750000 1.623484 502.148190 0.000000 0.000000 0.000000 0.000000 1.623484 516.000000
 1.000000 1.608161 495.613160 0.000000 0.000000 0.000000 0.000000 1.608161 531.000000
 1.250000 1.602936 487.437952 0.000000 0.000000 0.000000 0.000000 1.602936 511.000000
 1.500000 1.617713 504.724091 0.524308 2.097234 0.000000 0.000000 1.617713 517.000000
 1.750000 1.607362 498.051672 0.000000 0.000000 0.000000 0.000000 1.607362 528.000000
 2.000000 1.613323 502.452934 0.000000 0.000000 0.000000 0.000000 1.613323 526.000000
 2.250000 1.610508 492.937678 0.000000 0.000000 0.000000 0.000000 1.610508 515.000000
 2.500000 1.607075 492.303813 0.000000 0.000000 0.000000 0.000000 1.607075 524.000000
 2.750000 1.610465 500.747329 0.000000 0.000000 0.000000 0.000000 1.610465 542.000000
 3.000000 1.611793 498.188345 0.000000 0.000000 0.000000 0.000000 1.611793 533.000000
 3.250000 1.613441 503.034890 0.000000 0.000000 0.000000 0.000000 1.613441 534.000000
 3.500000 1.612508 505.852803 3.432880 13.731518 0.000000 0.000000 1.612508 549.000000
 3.750000 1.613796 505.573116 2.474695 9.898782 0.000000 0.000000 1.613796 534.000000
 4.000000 1.613327 503.088389 0.000000 0.000000 0.000000 0.000000 1.613327 536.000000
 4.250000 1.614784 505.675242 2.806435 11.225741 0.000000 0.000000 1.614784 540.000000
 4.500000 1.611931 506.551646 6.510895 26.043581 0.000000 0.000000 1.611931 550.000000
 4.750000 1.612382 504.912740 0.833094 3.332377 0.000000 0.000000 1.612382 542.000000
 5.000000 1.613765 502.735683 0.000000 0.000000 0.000000 0.000000 1.613765 530.000000
 5.250000 1.611080 497.787583 0.000000 0.000000 0.000000 0.000000 1.611080 536.000000
 5.500000 1.609667 501.319654 0.000000 0.000000 0.000000 0.000000 1.609667 536.000000
 5.750000 1.610685 504.157571 0.024829 0.099315 0.000000 0.000000 1.610685 537.000000
 6.000000 1.611548 500.732888 0.000000 0.000000 0.000000 0.000000 1.611548 538.000000
 6.250000 1.610149 504.368352 0.135684 0.542734 0.000000 0.000000 1.610149 543.000000
 6.500000 1.610004 496.331495 0.000000 0.000000 0.000000 0.000000 1.610004 528.000000
 6.750000 1.608114 499.816974 0.000000 0.000000 0.000000 0.000000 1.608114 552.000000
 7.000000 1.609290 502.706725 0.000000 0.000000 0.000000 0.000000 1.609290 558.000000
 7.250000 1.610896 505.641279 2.693798 10.775192 0.000000 0.000000 1.610896 568.000000
 7.500000 1.609972 505.160611 1.347017 5.388067 0.000000 0.000000 1.609972 590.000000
 7.750000 1.610438 506.379110 5.660164 22.640654 0.000000 0.000000 1.610438 583.000000
 8.000000 1.609685 505.457533 2.124403 8.497612 0.000000 0.000000 1.609685 585.000000
 8.250000 1.609821 501.215480 0.000000 0.000000 0.000000 0.000000 1.609821 565.000000
 8.500000 1.611467 504.014464 0.000209 0.000837 0.000000 0.000000 1.611467 554.000000
 8.750000 1.609799 508.381916 19.201189 76.804756 0.000000 0.000000 1.609799 615.000000
 9.000000 1.609848 509.099717 26.007111 104.028443 0.000000 0.000000 1.609848 616.000000
 9.250000 1.609193 502.544420 0.000000 0.000000 0.000000 0.000000 1.609193 575.000000
 9.500000 1.608207 504.041471 0.001720 0.006879 0.000000 0.000000 1.608207 603.000000
 9.750000 1.609020 509.297941 28.068181 112.272723 0.000000 0.000000 1.609020 632.000000
 10.000000 1.609081 506.407759 5.797305 23.189222 0.000000 0.000000 1.609081 605.000000
 10.250000 1.608789 506.888042 8.340788 33.363153 0.000000 0.000000 1.608789 610.000000
 10.500000 1.607074 500.281222 0.000000 0.000000 0.000000 0.000000 1.607074 597.000000
 10.750000 1.608295 504.592579 0.351150 1.404599 0.000000 0.000000 1.608295 611.000000
 11.000000 1.608413 503.489958 0.000000 0.000000 0.000000 0.000000 1.608413 598.000000
 11.250000 1.608845 507.521800 12.403077 49.612306 0.000000 0.000000 1.608845 614.000000
 11.500000 1.608390 505.529304 2.338771 9.355082 0.000000 0.000000 1.608390 626.000000
 11.750000 1.608793 504.958768 0.919236 3.676943 0.000000 0.000000 1.608793 600.000000
 12.000000 1.610776 506.948200 8.691880 34.767521 0.000000 0.000000 1.610776 589.000000
 12.250000 1.607750 502.082017 0.000000 0.000000 0.000000 0.000000 1.607750 592.000000
 12.500000 1.608277 504.855638 0.732117 2.928467 0.000000 0.000000 1.608277 612.000000
 12.750000 1.609779 503.441443 0.000000 0.000000 0.000000 0.000000 1.609779 556.000000
 13.000000 1.610046 504.623552 0.388818 1.555271 0.000000 0.000000 1.610046 589.000000
 13.250000 1.609131 505.822386 3.321090 13.284361 0.000000 0.000000 1.609131 608.000000
 13.500000 1.609594 507.375077 11.391144 45.564576 0.000000 0.000000 1.609594 612.000000
 13.750000 1.611399 504.805086 0.648164 2.592654 0.000000 0.000000 1.611399 554.000000
 14.000000 1.608249 505.908569 3.642634 14.570536 0.000000 0.000000 1.608249 609.000000
 14.250000 1.604411 495.927364 0.000000 0.000000 0.000000 0.000000 1.604411 636.000000
 14.500000 1.608555 506.173104 4.722379 18.889516 0.000000 0.000000 1.608555 607.000000
 14.750000 1.610299 500.919005 0.000000 0.000000 0.000000 0.000000 1.610299 551.000000
 15.000000 1.608464 505.838204 3.378994 13.515976 0.000000 0.000000 1.608464 608.000000
 15.250000 1.608701 507.195797 10.213119 40.852476 0.000000 0.000000 1.608701 633.000000
 15.500000 1.610340 507.080769 9.491137 37.964547 0.000000 0.000000 1.610340 608.000000
 15.750000 1.608589 500.245285 0.000000 0.000000 0.000000 0.000000 1.608589 576.000000
 16.000000 1.605743 499.851127 0.000000 0.000000 0.000000 0.000000 1.605743 639.000000
 16.250000 1.609001 507.819797 14.590846 58.363383 0.000000 0.000000 1.609001 616.000000
 16.500000 1.608397 507.076563 9.465242 37.860970 0.000000 0.000000 1.608397 642.000000
 16.750000 1.610230 510.528454 42.620718 170.482872 0.000000 0.000000 1.610230 629.000000
 17.000000 1.608631 505.381422 1.908326 7.633304 0.000000 0.000000 1.608631 629.000000
 17.250000 1.608193 505.244246 1.548148 6.192593 0.000000 0.000000 1.608193 623.000000
 17.500000 1.604355 496.805114 0.000000 0.000000 0.000000 0.000000 1.604355 635.000000
 17.750000 1.606168 501.903557 0.000000 0.000000 0.000000 0.000000 1.606168 650.000000
 18.000000 1.607491 505.647372 2.713834 10.855337 0.000000 0.000000 1.607491 658.000000
 18.250000 1.608158 507.510271 12.322006 49.288024 0.000000 0.000000 1.608158 639.000000
 18.500000 1.606552 502.813099 0.000000 0.000000 0.000000 0.000000 1.606552 634.000000
 18.750000 1.608185 505.990597 3.962478 15.849912 0.000000 0.000000 1.608185 627.000000
 19.000000 1.606309 500.251744 0.000000 0.000000 0.000000 0.000000 1.606309 614.000000
 19.250000 1.606978 505.352878 1.830278 7.321111 0.000000 0.000000 1.606978 641.000000
 19.500000 1.607191 501.942525 0.000000 0.000000 0.000000 0.000000 1.607191 629.000000
 19.750000 1.607040 503.114340 0.000000 0.000000 0.000000 0.000000 1.607040 618.000000
 20.000000 1.606849 502.802608 0.000000 0.000000 0.000000 0.000000 1.606849 632.000000
 20.250000 1.605691 500.431278 0.000000 0.000000 0.000000 0.000000 1.605691 638.000000
 20.500000 1.606161 501.035222 0.000000 0.000000 0.000000 0.000000 1.606161 653.000000
 20.750000 1.606719 504.690404 0.476658 1.906633 0.000000 0.000000 1.606719 659.000000
 21.000000 1.607500 505.555796 2.420501 9.682003 0.000000 0.000000 1.607500 648.000000
 21.250000 1.606173 498.961624 0.000000 0.000000 0.000000 0.000000 1.606173 636.000000
 21.500000 1.608626 507.251587 10.572816 42.291265 0.000000 0.000000 1.608626 634.000000
 21.750000 1.607496 505.295222 1.677600 6.710402 0.000000 0.000000 1.607496 653.000000
 22.000000 1.606902 502.591883 0.000000 0.000000 0.000000 0.000000 1.606902 640.000000
 22.250000 1.610336 504.814323 0.663122 2.652486 0.000000 0.000000 1.610336 616.000000
 22.500000 1.605937 500.167342 0.000000 0.000000 0.000000 0.000000 1.605937 624.000000
 22.750000 1.606176 501.796825 0.000000 0.000000 0.000000 0.000000 1.606176 646.000000
 23.000000 1.608199 507.194926 10.207551 40.830206 0.000000 0.000000 1.608199 648.000000
 23.250000 1.607586 505.503727 2.261196 9.044784 0.000000 0.000000 1.607586 649.000000
 23.500000 1.609838 508.785960 22.905413 91.621651 0.000000 0.000000 1.609838 622.000000
 23.750000 1.607751 506.815028 7.924382 31.697526 0.000000 0.000000 1.607751 655.000000
 24.000000 1.606882 504.405102 0.164107 0.656429 0.000000 0.000000 1.606882 668.000000
 24.250000 1.608119 504.317366 0.100721 0.402886 0.000000 0.000000 1.608119 623.000000
 24.500000 1.607930 505.394853 1.945616 7.782463 0.000000 0.000000 1.607930 635.000000
 24.750000 1.607881 503.918423 0.000000 0.000000 0.000000 0.000000 1.607881 630.000000
 25.000000 1.609299 505.429791 2.044301 8.177205 0.000000 0.000000 1.609299 613.000000
 25.250000 1.607655 504.019747 0.000390 0.001560 0.000000 0.000000 1.607655 632.000000
 25.500000 1.607846 505.601736 2.565558 10.262234 0.000000 0.000000 1.607846 639.000000
 25.750000 1.607121 500.876730 0.000000 0.000000 0.000000 0.000000 1.607121 623.000000
 26.000000 1.609144 505.421919 2.021854 8.087415 0.000000 0.000000 1.609144 618.000000
 26.250000 1.606152 502.140337 0.000000 0.000000 0.000000 0.000000 1.606152 655.000000
 26.500000 1.604949 497.039073 0.000000 0.000000 0.000000 0.000000 1.604949 638.000000
 26.750000 1.607488 504.479955 0.230357 0.921427 0.000000 0.000000 1.607488 637.000000
 27.000000 1.607541 506.000300 4.001200 16.004801 0.000000 0.000000 1.607541 655.000000
 27.250000 1.607111 505.274043 1.623185 6.492740 0.000000 0.000000 1.607111 653.000000
 27.500000 1.607873 506.508623 6.293188 25.172751 0.000000 0.000000 1.607873 658.000000
 27.750000 1.608021 506.536416 6.433405 25.733620 0.000000 0.000000 1.608021 633.000000
 28.000000 1.607047 502.751317 0.000000 0.000000 0.000000 0.000000 1.607047 631.000000
 28.250000 1.606162 501.544973 0.000000 0.000000 0.000000 0.000000 1.606162 647.000000
 28.500000 1.607380 504.567723 0.322310 1.289239 0.000000 0.000000 1.607380 636.000000
 28.750000 1.606972 505.119113 1.252415 5.009660 0.000000 0.000000 1.606972 658.000000
 29.000000 1.608211 507.373651 11.381520 45.526082 0.000000 0.000000 1.608211 639.000000
 29.250000 1.607972 506.128001 4.528389 18.113558 0.000000 0.000000 1.607972 628.000000
 29.500000 1.607502 506.123087 4.507500 18.030002 0.000000 0.000000 1.607502 663.000000
 29.750000 1.608726 506.652973 7.038268 28.153073 0.000000 0.000000 1.608726 624.000000
 30.000000 1.606385 504.322914 0.104274 0.417095 0.000000 0.000000 1.606385 670.000000
 30.250000 1.607628 506.901495 8.418674 33.674698 0.000000 0.000000 1.607628 669.000000
 30.500000 1.607645 507.094540 9.576178 38.304712 0.000000 0.000000 1.607645 656.000000
 30.750000 1.607886 504.414857 0.172106 0.688424 0.000000 0.000000 1.607886 619.000000
 31.000000 1.606450 501.862235 0.000000 0.000000 0.000000 0.000000 1.606450 651.000000
 31.250000 1.607240 504.665325 0.442657 1.770629 0.000000 0.000000 1.607240 637.000000
 31.500000 1.608055 506.038383 4.155004 16.620015 0.000000 0.000000 1.608055 628.000000
 31.750000 1.608499 506.750983 7.567907 30.271628 0.000000 0.000000 1.608499 631.000000
 32.000000 1.607344 506.088292 4.360964 17.443857 0.000000 0.000000 1.607344 645.000000
 32.250000 1.606437 503.150947 0.000000 0.000000 0.000000 0.000000 1.606437 649.000000
 32.500000 1.607890 504.410592 0.168586 0.674344 0.000000 0.000000 1.607890 618.000000
 32.750000 1.608047 504.078321 0.006134 0.024537 0.000000 0.000000 1.608047 621.000000
 33.000000 1.607176 501.106820 0.000000 0.000000 0.000000 0.000000 1.607176 610.000000
 33.250000 1.608993 506.471353 6.107588 24.430351 0.000000 0.000000 1.608993 647.000000
 33.500000 1.608502 507.998011 15.984088 63.936352 0.000000 0.000000 1.608502 649.000000
 33.750000 1.608710 505.590723 2.530401 10.121605 0.000000 0.000000 1.608710 619.000000
 34.000000 1.608781 506.203283 4.854457 19.417828 0.000000 0.000000 1.608781 618.000000
 34.250000 1.608889 507.960475 15.685360 62.741442 0.000000 0.000000 1.608889 620.000000
 34.500000 1.607125 502.582460 0.000000 0.000000 0.000000 0.000000 1.607125 633.000000
 34.750000 1.606353 502.019856 0.000000 0.000000 0.000000 0.000000 1.606353 642.000000
 35.000000 1.608595 504.239994 0.057597 0.230389 0.000000 0.000000 1.608595 617.000000
 35.250000 1.609317 510.033685 36.405360 145.621441 0.000000 0.000000 1.609317 631.000000
 35.500000 1.608036 505.270631 1.614504 6.458017 0.000000 0.000000 1.608036 632.000000
 35.750000 1.605818 501.131717 0.000000 0.000000 0.000000 0.000000 1.605818 649.000000
 36.000000 1.608692 507.677945 13.527281 54.109125 0.000000 0.000000 1.608692 626.000000
 36.250000 1.607558 505.182157 1.397496 5.589984 0.000000 0.000000 1.607558 638.000000
 36.500000 1.608478 507.789629 14.361291 57.445166 0.000000 0.000000 1.608478 632.000000
 36.750000 1.607098 504.922944 0.851825 3.407301 0.000000 0.000000 1.607098 641.000000
 37.000000 1.608890 509.127478 26.291033 105.164132 0.000000 0.000000 1.608890 631.000000
 37.250000 1.608039 506.801319 7.847389 31.389556 0.000000 0.000000 1.608039 636.000000
 37.500000 1.606741 503.181885 0.000000 0.000000 0.000000 0.000000 1.606741 645.000000
 37.750000 1.607562 506.106268 4.436366 17.745465 0.000000 0.000000 1.607562 649.000000
 38.000000 1.606956 503.826256 0.000000 0.000000 0.000000 0.000000 1.606956 650.000000
 38.250000 1.607935 505.289731 1.663406 6.653624 0.000000 0.000000 1.607935 629.000000
 38.500000 1.605715 500.569391 0.000000 0.000000 0.000000 0.000000 1.605715 650.000000
 38.750000 1.608290 507.333145 11.109853 44.439411 0.000000 0.000000 1.608290 643.000000
 39.000000 1.608641 509.797714 33.613484 134.453934 0.000000 0.000000 1.608641 650.000000
 39.250000 1.607287 505.578645 2.492120 9.968481 0.000000 0.000000 1.607287 652.000000
 39.500000 1.606838 503.699284 0.000000 0.000000 0.000000 0.000000 1.606838 653.000000
 39.750000 1.607961 504.946538 0.895935 3.583740 0.000000 0.000000 1.607961 634.000000
 40.000000 1.607712 507.792527 14.383263 57.533051 0.000000 0.000000 1.607712 639.000000
 40.250000 1.607071 504.410003 0.168102 0.672410 0.000000 0.000000 1.607071 649.000000
 40.500000 1.606630 502.812176 0.000000 0.000000 0.000000 0.000000 1.606630 644.000000
 40.750000 1.608636 507.525360 12.428160 49.712640 0.000000 0.000000 1.608636 628.000000
 41.000000 1.607775 504.769476 0.592093 2.368374 0.000000 0.000000 1.607775 630.000000
 41.250000 1.608212 505.056539 1.116274 4.465096 0.000000 0.000000 1.608212 644.000000
 41.500000 1.609309 507.178599 10.103495 40.413978 0.000000 0.000000 1.609309 621.000000
 41.750000 1.607889 503.498621 0.000000 0.000000 0.000000 0.000000 1.607889 629.000000
 42.000000 1.607468 506.172197 4.718438 18.873754 0.000000 0.000000 1.607468 643.000000
 42.250000 1.607926 506.287934 5.234641 20.938563 0.000000 0.000000 1.607926 655.000000
 42.500000 1.606957 505.540422 2.372900 9.491598 0.000000 0.000000 1.606957 658.000000
 42.750000 1.608032 504.952526 0.907305 3.629220 0.000000 0.000000 1.608032 632.000000
 43.000000 1.605335 496.385825 0.000000 0.000000 0.000000 0.000000 1.605335 620.000000
 43.250000 1.606969 504.315161 0.099326 0.397305 0.000000 0.000000 1.606969 649.000000
 43.500000 1.607162 502.702805 0.000000 0.000000 0.000000 0.000000 1.607162 642.000000
 43.750000 1.607085 503.124546 0.000000 0.000000 0.000000 0.000000 1.607085 638.000000
 44.000000 1.608964 506.815893 7.929253 31.717011 0.000000 0.000000 1.608964 638.000000
 44.250000 1.607731 502.906467 0.000000 0.000000 0.000000 0.000000 1.607731 605.000000
 44.500000 1.606488 503.412314 0.000000 0.000000 0.000000 0.000000 1.606488 642.000000
 44.750000 1.607701 504.292625 0.085630 0.342518 0.000000 0.000000 1.607701 640.000000
 45.000000 1.609239 506.510725 6.303741 25.214965 0.000000 0.000000 1.609239 620.000000
 45.250000 1.607817 506.210541 4.886490 19.545961 0.000000 0.000000 1.607817 646.000000
 45.500000 1.608013 505.357710 1.843377 7.373508 0.000000 0.000000 1.608013 639.000000
 45.750000 1.608664 508.706903 22.154938 88.619753 0.000000 0.000000 1.608664 641.000000
 46.000000 1.607428 504.217352 0.047242 0.188968 0.000000 0.000000 1.607428 635.000000
 46.250000 1.607548 503.475908 0.000000 0.000000 0.000000 0.000000 1.607548 639.000000
 46.500000 1.606564 502.702502 0.000000 0.000000 0.000000 0.000000 1.606564 647.000000
 46.750000 1.608688 505.971882 3.888320 15.553282 0.000000 0.000000 1.608688 638.000000
 47.000000 1.607461 505.254221 1.573070 6.292279 0.000000 0.000000 1.607461 647.000000
 47.250000 1.607147 504.800800 0.641281 2.565126 0.000000 0.000000 1.607147 654.000000
 47.500000 1.606439 501.727960 0.000000 0.000000 0.000000 0.000000 1.606439 640.000000
 47.750000 1.608367 508.948454 24.487200 97.948800 0.000000 0.000000 1.608367 643.000000
 48.000000 1.607854 508.471794 19.996939 79.987757 0.000000 0.000000 1.607854 659.000000
 48.250000 1.608624 508.665407 21.766022 87.064090 0.000000 0.000000 1.608624 642.000000
 48.500000 1.607612 504.586568 0.344062 1.376250 0.000000 0.000000 1.607612 634.000000
 48.750000 1.607042 504.926953 0.859242 3.436967 0.000000 0.000000 1.607042 650.000000
 49.000000 1.608087 505.049400 1.101241 4.404963 0.000000 0.000000 1.608087 613.000000
 49.250000 1.608107 504.966125 0.933398 3.733593 0.000000 0.000000 1.608107 644.000000
 49.500000 1.608171 507.583153 12.838986 51.355945 0.000000 0.000000 1.608171 658.000000
 49.750000 1.605669 499.643648 0.000000 0.000000 0.000000 0.000000 1.605669 632.000000
 50.000000 1.607840 508.497196 20.224775 80.899099 0.000000 0.000000 1.607840 669.000000
 50.250000 1.607990 504.278770 0.077713 0.310851 0.000000 0.000000 1.607990 624.000000
 50.500000 1.607646 505.805710 3.260590 13.042361 0.000000 0.000000 1.607646 645.000000
 50.750000 1.604778 498.502015 0.000000 0.000000 0.000000 0.000000 1.604778 664.000000
 51.000000 1.607511 505.784484 3.184382 12.737530 0.000000 0.000000 1.607511 643.000000
 51.250000 1.608159 504.820021 0.672435 2.689740 0.000000 0.000000 1.608159 634.000000
 51.500000 1.607184 503.965222 0.000000 0.000000 0.000000 0.000000 1.607184 637.000000
 51.750000 1.606953 505.224962 1.500533 6.002132 0.000000 0.000000 1.606953 663.000000
 52.000000 1.607711 506.050294 4.203705 16.814821 0.000000 0.000000 1.607711 646.000000
 52.250000 1.607300 502.747902 0.000000 0.000000 0.000000 0.000000 1.607300 629.000000
 52.500000 1.607854 506.464379 6.073162 24.292649 0.000000 0.000000 1.607854 652.000000
 52.750000 1.609260 508.200242 17.642031 70.568124 0.000000 0.000000 1.609260 631.000000
 53.000000 1.607113 500.540101 0.000000 0.000000 0.000000 0.000000 1.607113 626.000000
 53.250000 1.609677 507.778132 14.274285 57.097138 0.000000 0.000000 1.609677 599.000000
 53.500000 1.608433 505.744433 3.043046 12.172184 0.000000 0.000000 1.608433 620.000000
 53.750000 1.607982 504.673977 0.454246 1.816983 0.000000 0.000000 1.607982 629.000000
 54.000000 1.607221 505.176401 1.383920 5.535679 0.000000 0.000000 1.607221 639.000000
 54.250000 1.607507 504.822562 0.676608 2.706432 0.000000 0.000000 1.607507 646.000000
 54.500000 1.607532 503.525277 0.000000 0.000000 0.000000 0.000000 1.607532 629.000000
 54.750000 1.607703 504.255840 0.065454 0.261816 0.000000 0.000000 1.607703 617.000000
 55.000000 1.608323 504.756858 0.572834 2.291337 0.000000 0.000000 1.608323 611.000000
 55.250000 1.609025 504.352401 0.124186 0.496746 0.000000 0.000000 1.609025 610.000000
 55.500000 1.605714 498.815583 0.000000 0.000000 0.000000 0.000000 1.605714 632.000000
 55.750000 1.606912 501.415899 0.000000 0.000000 0.000000 0.000000 1.606912 629.000000
 56.000000 1.608562 507.171314 10.057231 40.228925 0.000000 0.000000 1.608562 624.000000
 56.250000 1.608603 507.209800 10.302814 41.211255 0.000000 0.000000 1.608603 614.000000
 56.500000 1.608381 506.383528 5.681207 22.724830 0.000000 0.000000 1.608381 633.000000
 56.750000 1.608673 504.031656 0.001002 0.004008 0.000000 0.000000 1.608673 605.000000
 57.000000 1.607635 502.619588 0.000000 0.000000 0.000000 0.000000 1.607635 616.000000
 57.250000 1.608144 505.536086 2.359560 9.438240 0.000000 0.000000 1.608144 640.000000
 57.500000 1.607841 503.479241 0.000000 0.000000 0.000000 0.000000 1.607841 597.000000
 57.750000 1.608111 503.637102 0.000000 0.000000 0.000000 0.000000 1.608111 624.000000
 58.000000 1.606899 503.869282 0.000000 0.000000 0.000000 0.000000 1.606899 638.000000
 58.250000 1.609018 506.568480 6.597091 26.388366 0.000000 0.000000 1.609018 613.000000
 58.500000 1.609200 507.412467 11.644928 46.579712 0.000000 0.000000 1.609200 615.000000
 58.750000 1.609827 505.156935 1.338498 5.353992 0.000000 0.000000 1.609827 609.000000
 59.000000 1.608807 505.360811 1.851805 7.407222 0.000000 0.000000 1.608807 593.000000
 59.250000 1.609857 504.649515 0.421870 1.687481 0.000000 0.000000 1.609857 583.000000
 59.500000 1.610427 506.112415 4.462296 17.849183 0.000000 0.000000 1.610427 590.000000
 59.750000 1.608076 502.538927 0.000000 0.000000 0.000000 0.000000 1.608076 591.000000
 60.000000 1.607160 504.583789 0.340810 1.363241 0.000000 0.000000 1.607160 647.000000
 60.250000 1.609743 505.571489 2.469577 9.878307 0.000000 0.000000 1.609743 609.000000
 60.500000 1.608378 508.018990 16.152283 64.609133 0.000000 0.000000 1.608378 651.000000
 60.750000 1.606410 500.980367 0.000000 0.000000 0.000000 0.000000 1.606410 637.000000
 61.000000 1.606208 503.031520 0.000000 0.000000 0.000000 0.000000 1.606208 664.000000
 61.250000 1.609568 507.848573 14.811517 59.246066 0.000000 0.000000 1.609568 614.000000
 61.500000 1.607412 505.480761 2.192654 8.770615 0.000000 0.000000 1.607412 650.000000
 61.750000 1.607278 506.131010 4.541202 18.164807 0.000000 0.000000 1.607278 647.000000
 62.000000 1.607502 506.629799 6.915844 27.663375 0.000000 0.000000 1.607502 659.000000
 62.250000 1.606518 503.638617 0.000000 0.000000 0.000000 0.000000 1.606518 661.000000
 62.500000 1.607117 505.689317 2.853793 11.415173 0.000000 0.000000 1.607117 653.000000
 62.750000 1.607878 506.974187 8.845788 35.383152 0.000000 0.000000 1.607878 647.000000
 63.000000 1.607078 504.187289 0.035077 0.140308 0.000000 0.000000 1.607078 648.000000
 63.250000 1.607542 506.935857 8.619257 34.477027 0.000000 0.000000 1.607542 650.000000
 63.500000 1.607645 505.871880 3.503935 14.015739 0.000000 0.000000 1.607645 644.000000
 63.750000 1.607506 504.647579 0.419358 1.677434 0.000000 0.000000 1.607506 670.000000
 64.000000 1.606478 504.235652 0.055532 0.222128 0.000000 0.000000 1.606478 658.000000
 64.250000 1.607333 504.052735 0.002781 0.011124 0.000000 0.000000 1.607333 650.000000
 64.500000 1.607088 504.040837 0.001668 0.006671 0.000000 0.000000 1.607088 648.000000
 64.750000 1.607051 502.186924 0.000000 0.000000 0.000000 0.000000 1.607051 625.000000
 65.000000 1.608491 510.146177 37.775490 151.101961 0.000000 0.000000 1.608491 675.000000
 65.250000 1.608221 507.557048 12.652590 50.610361 0.000000 0.000000 1.608221 641.000000
 65.500000 1.607521 505.883221 3.546523 14.186091 0.000000 0.000000 1.607521 652.000000
 65.750000 1.606372 503.934177 0.000000 0.000000 0.000000 0.000000 1.606372 668.000000
 66.000000 1.607912 506.032391 4.130614 16.522456 0.000000 0.000000 1.607912 650.000000
 66.250000 1.607381 505.924077 3.702073 14.808292 0.000000 0.000000 1.607381 635.000000
 66.500000 1.606140 502.614663 0.000000 0.000000 0.000000 0.000000 1.606140 665.000000
 66.750000 1.606887 504.813685 0.662083 2.648332 0.000000 0.000000 1.606887 649.000000
 67.000000 1.606423 502.735525 0.000000 0.000000 0.000000 0.000000 1.606423 643.000000
 67.250000 1.606545 504.452120 0.204412 0.817650 0.000000 0.000000 1.606545 667.000000
 67.500000 1.606855 505.463951 2.143153 8.572612 0.000000 0.000000 1.606855 662.000000
 67.750000 1.607017 505.853423 3.435178 13.740710 0.000000 0.000000 1.607017 684.000000
 68.000000 1.606478 502.871571 0.000000 0.000000 0.000000 0.000000 1.606478 652.000000
 68.250000 1.607538 505.857003 3.448461 13.793843 0.000000 0.000000 1.607538 661.000000
 68.500000 1.607453 506.524836 6.374795 25.499181 0.000000 0.000000 1.607453 658.000000
 68.750000 1.606401 504.280016 0.078409 0.313635 0.000000 0.000000 1.606401 667.000000
 69.000000 1.607070 504.518263 0.268596 1.074385 0.000000 0.000000 1.607070 655.000000
 69.250000 1.606698 503.883745 0.000000 0.000000 0.000000 0.000000 1.606698 655.000000
 69.500000 1.607252 505.672161 2.796121 11.184483 0.000000 0.000000 1.607252 651.000000
 69.750000 1.605313 499.421982 0.000000 0.000000 0.000000 0.000000 1.605313 667.000000
 70.000000 1.608418 507.601542 12.971103 51.884412 0.000000 0.000000 1.608418 646.000000
 70.250000 1.607761 506.452984 6.017132 24.068527 0.000000 0.000000 1.607761 652.000000
 70.500000 1.606906 503.493963 0.000000 0.000000 0.000000 0.000000 1.606906 644.000000
 70.750000 1.607210 505.998688 3.994755 15.979020 0.000000 0.000000 1.607210 659.000000
 71.000000 1.606087 504.485700 0.235904 0.943616 0.000000 0.000000 1.606087 686.000000
 71.250000 1.605912 503.316788 0.000000 0.000000 0.000000 0.000000 1.605912 687.000000
 71.500000 1.605690 499.657508 0.000000 0.000000 0.000000 0.000000 1.605690 629.000000
 71.750000 1.607126 503.634266 0.000000 0.000000 0.000000 0.000000 1.607126 641.000000
 72.000000 1.607865 507.390312 11.494213 45.976853 0.000000 0.000000 1.607865 668.000000
 72.250000 1.607014 504.417416 0.174236 0.696943 0.000000 0.000000 1.607014 646.000000
 72.500000 1.607939 505.368406 1.872535 7.490141 0.000000 0.000000 1.607939 616.000000
 72.750000 1.606583 504.299693 0.089816 0.359263 0.000000 0.000000 1.606583 669.000000
 73.000000 1.607051 506.869526 8.234180 32.936718 0.000000 0.000000 1.607051 683.000000
 73.250000 1.608601 506.094519 4.387008 17.548032 0.000000 0.000000 1.608601 627.000000
 73.500000 1.609571 505.592073 2.534695 10.138780 0.000000 0.000000 1.609571 610.000000
 73.750000 1.607743 503.523327 0.000000 0.000000 0.000000 0.000000 1.607743 628.000000
 74.000000 1.607850 504.934554 0.873391 3.493565 0.000000 0.000000 1.607850 635.000000
 74.250000 1.609001 508.611885 21.269485 85.077939 0.000000 0.000000 1.609001 648.000000
 74.500000 1.609190 506.963825 8.784256 35.137023 0.000000 0.000000 1.609190 630.000000
 74.750000 1.607473 504.946669 0.896182 3.584727 0.000000 0.000000 1.607473 636.000000
 75.000000 1.605942 499.906613 0.000000 0.000000 0.000000 0.000000 1.605942 633.000000
 75.250000 1.606863 504.117826 0.013883 0.055532 0.000000 0.000000 1.606863 664.000000
 75.500000 1.607769 505.792469 3.212945 12.851780 0.000000 0.000000 1.607769 640.000000
 75.750000 1.607739 504.900601 0.811081 3.244325 0.000000 0.000000 1.607739 644.000000
 76.000000 1.608129 507.166852 10.028953 40.115813 0.000000 0.000000 1.608129 641.000000
 76.250000 1.607864 503.536606 0.000000 0.000000 0.000000 0.000000 1.607864 626.000000
 76.500000 1.607667 505.074640 1.154851 4.619405 0.000000 0.000000 1.607667 644.000000
 76.750000 1.607004 504.186802 0.034895 0.139581 0.000000 0.000000 1.607004 647.000000
 77.000000 1.607813 506.150090 4.622888 18.491553 0.000000 0.000000 1.607813 631.000000
 77.250000 1.606698 503.823197 0.000000 0.000000 0.000000 0.000000 1.606698 669.000000
 77.500000 1.607796 504.916743 0.840418 3.361672 0.000000 0.000000 1.607796 631.000000
 77.750000 1.607017 504.988217 0.976572 3.906289 0.000000 0.000000 1.607017 655.000000
 78.000000 1.607842 502.950312 0.000000 0.000000 0.000000 0.000000 1.607842 629.000000
 78.250000 1.607408 504.836820 0.700267 2.801070 0.000000 0.000000 1.607408 649.000000
 78.500000 1.609500 507.737979 13.972486 55.889945 0.000000 0.000000 1.609500 618.000000
 78.750000 1.606836 503.326171 0.000000 0.000000 0.000000 0.000000 1.606836 654.000000
 79.000000 1.608186 504.752952 0.566937 2.267747 0.000000 0.000000 1.608186 612.000000
 79.250000 1.607834 503.306412 0.000000 0.000000 0.000000 0.000000 1.607834 626.000000
 79.500000 1.607457 506.085114 4.347701 17.390804 0.000000 0.000000 1.607457 677.000000
 79.750000 1.610428 504.329053 0.108276 0.433104 0.000000 0.000000 1.610428 588.000000
 80.000000 1.607859 504.656933 0.431561 1.726242 0.000000 0.000000 1.607859 609.000000
 80.250000 1.610125 506.124613 4.513982 18.055927 0.000000 0.000000 1.610125 610.000000
 80.500000 1.607572 506.154428 4.641558 18.566233 0.000000 0.000000 1.607572 643.000000
 80.750000 1.609222 506.419109 5.852090 23.408360 0.000000 0.000000 1.609222 619.000000
 81.000000 1.605376 498.604415 0.000000 0.000000 0.000000 0.000000 1.605376 629.000000
 81.250000 1.608843 504.160450 0.025744 0.102977 0.000000 0.000000 1.608843 610.000000
 81.500000 1.607721 505.885089 3.553560 14.214242 0.000000 0.000000 1.607721 623.000000
 81.750000 1.605203 498.711355 0.000000 0.000000 0.000000 0.000000 1.605203 656.000000
 82.000000 1.607565 508.346172 18.889212 75.556847 0.000000 0.000000 1.607565 680.000000
 82.250000 1.609084 505.409283 1.986079 7.944316 0.000000 0.000000 1.609084 621.000000
 82.500000 1.605059 498.552562 0.000000 0.000000 0.000000 0.000000 1.605059 640.000000
 82.750000 1.607773 506.278109 5.189779 20.759115 0.000000 0.000000 1.607773 649.000000
 83.000000 1.606721 505.185168 1.404623 5.618492 0.000000 0.000000 1.606721 659.000000
 83.250000 1.607075 503.738172 0.000000 0.000000 0.000000 0.000000 1.607075 637.000000
 83.500000 1.607560 505.677273 2.813244 11.252977 0.000000 0.000000 1.607560 648.000000
 83.750000 1.606486 504.370526 0.137290 0.549158 0.000000 0.000000 1.606486 671.000000
 84.000000 1.607415 507.770808 14.218992 56.875967 0.000000 0.000000 1.607415 673.000000
 84.250000 1.607463 507.710661 13.769008 55.076033 0.000000 0.000000 1.607463 664.000000
 84.500000 1.608311 505.330443 1.770078 7.080312 0.000000 0.000000 1.608311 634.000000
 84.750000 1.606903 504.670689 0.449824 1.799297 0.000000 0.000000 1.606903 665.000000
 85.000000 1.607068 504.702228 0.493124 1.972495 0.000000 0.000000 1.607068 650.000000
 85.250000 1.606353 502.934179 0.000000 0.000000 0.000000 0.000000 1.606353 659.000000
 85.500000 1.607792 505.966715 3.867969 15.471877 0.000000 0.000000 1.607792 644.000000
 85.750000 1.606704 503.984925 0.000000 0.000000 0.000000 0.000000 1.606704 660.000000
 86.000000 1.607253 505.194810 1.427572 5.710287 0.000000 0.000000 1.607253 659.000000
 86.250000 1.607497 504.802449 0.643925 2.575700 0.000000 0.000000 1.607497 634.000000
 86.500000 1.608927 505.906907 3.636296 14.545184 0.000000 0.000000 1.608927 636.000000
 86.750000 1.605664 502.453826 0.000000 0.000000 0.000000 0.000000 1.605664 693.000000
 87.000000 1.608250 505.706121 2.910849 11.643396 0.000000 0.000000 1.608250 626.000000
 87.250000 1.607207 505.451081 2.105637 8.422547 0.000000 0.000000 1.607207 659.000000
 87.500000 1.607468 502.497877 0.000000 0.000000 0.000000 0.000000 1.607468 622.000000
 87.750000 1.606556 503.407604 0.000000 0.000000 0.000000 0.000000 1.606556 648.000000
 88.000000 1.607753 504.554482 0.307450 1.229799 0.000000 0.000000 1.607753 652.000000
 88.250000 1.607112 505.938405 3.757414 15.029657 0.000000 0.000000 1.607112 678.000000
 88.500000 1.606534 502.830109 0.000000 0.000000 0.000000 0.000000 1.606534 659.000000
 88.750000 1.607675 504.696471 0.485072 1.940290 0.000000 0.000000 1.607675 653.000000
 89.000000 1.607553 506.598829 6.753914 27.015654 0.000000 0.000000 1.607553 653.000000
 89.250000 1.607123 505.445849 2.090480 8.361918 0.000000 0.000000 1.607123 661.000000
 89.500000 1.606416 504.172250 0.029670 0.118680 0.000000 0.000000 1.606416 673.000000
 89.750000 1.607817 506.210564 4.886594 19.546374 0.000000 0.000000 1.607817 651.000000
 90.000000 1.607450 505.880852 3.537605 14.150420 0.000000 0.000000 1.607450 647.000000
 90.250000 1.605873 503.015289 0.000000 0.000000 0.000000 0.000000 1.605873 673.000000
 90.500000 1.604856 498.472448 0.000000 0.000000 0.000000 0.000000 1.604856 652.000000
 90.750000 1.607915 504.851772 0.725515 2.902061 0.000000 0.000000 1.607915 648.000000
 91.000000 1.607275 504.788795 0.622197 2.488789 0.000000 0.000000 1.607275 636.000000
 91.250000 1.607356 504.706735 0.499474 1.997898 0.000000 0.000000 1.607356 651.000000
 91.500000 1.607054 505.527455 2.333118 9.332472 0.000000 0.000000 1.607054 658.000000
 91.750000 1.607192 506.520414 6.352485 25.409940 0.000000 0.000000 1.607192 674.000000
 92.000000 1.606686 504.668055 0.446297 1.785188 0.000000 0.000000 1.606686 648.000000
 92.250000 1.607318 507.910976 15.295729 61.182918 0.000000 0.000000 1.607318 678.000000
 92.500000 1.607678 507.540786 12.537167 50.148668 0.000000 0.000000 1.607678 671.000000
 92.750000 1.607715 508.768773 22.741200 90.964799 0.000000 0.000000 1.607715 671.000000
 93.000000 1.604653 498.152390 0.000000 0.000000 0.000000 0.000000 1.604653 662.000000
 93.250000 1.607862 507.336602 11.132911 44.531643 0.000000 0.000000 1.607862 656.000000
 93.500000 1.608078 507.173597 10.071718 40.286873 0.000000 0.000000 1.608078 663.000000
 93.750000 1.606201 501.247207 0.000000 0.000000 0.000000 0.000000 1.606201 637.000000
 94.000000 1.606518 502.486295 0.000000 0.000000 0.000000 0.000000 1.606518 646.000000
 94.250000 1.607227 504.632855 0.400506 1.602023 0.000000 0.000000 1.607227 651.000000
 94.500000 1.608490 508.119886 16.973462 67.893849 0.000000 0.000000 1.608490 682.000000
 94.750000 1.606819 504.086184 0.007428 0.029711 0.000000 0.000000 1.606819 657.000000
 95.000000 1.608908 509.567340 30.995277 123.981109 0.000000 0.000000 1.608908 655.000000
 95.250000 1.606746 501.287316 0.000000 0.000000 0.000000 0.000000 1.606746 614.000000
 95.500000 1.607381 503.527008 0.000000 0.000000 0.000000 0.000000 1.607381 640.000000
 95.750000 1.607472 507.210595 10.307921 41.231683 0.000000 0.000000 1.607472 672.000000
 96.000000 1.606296 501.417573 0.000000 0.000000 0.000000 0.000000 1.606296 656.000000
 96.250000 1.607946 505.180840 1.394383 5.577533 0.000000 0.000000 1.607946 646.000000
 96.500000 1.608545 507.244274 10.525311 42.101243 0.000000 0.000000 1.608545 652.000000
 96.750000 1.608037 506.023385 4.094085 16.376341 0.000000 0.000000 1.608037 645.000000
 97.000000 1.607865 507.388750 11.483626 45.934503 0.000000 0.000000 1.607865 680.000000
 97.250000 1.608808 507.072197 9.438392 37.753569 0.000000 0.000000 1.608808 643.000000
 97.500000 1.607400 506.105864 4.434662 17.738646 0.000000 0.000000 1.607400 659.000000
 97.750000 1.606722 503.363793 0.000000 0.000000 0.000000 0.000000 1.606722 638.000000
 98.000000 1.607329 505.435793 2.061502 8.246007 0.000000 0.000000 1.607329 661.000000
 98.250000 1.607950 506.562170 6.564716 26.258865 0.000000 0.000000 1.607950 645.000000
 98.500000 1.606140 503.109047 0.000000 0.000000 0.000000 0.000000 1.606140 665.000000
 98.750000 1.607717 505.889044 3.568488 14.273950 0.000000 0.000000 1.607717 651.000000
 99.000000 1.607400 506.493417 6.217128 24.868513 0.000000 0.000000 1.607400 687.000000
 99.250000 1.607975 506.611434 6.819587 27.278347 0.000000 0.000000 1.607975 659.000000
 99.500000 1.607421 505.790533 3.206009 12.824038 0.000000 0.000000 1.607421 652.000000
 99.750000 1.607649 503.722311 0.000000 0.000000 0.000000 0.000000 1.607649 635.000000
 100.000000 1.606765 505.769730 3.131944 12.527776 0.000000 0.000000 1.606765 672.000000
 100.250000 1.609101 510.257016 39.150251 156.601005 0.000000 0.000000 1.609101 666.000000
 100.500000 1.607066 506.122987 4.507074 18.028298 0.000000 0.000000 1.607066 677.000000
