#! FIELDS time refcv.mean refcv.morethan uwall.bias uwall.force2 lwall.bias lwall.force2 refcv2.mean refcv2.morethan
 0.500000 0.804155 393.581302 0.000000 0.000000 0.000000 0.000000 0.804155 399.000000
 0.750000 0.791513 388.264625 0.000000 0.000000 0.000000 0.000000 0.791513 402.000000
 1.000000 0.790440 393.881440 0.000000 0.000000 0.000000 0.000000 0.790440 412.000000
 1.250000 0.787965 390.364529 0.000000 0.000000 0.000000 0.000000 0.787965 411.000000
 1.500000 0.783437 381.898894 0.000000 0.000000 0.000000 0.000000 0.783437 404.000000
 1.750000 0.794285 401.361908 0.000000 0.000000 0.000000 0.000000 0.794285 415.000000
 2.000000 0.787616 391.651779 0.000000 0.000000 0.000000 0.000000 0.787616 410.000000
 2.250000 0.789348 390.496707 0.000000 0.000000 0.000000 0.000000 0.789348 406.000000
 2.500000 0.793132 402.079277 0.000000 0.000000 0.000000 0.000000 0.793132 418.000000
 2.750000 0.790806 397.820473 0.000000 0.000000 0.000000 0.000000 0.790806 420.000000
 3.000000 0.798168 403.853250 0.000000 0.000000 0.000000 0.000000 0.798168 419.000000
 3.250000 0.789131 394.409594 0.000000 0.000000 0.000000 0.000000 0.789131 423.000000
 3.500000 0.796653 406.178576 1.389042 5.556168 0.000000 0.000000 0.796653 425.000000
 3.750000 0.790410 395.662506 0.000000 0.000000 0.000000 0.000000 0.790410 415.000000
 4.000000 0.794277 401.479738 0.000000 0.000000 0.000000 0.000000 0.794277 420.000000
 4.250000 0.789143 389.745520 0.000000 0.000000 0.000000 0.000000 0.789143 413.000000
 4.500000 0.792007 392.411202 0.000000 0.000000 0.000000 0.000000 0.792007 408.000000
 4.750000 0.795920 395.247309 0.000000 0.000000 0.000000 0.000000 0.795920 413.000000
 5.000000 0.794280 394.912762 0.000000 0.000000 0.000000 0.000000 0.794280 411.000000
 5.250000 0.799157 398.694587 0.000000 0.000000 0.000000 0.000000 0.799157 413.000000
 5.500000 0.791089 395.662133 0.000000 0.000000 0.000000 0.000000 0.791089 416.000000
 5.750000 0.795936 401.779675 0.000000 0.000000 0.000000 0.000000 0.795936 411.000000
 6.000000 0.789796 382.155484 0.000000 0.000000 0.000000 0.000000 0.789796 396.000000
 6.250000 0.795512 399.922745 0.000000 0.000000 0.000000 0.000000 0.795512 416.000000
 6.500000 0.792388 394.714925 0.000000 0.000000 0.000000 0.000000 0.792388 412.000000
 6.750000 0.790867 390.080265 0.000000 0.000000 0.000000 0.000000 0.790867 406.000000
 7.000000 0.794177 398.601469 0.000000 0.000000 0.000000 0.000000 0.794177 411.000000
 7.250000 0.791148 395.160879 0.000000 0.000000 0.000000 0.000000 0.791148 413.000000
 7.500000 0.792898 396.166654 0.000000 0.000000 0.000000 0.000000 0.792898 412.000000
 7.750000 0.793450 396.123020 0.000000 0.000000 0.000000 0.000000 0.793450 410.000000
 8.000000 0.798894 400.273248 0.000000 0.000000 0.000000 0.000000 0.798894 413.000000
 8.250000 0.797264 402.180067 0.000000 0.000000 0.000000 0.000000 0.797264 413.000000
 8.500000 0.787975 385.795841 0.000000 0.000000 0.000000 0.000000 0.787975 399.000000
 8.750000 0.795179 400.115032 0.000000 0.000000 0.000000 0.000000 0.795179 415.000000
 9.000000 0.783945 382.260373 0.000000 0.000000 0.000000 0.000000 0.783945 406.000000
 9.250000 0.789995 388.348548 0.000000 0.000000 0.000000 0.000000 0.789995 411.000000
 9.500000 0.787808 385.947406 0.000000 0.000000 0.000000 0.000000 0.787808 402.000000
 9.750000 0.790853 391.941316 0.000000 0.000000 0.000000 0.000000 0.790853 404.000000
 10.000000 0.787890 388.253518 0.000000 0.000000 0.000000 0.000000 0.787890 407.000000
 10.250000 0.791117 389.708761 0.000000 0.000000 0.000000 0.000000 0.791117 402.000000
 10.500000 0.793896 390.472939 0.000000 0.000000 0.000000 0.000000 0.793896 402.000000
 10.750000 0.795543 396.177574 0.000000 0.000000 0.000000 0.000000 0.795543 411.000000
 11.000000 0.787232 387.802829 0.000000 0.000000 0.000000 0.000000 0.787232 416.000000
 11.250000 0.787185 390.692551 0.000000 0.000000 0.000000 0.000000 0.787185 409.000000
 11.500000 0.790046 392.874273 0.000000 0.000000 0.000000 0.000000 0.790046 415.000000
 11.750000 0.787600 389.814825 0.000000 0.000000 0.000000 0.000000 0.787600 414.000000
 12.000000 0.790690 391.738087 0.000000 0.000000 0.000000 0.000000 0.790690 407.000000
 12.250000 0.791907 390.641807 0.000000 0.000000 0.000000 0.000000 0.791907 407.000000
 12.500000 0.792181 391.118834 0.000000 0.000000 0.000000 0.000000 0.792181 404.000000
 12.750000 0.786933 385.709910 0.000000 0.000000 0.000000 0.000000 0.786933 404.000000
 13.000000 0.791470 394.663506 0.000000 0.000000 0.000000 0.000000 0.791470 408.000000
 13.250000 0.785205 381.037463 0.000000 0.000000 0.000000 0.000000 0.785205 403.000000
 13.500000 0.792451 392.124319 0.000000 0.000000 0.000000 0.000000 0.792451 404.000000
 13.750000 0.785973 379.033088 0.000000 0.000000 0.000000 0.000000 0.785973 396.000000
 14.000000 0.792523 389.359387 0.000000 0.000000 0.000000 0.000000 0.792523 400.000000
 14.250000 0.791083 390.860570 0.000000 0.000000 0.000000 0.000000 0.791083 405.000000
 14.500000 0.788542 384.389332 0.000000 0.000000 0.000000 0.000000 0.788542 402.000000
 14.750000 0.790002 386.920308 0.000000 0.000000 0.000000 0.000000 0.790002 403.000000
 15.000000 0.789426 387.585994 0.000000 0.000000 0.000000 0.000000 0.789426 400.000000
 15.250000 0.797081 400.935255 0.000000 0.000000 0.000000 0.000000 0.797081 416.000000
 15.500000 0.795136 395.426219 0.000000 0.000000 0.000000 0.000000 0.795136 409.000000
 15.750000 0.793304 391.929079 0.000000 0.000000 0.000000 0.000000 0.793304 404.000000
 16.000000 0.791298 387.078982 0.000000 0.000000 0.000000 0.000000 0.791298 404.000000
 16.250000 0.791492 388.269438 0.000000 0.000000 0.000000 0.000000 0.791492 405.000000
 16.500000 0.787164 378.483741 0.000000 0.000000 0.000000 0.000000 0.787164 392.000000
 16.750000 0.790442 386.316777 0.000000 0.000000 0.000000 0.000000 0.790442 403.000000
 17.000000 0.787717 382.064331 0.000000 0.000000 0.000000 0.000000 0.787717 399.000000
 17.250000 0.792572 389.076429 0.000000 0.000000 0.000000 0.000000 0.792572 401.000000
 17.500000 0.791247 387.268581 0.000000 0.000000 0.000000 0.000000 0.791247 400.000000
 17.750000 0.790198 387.889255 0.000000 0.000000 0.000000 0.000000 0.790198 400.000000
 18.000000 0.791670 388.334138 0.000000 0.000000 0.000000 0.000000 0.791670 401.000000
 18.250000 0.795074 394.673118 0.000000 0.000000 0.000000 0.000000 0.795074 408.000000
 18.500000 0.793674 392.916915 0.000000 0.000000 0.000000 0.000000 0.793674 408.000000
 18.750000 0.789366 387.851052 0.000000 0.000000 0.000000 0.000000 0.789366 398.000000
 19.000000 0.788512 381.072289 0.000000 0.000000 0.000000 0.000000 0.788512 400.000000
 19.250000 0.794479 396.443396 0.000000 0.000000 0.000000 0.000000 0.794479 410.000000
 19.500000 0.791603 388.620992 0.000000 0.000000 0.000000 0.000000 0.791603 406.000000
 19.750000 0.786920 383.517807 0.000000 0.000000 0.000000 0.000000 0.786920 405.000000
 20.000000 0.794740 394.414886 0.000000 0.000000 0.000000 0.000000 0.794740 409.000000
 20.250000 0.785825 383.599270 0.000000 0.000000 0.000000 0.000000 0.785825 400.000000
 20.500000 0.789604 385.832174 0.000000 0.000000 0.000000 0.000000 0.789604 406.000000
 20.750000 0.779626 371.452906 0.000000 0.000000 0.000000 0.000000 0.779626 391.000000
 21.000000 0.789799 384.550877 0.000000 0.000000 0.000000 0.000000 0.789799 399.000000
 21.250000 0.783099 377.497225 0.000000 0.000000 0.000000 0.000000 0.783099 390.000000
 21.500000 0.783655 374.720813 0.000000 0.000000 0.000000 0.000000 0.783655 394.000000
 21.750000 0.790317 388.424018 0.000000 0.000000 0.000000 0.000000 0.790317 400.000000
 22.000000 0.785091 376.203259 0.000000 0.000000 0.000000 0.000000 0.785091 388.000000
 22.250000 0.777327 373.732800 0.000000 0.000000 0.000000 0.000000 0.777327 397.000000
 22.500000 0.775844 369.242975 0.000000 0.000000 0.000000 0.000000 0.775844 394.000000
 22.750000 0.779812 372.418160 0.000000 0.000000 0.000000 0.000000 0.779812 394.000000
 23.000000 0.786224 377.994432 0.000000 0.000000 0.000000 0.000000 0.786224 387.000000
 23.250000 0.779973 367.910226 0.000000 0.000000 0.000000 0.000000 0.779973 385.000000
 23.500000 0.783650 379.466023 0.000000 0.000000 0.000000 0.000000 0.783650 400.000000
 23.750000 0.785624 384.726423 0.000000 0.000000 0.000000 0.000000 0.785624 406.000000
 24.000000 0.787534 385.372870 0.000000 0.000000 0.000000 0.000000 0.787534 398.000000
 24.250000 0.785059 383.341245 0.000000 0.000000 0.000000 0.000000 0.785059 406.000000
 24.500000 0.793773 391.498880 0.000000 0.000000 0.000000 0.000000 0.793773 407.000000
 24.750000 0.787487 383.524947 0.000000 0.000000 0.000000 0.000000 0.787487 400.000000
 25.000000 0.790874 389.392663 0.000000 0.000000 0.000000 0.000000 0.790874 406.000000
 25.250000 0.792333 392.870761 0.000000 0.000000 0.000000 0.000000 0.792333 411.000000
 25.500000 0.780782 375.932800 0.000000 0.000000 0.000000 0.000000 0.780782 395.000000
 25.750000 0.782287 379.470489 0.000000 0.000000 0.000000 0.000000 0.782287 394.000000
 26.000000 0.780968 379.942443 0.000000 0.000000 0.000000 0.000000 0.780968 404.000000
 26.250000 0.778390 376.477785 0.000000 0.000000 0.000000 0.000000 0.778390 403.000000
 26.500000 0.783850 378.316855 0.000000 0.000000 0.000000 0.000000 0.783850 398.000000
 26.750000 0.780706 372.442130 0.000000 0.000000 0.000000 0.000000 0.780706 390.000000
 27.000000 0.786611 383.320195 0.000000 0.000000 0.000000 0.000000 0.786611 403.000000
 27.250000 0.793169 391.250832 0.000000 0.000000 0.000000 0.000000 0.793169 403.000000
 27.500000 0.780119 373.036885 0.000000 0.000000 0.000000 0.000000 0.780119 393.000000
 27.750000 0.777076 372.733113 0.000000 0.000000 0.000000 0.000000 0.777076 395.000000
 28.000000 0.787620 381.936492 0.000000 0.000000 0.000000 0.000000 0.787620 396.000000
 28.250000 0.794802 395.706162 0.000000 0.000000 0.000000 0.000000 0.794802 409.000000
 28.500000 0.785825 380.218508 0.000000 0.000000 0.000000 0.000000 0.785825 398.000000
 28.750000 0.781630 373.835715 0.000000 0.000000 0.000000 0.000000 0.781630 401.000000
 29.000000 0.786873 379.483094 0.000000 0.000000 0.000000 0.000000 0.786873 395.000000
 29.250000 0.794743 390.473686 0.000000 0.000000 0.000000 0.000000 0.794743 402.000000
 29.500000 0.788007 386.137707 0.000000 0.000000 0.000000 0.000000 0.788007 400.000000
 29.750000 0.784252 380.634257 0.000000 0.000000 0.000000 0.000000 0.784252 396.000000
 30.000000 0.791909 394.052642 0.000000 0.000000 0.000000 0.000000 0.791909 417.000000
 30.250000 0.793604 390.239739 0.000000 0.000000 0.000000 0.000000 0.793604 407.000000
 30.500000 0.787221 383.163479 0.000000 0.000000 0.000000 0.000000 0.787221 401.000000
 30.750000 0.787601 382.212045 0.000000 0.000000 0.000000 0.000000 0.787601 394.000000
 31.000000 0.794606 393.248805 0.000000 0.000000 0.000000 0.000000 0.794606 409.000000
 31.250000 0.788715 388.827640 0.000000 0.000000 0.000000 0.000000 0.788715 408.000000
 31.500000 0.798125 399.288098 0.000000 0.000000 0.000000 0.000000 0.798125 408.000000
 31.750000 0.792264 393.774441 0.000000 0.000000 0.000000 0.000000 0.792264 411.000000
 32.000000 0.795367 395.826655 0.000000 0.000000 0.000000 0.000000 0.795367 416.000000
 32.250000 0.791223 385.767492 0.000000 0.000000 0.000000 0.000000 0.791223 407.000000
 32.500000 0.783158 374.302788 0.000000 0.000000 0.000000 0.000000 0.783158 391.000000
 32.750000 0.793788 396.748780 0.000000 0.000000 0.000000 0.000000 0.793788 414.000000
 33.000000 0.788997 386.786335 0.000000 0.000000 0.000000 0.000000 0.788997 408.000000
 33.250000 0.790341 391.893115 0.000000 0.000000 0.000000 0.000000 0.790341 413.000000
 33.500000 0.792695 390.715306 0.000000 0.000000 0.000000 0.000000 0.792695 402.000000
 33.750000 0.795513 398.418345 0.000000 0.000000 0.000000 0.000000 0.795513 411.000000
 34.000000 0.795233 397.120221 0.000000 0.000000 0.000000 0.000000 0.795233 419.000000
 34.250000 0.782564 379.753860 0.000000 0.000000 0.000000 0.000000 0.782564 401.000000
 34.500000 0.788230 386.277856 0.000000 0.000000 0.000000 0.000000 0.788230 408.000000
 34.750000 0.796592 401.127054 0.000000 0.000000 0.000000 0.000000 0.796592 416.000000
 35.000000 0.797794 401.371783 0.000000 0.000000 0.000000 0.000000 0.797794 415.000000
 35.250000 0.797982 401.324186 0.000000 0.000000 0.000000 0.000000 0.797982 412.000000
 35.500000 0.801085 404.572726 0.000000 0.000000 0.000000 0.000000 0.801085 411.000000
 35.750000 0.796978 395.233715 0.000000 0.000000 0.000000 0.000000 0.796978 407.000000
 36.000000 0.795861 397.347937 0.000000 0.000000 0.000000 0.000000 0.795861 415.000000
 36.250000 0.799430 401.963117 0.000000 0.000000 0.000000 0.000000 0.799430 419.000000
 36.500000 0.792762 391.517330 0.000000 0.000000 0.000000 0.000000 0.792762 414.000000
 36.750000 0.789802 393.053099 0.000000 0.000000 0.000000 0.000000 0.789802 413.000000
 37.000000 0.791825 394.860326 0.000000 0.000000 0.000000 0.000000 0.791825 417.000000
 37.250000 0.798893 402.598203 0.000000 0.000000 0.000000 0.000000 0.798893 417.000000
 37.500000 0.791273 387.692818 0.000000 0.000000 0.000000 0.000000 0.791273 406.000000
 37.750000 0.797639 399.502356 0.000000 0.000000 0.000000 0.000000 0.797639 409.000000
 38.000000 0.791561 390.485006 0.000000 0.000000 0.000000 0.000000 0.791561 406.000000
 38.250000 0.790857 392.474996 0.000000 0.000000 0.000000 0.000000 0.790857 407.000000
 38.500000 0.794463 398.019734 0.000000 0.000000 0.000000 0.000000 0.794463 408.000000
 38.750000 0.791522 386.687155 0.000000 0.000000 0.000000 0.000000 0.791522 403.000000
 39.000000 0.783463 376.152709 0.000000 0.000000 0.000000 0.000000 0.783463 400.000000
 39.250000 0.785042 383.897255 0.000000 0.000000 0.000000 0.000000 0.785042 398.000000
 39.500000 0.786272 384.436316 0.000000 0.000000 0.000000 0.000000 0.786272 397.000000
 39.750000 0.786187 379.955423 0.000000 0.000000 0.000000 0.000000 0.786187 392.000000
 40.000000 0.784022 375.134730 0.000000 0.000000 0.000000 0.000000 0.784022 394.000000
 40.250000 0.780567 367.507217 0.000000 0.000000 0.000000 0.000000 0.780567 388.000000
 40.500000 0.785302 379.071532 0.000000 0.000000 0.000000 0.000000 0.785302 394.000000
 40.750000 0.787287 382.210913 0.000000 0.000000 0.000000 0.000000 0.787287 395.000000
 41.000000 0.787336 379.156696 0.000000 0.000000 0.000000 0.000000 0.787336 392.000000
 41.250000 0.782088 366.410625 0.000000 0.000000 0.000000 0.000000 0.782088 380.000000
 41.500000 0.791271 382.458855 0.000000 0.000000 0.000000 0.000000 0.791271 394.000000
 41.750000 0.785568 376.534774 0.000000 0.000000 0.000000 0.000000 0.785568 389.000000
 42.000000 0.791455 390.426548 0.000000 0.000000 0.000000 0.000000 0.791455 403.000000
 42.250000 0.782069 373.938093 0.000000 0.000000 0.000000 0.000000 0.782069 398.000000
 42.500000 0.794196 394.506522 0.000000 0.000000 0.000000 0.000000 0.794196 405.000000
 42.750000 0.790289 386.610549 0.000000 0.000000 0.000000 0.000000 0.790289 408.000000
 43.000000 0.785659 383.212542 0.000000 0.000000 0.000000 0.000000 0.785659 397.000000
 43.250000 0.788984 389.189564 0.000000 0.000000 0.000000 0.000000 0.788984 409.000000
 43.500000 0.789656 384.554660 0.000000 0.000000 0.000000 0.000000 0.789656 401.000000
 43.750000 0.781939 376.230418 0.000000 0.000000 0.000000 0.000000 0.781939 395.000000
 44.000000 0.782854 376.147507 0.000000 0.000000 0.000000 0.000000 0.782854 395.000000
 44.250000 0.785776 381.509227 0.000000 0.000000 0.000000 0.000000 0.785776 397.000000
 44.500000 0.782978 376.490362 0.000000 0.000000 0.000000 0.000000 0.782978 392.000000
 44.750000 0.776579 370.214969 0.000000 0.000000 0.000000 0.000000 0.776579 389.000000
 45.000000 0.781715 375.922184 0.000000 0.000000 0.000000 0.000000 0.781715 401.000000
 45.250000 0.782558 379.256786 0.000000 0.000000 0.000000 0.000000 0.782558 400.000000
 45.500000 0.788923 386.255669 0.000000 0.000000 0.000000 0.000000 0.788923 408.000000
 45.750000 0.788059 384.423069 0.000000 0.000000 0.000000 0.000000 0.788059 401.000000
 46.000000 0.783006 384.305110 0.000000 0.000000 0.000000 0.000000 0.783006 402.000000
 46.250000 0.783369 380.174353 0.000000 0.000000 0.000000 0.000000 0.783369 398.000000
 46.500000 0.790770 385.469374 0.000000 0.000000 0.000000 0.000000 0.790770 400.000000
 46.750000 0.795646 400.651983 0.000000 0.000000 0.000000 0.000000 0.795646 418.000000
 47.000000 0.790656 386.629200 0.000000 0.000000 0.000000 0.000000 0.790656 396.000000
 47.250000 0.792884 397.357204 0.000000 0.000000 0.000000 0.000000 0.792884 412.000000
 47.500000 0.794856 400.128566 0.000000 0.000000 0.000000 0.000000 0.794856 411.000000
 47.750000 0.784792 378.403735 0.000000 0.000000 0.000000 0.000000 0.784792 392.000000
 48.000000 0.793569 399.214642 0.000000 0.000000 0.000000 0.000000 0.793569 411.000000
 48.250000 0.789026 389.212979 0.000000 0.000000 0.000000 0.000000 0.789026 411.000000
 48.500000 0.800772 404.805245 0.000000 0.000000 0.000000 0.000000 0.800772 414.000000
 48.750000 0.800597 405.225155 0.050695 0.202779 0.000000 0.000000 0.800597 422.000000
 49.000000 0.792278 393.936074 0.000000 0.000000 0.000000 0.000000 0.792278 415.000000
 49.250000 0.783400 380.262077 0.000000 0.000000 0.000000 0.000000 0.783400 406.000000
 49.500000 0.795469 398.370032 0.000000 0.000000 0.000000 0.000000 0.795469 410.000000
 49.750000 0.792862 390.407960 0.000000 0.000000 0.000000 0.000000 0.792862 400.000000
 50.000000 0.787305 382.927260 0.000000 0.000000 0.000000 0.000000 0.787305 405.000000
 50.250000 0.797465 396.873776 0.000000 0.000000 0.000000 0.000000 0.797465 413.000000
 50.500000 0.788654 386.384905 0.000000 0.000000 0.000000 0.000000 0.788654 404.000000
 50.750000 0.791205 385.079638 0.000000 0.000000 0.000000 0.000000 0.791205 398.000000
 51.000000 0.787579 383.147282 0.000000 0.000000 0.000000 0.000000 0.787579 401.000000
 51.250000 0.787687 385.521655 0.000000 0.000000 0.000000 0.000000 0.787687 408.000000
 51.500000 0.790857 385.791967 0.000000 0.000000 0.000000 0.000000 0.790857 402.000000
 51.750000 0.787465 377.737805 0.000000 0.000000 0.000000 0.000000 0.787465 386.000000
 52.000000 0.790905 384.302724 0.000000 0.000000 0.000000 0.000000 0.790905 398.000000
 52.250000 0.792044 389.855702 0.000000 0.000000 0.000000 0.000000 0.792044 402.000000
 52.500000 0.787778 385.381977 0.000000 0.000000 0.000000 0.000000 0.787778 400.000000
 52.750000 0.786601 383.467573 0.000000 0.000000 0.000000 0.000000 0.786601 399.000000
 53.000000 0.787988 384.366608 0.000000 0.000000 0.000000 0.000000 0.787988 396.000000
 53.250000 0.788575 381.124501 0.000000 0.000000 0.000000 0.000000 0.788575 392.000000
 53.500000 0.789175 383.314210 0.000000 0.000000 0.000000 0.000000 0.789175 403.000000
 53.750000 0.790366 381.842860 0.000000 0.000000 0.000000 0.000000 0.790366 393.000000
 54.000000 0.792176 388.423346 0.000000 0.000000 0.000000 0.000000 0.792176 400.000000
 54.250000 0.788674 385.367851 0.000000 0.000000 0.000000 0.000000 0.788674 399.000000
 54.500000 0.788976 384.861251 0.000000 0.000000 0.000000 0.000000 0.788976 401.000000
 54.750000 0.785435 382.211991 0.000000 0.000000 0.000000 0.000000 0.785435 405.000000
 55.000000 0.789144 385.999482 0.000000 0.000000 0.000000 0.000000 0.789144 406.000000
 55.250000 0.785361 376.436455 0.000000 0.000000 0.000000 0.000000 0.785361 392.000000
 55.500000 0.790149 385.800054 0.000000 0.000000 0.000000 0.000000 0.790149 403.000000
 55.750000 0.791828 386.428702 0.000000 0.000000 0.000000 0.000000 0.791828 401.000000
 56.000000 0.787269 380.073123 0.000000 0.000000 0.000000 0.000000 0.787269 393.000000
 56.250000 0.789121 382.765302 0.000000 0.000000 0.000000 0.000000 0.789121 401.000000
 56.500000 0.797510 393.120825 0.000000 0.000000 0.000000 0.000000 0.797510 404.000000
 56.750000 0.796763 395.081467 0.000000 0.000000 0.000000 0.000000 0.796763 406.000000
 57.000000 0.793723 396.051456 0.000000 0.000000 0.000000 0.000000 0.793723 410.000000
 57.250000 0.787672 385.099455 0.000000 0.000000 0.000000 0.000000 0.787672 404.000000
 57.500000 0.793072 391.042539 0.000000 0.000000 0.000000 0.000000 0.793072 409.000000
 57.750000 0.789755 384.823753 0.000000 0.000000 0.000000 0.000000 0.789755 398.000000
 58.000000 0.790016 387.426133 0.000000 0.000000 0.000000 0.000000 0.790016 403.000000
 58.250000 0.789785 383.138979 0.000000 0.000000 0.000000 0.000000 0.789785 392.000000
 58.500000 0.785768 379.407472 0.000000 0.000000 0.000000 0.000000 0.785768 397.000000
 58.750000 0.781965 377.182464 0.000000 0.000000 0.000000 0.000000 0.781965 400.000000
 59.000000 0.791766 387.500283 0.000000 0.000000 0.000000 0.000000 0.791766 399.000000
 59.250000 0.786952 378.844273 0.000000 0.000000 0.000000 0.000000 0.786952 396.000000
 59.500000 0.783549 376.789668 0.000000 0.000000 0.000000 0.000000 0.783549 396.000000
 59.750000 0.787021 385.950703 0.000000 0.000000 0.000000 0.000000 0.787021 398.000000
 60.000000 0.780739 376.135045 0.000000 0.000000 0.000000 0.000000 0.780739 404.000000
 60.250000 0.787208 385.221033 0.000000 0.000000 0.000000 0.000000 0.787208 402.000000
 60.500000 0.782958 374.631553 0.000000 0.000000 0.000000 0.000000 0.782958 393.000000
 60.750000 0.784496 375.723823 0.000000 0.000000 0.000000 0.000000 0.784496 395.000000
 61.000000 0.788425 386.290738 0.000000 0.000000 0.000000 0.000000 0.788425 405.000000
 61.250000 0.791223 390.239728 0.000000 0.000000 0.000000 0.000000 0.791223 407.000000
 61.500000 0.796765 396.088604 0.000000 0.000000 0.000000 0.000000 0.796765 403.000000
 61.750000 0.795147 393.950307 0.000000 0.000000 0.000000 0.000000 0.795147 399.000000
 62.000000 0.794799 393.804065 0.000000 0.000000 0.000000 0.000000 0.794799 407.000000
 62.250000 0.793860 392.454812 0.000000 0.000000 0.000000 0.000000 0.793860 404.000000
 62.500000 0.787452 383.819923 0.000000 0.000000 0.000000 0.000000 0.787452 398.000000
 62.750000 0.789338 386.787385 0.000000 0.000000 0.000000 0.000000 0.789338 402.000000
 63.000000 0.789740 388.912791 0.000000 0.000000 0.000000 0.000000 0.789740 405.000000
 63.250000 0.791710 386.516931 0.000000 0.000000 0.000000 0.000000 0.791710 400.000000
 63.500000 0.787521 386.887450 0.000000 0.000000 0.000000 0.000000 0.787521 405.000000
 63.750000 0.786267 379.731913 0.000000 0.000000 0.000000 0.000000 0.786267 399.000000
 64.000000 0.785849 377.815545 0.000000 0.000000 0.000000 0.000000 0.785849 391.000000
 64.250000 0.792831 391.663881 0.000000 0.000000 0.000000 0.000000 0.792831 403.000000
 64.500000 0.792459 379.978724 0.000000 0.000000 0.000000 0.000000 0.792459 389.000000
 64.750000 0.787614 383.150836 0.000000 0.000000 0.000000 0.000000 0.787614 394.000000
 65.000000 0.793248 391.045850 0.000000 0.000000 0.000000 0.000000 0.793248 407.000000
 65.250000 0.793557 389.242354 0.000000 0.000000 0.000000 0.000000 0.793557 397.000000
 65.500000 0.792907 392.102735 0.000000 0.000000 0.000000 0.000000 0.792907 407.000000
 65.750000 0.784909 382.584491 0.000000 0.000000 0.000000 0.000000 0.784909 401.000000
 66.000000 0.786724 379.691888 0.000000 0.000000 0.000000 0.000000 0.786724 389.000000
 66.250000 0.788961 386.731902 0.000000 0.000000 0.000000 0.000000 0.788961 401.000000
 66.500000 0.783001 377.313377 0.000000 0.000000 0.000000 0.000000 0.783001 394.000000
 66.750000 0.783426 378.892445 0.000000 0.000000 0.000000 0.000000 0.783426 401.000000
 67.000000 0.787472 384.551037 0.000000 0.000000 0.000000 0.000000 0.787472 396.000000
 67.250000 0.785916 380.085792 0.000000 0.000000 0.000000 0.000000 0.785916 398.000000
 67.500000 0.779323 372.358669 0.000000 0.000000 0.000000 0.000000 0.779323 392.000000
 67.750000 0.781952 372.351522 0.000000 0.000000 0.000000 0.000000 0.781952 396.000000
 68.000000 0.794424 394.517980 0.000000 0.000000 0.000000 0.000000 0.794424 406.000000
 68.250000 0.789062 387.981119 0.000000 0.000000 0.000000 0.000000 0.789062 410.000000
 68.500000 0.789185 383.347177 0.000000 0.000000 0.000000 0.000000 0.789185 399.000000
 68.750000 0.790705 388.812655 0.000000 0.000000 0.000000 0.000000 0.790705 403.000000
 69.000000 0.789222 384.812577 0.000000 0.000000 0.000000 0.000000 0.789222 402.000000
 69.250000 0.793932 392.643695 0.000000 0.000000 0.000000 0.000000 0.793932 405.000000
 69.500000 0.789137 387.003892 0.000000 0.000000 0.000000 0.000000 0.789137 410.000000
 69.750000 0.789699 388.732273 0.000000 0.000000 0.000000 0.000000 0.789699 409.000000
 70.000000 0.791877 390.207755 0.000000 0.000000 0.000000 0.000000 0.791877 409.000000
 70.250000 0.797056 401.531711 0.000000 0.000000 0.000000 0.000000 0.797056 417.000000
 70.500000 0.793713 395.369125 0.000000 0.000000 0.000000 0.000000 0.793713 409.000000
 70.750000 0.796392 400.825379 0.000000 0.000000 0.000000 0.000000 0.796392 412.000000
 71.000000 0.791689 390.773784 0.000000 0.000000 0.000000 0.000000 0.791689 402.000000
 71.250000 0.790628 390.030318 0.000000 0.000000 0.000000 0.000000 0.790628 406.000000
 71.500000 0.799301 403.244611 0.000000 0.000000 0.000000 0.000000 0.799301 416.000000
 71.750000 0.798488 398.508157 0.000000 0.000000 0.000000 0.000000 0.798488 412.000000
 72.000000 0.796707 397.093032 0.000000 0.000000 0.000000 0.000000 0.796707 415.000000
 72.250000 0.789934 389.977348 0.000000 0.000000 0.000000 0.000000 0.789934 402.000000
 72.500000 0.797166 397.339105 0.000000 0.000000 0.000000 0.000000 0.797166 408.000000
 72.750000 0.794588 393.726725 0.000000 0.000000 0.000000 0.000000 0.794588 406.000000
 73.000000 0.789257 383.109083 0.000000 0.000000 0.000000 0.000000 0.789257 402.000000
 73.250000 0.793906 393.079886 0.000000 0.000000 0.000000 0.000000 0.793906 413.000000
 73.500000 0.793798 395.481321 0.000000 0.000000 0.000000 0.000000 0.793798 407.000000
 73.750000 0.791651 387.703580 0.000000 0.000000 0.000000 0.000000 0.791651 398.000000
 74.000000 0.793300 391.801620 0.000000 0.000000 0.000000 0.000000 0.793300 400.000000
 74.250000 0.793262 391.095033 0.000000 0.000000 0.000000 0.000000 0.793262 397.000000
 74.500000 0.802772 406.448179 2.097222 8.388888 0.000000 0.000000 0.802772 414.000000
 74.750000 0.793883 392.964500 0.000000 0.000000 0.000000 0.000000 0.793883 412.000000
 75.000000 0.785288 382.173874 0.000000 0.000000 0.000000 0.000000 0.785288 402.000000
 75.250000 0.790118 389.872147 0.000000 0.000000 0.000000 0.000000 0.790118 407.000000
 75.500000 0.792732 392.224253 0.000000 0.000000 0.000000 0.000000 0.792732 405.000000
 75.750000 0.790231 389.865375 0.000000 0.000000 0.000000 0.000000 0.790231 409.000000
 76.000000 0.785846 378.884551 0.000000 0.000000 0.000000 0.000000 0.785846 397.000000
 76.250000 0.791360 387.885824 0.000000 0.000000 0.000000 0.000000 0.791360 402.000000
 76.500000 0.787183 383.834982 0.000000 0.000000 0.000000 0.000000 0.787183 401.000000
 76.750000 0.791629 390.976244 0.000000 0.000000 0.000000 0.000000 0.791629 408.000000
 77.000000 0.794547 396.258017 0.000000 0.000000 0.000000 0.000000 0.794547 415.000000
 77.250000 0.788666 389.224786 0.000000 0.000000 0.000000 0.000000 0.788666 409.000000
 77.500000 0.795194 397.068361 0.000000 0.000000 0.000000 0.000000 0.795194 412.000000
 77.750000 0.791053 389.664289 0.000000 0.000000 0.000000 0.000000 0.791053 402.000000
 78.000000 0.796448 400.923112 0.000000 0.000000 0.000000 0.000000 0.796448 411.000000
 78.250000 0.795004 392.967719 0.000000 0.000000 0.000000 0.000000 0.795004 404.000000
 78.500000 0.791160 390.981111 0.000000 0.000000 0.000000 0.000000 0.791160 411.000000
 78.750000 0.799925 406.851208 3.426971 13.707883 0.000000 0.000000 0.799925 421.000000
 79.000000 0.790957 392.505230 0.000000 0.000000 0.000000 0.000000 0.790957 410.000000
 79.250000 0.789815 393.150775 0.000000 0.000000 0.000000 0.000000 0.789815 408.000000
 79.500000 0.795602 396.662852 0.000000 0.000000 0.000000 0.000000 0.795602 415.000000
 79.750000 0.792772 394.286438 0.000000 0.000000 0.000000 0.000000 0.792772 411.000000
 80.000000 0.791906 395.262361 0.000000 0.000000 0.000000 0.000000 0.791906 415.000000
 80.250000 0.791981 393.901253 0.000000 0.000000 0.000000 0.000000 0.791981 419.000000
 80.500000 0.793824 396.054613 0.000000 0.000000 0.000000 0.000000 0.793824 410.000000
 80.750000 0.793725 395.357653 0.000000 0.000000 0.000000 0.000000 0.793725 412.000000
 81.000000 0.796942 401.386267 0.000000 0.000000 0.000000 0.000000 0.796942 420.000000
 81.250000 0.798412 404.527331 0.000000 0.000000 0.000000 0.000000 0.798412 420.000000
 81.500000 0.797866 405.337965 0.114220 0.456881 0.000000 0.000000 0.797866 422.000000
 81.750000 0.796824 402.444791 0.000000 0.000000 0.000000 0.000000 0.796824 426.000000
 82.000000 0.795662 401.564174 0.000000 0.000000 0.000000 0.000000 0.795662 422.000000
 82.250000 0.797950 405.176009 0.030979 0.123916 0.000000 0.000000 0.797950 418.000000
 82.500000 0.785417 385.947641 0.000000 0.000000 0.000000 0.000000 0.785417 418.000000
 82.750000 0.796633 401.408685 0.000000 0.000000 0.000000 0.000000 0.796633 414.000000
 83.000000 0.797455 403.131608 0.000000 0.000000 0.000000 0.000000 0.797455 422.000000
 83.250000 0.795696 399.166859 0.000000 0.000000 0.000000 0.000000 0.795696 416.000000
 83.500000 0.791484 395.380447 0.000000 0.000000 0.000000 0.000000 0.791484 425.000000
 83.750000 0.787336 386.110492 0.000000 0.000000 0.000000 0.000000 0.787336 405.000000
 84.000000 0.789405 396.838379 0.000000 0.000000 0.000000 0.000000 0.789405 424.000000
 84.250000 0.797065 405.453280 0.205463 0.821850 0.000000 0.000000 0.797065 423.000000
 84.500000 0.793128 398.548997 0.000000 0.000000 0.000000 0.000000 0.793128 417.000000
 84.750000 0.797320 402.833123 0.000000 0.000000 0.000000 0.000000 0.797320 416.000000
 85.000000 0.791264 392.302528 0.000000 0.000000 0.000000 0.000000 0.791264 413.000000
 85.250000 0.794974 401.932047 0.000000 0.000000 0.000000 0.000000 0.794974 422.000000
 85.500000 0.793256 399.532859 0.000000 0.000000 0.000000 0.000000 0.793256 421.000000
 85.750000 0.789205 392.696294 0.000000 0.000000 0.000000 0.000000 0.789205 412.000000
 86.000000 0.799062 405.895366 0.801680 3.206718 0.000000 0.000000 0.799062 423.000000
 86.250000 0.799312 405.950003 0.902505 3.610020 0.000000 0.000000 0.799312 420.000000
 86.500000 0.796492 403.086273 0.000000 0.000000 0.000000 0.000000 0.796492 416.000000
 86.750000 0.796732 401.456493 0.000000 0.000000 0.000000 0.000000 0.796732 420.000000
 87.000000 0.798353 405.451134 0.203522 0.814089 0.000000 0.000000 0.798353 421.000000
 87.250000 0.799150 403.913073 0.000000 0.000000 0.000000 0.000000 0.799150 425.000000
 87.500000 0.795375 397.944286 0.000000 0.000000 0.000000 0.000000 0.795375 411.000000
 87.750000 0.796485 401.700235 0.000000 0.000000 0.000000 0.000000 0.796485 416.000000
 88.000000 0.794454 398.828891 0.000000 0.000000 0.000000 0.000000 0.794454 414.000000
 88.250000 0.796436 404.416282 0.000000 0.000000 0.000000 0.000000 0.796436 418.000000
 88.500000 0.793633 395.563834 0.000000 0.000000 0.000000 0.000000 0.793633 413.000000
 88.750000 0.796595 397.781369 0.000000 0.000000 0.000000 0.000000 0.796595 408.000000
 89.000000 0.795629 397.441870 0.000000 0.000000 0.000000 0.000000 0.795629 409.000000
 89.250000 0.792593 394.492545 0.000000 0.000000 0.000000 0.000000 0.792593 413.000000
 89.500000 0.801229 405.992769 0.985591 3.942365 0.000000 0.000000 0.801229 415.000000
 89.750000 0.796642 399.794974 0.000000 0.000000 0.000000 0.000000 0.796642 415.000000
 90.000000 0.798517 402.040916 0.000000 0.000000 0.000000 0.000000 0.798517 420.000000
 90.250000 0.797673 400.550371 0.000000 0.000000 0.000000 0.000000 0.797673 416.000000
 90.500000 0.796868 397.107371 0.000000 0.000000 0.000000 0.000000 0.796868 410.000000
 90.750000 0.797390 405.496450 0.246462 0.985849 0.000000 0.000000 0.797390 420.000000
 91.000000 0.794254 393.239640 0.000000 0.000000 0.000000 0.000000 0.794254 409.000000
 91.250000 0.798558 402.075072 0.000000 0.000000 0.000000 0.000000 0.798558 420.000000
 91.500000 0.798113 404.935864 0.000000 0.000000 0.000000 0.000000 0.798113 425.000000
 91.750000 0.796824 401.886852 0.000000 0.000000 0.000000 0.000000 0.796824 420.000000
 92.000000 0.796037 402.030501 0.000000 0.000000 0.000000 0.000000 0.796037 424.000000
 92.250000 0.799878 403.392893 0.000000 0.000000 0.000000 0.000000 0.799878 416.000000
 92.500000 0.792857 397.381415 0.000000 0.000000 0.000000 0.000000 0.792857 411.000000
 92.750000 0.801635 404.404888 0.000000 0.000000 0.000000 0.000000 0.801635 415.000000
 93.000000 0.792657 393.041237 0.000000 0.000000 0.000000 0.000000 0.792657 412.000000
 93.250000 0.796633 401.114786 0.000000 0.000000 0.000000 0.000000 0.796633 425.000000
 93.500000 0.800642 405.664129 0.441068 1.764272 0.000000 0.000000 0.800642 418.000000
 93.750000 0.793678 397.599727 0.000000 0.000000 0.000000 0.000000 0.793678 410.000000
 94.000000 0.794303 399.665071 0.000000 0.000000 0.000000 0.000000 0.794303 420.000000
 94.250000 0.794152 397.663362 0.000000 0.000000 0.000000 0.000000 0.794152 417.000000
 94.500000 0.796421 399.332403 0.000000 0.000000 0.000000 0.000000 0.796421 410.000000
 94.750000 0.791537 393.424116 0.000000 0.000000 0.000000 0.000000 0.791537 410.000000
 95.000000 0.799704 404.092643 0.000000 0.000000 0.000000 0.000000 0.799704 417.000000
 95.250000 0.796465 399.629982 0.000000 0.000000 0.000000 0.000000 0.796465 415.000000
 95.500000 0.797269 403.664054 0.000000 0.000000 0.000000 0.000000 0.797269 421.000000
 95.750000 0.796626 402.817885 0.000000 0.000000 0.000000 0.000000 0.796626 421.000000
 96.000000 0.800398 404.090747 0.000000 0.000000 0.000000 0.000000 0.800398 418.000000
 96.250000 0.798275 406.579263 2.494072 9.976287 0.000000 0.000000 0.798275 418.000000
 96.500000 0.798828 404.961294 0.000000 0.000000 0.000000 0.000000 0.798828 420.000000
 96.750000 0.798985 405.338072 0.114293 0.457172 0.000000 0.000000 0.798985 419.000000
 97.000000 0.792449 398.803909 0.000000 0.000000 0.000000 0.000000 0.792449 418.000000
 97.250000 0.793042 399.685184 0.000000 0.000000 0.000000 0.000000 0.793042 419.000000
 97.500000 0.797954 403.751858 0.000000 0.000000 0.000000 0.000000 0.797954 416.000000
 97.750000 0.798161 402.741255 0.000000 0.000000 0.000000 0.000000 0.798161 416.000000
 98.000000 0.797588 404.399555 0.000000 0.000000 0.000000 0.000000 0.797588 421.000000
 98.250000 0.797530 405.894418 0.799984 3.199936 0.000000 0.000000 0.797530 423.000000
 98.500000 0.797802 405.339000 0.114921 0.459683 0.000000 0.000000 0.797802 422.000000
 98.750000 0.798313 403.147063 0.000000 0.000000 0.000000 0.000000 0.798313 419.000000
 99.000000 0.797330 401.856948 0.000000 0.000000 0.000000 0.000000 0.797330 419.000000
 99.250000 0.792235 398.115338 0.000000 0.000000 0.000000 0.000000 0.792235 421.000000
 99.500000 0.799015 405.324569 0.105345 0.421380 0.000000 0.000000 0.799015 422.000000
 99.750000 0.791433 390.633298 0.000000 0.000000 0.000000 0.000000 0.791433 412.000000
 100.000000 0.792731 399.223036 0.000000 0.000000 0.000000 0.000000 0.792731 419.000000
 100.250000 0.795248 400.600702 0.000000 0.000000 0.000000 0.000000 0.795248 417.000000
