#! FIELDS time refcv.mean refcv.morethan uwall.bias uwall.force2 lwall.bias lwall.force2 refcv2.mean refcv2.morethan
 0.750000 0.719965 667.106725 0.000000 0.000000 0.000000 0.000000 0.719965 665.000000
 1.000000 0.727448 687.764795 0.000000 0.000000 0.000000 0.000000 0.727448 679.000000
 1.250000 0.733745 703.023952 0.000000 0.000000 0.000000 0.000000 0.733745 699.000000
 1.500000 0.725749 690.387588 0.000000 0.000000 0.000000 0.000000 0.725749 687.000000
 1.750000 0.728133 700.899386 0.000000 0.000000 0.000000 0.000000 0.728133 697.000000
 2.000000 0.725661 695.506062 0.000000 0.000000 0.000000 0.000000 0.725661 690.000000
 2.250000 0.724644 693.259184 0.000000 0.000000 0.000000 0.000000 0.724644 694.000000
 2.500000 0.725611 690.875115 0.000000 0.000000 0.000000 0.000000 0.725611 693.000000
 2.750000 0.729711 696.271666 0.000000 0.000000 0.000000 0.000000 0.729711 692.000000
 3.000000 0.729879 696.631804 0.000000 0.000000 0.000000 0.000000 0.729879 694.000000
 3.250000 0.729770 696.705917 0.000000 0.000000 0.000000 0.000000 0.729770 688.000000
 3.500000 0.731197 693.950915 0.000000 0.000000 0.000000 0.000000 0.731197 689.000000
 3.750000 0.731556 693.332045 0.000000 0.000000 0.000000 0.000000 0.731556 694.000000
 4.000000 0.737380 707.298171 0.000000 0.000000 0.000000 0.000000 0.737380 704.000000
 4.250000 0.730071 696.186398 0.000000 0.000000 0.000000 0.000000 0.730071 688.000000
 4.500000 0.727362 703.461869 0.000000 0.000000 0.000000 0.000000 0.727362 704.000000
 4.750000 0.731743 708.383540 0.000000 0.000000 0.000000 0.000000 0.731743 705.000000
 5.000000 0.724469 691.168210 0.000000 0.000000 0.000000 0.000000 0.724469 688.000000
 5.250000 0.726983 698.454435 0.000000 0.000000 0.000000 0.000000 0.726983 701.000000
 5.500000 0.726514 691.070092 0.000000 0.000000 0.000000 0.000000 0.726514 687.000000
 5.750000 0.725248 695.780615 0.000000 0.000000 0.000000 0.000000 0.725248 687.000000
 6.000000 0.724096 684.612027 0.000000 0.000000 0.000000 0.000000 0.724096 686.000000
 6.250000 0.725777 688.406782 0.000000 0.000000 0.000000 0.000000 0.725777 687.000000
 6.500000 0.728338 702.088723 0.000000 0.000000 0.000000 0.000000 0.728338 700.000000
 6.750000 0.730795 693.316635 0.000000 0.000000 0.000000 0.000000 0.730795 697.000000
 7.000000 0.732916 707.683943 0.000000 0.000000 0.000000 0.000000 0.732916 706.000000
 7.250000 0.733120 708.181164 0.000000 0.000000 0.000000 0.000000 0.733120 700.000000
 7.500000 0.731901 706.023458 0.000000 0.000000 0.000000 0.000000 0.731901 702.000000
 7.750000 0.734958 708.230694 0.000000 0.000000 0.000000 0.000000 0.734958 705.000000
 8.000000 0.735061 705.778683 0.000000 0.000000 0.000000 0.000000 0.735061 701.000000
 8.250000 0.727729 693.136775 0.000000 0.000000 0.000000 0.000000 0.727729 686.000000
 8.500000 0.730383 706.633702 0.000000 0.000000 0.000000 0.000000 0.730383 710.000000
 8.750000 0.733886 705.331583 0.000000 0.000000 0.000000 0.000000 0.733886 700.000000
 9.000000 0.731025 705.077750 0.000000 0.000000 0.000000 0.000000 0.731025 703.000000
 9.250000 0.731524 694.618157 0.000000 0.000000 0.000000 0.000000 0.731524 691.000000
 9.500000 0.727048 698.830832 0.000000 0.000000 0.000000 0.000000 0.727048 707.000000
 9.750000 0.734052 694.915420 0.000000 0.000000 0.000000 0.000000 0.734052 688.000000
 10.000000 0.732292 698.165254 0.000000 0.000000 0.000000 0.000000 0.732292 697.000000
 10.250000 0.728137 691.681139 0.000000 0.000000 0.000000 0.000000 0.728137 694.000000
 10.500000 0.725142 679.373547 0.000000 0.000000 0.000000 0.000000 0.725142 672.000000
 10.750000 0.728562 685.662614 0.000000 0.000000 0.000000 0.000000 0.728562 684.000000
 11.000000 0.727237 682.418293 0.000000 0.000000 0.000000 0.000000 0.727237 681.000000
 11.250000 0.728391 685.348651 0.000000 0.000000 0.000000 0.000000 0.728391 682.000000
 11.500000 0.729417 685.639923 0.000000 0.000000 0.000000 0.000000 0.729417 678.000000
 11.750000 0.723999 670.537477 0.000000 0.000000 0.000000 0.000000 0.723999 667.000000
 12.000000 0.720717 673.989247 0.000000 0.000000 0.000000 0.000000 0.720717 667.000000
 12.250000 0.729262 686.203319 0.000000 0.000000 0.000000 0.000000 0.729262 677.000000
 12.500000 0.726607 682.247407 0.000000 0.000000 0.000000 0.000000 0.726607 675.000000
 12.750000 0.730288 689.101415 0.000000 0.000000 0.000000 0.000000 0.730288 686.000000
 13.000000 0.731816 696.568182 0.000000 0.000000 0.000000 0.000000 0.731816 697.000000
 13.250000 0.731188 694.102771 0.000000 0.000000 0.000000 0.000000 0.731188 684.000000
 13.500000 0.724452 683.034044 0.000000 0.000000 0.000000 0.000000 0.724452 673.000000
 13.750000 0.727971 696.337732 0.000000 0.000000 0.000000 0.000000 0.727971 697.000000
 14.000000 0.723279 678.826901 0.000000 0.000000 0.000000 0.000000 0.723279 675.000000
 14.250000 0.724029 678.669960 0.000000 0.000000 0.000000 0.000000 0.724029 681.000000
 14.500000 0.724839 679.794260 0.000000 0.000000 0.000000 0.000000 0.724839 674.000000
 14.750000 0.726176 674.081480 0.000000 0.000000 0.000000 0.000000 0.726176 672.000000
 15.000000 0.723482 678.482722 0.000000 0.000000 0.000000 0.000000 0.723482 672.000000
 15.250000 0.726931 695.856463 0.000000 0.000000 0.000000 0.000000 0.726931 693.000000
 15.500000 0.730654 700.404602 0.000000 0.000000 0.000000 0.000000 0.730654 696.000000
 15.750000 0.726531 686.260140 0.000000 0.000000 0.000000 0.000000 0.726531 679.000000
 16.000000 0.727336 689.706010 0.000000 0.000000 0.000000 0.000000 0.727336 686.000000
 16.250000 0.728269 683.503917 0.000000 0.000000 0.000000 0.000000 0.728269 678.000000
 16.500000 0.727120 685.778059 0.000000 0.000000 0.000000 0.000000 0.727120 676.000000
 16.750000 0.728987 693.397390 0.000000 0.000000 0.000000 0.000000 0.728987 686.000000
 17.000000 0.728131 681.395373 0.000000 0.000000 0.000000 0.000000 0.728131 674.000000
 17.250000 0.732203 692.120060 0.000000 0.000000 0.000000 0.000000 0.732203 685.000000
 17.500000 0.732415 694.360014 0.000000 0.000000 0.000000 0.000000 0.732415 692.000000
 17.750000 0.731490 695.319899 0.000000 0.000000 0.000000 0.000000 0.731490 694.000000
 18.000000 0.728230 694.171362 0.000000 0.000000 0.000000 0.000000 0.728230 687.000000
 18.250000 0.726152 690.886382 0.000000 0.000000 0.000000 0.000000 0.726152 695.000000
 18.500000 0.733414 701.373367 0.000000 0.000000 0.000000 0.000000 0.733414 700.000000
 18.750000 0.731421 684.507756 0.000000 0.000000 0.000000 0.000000 0.731421 685.000000
 19.000000 0.728330 689.316010 0.000000 0.000000 0.000000 0.000000 0.728330 687.000000
 19.250000 0.732524 694.427170 0.000000 0.000000 0.000000 0.000000 0.732524 692.000000
 19.500000 0.725636 686.536763 0.000000 0.000000 0.000000 0.000000 0.725636 689.000000
 19.750000 0.729035 687.120463 0.000000 0.000000 0.000000 0.000000 0.729035 681.000000
 20.000000 0.732386 699.279921 0.000000 0.000000 0.000000 0.000000 0.732386 692.000000
 20.250000 0.732265 687.039582 0.000000 0.000000 0.000000 0.000000 0.732265 683.000000
 20.500000 0.731487 685.229896 0.000000 0.000000 0.000000 0.000000 0.731487 680.000000
 20.750000 0.730365 693.767952 0.000000 0.000000 0.000000 0.000000 0.730365 690.000000
 21.000000 0.732675 695.428244 0.000000 0.000000 0.000000 0.000000 0.732675 688.000000
 21.250000 0.733263 703.794685 0.000000 0.000000 0.000000 0.000000 0.733263 694.000000
 21.500000 0.725629 679.783336 0.000000 0.000000 0.000000 0.000000 0.725629 678.000000
 21.750000 0.727174 686.884079 0.000000 0.000000 0.000000 0.000000 0.727174 690.000000
 22.000000 0.730690 690.066941 0.000000 0.000000 0.000000 0.000000 0.730690 684.000000
 22.250000 0.728039 688.504713 0.000000 0.000000 0.000000 0.000000 0.728039 682.000000
 22.500000 0.732254 702.602889 0.000000 0.000000 0.000000 0.000000 0.732254 700.000000
 22.750000 0.732788 700.407832 0.000000 0.000000 0.000000 0.000000 0.732788 694.000000
 23.000000 0.727795 691.279644 0.000000 0.000000 0.000000 0.000000 0.727795 685.000000
 23.250000 0.728524 689.994245 0.000000 0.000000 0.000000 0.000000 0.728524 684.000000
 23.500000 0.732313 697.514010 0.000000 0.000000 0.000000 0.000000 0.732313 697.000000
 23.750000 0.733008 693.168901 0.000000 0.000000 0.000000 0.000000 0.733008 688.000000
 24.000000 0.726289 682.278403 0.000000 0.000000 0.000000 0.000000 0.726289 676.000000
 24.250000 0.724473 680.892336 0.000000 0.000000 0.000000 0.000000 0.724473 671.000000
 24.500000 0.726311 687.311450 0.000000 0.000000 0.000000 0.000000 0.726311 687.000000
 24.750000 0.725892 674.747825 0.000000 0.000000 0.000000 0.000000 0.725892 670.000000
 25.000000 0.724213 675.860241 0.000000 0.000000 0.000000 0.000000 0.724213 676.000000
 25.250000 0.730724 696.925854 0.000000 0.000000 0.000000 0.000000 0.730724 692.000000
 25.500000 0.730378 690.289585 0.000000 0.000000 0.000000 0.000000 0.730378 681.000000
 25.750000 0.728449 695.473560 0.000000 0.000000 0.000000 0.000000 0.728449 688.000000
 26.000000 0.728705 687.912762 0.000000 0.000000 0.000000 0.000000 0.728705 683.000000
 26.250000 0.732791 695.107049 0.000000 0.000000 0.000000 0.000000 0.732791 691.000000
 26.500000 0.730710 694.272568 0.000000 0.000000 0.000000 0.000000 0.730710 693.000000
 26.750000 0.728922 695.864993 0.000000 0.000000 0.000000 0.000000 0.728922 690.000000
 27.000000 0.728583 695.607154 0.000000 0.000000 0.000000 0.000000 0.728583 692.000000
 27.250000 0.732679 695.607995 0.000000 0.000000 0.000000 0.000000 0.732679 696.000000
 27.500000 0.731714 699.153430 0.000000 0.000000 0.000000 0.000000 0.731714 691.000000
 27.750000 0.732760 696.013112 0.000000 0.000000 0.000000 0.000000 0.732760 690.000000
 28.000000 0.724424 680.312639 0.000000 0.000000 0.000000 0.000000 0.724424 682.000000
 28.250000 0.719710 669.489996 0.000000 0.000000 0.000000 0.000000 0.719710 665.000000
 28.500000 0.719522 669.170831 0.000000 0.000000 0.000000 0.000000 0.719522 674.000000
 28.750000 0.721879 680.224329 0.000000 0.000000 0.000000 0.000000 0.721879 674.000000
 29.000000 0.715987 662.868838 0.000000 0.000000 0.000000 0.000000 0.715987 664.000000
 29.250000 0.717207 672.538004 0.000000 0.000000 0.000000 0.000000 0.717207 667.000000
 29.500000 0.720984 675.972519 0.000000 0.000000 0.000000 0.000000 0.720984 671.000000
 29.750000 0.726619 694.012272 0.000000 0.000000 0.000000 0.000000 0.726619 691.000000
 30.000000 0.721281 667.617716 0.000000 0.000000 0.000000 0.000000 0.721281 666.000000
 30.250000 0.718306 660.902506 0.000000 0.000000 0.000000 0.000000 0.718306 660.000000
 30.500000 0.717367 653.097066 0.000000 0.000000 0.000000 0.000000 0.717367 648.000000
 30.750000 0.722681 672.953816 0.000000 0.000000 0.000000 0.000000 0.722681 668.000000
 31.000000 0.721872 667.729855 0.000000 0.000000 0.000000 0.000000 0.721872 670.000000
 31.250000 0.717960 670.372420 0.000000 0.000000 0.000000 0.000000 0.717960 672.000000
 31.500000 0.717559 659.596031 0.000000 0.000000 0.000000 0.000000 0.717559 653.000000
 31.750000 0.723722 675.112868 0.000000 0.000000 0.000000 0.000000 0.723722 674.000000
 32.000000 0.719783 666.678943 0.000000 0.000000 0.000000 0.000000 0.719783 668.000000
 32.250000 0.722773 680.489373 0.000000 0.000000 0.000000 0.000000 0.722773 682.000000
 32.500000 0.729588 687.802057 0.000000 0.000000 0.000000 0.000000 0.729588 680.000000
 32.750000 0.730878 690.926180 0.000000 0.000000 0.000000 0.000000 0.730878 685.000000
 33.000000 0.734210 701.060191 0.000000 0.000000 0.000000 0.000000 0.734210 699.000000
 33.250000 0.731393 696.691627 0.000000 0.000000 0.000000 0.000000 0.731393 695.000000
 33.500000 0.733365 697.064707 0.000000 0.000000 0.000000 0.000000 0.733365 690.000000
 33.750000 0.726856 687.876199 0.000000 0.000000 0.000000 0.000000 0.726856 678.000000
 34.000000 0.730031 694.932262 0.000000 0.000000 0.000000 0.000000 0.730031 687.000000
 34.250000 0.729313 690.939176 0.000000 0.000000 0.000000 0.000000 0.729313 683.000000
 34.500000 0.728820 683.434306 0.000000 0.000000 0.000000 0.000000 0.728820 674.000000
 34.750000 0.728708 689.148775 0.000000 0.000000 0.000000 0.000000 0.728708 683.000000
 35.000000 0.726041 687.854007 0.000000 0.000000 0.000000 0.000000 0.726041 687.000000
 35.250000 0.722297 669.322875 0.000000 0.000000 0.000000 0.000000 0.722297 669.000000
 35.500000 0.724460 687.215350 0.000000 0.000000 0.000000 0.000000 0.724460 683.000000
 35.750000 0.722440 678.472260 0.000000 0.000000 0.000000 0.000000 0.722440 678.000000
 36.000000 0.721925 680.920381 0.000000 0.000000 0.000000 0.000000 0.721925 680.000000
 36.250000 0.731622 699.948482 0.000000 0.000000 0.000000 0.000000 0.731622 704.000000
 36.500000 0.731056 694.387927 0.000000 0.000000 0.000000 0.000000 0.731056 689.000000
 36.750000 0.723377 678.540042 0.000000 0.000000 0.000000 0.000000 0.723377 680.000000
 37.000000 0.730369 695.271442 0.000000 0.000000 0.000000 0.000000 0.730369 691.000000
 37.250000 0.730913 692.187364 0.000000 0.000000 0.000000 0.000000 0.730913 685.000000
 37.500000 0.727179 696.825339 0.000000 0.000000 0.000000 0.000000 0.727179 694.000000
 37.750000 0.725282 690.489960 0.000000 0.000000 0.000000 0.000000 0.725282 687.000000
 38.000000 0.727304 689.975813 0.000000 0.000000 0.000000 0.000000 0.727304 686.000000
 38.250000 0.734306 707.619347 0.000000 0.000000 0.000000 0.000000 0.734306 707.000000
 38.500000 0.732388 707.495989 0.000000 0.000000 0.000000 0.000000 0.732388 706.000000
 38.750000 0.729156 705.602018 0.000000 0.000000 0.000000 0.000000 0.729156 705.000000
 39.000000 0.734199 706.731774 0.000000 0.000000 0.000000 0.000000 0.734199 704.000000
 39.250000 0.725766 690.919183 0.000000 0.000000 0.000000 0.000000 0.725766 688.000000
 39.500000 0.731560 703.670981 0.000000 0.000000 0.000000 0.000000 0.731560 698.000000
 39.750000 0.729500 694.117945 0.000000 0.000000 0.000000 0.000000 0.729500 691.000000
 40.000000 0.728760 695.180680 0.000000 0.000000 0.000000 0.000000 0.728760 696.000000
 40.250000 0.735582 707.818477 0.000000 0.000000 0.000000 0.000000 0.735582 699.000000
 40.500000 0.732312 696.967137 0.000000 0.000000 0.000000 0.000000 0.732312 694.000000
 40.750000 0.734471 705.654329 0.000000 0.000000 0.000000 0.000000 0.734471 708.000000
 41.000000 0.733411 699.987146 0.000000 0.000000 0.000000 0.000000 0.733411 696.000000
 41.250000 0.729322 699.076815 0.000000 0.000000 0.000000 0.000000 0.729322 697.000000
 41.500000 0.731571 703.364024 0.000000 0.000000 0.000000 0.000000 0.731571 700.000000
 41.750000 0.732351 702.887317 0.000000 0.000000 0.000000 0.000000 0.732351 704.000000
 42.000000 0.730768 692.909123 0.000000 0.000000 0.000000 0.000000 0.730768 687.000000
 42.250000 0.733833 702.030809 0.000000 0.000000 0.000000 0.000000 0.733833 703.000000
 42.500000 0.729540 691.127535 0.000000 0.000000 0.000000 0.000000 0.729540 688.000000
 42.750000 0.722808 683.371725 0.000000 0.000000 0.000000 0.000000 0.722808 677.000000
 43.000000 0.726386 685.745194 0.000000 0.000000 0.000000 0.000000 0.726386 682.000000
 43.250000 0.724406 688.541021 0.000000 0.000000 0.000000 0.000000 0.724406 684.000000
 43.500000 0.729599 692.615337 0.000000 0.000000 0.000000 0.000000 0.729599 688.000000
 43.750000 0.734507 706.666371 0.000000 0.000000 0.000000 0.000000 0.734507 704.000000
 44.000000 0.738057 708.028470 0.000000 0.000000 0.000000 0.000000 0.738057 698.000000
 44.250000 0.735287 700.547887 0.000000 0.000000 0.000000 0.000000 0.735287 694.000000
 44.500000 0.728521 695.611087 0.000000 0.000000 0.000000 0.000000 0.728521 690.000000
 44.750000 0.731978 698.044945 0.000000 0.000000 0.000000 0.000000 0.731978 694.000157
 45.000000 0.729040 698.100440 0.000000 0.000000 0.000000 0.000000 0.729040 694.000000
 45.250000 0.736324 700.716473 0.000000 0.000000 0.000000 0.000000 0.736324 687.000000
 45.500000 0.735296 707.113887 0.000000 0.000000 0.000000 0.000000 0.735296 703.000000
 45.750000 0.734296 710.467792 0.218829 0.875316 0.000000 0.000000 0.734296 710.000000
 46.000000 0.733689 709.613049 0.000000 0.000000 0.000000 0.000000 0.733689 705.000000
 46.250000 0.734190 705.479929 0.000000 0.000000 0.000000 0.000000 0.734190 702.000000
 46.500000 0.732120 710.171963 0.029571 0.118285 0.000000 0.000000 0.732120 714.000000
 46.750000 0.731039 703.048755 0.000000 0.000000 0.000000 0.000000 0.731039 700.000000
 47.000000 0.732124 701.964395 0.000000 0.000000 0.000000 0.000000 0.732124 700.000000
 47.250000 0.730524 704.524931 0.000000 0.000000 0.000000 0.000000 0.730524 697.000000
 47.500000 0.730027 703.613261 0.000000 0.000000 0.000000 0.000000 0.730027 706.000000
 47.750000 0.727501 702.282455 0.000000 0.000000 0.000000 0.000000 0.727501 700.000000
 48.000000 0.728638 708.167304 0.000000 0.000000 0.000000 0.000000 0.728638 704.000000
 48.250000 0.729307 697.409175 0.000000 0.000000 0.000000 0.000000 0.729307 691.000000
 48.500000 0.732266 706.408072 0.000000 0.000000 0.000000 0.000000 0.732266 703.000000
 48.750000 0.727821 695.097509 0.000000 0.000000 0.000000 0.000000 0.727821 693.000000
 49.000000 0.725528 693.464358 0.000000 0.000000 0.000000 0.000000 0.725528 691.000000
 49.250000 0.729938 698.726065 0.000000 0.000000 0.000000 0.000000 0.729938 696.000000
 49.500000 0.734623 704.352151 0.000000 0.000000 0.000000 0.000000 0.734623 705.000000
 49.750000 0.729675 705.123289 0.000000 0.000000 0.000000 0.000000 0.729675 705.000000
 50.000000 0.732070 704.975403 0.000000 0.000000 0.000000 0.000000 0.732070 703.000000
 50.250000 0.731162 704.251984 0.000000 0.000000 0.000000 0.000000 0.731162 699.000000
 50.500000 0.733169 708.001559 0.000000 0.000000 0.000000 0.000000 0.733169 703.000000
 50.750000 0.730449 710.225377 0.050795 0.203179 0.000000 0.000000 0.730449 708.000000
 51.000000 0.733672 711.749372 3.060302 12.241208 0.000000 0.000000 0.733672 700.000000
 51.250000 0.735204 708.062238 0.000000 0.000000 0.000000 0.000000 0.735204 700.000000
 51.500000 0.730039 708.965860 0.000000 0.000000 0.000000 0.000000 0.730039 709.000000
 51.750000 0.730846 705.478706 0.000000 0.000000 0.000000 0.000000 0.730846 706.000000
 52.000000 0.729900 702.061150 0.000000 0.000000 0.000000 0.000000 0.729900 694.000000
 52.250000 0.730574 703.466707 0.000000 0.000000 0.000000 0.000000 0.730574 704.000000
 52.500000 0.731394 704.958698 0.000000 0.000000 0.000000 0.000000 0.731394 704.000000
 52.750000 0.736463 706.214677 0.000000 0.000000 0.000000 0.000000 0.736463 695.000000
 53.000000 0.734909 705.815396 0.000000 0.000000 0.000000 0.000000 0.734909 706.000000
 53.250000 0.733595 706.311067 0.000000 0.000000 0.000000 0.000000 0.733595 711.000000
 53.500000 0.731003 707.642383 0.000000 0.000000 0.000000 0.000000 0.731003 709.000000
 53.750000 0.730034 699.533242 0.000000 0.000000 0.000000 0.000000 0.730034 701.000000
 54.000000 0.734798 710.349253 0.121978 0.487910 0.000000 0.000000 0.734798 708.000000
 54.250000 0.735864 704.125919 0.000000 0.000000 0.000000 0.000000 0.735864 701.000000
 54.500000 0.730947 694.141236 0.000000 0.000000 0.000000 0.000000 0.730947 689.000000
 54.750000 0.730247 699.442759 0.000000 0.000000 0.000000 0.000000 0.730247 696.000000
 55.000000 0.732869 702.816109 0.000000 0.000000 0.000000 0.000000 0.732869 705.000000
 55.250000 0.728927 688.894954 0.000000 0.000000 0.000000 0.000000 0.728927 681.000000
 55.500000 0.732292 701.423579 0.000000 0.000000 0.000000 0.000000 0.732292 695.000000
 55.750000 0.731822 702.098590 0.000000 0.000000 0.000000 0.000000 0.731822 702.000000
 56.000000 0.731388 694.235320 0.000000 0.000000 0.000000 0.000000 0.731388 693.000000
 56.250000 0.727150 688.133830 0.000000 0.000000 0.000000 0.000000 0.727150 682.000000
 56.500000 0.721597 673.659026 0.000000 0.000000 0.000000 0.000000 0.721597 673.000000
 56.750000 0.722810 676.209324 0.000000 0.000000 0.000000 0.000000 0.722810 674.000000
 57.000000 0.727156 693.208529 0.000000 0.000000 0.000000 0.000000 0.727156 693.000000
 57.250000 0.729731 689.795154 0.000000 0.000000 0.000000 0.000000 0.729731 689.000000
 57.500000 0.722758 681.536836 0.000000 0.000000 0.000000 0.000000 0.722758 680.000000
 57.750000 0.726362 689.762386 0.000000 0.000000 0.000000 0.000000 0.726362 684.000000
 58.000000 0.727418 693.509080 0.000000 0.000000 0.000000 0.000000 0.727418 691.000000
 58.250000 0.728855 689.369458 0.000000 0.000000 0.000000 0.000000 0.728855 685.000000
 58.500000 0.727986 686.950164 0.000000 0.000000 0.000000 0.000000 0.727986 681.000000
 58.750000 0.728449 691.578508 0.000000 0.000000 0.000000 0.000000 0.728449 689.000000
 59.000000 0.725455 681.563683 0.000000 0.000000 0.000000 0.000000 0.725455 677.000000
 59.250000 0.724713 688.665134 0.000000 0.000000 0.000000 0.000000 0.724713 684.000000
 59.500000 0.717544 668.081099 0.000000 0.000000 0.000000 0.000000 0.717544 663.000000
 59.750000 0.720191 670.561424 0.000000 0.000000 0.000000 0.000000 0.720191 674.000000
 60.000000 0.728487 684.549778 0.000000 0.000000 0.000000 0.000000 0.728487 681.000000
 60.250000 0.729050 683.301324 0.000000 0.000000 0.000000 0.000000 0.729050 673.000000
 60.500000 0.729097 677.257861 0.000000 0.000000 0.000000 0.000000 0.729097 676.000000
 60.750000 0.724648 684.665785 0.000000 0.000000 0.000000 0.000000 0.724648 683.000000
 61.000000 0.724885 681.651110 0.000000 0.000000 0.000000 0.000000 0.724885 678.000000
 61.250000 0.721793 667.873561 0.000000 0.000000 0.000000 0.000000 0.721793 664.000000
 61.500000 0.719156 666.648324 0.000000 0.000000 0.000000 0.000000 0.719156 663.000000
 61.750000 0.721558 669.331991 0.000000 0.000000 0.000000 0.000000 0.721558 671.000000
 62.000000 0.723430 673.420694 0.000000 0.000000 0.000000 0.000000 0.723430 669.000000
 62.250000 0.721792 672.747071 0.000000 0.000000 0.000000 0.000000 0.721792 666.000000
 62.500000 0.722675 679.155528 0.000000 0.000000 0.000000 0.000000 0.722675 682.000000
 62.750000 0.721701 674.558502 0.000000 0.000000 0.000000 0.000000 0.721701 672.000000
 63.000000 0.723409 675.513156 0.000000 0.000000 0.000000 0.000000 0.723409 671.000000
 63.250000 0.722241 669.074300 0.000000 0.000000 0.000000 0.000000 0.722241 661.000000
 63.500000 0.724431 673.173544 0.000000 0.000000 0.000000 0.000000 0.724431 675.000000
 63.750000 0.726837 682.432036 0.000000 0.000000 0.000000 0.000000 0.726837 680.000000
 64.000000 0.727570 691.797394 0.000000 0.000000 0.000000 0.000000 0.727570 698.000000
 64.250000 0.723419 680.718797 0.000000 0.000000 0.000000 0.000000 0.723419 680.000000
 64.500000 0.724015 674.688119 0.000000 0.000000 0.000000 0.000000 0.724015 668.000000
 64.750000 0.720842 671.610282 0.000000 0.000000 0.000000 0.000000 0.720842 675.000000
 65.000000 0.724976 671.201439 0.000000 0.000000 0.000000 0.000000 0.724976 670.000000
 65.250000 0.728549 688.907294 0.000000 0.000000 0.000000 0.000000 0.728549 683.000000
 65.500000 0.718574 665.578903 0.000000 0.000000 0.000000 0.000000 0.718574 661.000000
 65.750000 0.717442 659.299692 0.000000 0.000000 0.000000 0.000000 0.717442 652.000000
 66.000000 0.722204 670.546441 0.000000 0.000000 0.000000 0.000000 0.722204 666.000000
 66.250000 0.723614 681.171120 0.000000 0.000000 0.000000 0.000000 0.723614 681.000000
 66.500000 0.724647 683.365747 0.000000 0.000000 0.000000 0.000000 0.724647 678.000000
 66.750000 0.722179 670.512461 0.000000 0.000000 0.000000 0.000000 0.722179 664.000000
 67.000000 0.722817 670.801288 0.000000 0.000000 0.000000 0.000000 0.722817 667.000000
 67.250000 0.723620 676.579733 0.000000 0.000000 0.000000 0.000000 0.723620 670.000000
 67.500000 0.722013 676.104278 0.000000 0.000000 0.000000 0.000000 0.722013 676.000000
 67.750000 0.719436 662.860436 0.000000 0.000000 0.000000 0.000000 0.719436 654.000000
 68.000000 0.716944 654.107208 0.000000 0.000000 0.000000 0.000000 0.716944 651.000000
 68.250000 0.719342 671.511686 0.000000 0.000000 0.000000 0.000000 0.719342 670.000000
 68.500000 0.720722 678.351910 0.000000 0.000000 0.000000 0.000000 0.720722 674.000000
 68.750000 0.719077 658.352609 0.000000 0.000000 0.000000 0.000000 0.719077 654.000000
 69.000000 0.723656 671.800285 0.000000 0.000000 0.000000 0.000000 0.723656 667.000000
 69.250000 0.724741 666.199717 0.000000 0.000000 0.000000 0.000000 0.724741 660.000000
 69.500000 0.720727 667.949030 0.000000 0.000000 0.000000 0.000000 0.720727 670.000000
 69.750000 0.718793 661.070311 0.000000 0.000000 0.000000 0.000000 0.718793 654.000000
 70.000000 0.719945 662.489032 0.000000 0.000000 0.000000 0.000000 0.719945 660.000000
 70.250000 0.718505 653.711692 0.000000 0.000000 0.000000 0.000000 0.718505 651.000000
 70.500000 0.719768 656.089617 0.000000 0.000000 0.000000 0.000000 0.719768 650.000000
 70.750000 0.725514 673.537157 0.000000 0.000000 0.000000 0.000000 0.725514 659.000000
 71.000000 0.722551 658.054451 0.000000 0.000000 0.000000 0.000000 0.722551 652.000000
 71.250000 0.720054 661.685571 0.000000 0.000000 0.000000 0.000000 0.720054 661.000000
 71.500000 0.719802 655.950804 0.000000 0.000000 0.000000 0.000000 0.719802 653.000000
 71.750000 0.723612 672.063062 0.000000 0.000000 0.000000 0.000000 0.723612 667.000000
 72.000000 0.721118 662.611227 0.000000 0.000000 0.000000 0.000000 0.721118 656.000000
 72.250000 0.715222 658.886540 0.000000 0.000000 0.000000 0.000000 0.715222 662.000000
 72.500000 0.718275 654.982052 0.000000 0.000000 0.000000 0.000000 0.718275 650.000000
 72.750000 0.719230 654.932701 0.000000 0.000000 0.000000 0.000000 0.719230 651.000000
 73.000000 0.719671 651.117619 0.000000 0.000000 0.000000 0.000000 0.719671 641.000000
 73.250000 0.718074 653.131685 0.000000 0.000000 0.000000 0.000000 0.718074 645.000000
 73.500000 0.720700 662.891349 0.000000 0.000000 0.000000 0.000000 0.720700 661.000000
 73.750000 0.716974 651.609124 0.000000 0.000000 0.000000 0.000000 0.716974 653.000000
 74.000000 0.722588 664.943517 0.000000 0.000000 0.000000 0.000000 0.722588 661.000000
 74.250000 0.723806 671.210678 0.000000 0.000000 0.000000 0.000000 0.723806 664.000000
 74.500000 0.724027 661.346192 0.000000 0.000000 0.000000 0.000000 0.724027 656.000000
 74.750000 0.720231 658.884673 0.000000 0.000000 0.000000 0.000000 0.720231 652.000000
 75.000000 0.720792 665.299752 0.000000 0.000000 0.000000 0.000000 0.720792 660.000000
 75.250000 0.726151 678.965464 0.000000 0.000000 0.000000 0.000000 0.726151 676.000000
 75.500000 0.719513 668.182307 0.000000 0.000000 0.000000 0.000000 0.719513 664.000000
 75.750000 0.723167 671.505373 0.000000 0.000000 0.000000 0.000000 0.723167 663.000000
 76.000000 0.721875 670.304038 0.000000 0.000000 0.000000 0.000000 0.721875 665.000000
 76.250000 0.721942 660.371698 0.000000 0.000000 0.000000 0.000000 0.721942 651.000000
 76.500000 0.722194 666.800038 0.000000 0.000000 0.000000 0.000000 0.722194 665.000000
 76.750000 0.717195 663.803200 0.000000 0.000000 0.000000 0.000000 0.717195 660.000000
 77.000000 0.716108 660.331022 0.000000 0.000000 0.000000 0.000000 0.716108 655.000000
 77.250000 0.718096 662.159367 0.000000 0.000000 0.000000 0.000000 0.718096 660.000000
 77.500000 0.714430 658.758303 0.000000 0.000000 0.000000 0.000000 0.714430 656.000000
 77.750000 0.717525 658.740503 0.000000 0.000000 0.000000 0.000000 0.717525 657.000000
 78.000000 0.718312 671.336444 0.000000 0.000000 0.000000 0.000000 0.718312 670.000000
 78.250000 0.715864 659.659138 0.000000 0.000000 0.000000 0.000000 0.715864 652.000000
 78.500000 0.717715 655.792240 0.000000 0.000000 0.000000 0.000000 0.717715 651.000000
 78.750000 0.719458 654.549585 0.000000 0.000000 0.000000 0.000000 0.719458 653.000000
 79.000000 0.715463 651.498431 0.000000 0.000000 0.000000 0.000000 0.715463 652.000000
 79.250000 0.719459 662.171667 0.000000 0.000000 0.000000 0.000000 0.719459 654.000000
 79.500000 0.717000 660.281248 0.000000 0.000000 0.000000 0.000000 0.717000 654.000000
 79.750000 0.719912 655.710430 0.000000 0.000000 0.000000 0.000000 0.719912 648.000000
 80.000000 0.717463 660.445004 0.000000 0.000000 0.000000 0.000000 0.717463 656.000000
 80.250000 0.717483 651.740353 0.000000 0.000000 0.000000 0.000000 0.717483 650.000000
 80.500000 0.719477 665.742415 0.000000 0.000000 0.000000 0.000000 0.719477 659.000000
 80.750000 0.721929 663.213868 0.000000 0.000000 0.000000 0.000000 0.721929 661.000000
 81.000000 0.712550 652.350411 0.000000 0.000000 0.000000 0.000000 0.712550 647.000000
 81.250000 0.721404 660.012842 0.000000 0.000000 0.000000 0.000000 0.721404 653.000000
 81.500000 0.717946 659.710279 0.000000 0.000000 0.000000 0.000000 0.717946 657.000000
 81.750000 0.716367 654.453077 0.000000 0.000000 0.000000 0.000000 0.716367 653.000000
 82.000000 0.718438 659.140611 0.000000 0.000000 0.000000 0.000000 0.718438 653.000000
 82.250000 0.720935 651.176778 0.000000 0.000000 0.000000 0.000000 0.720935 643.000000
 82.500000 0.720794 653.022506 0.000000 0.000000 0.000000 0.000000 0.720794 648.000000
 82.750000 0.719961 664.186258 0.000000 0.000000 0.000000 0.000000 0.719961 663.000000
 83.000000 0.711657 649.547336 0.000000 0.000000 0.204905 0.819620 0.711657 652.000000
 83.250000 0.722693 663.046124 0.000000 0.000000 0.000000 0.000000 0.722693 664.000000
 83.500000 0.716305 650.436867 0.000000 0.000000 0.000000 0.000000 0.716305 653.000000
 83.750000 0.719959 658.302707 0.000000 0.000000 0.000000 0.000000 0.719959 659.000000
 84.000000 0.717178 650.844258 0.000000 0.000000 0.000000 0.000000 0.717178 645.000000
 84.250000 0.717777 654.836659 0.000000 0.000000 0.000000 0.000000 0.717777 650.000000
 84.500000 0.715710 649.591487 0.000000 0.000000 0.166883 0.667532 0.715710 648.000000
 84.750000 0.717266 654.076746 0.000000 0.000000 0.000000 0.000000 0.717266 649.000000
 85.000000 0.717427 658.158067 0.000000 0.000000 0.000000 0.000000 0.717427 657.000000
 85.250000 0.717575 657.796618 0.000000 0.000000 0.000000 0.000000 0.717575 658.000000
 85.500000 0.717614 655.862766 0.000000 0.000000 0.000000 0.000000 0.717614 651.000000
 85.750000 0.716652 653.176697 0.000000 0.000000 0.000000 0.000000 0.716652 648.000000
 86.000000 0.717679 651.504573 0.000000 0.000000 0.000000 0.000000 0.717679 650.000000
 86.250000 0.716458 651.852871 0.000000 0.000000 0.000000 0.000000 0.716458 647.000000
 86.500000 0.721669 662.609381 0.000000 0.000000 0.000000 0.000000 0.721669 663.000000
 86.750000 0.718026 651.491263 0.000000 0.000000 0.000000 0.000000 0.718026 649.000000
 87.000000 0.716126 652.169548 0.000000 0.000000 0.000000 0.000000 0.716126 648.000000
 87.250000 0.719727 662.936289 0.000000 0.000000 0.000000 0.000000 0.719727 659.000000
 87.500000 0.719246 655.119686 0.000000 0.000000 0.000000 0.000000 0.719246 651.000000
 87.750000 0.714518 647.452378 0.000000 0.000000 6.490378 25.961512 0.714518 649.000000
 88.000000 0.715509 651.462421 0.000000 0.000000 0.000000 0.000000 0.715509 647.000000
 88.250000 0.716686 648.992587 0.000000 0.000000 1.014882 4.059528 0.716686 643.000000
 88.500000 0.720330 652.118053 0.000000 0.000000 0.000000 0.000000 0.720330 646.000000
 88.750000 0.719667 649.798876 0.000000 0.000000 0.040451 0.161804 0.719667 641.000000
 89.000000 0.715684 648.933838 0.000000 0.000000 1.136701 4.546802 0.715684 649.000000
 89.250000 0.712544 651.068364 0.000000 0.000000 0.000000 0.000000 0.712544 651.000000
 89.500000 0.714335 649.478754 0.000000 0.000000 0.271697 1.086790 0.714335 648.000000
 89.750000 0.715246 653.145078 0.000000 0.000000 0.000000 0.000000 0.715246 650.000000
 90.000000 0.718698 651.679921 0.000000 0.000000 0.000000 0.000000 0.718698 645.000000
 90.250000 0.718332 652.893016 0.000000 0.000000 0.000000 0.000000 0.718332 648.000000
 90.500000 0.720330 651.697410 0.000000 0.000000 0.000000 0.000000 0.720330 650.000000
 90.750000 0.717743 655.134012 0.000000 0.000000 0.000000 0.000000 0.717743 650.000000
 91.000000 0.717774 655.863156 0.000000 0.000000 0.000000 0.000000 0.717774 651.000000
 91.250000 0.715008 655.545118 0.000000 0.000000 0.000000 0.000000 0.715008 652.000000
 91.500000 0.712749 648.394833 0.000000 0.000000 2.576562 10.306247 0.712749 647.000000
 91.750000 0.717237 650.647131 0.000000 0.000000 0.000000 0.000000 0.717237 647.000000
 92.000000 0.718381 653.199309 0.000000 0.000000 0.000000 0.000000 0.718381 649.000000
 92.250000 0.717263 652.791064 0.000000 0.000000 0.000000 0.000000 0.717263 651.000000
 92.500000 0.710147 649.226817 0.000000 0.000000 0.597812 2.391250 0.710147 647.000000
 92.750000 0.720820 658.798517 0.000000 0.000000 0.000000 0.000000 0.720820 654.000000
 93.000000 0.713595 655.139321 0.000000 0.000000 0.000000 0.000000 0.713595 654.000000
 93.250000 0.713859 652.597114 0.000000 0.000000 0.000000 0.000000 0.713859 650.000000
 93.500000 0.719015 655.338207 0.000000 0.000000 0.000000 0.000000 0.719015 650.000000
 93.750000 0.716336 658.000273 0.000000 0.000000 0.000000 0.000000 0.716336 657.000000
 94.000000 0.717832 650.127227 0.000000 0.000000 0.000000 0.000000 0.717832 646.000000
 94.250000 0.718244 655.500011 0.000000 0.000000 0.000000 0.000000 0.718244 659.000000
 94.500000 0.721128 656.957594 0.000000 0.000000 0.000000 0.000000 0.721128 657.000000
 94.750000 0.718894 659.492269 0.000000 0.000000 0.000000 0.000000 0.718894 658.000000
 95.000000 0.718213 652.380595 0.000000 0.000000 0.000000 0.000000 0.718213 645.000000
 95.250000 0.713945 653.850168 0.000000 0.000000 0.000000 0.000000 0.713945 652.000000
 95.500000 0.717702 653.464935 0.000000 0.000000 0.000000 0.000000 0.717702 647.115463
 95.750000 0.715213 650.068137 0.000000 0.000000 0.000000 0.000000 0.715213 647.000000
 96.000000 0.717261 657.603667 0.000000 0.000000 0.000000 0.000000 0.717261 653.000000
 96.250000 0.715226 653.070539 0.000000 0.000000 0.000000 0.000000 0.715226 652.000000
 96.500000 0.717525 654.073539 0.000000 0.000000 0.000000 0.000000 0.717525 654.154750
 96.750000 0.719532 665.924549 0.000000 0.000000 0.000000 0.000000 0.719532 665.000000
 97.000000 0.717155 655.623556 0.000000 0.000000 0.000000 0.000000 0.717155 649.000000
 97.250000 0.717765 658.207858 0.000000 0.000000 0.000000 0.000000 0.717765 656.000000
 97.500000 0.721286 663.002571 0.000000 0.000000 0.000000 0.000000 0.721286 657.000000
 97.750000 0.720129 650.081105 0.000000 0.000000 0.000000 0.000000 0.720129 636.000000
 98.000000 0.717390 650.405446 0.000000 0.000000 0.000000 0.000000 0.717390 648.000000
 98.250000 0.725532 662.707732 0.000000 0.000000 0.000000 0.000000 0.725532 654.000000
 98.500000 0.728155 677.814301 0.000000 0.000000 0.000000 0.000000 0.728155 671.000000
 98.750000 0.725491 667.529982 0.000000 0.000000 0.000000 0.000000 0.725491 658.000000
 99.000000 0.726936 673.943734 0.000000 0.000000 0.000000 0.000000 0.726936 660.000000
 99.250000 0.727829 679.637627 0.000000 0.000000 0.000000 0.000000 0.727829 676.000000
 99.500000 0.725522 684.350222 0.000000 0.000000 0.000000 0.000000 0.725522 676.000000
 99.750000 0.726278 688.727318 0.000000 0.000000 0.000000 0.000000 0.726278 683.000000
 100.000000 0.724108 679.124634 0.000000 0.000000 0.000000 0.000000 0.724108 678.000000
 100.250000 0.723099 674.941815 0.000000 0.000000 0.000000 0.000000 0.723099 672.000000
 100.500000 0.717398 669.349655 0.000000 0.000000 0.000000 0.000000 0.717398 662.000000
