#! FIELDS time refcv.mean refcv.morethan uwall.bias uwall.force2 lwall.bias lwall.force2 refcv2.mean refcv2.morethan
 0.750000 0.889927 407.609635 0.000000 0.000000 0.000000 0.000000 0.889927 412.000000
 1.000000 0.893878 426.424248 0.000000 0.000000 0.000000 0.000000 0.893878 438.000000
 1.250000 0.894337 420.400018 0.000000 0.000000 0.000000 0.000000 0.894337 424.000000
 1.500000 0.889522 418.689176 0.000000 0.000000 0.000000 0.000000 0.889522 433.000000
 1.750000 0.882326 407.054181 0.000000 0.000000 0.000000 0.000000 0.882326 424.000000
 2.000000 0.886524 408.275420 0.000000 0.000000 0.000000 0.000000 0.886524 418.000000
 2.250000 0.886993 406.632065 0.000000 0.000000 0.000000 0.000000 0.886993 413.000000
 2.500000 0.891290 414.211425 0.000000 0.000000 0.000000 0.000000 0.891290 420.000000
 2.750000 0.895474 427.436018 0.000000 0.000000 0.000000 0.000000 0.895474 433.000000
 3.000000 0.885734 401.275239 0.000000 0.000000 0.000000 0.000000 0.885734 409.000000
 3.250000 0.891546 413.916264 0.000000 0.000000 0.000000 0.000000 0.891546 429.000000
 3.500000 0.891500 410.384243 0.000000 0.000000 0.000000 0.000000 0.891500 413.000000
 3.750000 0.897925 427.012859 0.000000 0.000000 0.000000 0.000000 0.897925 432.000000
 4.000000 0.898864 429.275655 0.000000 0.000000 0.000000 0.000000 0.898864 439.000000
 4.250000 0.897769 429.503866 0.000000 0.000000 0.000000 0.000000 0.897769 441.000000
 4.500000 0.898673 431.369577 0.000000 0.000000 0.000000 0.000000 0.898673 448.000000
 4.750000 0.890035 410.016792 0.000000 0.000000 0.000000 0.000000 0.890035 415.000000
 5.000000 0.876812 389.488153 0.000000 0.000000 0.000000 0.000000 0.876812 403.000000
 5.250000 0.882293 393.985202 0.000000 0.000000 0.000000 0.000000 0.882293 401.000000
 5.500000 0.879757 387.892067 0.000000 0.000000 0.000000 0.000000 0.879757 393.000000
 5.750000 0.876406 388.678987 0.000000 0.000000 0.000000 0.000000 0.876406 393.000000
 6.000000 0.873797 387.414194 0.000000 0.000000 0.000000 0.000000 0.873797 394.000000
 6.250000 0.873627 387.024159 0.000000 0.000000 0.000000 0.000000 0.873627 401.000000
 6.500000 0.880984 395.279765 0.000000 0.000000 0.000000 0.000000 0.880984 398.000000
 6.750000 0.883848 403.464224 0.000000 0.000000 0.000000 0.000000 0.883848 418.000000
 7.000000 0.876991 387.459286 0.000000 0.000000 0.000000 0.000000 0.876991 402.000000
 7.250000 0.869690 375.969500 0.000000 0.000000 0.000000 0.000000 0.869690 383.000000
 7.500000 0.873833 382.548834 0.000000 0.000000 0.000000 0.000000 0.873833 386.000000
 7.750000 0.870863 377.284592 0.000000 0.000000 0.000000 0.000000 0.870863 388.000000
 8.000000 0.868472 371.162167 0.000000 0.000000 0.000000 0.000000 0.868472 371.000000
 8.250000 0.863726 366.715836 0.000000 0.000000 0.000000 0.000000 0.863726 376.000000
 8.500000 0.865821 371.908554 0.000000 0.000000 0.000000 0.000000 0.865821 387.000000
 8.750000 0.866728 375.557550 0.000000 0.000000 0.000000 0.000000 0.866728 386.000000
 9.000000 0.868899 374.326279 0.000000 0.000000 0.000000 0.000000 0.868899 379.000000
 9.250000 0.864720 364.813651 0.000000 0.000000 0.000000 0.000000 0.864720 372.000000
 9.500000 0.862787 365.301971 0.000000 0.000000 0.000000 0.000000 0.862787 380.000000
 9.750000 0.861225 368.379174 0.000000 0.000000 0.000000 0.000000 0.861225 383.000000
 10.000000 0.857629 359.193765 0.000000 0.000000 0.650014 2.600058 0.857629 368.000000
 10.250000 0.863181 358.902765 0.000000 0.000000 1.203924 4.815695 0.863181 358.000000
 10.500000 0.872116 371.858292 0.000000 0.000000 0.000000 0.000000 0.872116 377.000000
 10.750000 0.876072 385.599690 0.000000 0.000000 0.000000 0.000000 0.876072 392.000000
 11.000000 0.864659 369.146698 0.000000 0.000000 0.000000 0.000000 0.864659 380.000000
 11.250000 0.869723 376.812865 0.000000 0.000000 0.000000 0.000000 0.869723 385.000000
 11.500000 0.872054 380.372748 0.000000 0.000000 0.000000 0.000000 0.872054 382.000000
 11.750000 0.873456 377.504416 0.000000 0.000000 0.000000 0.000000 0.873456 382.000000
 12.000000 0.869165 374.724587 0.000000 0.000000 0.000000 0.000000 0.869165 389.000000
 12.250000 0.861870 363.334911 0.000000 0.000000 0.000000 0.000000 0.861870 372.000000
 12.500000 0.867391 373.571307 0.000000 0.000000 0.000000 0.000000 0.867391 382.000000
 12.750000 0.868509 371.690784 0.000000 0.000000 0.000000 0.000000 0.868509 382.000000
 13.000000 0.865510 366.381736 0.000000 0.000000 0.000000 0.000000 0.865510 375.000000
 13.250000 0.863255 362.991840 0.000000 0.000000 0.000000 0.000000 0.863255 373.000000
 13.500000 0.861194 361.824471 0.000000 0.000000 0.000000 0.000000 0.861194 378.000000
 13.750000 0.865554 364.054844 0.000000 0.000000 0.000000 0.000000 0.865554 375.000000
 14.000000 0.869156 371.482490 0.000000 0.000000 0.000000 0.000000 0.869156 378.000000
 14.250000 0.863548 362.628391 0.000000 0.000000 0.000000 0.000000 0.863548 375.000000
 14.500000 0.866751 366.219096 0.000000 0.000000 0.000000 0.000000 0.866751 377.000000
 14.750000 0.862536 362.833844 0.000000 0.000000 0.000000 0.000000 0.862536 375.000000
 15.000000 0.862135 359.830247 0.000000 0.000000 0.028816 0.115264 0.862135 370.000000
 15.250000 0.865105 362.138766 0.000000 0.000000 0.000000 0.000000 0.865105 365.000000
 15.500000 0.862994 362.835719 0.000000 0.000000 0.000000 0.000000 0.862994 366.000000
 15.750000 0.865135 363.503643 0.000000 0.000000 0.000000 0.000000 0.865135 374.000000
 16.000000 0.868736 372.254363 0.000000 0.000000 0.000000 0.000000 0.868736 387.000000
 16.250000 0.878400 391.210109 0.000000 0.000000 0.000000 0.000000 0.878400 405.000000
 16.500000 0.888257 409.469165 0.000000 0.000000 0.000000 0.000000 0.888257 416.000000
 16.750000 0.879670 393.264767 0.000000 0.000000 0.000000 0.000000 0.879670 403.000000
 17.000000 0.876531 387.746050 0.000000 0.000000 0.000000 0.000000 0.876531 398.000000
 17.250000 0.870533 382.749121 0.000000 0.000000 0.000000 0.000000 0.870533 410.000000
 17.500000 0.872109 389.224015 0.000000 0.000000 0.000000 0.000000 0.872109 398.000000
 17.750000 0.881296 394.566314 0.000000 0.000000 0.000000 0.000000 0.881296 410.000000
 18.000000 0.882147 398.049268 0.000000 0.000000 0.000000 0.000000 0.882147 407.000000
 18.250000 0.882266 395.378244 0.000000 0.000000 0.000000 0.000000 0.882266 404.000000
 18.500000 0.866882 374.129900 0.000000 0.000000 0.000000 0.000000 0.866882 385.000000
 18.750000 0.861842 368.608340 0.000000 0.000000 0.000000 0.000000 0.861842 389.000000
 19.000000 0.871882 382.580475 0.000000 0.000000 0.000000 0.000000 0.871882 398.000000
 19.250000 0.868368 370.652917 0.000000 0.000000 0.000000 0.000000 0.868368 385.000000
 19.500000 0.861853 358.179412 0.000000 0.000000 3.314542 13.258166 0.861853 364.000000
 19.750000 0.864107 369.342474 0.000000 0.000000 0.000000 0.000000 0.864107 379.000000
 20.000000 0.859406 359.280823 0.000000 0.000000 0.517216 2.068863 0.859406 367.000000
 20.250000 0.869765 367.879172 0.000000 0.000000 0.000000 0.000000 0.869765 368.000000
 20.500000 0.865507 363.778062 0.000000 0.000000 0.000000 0.000000 0.865507 373.000000
 20.750000 0.866624 370.752265 0.000000 0.000000 0.000000 0.000000 0.866624 380.000000
 21.000000 0.863621 361.437058 0.000000 0.000000 0.000000 0.000000 0.863621 371.000000
 21.250000 0.863294 361.183253 0.000000 0.000000 0.000000 0.000000 0.863294 379.000000
 21.500000 0.870420 370.617320 0.000000 0.000000 0.000000 0.000000 0.870420 377.000000
 21.750000 0.867126 364.099379 0.000000 0.000000 0.000000 0.000000 0.867126 368.000000
 22.000000 0.868076 366.718004 0.000000 0.000000 0.000000 0.000000 0.868076 368.000000
 22.250000 0.864225 364.041054 0.000000 0.000000 0.000000 0.000000 0.864225 377.000000
 22.500000 0.862528 363.526730 0.000000 0.000000 0.000000 0.000000 0.862528 371.000000
 22.750000 0.866822 366.822194 0.000000 0.000000 0.000000 0.000000 0.866822 373.000000
 23.000000 0.866371 364.149801 0.000000 0.000000 0.000000 0.000000 0.866371 372.000000
 23.250000 0.865367 364.478205 0.000000 0.000000 0.000000 0.000000 0.865367 373.000000
 23.500000 0.866262 365.945466 0.000000 0.000000 0.000000 0.000000 0.866262 377.000000
 23.750000 0.872285 374.797205 0.000000 0.000000 0.000000 0.000000 0.872285 381.000000
 24.000000 0.864876 360.364142 0.000000 0.000000 0.000000 0.000000 0.864876 365.000000
 24.250000 0.866884 367.632674 0.000000 0.000000 0.000000 0.000000 0.866884 370.000000
 24.500000 0.864353 362.686899 0.000000 0.000000 0.000000 0.000000 0.864353 370.000000
 24.750000 0.868472 366.685082 0.000000 0.000000 0.000000 0.000000 0.868472 380.000000
 25.000000 0.864652 362.534297 0.000000 0.000000 0.000000 0.000000 0.864652 370.000000
 25.250000 0.869075 373.278105 0.000000 0.000000 0.000000 0.000000 0.869075 385.000000
 25.500000 0.866154 373.606141 0.000000 0.000000 0.000000 0.000000 0.866154 387.000000
 25.750000 0.869208 370.461690 0.000000 0.000000 0.000000 0.000000 0.869208 372.000000
 26.000000 0.868833 365.726347 0.000000 0.000000 0.000000 0.000000 0.868833 369.000000
 26.250000 0.865378 362.810738 0.000000 0.000000 0.000000 0.000000 0.865378 374.000000
 26.500000 0.863740 365.037161 0.000000 0.000000 0.000000 0.000000 0.863740 379.000000
 26.750000 0.862811 359.600467 0.000000 0.000000 0.159627 0.638506 0.862811 367.000000
 27.000000 0.868109 368.989279 0.000000 0.000000 0.000000 0.000000 0.868109 381.000000
 27.250000 0.868875 370.964177 0.000000 0.000000 0.000000 0.000000 0.868875 385.000000
 27.500000 0.867961 366.786158 0.000000 0.000000 0.000000 0.000000 0.867961 367.000000
 27.750000 0.865778 362.578959 0.000000 0.000000 0.000000 0.000000 0.865778 367.000000
 28.000000 0.869192 369.852949 0.000000 0.000000 0.000000 0.000000 0.869192 376.000000
 28.250000 0.863619 361.453473 0.000000 0.000000 0.000000 0.000000 0.863619 369.000000
 28.500000 0.866765 370.000444 0.000000 0.000000 0.000000 0.000000 0.866765 382.000000
 28.750000 0.867163 366.978909 0.000000 0.000000 0.000000 0.000000 0.867163 377.000000
 29.000000 0.866032 370.334603 0.000000 0.000000 0.000000 0.000000 0.866032 377.000000
 29.250000 0.868689 373.019321 0.000000 0.000000 0.000000 0.000000 0.868689 387.000000
 29.500000 0.863080 361.062768 0.000000 0.000000 0.000000 0.000000 0.863080 372.000000
 29.750000 0.862745 368.070399 0.000000 0.000000 0.000000 0.000000 0.862745 377.000000
 30.000000 0.860359 360.802349 0.000000 0.000000 0.000000 0.000000 0.860359 375.000000
 30.250000 0.865470 364.218021 0.000000 0.000000 0.000000 0.000000 0.865470 369.000000
 30.500000 0.865675 364.204671 0.000000 0.000000 0.000000 0.000000 0.865675 370.000000
 30.750000 0.862401 368.723269 0.000000 0.000000 0.000000 0.000000 0.862401 389.000000
 31.000000 0.862162 361.163811 0.000000 0.000000 0.000000 0.000000 0.862162 374.000000
 31.250000 0.862832 360.121245 0.000000 0.000000 0.000000 0.000000 0.862832 371.000000
 31.500000 0.867914 370.151858 0.000000 0.000000 0.000000 0.000000 0.867914 376.000000
 31.750000 0.864569 360.824371 0.000000 0.000000 0.000000 0.000000 0.864569 372.000000
 32.000000 0.863938 360.000704 0.000000 0.000000 0.000000 0.000000 0.863938 367.000000
 32.250000 0.866178 363.245617 0.000000 0.000000 0.000000 0.000000 0.866178 375.000000
 32.500000 0.863603 359.480122 0.000000 0.000000 0.270273 1.081094 0.863603 362.000000
 32.750000 0.867606 362.630128 0.000000 0.000000 0.000000 0.000000 0.867606 366.000000
 33.000000 0.862050 357.881512 0.000000 0.000000 4.487993 17.951973 0.862050 355.000000
 33.250000 0.864055 360.801425 0.000000 0.000000 0.000000 0.000000 0.864055 368.000000
 33.500000 0.864777 360.769362 0.000000 0.000000 0.000000 0.000000 0.864777 364.000000
 33.750000 0.867948 366.288297 0.000000 0.000000 0.000000 0.000000 0.867948 370.000000
 34.000000 0.863021 359.491885 0.000000 0.000000 0.258181 1.032723 0.863021 360.000000
 34.250000 0.874620 376.001539 0.000000 0.000000 0.000000 0.000000 0.874620 377.000000
 34.500000 0.872610 369.163038 0.000000 0.000000 0.000000 0.000000 0.872610 368.000000
 34.750000 0.865118 361.798055 0.000000 0.000000 0.000000 0.000000 0.865118 364.000000
 35.000000 0.862246 360.922101 0.000000 0.000000 0.000000 0.000000 0.862246 368.000000
 35.250000 0.866767 362.982507 0.000000 0.000000 0.000000 0.000000 0.866767 371.000000
 35.500000 0.864008 359.072661 0.000000 0.000000 0.859958 3.439832 0.864008 365.000000
 35.750000 0.860294 358.719373 0.000000 0.000000 1.640006 6.560022 0.860294 371.000000
 36.000000 0.861760 358.889722 0.000000 0.000000 1.232717 4.930870 0.861760 366.000000
 36.250000 0.862609 359.904959 0.000000 0.000000 0.009033 0.036131 0.862609 367.000000
 36.500000 0.865284 368.045795 0.000000 0.000000 0.000000 0.000000 0.865284 384.000000
 36.750000 0.862638 363.062556 0.000000 0.000000 0.000000 0.000000 0.862638 380.000000
 37.000000 0.861003 359.545977 0.000000 0.000000 0.206137 0.824546 0.861003 369.000000
 37.250000 0.862967 360.405575 0.000000 0.000000 0.000000 0.000000 0.862967 369.000000
 37.500000 0.865059 362.202284 0.000000 0.000000 0.000000 0.000000 0.865059 380.000000
 37.750000 0.869723 371.400440 0.000000 0.000000 0.000000 0.000000 0.869723 375.000000
 38.000000 0.861499 360.013238 0.000000 0.000000 0.000000 0.000000 0.861499 370.000000
 38.250000 0.862733 361.387658 0.000000 0.000000 0.000000 0.000000 0.862733 370.000000
 38.500000 0.865929 367.799905 0.000000 0.000000 0.000000 0.000000 0.865929 375.000000
 38.750000 0.866427 367.506719 0.000000 0.000000 0.000000 0.000000 0.866427 375.000000
 39.000000 0.871631 372.736660 0.000000 0.000000 0.000000 0.000000 0.871631 379.000000
 39.250000 0.870228 368.666920 0.000000 0.000000 0.000000 0.000000 0.870228 373.000000
 39.500000 0.865142 367.042871 0.000000 0.000000 0.000000 0.000000 0.865142 374.000000
 39.750000 0.866265 363.018508 0.000000 0.000000 0.000000 0.000000 0.866265 369.000000
 40.000000 0.867389 362.660397 0.000000 0.000000 0.000000 0.000000 0.867389 361.000000
 40.250000 0.869758 367.201493 0.000000 0.000000 0.000000 0.000000 0.869758 374.000000
 40.500000 0.864926 361.849599 0.000000 0.000000 0.000000 0.000000 0.864926 356.000000
 40.750000 0.867674 368.468006 0.000000 0.000000 0.000000 0.000000 0.867674 371.000000
 41.000000 0.867661 375.105503 0.000000 0.000000 0.000000 0.000000 0.867661 375.000000
 41.250000 0.863627 366.577646 0.000000 0.000000 0.000000 0.000000 0.863627 375.000000
 41.500000 0.874270 385.413580 0.000000 0.000000 0.000000 0.000000 0.874270 397.000000
 41.750000 0.881073 399.146608 0.000000 0.000000 0.000000 0.000000 0.881073 408.000000
 42.000000 0.883425 402.114626 0.000000 0.000000 0.000000 0.000000 0.883425 413.000000
 42.250000 0.875270 387.764296 0.000000 0.000000 0.000000 0.000000 0.875270 393.000000
 42.500000 0.869695 380.443229 0.000000 0.000000 0.000000 0.000000 0.869695 393.000000
 42.750000 0.872942 383.216519 0.000000 0.000000 0.000000 0.000000 0.872942 392.000000
 43.000000 0.870752 373.748151 0.000000 0.000000 0.000000 0.000000 0.870752 376.000000
 43.250000 0.862299 362.025824 0.000000 0.000000 0.000000 0.000000 0.862299 372.000000
 43.500000 0.864063 365.462758 0.000000 0.000000 0.000000 0.000000 0.864063 372.000000
 43.750000 0.861624 365.152174 0.000000 0.000000 0.000000 0.000000 0.861624 376.000000
 44.000000 0.864078 364.210263 0.000000 0.000000 0.000000 0.000000 0.864078 378.000000
 44.250000 0.863653 365.685122 0.000000 0.000000 0.000000 0.000000 0.863653 375.000000
 44.500000 0.862968 365.375047 0.000000 0.000000 0.000000 0.000000 0.862968 382.000000
 44.750000 0.865441 370.423138 0.000000 0.000000 0.000000 0.000000 0.865441 382.000000
 45.000000 0.867617 375.273359 0.000000 0.000000 0.000000 0.000000 0.867617 384.000000
 45.250000 0.869528 375.396484 0.000000 0.000000 0.000000 0.000000 0.869528 380.000000
 45.500000 0.868242 374.331038 0.000000 0.000000 0.000000 0.000000 0.868242 386.000000
 45.750000 0.874087 381.900307 0.000000 0.000000 0.000000 0.000000 0.874087 388.000000
 46.000000 0.871195 376.400203 0.000000 0.000000 0.000000 0.000000 0.871195 379.000000
 46.250000 0.868604 371.578124 0.000000 0.000000 0.000000 0.000000 0.868604 381.000000
 46.500000 0.867985 373.972826 0.000000 0.000000 0.000000 0.000000 0.867985 381.000000
 46.750000 0.867434 369.122232 0.000000 0.000000 0.000000 0.000000 0.867434 382.000000
 47.000000 0.866635 363.443773 0.000000 0.000000 0.000000 0.000000 0.866635 366.000000
 47.250000 0.861699 365.029531 0.000000 0.000000 0.000000 0.000000 0.861699 376.000000
 47.500000 0.861531 360.759018 0.000000 0.000000 0.000000 0.000000 0.861531 376.000000
 47.750000 0.870948 375.217140 0.000000 0.000000 0.000000 0.000000 0.870948 382.000000
 48.000000 0.867979 370.720592 0.000000 0.000000 0.000000 0.000000 0.867979 386.000000
 48.250000 0.863248 360.282768 0.000000 0.000000 0.000000 0.000000 0.863248 366.000000
 48.500000 0.864036 363.478468 0.000000 0.000000 0.000000 0.000000 0.864036 372.000000
 48.750000 0.862194 359.615196 0.000000 0.000000 0.148074 0.592297 0.862194 368.000000
 49.000000 0.865687 361.249920 0.000000 0.000000 0.000000 0.000000 0.865687 369.000000
 49.250000 0.864900 362.260625 0.000000 0.000000 0.000000 0.000000 0.864900 366.000000
 49.500000 0.861601 357.462825 0.000000 0.000000 6.437258 25.749033 0.861601 366.000000
 49.750000 0.863167 359.475024 0.000000 0.000000 0.275600 1.102398 0.863167 360.000000
 50.000000 0.869118 367.204589 0.000000 0.000000 0.000000 0.000000 0.869118 366.000000
 50.250000 0.866623 364.206235 0.000000 0.000000 0.000000 0.000000 0.866623 372.000000
 50.500000 0.863306 361.290189 0.000000 0.000000 0.000000 0.000000 0.863306 364.000000
 50.750000 0.864174 361.450229 0.000000 0.000000 0.000000 0.000000 0.864174 372.000000
 51.000000 0.869267 370.737337 0.000000 0.000000 0.000000 0.000000 0.869267 380.000000
 51.250000 0.860188 358.038522 0.000000 0.000000 3.847397 15.389588 0.860188 368.000000
 51.500000 0.864284 364.817702 0.000000 0.000000 0.000000 0.000000 0.864284 372.000000
 51.750000 0.871272 375.282480 0.000000 0.000000 0.000000 0.000000 0.871272 381.000000
 52.000000 0.861508 363.539376 0.000000 0.000000 0.000000 0.000000 0.861508 377.000000
 52.250000 0.863675 364.292104 0.000000 0.000000 0.000000 0.000000 0.863675 374.000000
 52.500000 0.870301 375.813716 0.000000 0.000000 0.000000 0.000000 0.870301 384.000000
 52.750000 0.870184 372.006484 0.000000 0.000000 0.000000 0.000000 0.870184 384.000000
 53.000000 0.868323 367.087968 0.000000 0.000000 0.000000 0.000000 0.868323 374.000000
 53.250000 0.861579 360.427321 0.000000 0.000000 0.000000 0.000000 0.861579 372.000000
 53.500000 0.863858 359.670771 0.000000 0.000000 0.108391 0.433566 0.863858 371.000000
 53.750000 0.863031 360.158490 0.000000 0.000000 0.000000 0.000000 0.863031 373.000000
 54.000000 0.865595 366.259134 0.000000 0.000000 0.000000 0.000000 0.865595 371.000000
 54.250000 0.862952 364.870788 0.000000 0.000000 0.000000 0.000000 0.862952 379.000000
 54.500000 0.866277 364.336859 0.000000 0.000000 0.000000 0.000000 0.866277 371.000000
 54.750000 0.863281 360.602844 0.000000 0.000000 0.000000 0.000000 0.863281 368.000000
 55.000000 0.861562 359.267193 0.000000 0.000000 0.537006 2.148023 0.861562 369.000000
 55.250000 0.861640 361.083441 0.000000 0.000000 0.000000 0.000000 0.861640 370.000000
 55.500000 0.863752 360.044112 0.000000 0.000000 0.000000 0.000000 0.863752 371.000000
 55.750000 0.863963 363.406869 0.000000 0.000000 0.000000 0.000000 0.863963 371.000000
 56.000000 0.862587 360.086002 0.000000 0.000000 0.000000 0.000000 0.862587 371.000000
 56.250000 0.861494 358.124658 0.000000 0.000000 3.516907 14.067629 0.861494 365.000000
 56.500000 0.864580 360.453505 0.000000 0.000000 0.000000 0.000000 0.864580 364.000000
 56.750000 0.869924 368.439500 0.000000 0.000000 0.000000 0.000000 0.869924 373.000000
 57.000000 0.864285 364.446077 0.000000 0.000000 0.000000 0.000000 0.864285 372.000000
 57.250000 0.863649 360.148404 0.000000 0.000000 0.000000 0.000000 0.863649 369.000000
 57.500000 0.865942 369.848198 0.000000 0.000000 0.000000 0.000000 0.865942 378.000000
 57.750000 0.859125 359.457725 0.000000 0.000000 0.294062 1.176247 0.859125 372.000000
 58.000000 0.863493 363.058614 0.000000 0.000000 0.000000 0.000000 0.863493 371.000000
 58.250000 0.862892 364.386843 0.000000 0.000000 0.000000 0.000000 0.862892 374.000000
 58.500000 0.861552 359.999634 0.000000 0.000000 0.000000 0.000001 0.861552 372.000000
 58.750000 0.862607 364.117528 0.000000 0.000000 0.000000 0.000000 0.862607 383.000000
 59.000000 0.863746 364.117289 0.000000 0.000000 0.000000 0.000000 0.863746 368.000000
 59.250000 0.862123 359.957990 0.000000 0.000000 0.001765 0.007059 0.862123 372.000000
 59.500000 0.865658 363.921645 0.000000 0.000000 0.000000 0.000000 0.865658 373.000000
 59.750000 0.865663 366.876242 0.000000 0.000000 0.000000 0.000000 0.865663 375.000000
 60.000000 0.872064 370.569761 0.000000 0.000000 0.000000 0.000000 0.872064 371.000000
 60.250000 0.863435 357.497968 0.000000 0.000000 6.260165 25.040658 0.863435 363.000000
 60.500000 0.876122 388.888079 0.000000 0.000000 0.000000 0.000000 0.876122 400.000000
 60.750000 0.865859 372.324874 0.000000 0.000000 0.000000 0.000000 0.865859 385.000000
 61.000000 0.856597 357.578839 0.000000 0.000000 5.862022 23.448089 0.856597 372.000000
 61.250000 0.862372 362.032339 0.000000 0.000000 0.000000 0.000000 0.862372 378.000000
 61.500000 0.867905 366.349420 0.000000 0.000000 0.000000 0.000000 0.867905 370.000000
 61.750000 0.867828 366.240762 0.000000 0.000000 0.000000 0.000000 0.867828 379.000000
 62.000000 0.863025 360.749595 0.000000 0.000000 0.000000 0.000000 0.863025 367.000000
 62.250000 0.865522 369.431493 0.000000 0.000000 0.000000 0.000000 0.865522 384.000000
 62.500000 0.862222 361.549654 0.000000 0.000000 0.000000 0.000000 0.862222 368.000000
 62.750000 0.862282 362.968160 0.000000 0.000000 0.000000 0.000000 0.862282 372.000000
 63.000000 0.860649 359.561743 0.000000 0.000000 0.192069 0.768275 0.860649 371.000000
 63.250000 0.860334 362.322463 0.000000 0.000000 0.000000 0.000000 0.860334 375.000000
 63.500000 0.859544 362.358873 0.000000 0.000000 0.000000 0.000000 0.859544 376.000000
 63.750000 0.861389 358.838055 0.000000 0.000000 1.350116 5.400464 0.861389 375.000000
 64.000000 0.862498 364.034169 0.000000 0.000000 0.000000 0.000000 0.862498 372.000000
 64.250000 0.860065 357.143624 0.000000 0.000000 8.158884 32.635537 0.860065 375.000000
 64.500000 0.867020 366.812518 0.000000 0.000000 0.000000 0.000000 0.867020 368.000000
 64.750000 0.868080 371.108963 0.000000 0.000000 0.000000 0.000000 0.868080 379.000000
 65.000000 0.862245 362.098664 0.000000 0.000000 0.000000 0.000000 0.862245 370.000000
 65.250000 0.867437 363.022593 0.000000 0.000000 0.000000 0.000000 0.867437 367.000000
 65.500000 0.865901 362.256343 0.000000 0.000000 0.000000 0.000000 0.865901 372.000000
 65.750000 0.861818 362.150811 0.000000 0.000000 0.000000 0.000000 0.861818 372.000000
 66.000000 0.860647 359.016256 0.000000 0.000000 0.967753 3.871011 0.860647 364.000000
 66.250000 0.857261 358.544035 0.000000 0.000000 2.119833 8.479332 0.857261 365.000000
 66.500000 0.862609 361.044296 0.000000 0.000000 0.000000 0.000000 0.862609 367.000000
 66.750000 0.864650 363.565096 0.000000 0.000000 0.000000 0.000000 0.864650 374.000000
 67.000000 0.862557 358.629693 0.000000 0.000000 1.877741 7.510964 0.862557 366.000000
 67.250000 0.862791 359.253584 0.000000 0.000000 0.557137 2.228546 0.862791 367.000000
 67.500000 0.868992 367.937828 0.000000 0.000000 0.000000 0.000000 0.868992 373.000000
 67.750000 0.862324 358.612492 0.000000 0.000000 1.925178 7.700714 0.862324 365.000000
 68.000000 0.862351 363.227370 0.000000 0.000000 0.000000 0.000000 0.862351 371.000000
 68.250000 0.867019 369.891717 0.000000 0.000000 0.000000 0.000000 0.867019 374.000000
 68.500000 0.866375 363.945513 0.000000 0.000000 0.000000 0.000000 0.866375 366.000000
 68.750000 0.862568 359.649170 0.000000 0.000000 0.123082 0.492328 0.862568 364.000000
 69.000000 0.862780 361.220355 0.000000 0.000000 0.000000 0.000000 0.862780 371.000000
 69.250000 0.858693 358.525441 0.000000 0.000000 2.174324 8.697296 0.858693 367.000000
 69.500000 0.865797 365.645629 0.000000 0.000000 0.000000 0.000000 0.865797 374.000000
 69.750000 0.863266 362.903818 0.000000 0.000000 0.000000 0.000000 0.863266 371.000000
 70.000000 0.869811 373.966534 0.000000 0.000000 0.000000 0.000000 0.869811 384.000000
 70.250000 0.862003 364.784319 0.000000 0.000000 0.000000 0.000000 0.862003 374.000000
 70.500000 0.864728 366.847522 0.000000 0.000000 0.000000 0.000000 0.864728 378.000000
 70.750000 0.867538 370.120957 0.000000 0.000000 0.000000 0.000000 0.867538 385.000000
 71.000000 0.872218 379.835065 0.000000 0.000000 0.000000 0.000000 0.872218 387.000000
 71.250000 0.869013 367.110363 0.000000 0.000000 0.000000 0.000000 0.869013 377.000000
 71.500000 0.871409 380.254367 0.000000 0.000000 0.000000 0.000000 0.871409 386.000000
 71.750000 0.878285 394.595024 0.000000 0.000000 0.000000 0.000000 0.878285 407.000000
 72.000000 0.881419 396.053636 0.000000 0.000000 0.000000 0.000000 0.881419 403.000000
 72.250000 0.876896 386.395339 0.000000 0.000000 0.000000 0.000000 0.876896 399.000000
 72.500000 0.874127 382.560957 0.000000 0.000000 0.000000 0.000000 0.874127 396.000000
 72.750000 0.872696 380.811788 0.000000 0.000000 0.000000 0.000000 0.872696 392.000000
 73.000000 0.864551 365.776413 0.000000 0.000000 0.000000 0.000000 0.864551 374.000000
 73.250000 0.863832 368.434050 0.000000 0.000000 0.000000 0.000000 0.863832 382.000000
 73.500000 0.865544 369.793732 0.000000 0.000000 0.000000 0.000000 0.865544 378.000000
 73.750000 0.871033 380.341479 0.000000 0.000000 0.000000 0.000000 0.871033 385.000000
 74.000000 0.861810 358.527005 0.000000 0.000000 2.169715 8.678860 0.861810 367.000000
 74.250000 0.866405 367.275614 0.000000 0.000000 0.000000 0.000000 0.866405 377.000000
 74.500000 0.861288 360.809582 0.000000 0.000000 0.000000 0.000000 0.861288 372.000000
 74.750000 0.861823 362.382920 0.000000 0.000000 0.000000 0.000000 0.861823 372.000000
 75.000000 0.861064 360.017539 0.000000 0.000000 0.000000 0.000000 0.861064 376.000000
 75.250000 0.867659 370.252710 0.000000 0.000000 0.000000 0.000000 0.867659 385.000000
 75.500000 0.868728 366.980954 0.000000 0.000000 0.000000 0.000000 0.868728 377.000000
 75.750000 0.870039 375.840031 0.000000 0.000000 0.000000 0.000000 0.870039 393.000000
 76.000000 0.865451 363.821062 0.000000 0.000000 0.000000 0.000000 0.865451 378.000000
 76.250000 0.869407 368.660668 0.000000 0.000000 0.000000 0.000000 0.869407 371.000000
 76.500000 0.873374 378.721843 0.000000 0.000000 0.000000 0.000000 0.873374 389.000000
 76.750000 0.868096 368.638460 0.000000 0.000000 0.000000 0.000000 0.868096 376.000000
 77.000000 0.867132 369.203360 0.000000 0.000000 0.000000 0.000000 0.867132 375.000000
 77.250000 0.869917 369.028695 0.000000 0.000000 0.000000 0.000000 0.869917 370.000000
 77.500000 0.866734 364.063247 0.000000 0.000000 0.000000 0.000000 0.866734 373.000000
 77.750000 0.866146 367.955967 0.000000 0.000000 0.000000 0.000000 0.866146 382.000000
 78.000000 0.862267 358.499324 0.000000 0.000000 2.252027 9.008109 0.862267 364.000000
 78.250000 0.861446 362.080453 0.000000 0.000000 0.000000 0.000000 0.861446 365.000000
 78.500000 0.862267 359.502745 0.000000 0.000000 0.247262 0.989049 0.862267 362.000000
 78.750000 0.867631 361.907163 0.000000 0.000000 0.000000 0.000000 0.867631 360.000000
 79.000000 0.864695 360.726526 0.000000 0.000000 0.000000 0.000000 0.864695 358.000000
 79.250000 0.862494 360.745289 0.000000 0.000000 0.000000 0.000000 0.862494 370.000000
 79.500000 0.865150 363.680621 0.000000 0.000000 0.000000 0.000000 0.865150 367.000000
 79.750000 0.863385 360.875040 0.000000 0.000000 0.000000 0.000000 0.863385 370.000000
 80.000000 0.863685 360.474879 0.000000 0.000000 0.000000 0.000000 0.863685 373.000000
 80.250000 0.860468 359.709815 0.000000 0.000000 0.084207 0.336830 0.860468 366.000000
 80.500000 0.861718 360.936973 0.000000 0.000000 0.000000 0.000000 0.861718 369.000000
 80.750000 0.862314 358.555927 0.000000 0.000000 2.085348 8.341393 0.862314 365.000000
 81.000000 0.866233 360.214463 0.000000 0.000000 0.000000 0.000000 0.866233 372.000000
 81.250000 0.865008 362.111378 0.000000 0.000000 0.000000 0.000000 0.865008 371.000000
 81.500000 0.861775 358.678777 0.000000 0.000000 1.745629 6.982517 0.861775 362.000000
 81.750000 0.862950 360.598343 0.000000 0.000000 0.000000 0.000000 0.862950 369.000000
 82.000000 0.866319 365.613921 0.000000 0.000000 0.000000 0.000000 0.866319 374.000000
 82.250000 0.870133 369.960543 0.000000 0.000000 0.000000 0.000000 0.870133 376.000000
 82.500000 0.863939 363.877541 0.000000 0.000000 0.000000 0.000000 0.863939 375.000000
 82.750000 0.869343 374.645109 0.000000 0.000000 0.000000 0.000000 0.869343 380.000000
 83.000000 0.870863 378.713833 0.000000 0.000000 0.000000 0.000000 0.870863 380.000000
 83.250000 0.877800 385.482672 0.000000 0.000000 0.000000 0.000000 0.877800 390.000000
 83.500000 0.879291 393.360820 0.000000 0.000000 0.000000 0.000000 0.879291 399.000000
 83.750000 0.878918 392.521016 0.000000 0.000000 0.000000 0.000000 0.878918 396.000000
 84.000000 0.877945 389.823603 0.000000 0.000000 0.000000 0.000000 0.877945 391.000000
 84.250000 0.871464 375.608582 0.000000 0.000000 0.000000 0.000000 0.871464 385.000000
 84.500000 0.872836 379.376798 0.000000 0.000000 0.000000 0.000000 0.872836 386.000000
 84.750000 0.865933 367.970353 0.000000 0.000000 0.000000 0.000000 0.865933 382.000000
 85.000000 0.860951 357.771744 0.000000 0.000000 4.965125 19.860500 0.860951 360.000000
 85.250000 0.868725 373.585449 0.000000 0.000000 0.000000 0.000000 0.868725 381.000000
 85.500000 0.879849 395.152323 0.000000 0.000000 0.000000 0.000000 0.879849 403.000000
 85.750000 0.874572 383.442932 0.000000 0.000000 0.000000 0.000000 0.874572 395.000000
 86.000000 0.870268 377.457988 0.000000 0.000000 0.000000 0.000000 0.870268 393.000000
 86.250000 0.866074 371.538214 0.000000 0.000000 0.000000 0.000000 0.866074 381.000000
 86.500000 0.868429 375.856961 0.000000 0.000000 0.000000 0.000000 0.868429 384.000000
 86.750000 0.870549 375.981674 0.000000 0.000000 0.000000 0.000000 0.870549 391.000000
 87.000000 0.872297 380.805285 0.000000 0.000000 0.000000 0.000000 0.872297 389.000000
 87.250000 0.875986 389.665407 0.000000 0.000000 0.000000 0.000000 0.875986 396.000000
 87.500000 0.872834 381.510601 0.000000 0.000000 0.000000 0.000000 0.872834 392.000000
 87.750000 0.869936 380.550376 0.000000 0.000000 0.000000 0.000000 0.869936 397.000000
 88.000000 0.866299 367.863736 0.000000 0.000000 0.000000 0.000000 0.866299 378.000000
 88.250000 0.862177 359.680399 0.000000 0.000000 0.102145 0.408579 0.862177 363.000000
 88.500000 0.867043 367.435929 0.000000 0.000000 0.000000 0.000000 0.867043 375.000000
 88.750000 0.861985 363.068969 0.000000 0.000000 0.000000 0.000000 0.861985 373.000000
 89.000000 0.862959 360.194500 0.000000 0.000000 0.000000 0.000000 0.862959 368.000000
 89.250000 0.857779 357.601856 0.000000 0.000000 5.751093 23.004373 0.857779 371.000000
 89.500000 0.866024 365.372755 0.000000 0.000000 0.000000 0.000000 0.866024 372.000000
 89.750000 0.871874 367.645788 0.000000 0.000000 0.000000 0.000000 0.871874 373.000000
 90.000000 0.865051 363.114998 0.000000 0.000000 0.000000 0.000000 0.865051 370.000000
 90.250000 0.863504 362.477706 0.000000 0.000000 0.000000 0.000000 0.863504 375.000000
 90.500000 0.865077 365.329664 0.000000 0.000000 0.000000 0.000000 0.865077 370.000000
 90.750000 0.865353 362.201063 0.000000 0.000000 0.000000 0.000000 0.865353 364.000000
 91.000000 0.867736 365.129657 0.000000 0.000000 0.000000 0.000000 0.867736 369.000000
 91.250000 0.866122 366.370417 0.000000 0.000000 0.000000 0.000000 0.866122 371.000000
 91.500000 0.864259 363.251480 0.000000 0.000000 0.000000 0.000000 0.864259 367.000000
 91.750000 0.864429 363.866336 0.000000 0.000000 0.000000 0.000000 0.864429 372.000000
 92.000000 0.864670 365.531077 0.000000 0.000000 0.000000 0.000000 0.864670 366.000000
 92.250000 0.869212 366.560050 0.000000 0.000000 0.000000 0.000000 0.869212 374.000000
 92.500000 0.871665 375.961032 0.000000 0.000000 0.000000 0.000000 0.871665 384.000000
 92.750000 0.862281 359.383993 0.000000 0.000000 0.379465 1.517859 0.862281 368.000000
 93.000000 0.866138 360.606819 0.000000 0.000000 0.000000 0.000000 0.866138 362.000000
 93.250000 0.863727 366.243130 0.000000 0.000000 0.000000 0.000000 0.863727 381.000000
 93.500000 0.866192 368.021636 0.000000 0.000000 0.000000 0.000000 0.866192 378.000000
 93.750000 0.863541 363.512478 0.000000 0.000000 0.000000 0.000000 0.863541 372.000000
 94.000000 0.868309 365.620616 0.000000 0.000000 0.000000 0.000000 0.868309 375.000000
 94.250000 0.862432 362.761849 0.000000 0.000000 0.000000 0.000000 0.862432 373.000000
 94.500000 0.864599 363.537691 0.000000 0.000000 0.000000 0.000000 0.864599 373.000000
 94.750000 0.863216 360.803114 0.000000 0.000000 0.000000 0.000000 0.863216 365.000000
 95.000000 0.869859 371.660029 0.000000 0.000000 0.000000 0.000000 0.869859 378.000000
 95.250000 0.862652 362.546994 0.000000 0.000000 0.000000 0.000000 0.862652 372.000000
 95.500000 0.867692 369.391318 0.000000 0.000000 0.000000 0.000000 0.867692 377.000000
 95.750000 0.868553 364.077160 0.000000 0.000000 0.000000 0.000000 0.868553 363.000000
 96.000000 0.864795 357.681924 0.000000 0.000000 5.373477 21.493907 0.864795 365.000000
 96.250000 0.864645 362.832055 0.000000 0.000000 0.000000 0.000000 0.864645 369.000000
 96.500000 0.871468 373.998852 0.000000 0.000000 0.000000 0.000000 0.871468 375.000000
 96.750000 0.874802 380.965489 0.000000 0.000000 0.000000 0.000000 0.874802 394.000000
 97.000000 0.871050 365.295611 0.000000 0.000000 0.000000 0.000000 0.871050 368.000000
 97.250000 0.874523 374.665967 0.000000 0.000000 0.000000 0.000000 0.874523 379.000000
 97.500000 0.869145 376.633540 0.000000 0.000000 0.000000 0.000000 0.869145 387.000000
 97.750000 0.872716 382.604482 0.000000 0.000000 0.000000 0.000000 0.872716 389.000000
 98.000000 0.874242 379.330106 0.000000 0.000000 0.000000 0.000000 0.874242 379.000000
 98.250000 0.874454 383.214382 0.000000 0.000000 0.000000 0.000000 0.874454 385.000000
 98.500000 0.868928 371.352670 0.000000 0.000000 0.000000 0.000000 0.868928 374.000000
 98.750000 0.870057 370.043532 0.000000 0.000000 0.000000 0.000000 0.870057 374.000000
 99.000000 0.868279 367.916916 0.000000 0.000000 0.000000 0.000000 0.868279 373.000000
 99.250000 0.872545 369.021729 0.000000 0.000000 0.000000 0.000000 0.872545 364.000000
 99.500000 0.863817 359.181261 0.000000 0.000000 0.670333 2.681332 0.863817 359.000000
 99.750000 0.867746 365.438359 0.000000 0.000000 0.000000 0.000000 0.867746 368.000000
 100.000000 0.862369 359.913324 0.000000 0.000000 0.007513 0.030051 0.862369 366.000000
 100.250000 0.860847 358.836219 0.000000 0.000000 1.354386 5.417544 0.860847 371.000000
 100.500000 0.864200 360.821425 0.000000 0.000000 0.000000 0.000000 0.864200 373.000000
