#! FIELDS time refcv.mean refcv.morethan uwall.bias uwall.force2 lwall.bias lwall.force2 refcv2.mean refcv2.morethan
 0.500000 1.017146 476.843907 0.000000 0.000000 0.000000 0.000000 1.017146 461.000000
 0.750000 1.010330 471.793496 0.000000 0.000000 0.000000 0.000000 1.010330 462.000000
 1.000000 1.004077 460.865942 0.000000 0.000000 0.000000 0.000000 1.004077 449.000000
 1.250000 1.008399 471.935289 0.000000 0.000000 0.000000 0.000000 1.008399 457.000000
 1.500000 1.011936 474.025852 0.000000 0.000000 0.000000 0.000000 1.011936 463.000000
 1.750000 1.007154 465.254732 0.000000 0.000000 0.000000 0.000000 1.007154 453.000000
 2.000000 1.007593 474.306219 0.000000 0.000000 0.000000 0.000000 1.007593 464.000000
 2.250000 1.005336 461.757117 0.000000 0.000000 0.000000 0.000000 1.005336 450.000000
 2.500000 1.006131 470.831343 0.000000 0.000000 0.000000 0.000000 1.006131 455.000000
 2.750000 1.001778 459.529465 0.000000 0.000000 0.000000 0.000000 1.001778 455.000000
 3.000000 1.008144 470.495121 0.000000 0.000000 0.000000 0.000000 1.008144 454.000000
 3.250000 1.008125 469.951611 0.000000 0.000000 0.000000 0.000000 1.008125 459.000000
 3.500000 1.005273 463.947596 0.000000 0.000000 0.000000 0.000000 1.005273 450.000000
 3.750000 1.002024 460.503234 0.000000 0.000000 0.000000 0.000000 1.002024 456.000000
 4.000000 1.004155 464.911772 0.000000 0.000000 0.000000 0.000000 1.004155 458.000000
 4.250000 1.005661 464.246726 0.000000 0.000000 0.000000 0.000000 1.005661 452.000000
 4.500000 1.006169 464.015824 0.000000 0.000000 0.000000 0.000000 1.006169 456.000000
 4.750000 1.005278 465.979835 0.000000 0.000000 0.000000 0.000000 1.005278 460.000000
 5.000000 1.001772 456.008908 0.000000 0.000000 0.000000 0.000000 1.001772 448.000000
 5.250000 1.001245 453.708853 0.000000 0.000000 0.000000 0.000000 1.001245 445.000000
 5.500000 1.007315 465.531550 0.000000 0.000000 0.000000 0.000000 1.007315 456.000000
 5.750000 1.010435 474.778015 0.000000 0.000000 0.000000 0.000000 1.010435 455.000000
 6.000000 1.006558 468.577908 0.000000 0.000000 0.000000 0.000000 1.006558 458.000000
 6.250000 1.006523 465.180542 0.000000 0.000000 0.000000 0.000000 1.006523 455.000000
 6.500000 1.005287 462.909069 0.000000 0.000000 0.000000 0.000000 1.005287 459.000000
 6.750000 1.006197 468.261726 0.000000 0.000000 0.000000 0.000000 1.006197 463.000000
 7.000000 1.006536 467.434983 0.000000 0.000000 0.000000 0.000000 1.006536 457.000000
 7.250000 1.011241 480.388219 0.000000 0.000000 0.000000 0.000000 1.011241 474.000000
 7.500000 1.013923 482.872044 0.000000 0.000000 0.000000 0.000000 1.013923 472.000000
 7.750000 1.009416 476.804539 0.000000 0.000000 0.000000 0.000000 1.009416 465.000000
 8.000000 1.005205 470.848193 0.000000 0.000000 0.000000 0.000000 1.005205 463.000000
 8.250000 1.009645 470.887289 0.000000 0.000000 0.000000 0.000000 1.009645 460.000000
 8.500000 1.011096 480.959619 0.000000 0.000000 0.000000 0.000000 1.011096 469.000000
 8.750000 1.010914 480.555484 0.000000 0.000000 0.000000 0.000000 1.010914 467.000000
 9.000000 1.009335 473.939082 0.000000 0.000000 0.000000 0.000000 1.009335 460.000000
 9.250000 1.010410 479.932112 0.000000 0.000000 0.000000 0.000000 1.010410 469.000000
 9.500000 1.008715 472.485678 0.000000 0.000000 0.000000 0.000000 1.008715 459.000000
 9.750000 1.009988 474.781594 0.000000 0.000000 0.000000 0.000000 1.009988 461.000000
 10.000000 1.014375 480.435462 0.000000 0.000000 0.000000 0.000000 1.014375 460.000000
 10.250000 1.013882 481.774508 0.000000 0.000000 0.000000 0.000000 1.013882 459.000000
 10.500000 1.007955 472.180933 0.000000 0.000000 0.000000 0.000000 1.007955 465.000000
 10.750000 1.012089 476.801976 0.000000 0.000000 0.000000 0.000000 1.012089 469.000000
 11.000000 1.014577 484.046099 0.000000 0.000000 0.000000 0.000000 1.014577 471.000000
 11.250000 1.010179 481.956668 0.000000 0.000000 0.000000 0.000000 1.010179 471.000000
 11.500000 1.010348 476.729921 0.000000 0.000000 0.000000 0.000000 1.010348 466.000000
 11.750000 1.013634 484.512827 0.000000 0.000000 0.000000 0.000000 1.013634 477.000000
 12.000000 1.012106 478.589381 0.000000 0.000000 0.000000 0.000000 1.012106 465.000000
 12.250000 1.011347 481.482514 0.000000 0.000000 0.000000 0.000000 1.011347 473.000000
 12.500000 1.010705 479.355704 0.000000 0.000000 0.000000 0.000000 1.010705 466.000000
 12.750000 1.015992 485.523679 0.000000 0.000000 0.000000 0.000000 1.015992 474.000000
 13.000000 1.013294 482.075593 0.000000 0.000000 0.000000 0.000000 1.013294 468.000000
 13.250000 1.008910 479.020511 0.000000 0.000000 0.000000 0.000000 1.008910 464.000000
 13.500000 1.011325 481.050554 0.000000 0.000000 0.000000 0.000000 1.011325 471.000000
 13.750000 1.010750 475.388658 0.000000 0.000000 0.000000 0.000000 1.010750 464.000000
 14.000000 1.012106 479.407426 0.000000 0.000000 0.000000 0.000000 1.012106 466.000000
 14.250000 1.012722 483.436235 0.000000 0.000000 0.000000 0.000000 1.012722 472.000000
 14.500000 1.012208 478.403345 0.000000 0.000000 0.000000 0.000000 1.012208 467.000000
 14.750000 1.014190 483.150234 0.000000 0.000000 0.000000 0.000000 1.014190 472.000000
 15.000000 1.012925 482.610069 0.000000 0.000000 0.000000 0.000000 1.012925 474.000000
 15.250000 1.008968 478.053650 0.000000 0.000000 0.000000 0.000000 1.008968 469.000000
 15.500000 1.014563 486.766037 0.586812 2.347249 0.000000 0.000000 1.014563 477.000000
 15.750000 1.011041 477.919984 0.000000 0.000000 0.000000 0.000000 1.011041 465.000000
 16.000000 1.010461 478.277863 0.000000 0.000000 0.000000 0.000000 1.010461 464.000000
 16.250000 1.012959 479.278305 0.000000 0.000000 0.000000 0.000000 1.012959 465.000000
 16.500000 1.014703 484.203701 0.000000 0.000000 0.000000 0.000000 1.014703 470.000000
 16.750000 1.010548 474.013593 0.000000 0.000000 0.000000 0.000000 1.010548 463.000000
 17.000000 1.006275 469.357711 0.000000 0.000000 0.000000 0.000000 1.006275 462.000000
 17.250000 1.007448 468.682083 0.000000 0.000000 0.000000 0.000000 1.007448 455.000000
 17.500000 1.013426 480.768335 0.000000 0.000000 0.000000 0.000000 1.013426 468.000000
 17.750000 1.007265 468.599517 0.000000 0.000000 0.000000 0.000000 1.007265 459.000000
 18.000000 1.008518 475.038794 0.000000 0.000000 0.000000 0.000000 1.008518 476.000000
 18.250000 1.010648 479.765077 0.000000 0.000000 0.000000 0.000000 1.010648 469.000000
 18.500000 1.011601 479.935874 0.000000 0.000000 0.000000 0.000000 1.011601 472.000000
 18.750000 1.012635 480.934058 0.000000 0.000000 0.000000 0.000000 1.012635 469.000000
 19.000000 1.014518 485.593795 0.000000 0.000000 0.000000 0.000000 1.014518 474.000000
 19.250000 1.010838 483.314387 0.000000 0.000000 0.000000 0.000000 1.010838 477.000000
 19.500000 1.015025 485.186664 0.000000 0.000000 0.000000 0.000000 1.015025 475.000000
 19.750000 1.012964 485.971934 0.000000 0.000000 0.000000 0.000000 1.012964 478.000000
 20.000000 1.015953 485.229277 0.000000 0.000000 0.000000 0.000000 1.015953 472.000000
 20.250000 1.015411 487.371338 1.880567 7.522270 0.000000 0.000000 1.015411 470.000000
 20.500000 1.014455 485.988052 0.000000 0.000000 0.000000 0.000000 1.014455 473.000000
 20.750000 1.008423 480.109165 0.000000 0.000000 0.000000 0.000000 1.008423 478.000000
 21.000000 1.012327 483.895009 0.000000 0.000000 0.000000 0.000000 1.012327 474.000000
 21.250000 1.015601 487.014648 1.029510 4.118039 0.000000 0.000000 1.015601 482.000000
 21.500000 1.012090 487.943208 3.776059 15.104235 0.000000 0.000000 1.012090 483.000000
 21.750000 1.010532 478.673949 0.000000 0.000000 0.000000 0.000000 1.010532 462.000000
 22.000000 1.015421 484.929169 0.000000 0.000000 0.000000 0.000000 1.015421 474.000000
 22.250000 1.012338 484.282671 0.000000 0.000000 0.000000 0.000000 1.012338 477.000000
 22.500000 1.011665 480.154521 0.000000 0.000000 0.000000 0.000000 1.011665 469.000000
 22.750000 1.009485 479.254826 0.000000 0.000000 0.000000 0.000000 1.009485 472.000000
 23.000000 1.010601 480.362044 0.000000 0.000000 0.000000 0.000000 1.010601 476.000000
 23.250000 1.013751 484.366951 0.000000 0.000000 0.000000 0.000000 1.013751 475.000000
 23.500000 1.012203 483.952835 0.000000 0.000000 0.000000 0.000000 1.012203 474.000000
 23.750000 1.013111 486.338486 0.114573 0.458291 0.000000 0.000000 1.013111 476.000000
 24.000000 1.012593 477.960365 0.000000 0.000000 0.000000 0.000000 1.012593 467.000000
 24.250000 1.012372 481.329625 0.000000 0.000000 0.000000 0.000000 1.012372 475.000000
 24.500000 1.013620 475.832643 0.000000 0.000000 0.000000 0.000000 1.013620 467.000000
 24.750000 1.013839 486.173503 0.030103 0.120413 0.000000 0.000000 1.013839 473.000000
 25.000000 1.009340 475.295820 0.000000 0.000000 0.000000 0.000000 1.009340 471.000000
 25.250000 1.008837 475.482771 0.000000 0.000000 0.000000 0.000000 1.008837 472.000000
 25.500000 1.014364 483.577272 0.000000 0.000000 0.000000 0.000000 1.014364 474.000000
 25.750000 1.015080 483.719525 0.000000 0.000000 0.000000 0.000000 1.015080 471.000000
 26.000000 1.013310 480.638437 0.000000 0.000000 0.000000 0.000000 1.013310 475.000000
 26.250000 1.013744 483.635178 0.000000 0.000000 0.000000 0.000000 1.013744 474.000000
 26.500000 1.013361 485.014015 0.000000 0.000000 0.000000 0.000000 1.013361 480.000000
 26.750000 1.008593 472.302750 0.000000 0.000000 0.000000 0.000000 1.008593 465.000000
 27.000000 1.009019 476.991032 0.000000 0.000000 0.000000 0.000000 1.009019 472.000000
 27.250000 1.011018 476.659386 0.000000 0.000000 0.000000 0.000000 1.011018 469.000000
 27.500000 1.007540 473.610125 0.000000 0.000000 0.000000 0.000000 1.007540 473.000000
 27.750000 1.003369 468.203870 0.000000 0.000000 0.000000 0.000000 1.003369 464.000000
 28.000000 1.012140 481.617681 0.000000 0.000000 0.000000 0.000000 1.012140 474.000000
 28.250000 1.007573 471.397149 0.000000 0.000000 0.000000 0.000000 1.007573 469.000000
 28.500000 1.007047 472.638837 0.000000 0.000000 0.000000 0.000000 1.007047 467.000000
 28.750000 1.004501 475.569721 0.000000 0.000000 0.000000 0.000000 1.004501 475.000000
 29.000000 1.007052 472.544503 0.000000 0.000000 0.000000 0.000000 1.007052 463.000000
 29.250000 1.007444 475.127093 0.000000 0.000000 0.000000 0.000000 1.007444 471.000000
 29.500000 1.008837 477.282246 0.000000 0.000000 0.000000 0.000000 1.008837 475.000000
 29.750000 1.010847 481.492905 0.000000 0.000000 0.000000 0.000000 1.010847 469.000000
 30.000000 1.008836 474.474849 0.000000 0.000000 0.000000 0.000000 1.008836 465.000000
 30.250000 1.004199 473.420949 0.000000 0.000000 0.000000 0.000000 1.004199 470.000000
 30.500000 1.005900 478.283487 0.000000 0.000000 0.000000 0.000000 1.005900 479.000000
 30.750000 1.009977 479.551861 0.000000 0.000000 0.000000 0.000000 1.009977 475.000000
 31.000000 1.012552 484.274049 0.000000 0.000000 0.000000 0.000000 1.012552 476.000000
 31.250000 1.013145 484.621206 0.000000 0.000000 0.000000 0.000000 1.013145 478.000000
 31.500000 1.009185 477.167075 0.000000 0.000000 0.000000 0.000000 1.009185 473.000000
 31.750000 1.012361 486.354888 0.125945 0.503782 0.000000 0.000000 1.012361 484.000000
 32.000000 1.012199 483.803553 0.000000 0.000000 0.000000 0.000000 1.012199 486.000000
 32.250000 1.010906 480.172069 0.000000 0.000000 0.000000 0.000000 1.010906 474.000000
 32.500000 1.011044 480.397347 0.000000 0.000000 0.000000 0.000000 1.011044 478.000000
 32.750000 1.008160 478.457146 0.000000 0.000000 0.000000 0.000000 1.008160 472.000000
 33.000000 1.010277 481.624802 0.000000 0.000000 0.000000 0.000000 1.010277 480.000000
 33.250000 1.008236 474.070101 0.000000 0.000000 0.000000 0.000000 1.008236 464.000000
 33.500000 1.010427 482.876534 0.000000 0.000000 0.000000 0.000000 1.010427 482.000000
 33.750000 1.010675 484.743394 0.000000 0.000000 0.000000 0.000000 1.010675 479.000000
 34.000000 1.012728 484.491618 0.000000 0.000000 0.000000 0.000000 1.012728 475.000000
 34.250000 1.008820 484.305429 0.000000 0.000000 0.000000 0.000000 1.008820 479.000000
 34.500000 1.007112 474.761056 0.000000 0.000000 0.000000 0.000000 1.007112 469.000000
 34.750000 1.014279 484.740926 0.000000 0.000000 0.000000 0.000000 1.014279 474.000000
 35.000000 1.009719 479.827600 0.000000 0.000000 0.000000 0.000000 1.009719 473.000000
 35.250000 1.005507 475.515461 0.000000 0.000000 0.000000 0.000000 1.005507 471.000000
 35.500000 1.011256 475.910896 0.000000 0.000000 0.000000 0.000000 1.011256 468.000000
 35.750000 1.014086 482.189739 0.000000 0.000000 0.000000 0.000000 1.014086 472.000000
 36.000000 1.009189 473.631490 0.000000 0.000000 0.000000 0.000000 1.009189 462.000000
 36.250000 1.007012 472.701929 0.000000 0.000000 0.000000 0.000000 1.007012 466.000000
 36.500000 1.010473 479.769655 0.000000 0.000000 0.000000 0.000000 1.010473 475.000000
 36.750000 1.008663 472.340950 0.000000 0.000000 0.000000 0.000000 1.008663 466.000000
 37.000000 1.013911 483.162297 0.000000 0.000000 0.000000 0.000000 1.013911 470.000000
 37.250000 1.012146 475.211616 0.000000 0.000000 0.000000 0.000000 1.012146 462.000000
 37.500000 1.005313 465.431617 0.000000 0.000000 0.000000 0.000000 1.005313 457.000000
 37.750000 1.007314 475.940314 0.000000 0.000000 0.000000 0.000000 1.007314 471.000000
 38.000000 1.007461 472.623502 0.000000 0.000000 0.000000 0.000000 1.007461 470.000000
 38.250000 1.010948 485.190746 0.000000 0.000000 0.000000 0.000000 1.010948 479.000000
 38.500000 1.005288 470.143469 0.000000 0.000000 0.000000 0.000000 1.005288 466.000000
 38.750000 1.005960 475.702733 0.000000 0.000000 0.000000 0.000000 1.005960 473.000000
 39.000000 1.007112 475.384238 0.000000 0.000000 0.000000 0.000000 1.007112 475.000000
 39.250000 1.006974 472.300733 0.000000 0.000000 0.000000 0.000000 1.006974 474.000000
 39.500000 1.008343 481.579456 0.000000 0.000000 0.000000 0.000000 1.008343 478.000000
 39.750000 1.013818 483.306360 0.000000 0.000000 0.000000 0.000000 1.013818 477.000000
 40.000000 1.007955 479.436059 0.000000 0.000000 0.000000 0.000000 1.007955 473.000000
 40.250000 1.009530 478.972519 0.000000 0.000000 0.000000 0.000000 1.009530 471.000000
 40.500000 1.013638 483.287851 0.000000 0.000000 0.000000 0.000000 1.013638 471.000000
 40.750000 1.010764 482.543720 0.000000 0.000000 0.000000 0.000000 1.010764 475.000000
 41.000000 1.010765 484.457991 0.000000 0.000000 0.000000 0.000000 1.010765 479.000000
 41.250000 1.011561 484.402732 0.000000 0.000000 0.000000 0.000000 1.011561 478.000000
 41.500000 1.009580 478.245653 0.000000 0.000000 0.000000 0.000000 1.009580 467.000000
 41.750000 1.011159 477.941317 0.000000 0.000000 0.000000 0.000000 1.011159 462.000000
 42.000000 1.012525 486.334168 0.111668 0.446673 0.000000 0.000000 1.012525 478.000000
 42.250000 1.010763 483.389849 0.000000 0.000000 0.000000 0.000000 1.010763 477.000000
 42.500000 1.006416 478.214984 0.000000 0.000000 0.000000 0.000000 1.006416 479.000000
 42.750000 1.014137 487.471377 2.164949 8.659798 0.000000 0.000000 1.014137 476.000000
 43.000000 1.014064 485.093483 0.000000 0.000000 0.000000 0.000000 1.014064 477.000000
 43.250000 1.012401 485.561639 0.000000 0.000000 0.000000 0.000000 1.012401 481.000000
 43.500000 1.010944 484.256416 0.000000 0.000000 0.000000 0.000000 1.010944 483.000000
 43.750000 1.012754 486.494173 0.244207 0.976826 0.000000 0.000000 1.012754 482.000000
 44.000000 1.011958 485.675343 0.000000 0.000000 0.000000 0.000000 1.011958 480.000000
 44.250000 1.006508 478.621280 0.000000 0.000000 0.000000 0.000000 1.006508 479.000000
 44.500000 1.010766 479.313288 0.000000 0.000000 0.000000 0.000000 1.010766 472.000000
 44.750000 1.011767 484.107898 0.000000 0.000000 0.000000 0.000000 1.011767 475.000000
 45.000000 1.004134 467.588600 0.000000 0.000000 0.000000 0.000000 1.004134 466.000000
 45.250000 1.004557 476.464660 0.000000 0.000000 0.000000 0.000000 1.004557 469.000000
 45.500000 1.009444 484.076669 0.000000 0.000000 0.000000 0.000000 1.009444 473.000000
 45.750000 1.011982 486.476602 0.227149 0.908598 0.000000 0.000000 1.011982 477.000000
 46.000000 1.006725 479.442995 0.000000 0.000000 0.000000 0.000000 1.006725 475.000000
 46.250000 1.009209 478.690715 0.000000 0.000000 0.000000 0.000000 1.009209 472.000000
 46.500000 1.010472 483.637475 0.000000 0.000000 0.000000 0.000000 1.010472 483.000000
 46.750000 1.011727 482.675346 0.000000 0.000000 0.000000 0.000000 1.011727 477.000000
 47.000000 1.008961 479.244864 0.000000 0.000000 0.000000 0.000000 1.008961 476.000000
 47.250000 1.010187 485.474483 0.000000 0.000000 0.000000 0.000000 1.010187 489.000000
 47.500000 1.009387 477.781971 0.000000 0.000000 0.000000 0.000000 1.009387 472.000000
 47.750000 1.012806 487.282645 1.645177 6.580708 0.000000 0.000000 1.012806 485.000000
 48.000000 1.010348 479.876335 0.000000 0.000000 0.000000 0.000000 1.010348 474.000000
 48.250000 1.010324 483.758954 0.000000 0.000000 0.000000 0.000000 1.010324 478.000000
 48.500000 1.012142 484.860490 0.000000 0.000000 0.000000 0.000000 1.012142 479.000000
 48.750000 1.012233 485.433682 0.000000 0.000000 0.000000 0.000000 1.012233 477.000000
 49.000000 1.014165 487.172861 1.375602 5.502408 0.000000 0.000000 1.014165 480.000000
 49.250000 1.010542 486.672484 0.452234 1.808937 0.000000 0.000000 1.010542 481.000000
 49.500000 1.013440 486.798876 0.638203 2.552810 0.000000 0.000000 1.013440 475.000000
 49.750000 1.011644 487.463690 2.142389 8.569557 0.000000 0.000000 1.011644 479.000000
 50.000000 1.009467 479.725031 0.000000 0.000000 0.000000 0.000000 1.009467 467.000000
 50.250000 1.011520 485.299303 0.000000 0.000000 0.000000 0.000000 1.011520 474.000000
 50.500000 1.013802 486.320727 0.102866 0.411464 0.000000 0.000000 1.013802 474.000000
 50.750000 1.009117 482.136337 0.000000 0.000000 0.000000 0.000000 1.009117 476.000000
 51.000000 1.009416 483.463897 0.000000 0.000000 0.000000 0.000000 1.009416 481.000000
 51.250000 1.011315 483.035235 0.000000 0.000000 0.000000 0.000000 1.011315 474.000000
 51.500000 1.013986 484.855337 0.000000 0.000000 0.000000 0.000000 1.013986 472.000000
 51.750000 1.009989 483.429414 0.000000 0.000000 0.000000 0.000000 1.009989 473.000000
 52.000000 1.012005 484.709119 0.000000 0.000000 0.000000 0.000000 1.012005 479.000000
 52.250000 1.010538 485.157563 0.000000 0.000000 0.000000 0.000000 1.010538 473.000000
 52.500000 1.011336 486.162453 0.026391 0.105564 0.000000 0.000000 1.011336 477.000000
 52.750000 1.009344 485.798985 0.000000 0.000000 0.000000 0.000000 1.009344 478.000000
 53.000000 1.010052 487.216235 1.479228 5.916911 0.000000 0.000000 1.010052 479.000000
 53.250000 1.009471 484.948628 0.000000 0.000000 0.000000 0.000000 1.009471 484.000000
 53.500000 1.008278 484.807435 0.000000 0.000000 0.000000 0.000000 1.008278 481.000000
 53.750000 1.007611 483.392039 0.000000 0.000000 0.000000 0.000000 1.007611 479.000000
 54.000000 1.007842 482.311856 0.000000 0.000000 0.000000 0.000000 1.007842 472.000000
 54.250000 1.009853 482.475965 0.000000 0.000000 0.000000 0.000000 1.009853 472.000000
 54.500000 1.010150 486.733366 0.537826 2.151302 0.000000 0.000000 1.010150 482.000000
 54.750000 1.006886 478.401272 0.000000 0.000000 0.000000 0.000000 1.006886 469.000000
 55.000000 1.006869 482.629111 0.000000 0.000000 0.000000 0.000000 1.006869 483.000000
 55.250000 1.009116 484.966287 0.000000 0.000000 0.000000 0.000000 1.009116 483.000000
 55.500000 1.004772 479.272539 0.000000 0.000000 0.000000 0.000000 1.004772 476.000000
 55.750000 1.008381 482.644203 0.000000 0.000000 0.000000 0.000000 1.008381 474.000000
 56.000000 1.008477 485.751716 0.000000 0.000000 0.000000 0.000000 1.008477 477.000000
 56.250000 1.007368 483.556237 0.000000 0.000000 0.000000 0.000000 1.007368 475.000000
 56.500000 1.007483 483.246620 0.000000 0.000000 0.000000 0.000000 1.007483 475.000000
 56.750000 1.007650 481.342678 0.000000 0.000000 0.000000 0.000000 1.007650 475.000000
 57.000000 1.012172 487.520747 2.312671 9.250682 0.000000 0.000000 1.012172 482.000000
 57.250000 1.012362 487.385759 1.920328 7.681313 0.000000 0.000000 1.012362 477.000000
 57.500000 1.009621 485.927660 0.000000 0.000000 0.000000 0.000000 1.009621 484.000000
 57.750000 1.012793 487.115859 1.245141 4.980565 0.000000 0.000000 1.012793 475.000000
 58.000000 1.012313 484.939131 0.000000 0.000000 0.000000 0.000000 1.012313 476.000000
 58.250000 1.012675 487.009784 1.019664 4.078655 0.000000 0.000000 1.012675 480.000000
 58.500000 1.013164 486.289358 0.083728 0.334913 0.000000 0.000000 1.013164 478.000000
 58.750000 1.011446 482.112371 0.000000 0.000000 0.000000 0.000000 1.011446 476.000000
 59.000000 1.011710 484.448353 0.000000 0.000000 0.000000 0.000000 1.011710 474.000000
 59.250000 1.007885 482.174818 0.000000 0.000000 0.000000 0.000000 1.007885 477.000000
 59.500000 1.012903 487.733361 3.004542 12.018167 0.000000 0.000000 1.012903 484.000000
 59.750000 1.011307 484.523517 0.000000 0.000000 0.000000 0.000000 1.011307 473.000000
 60.000000 1.010232 485.718111 0.000000 0.000000 0.000000 0.000000 1.010232 481.000000
 60.250000 1.009765 486.505089 0.255115 1.020458 0.000000 0.000000 1.009765 477.000000
 60.500000 1.012525 484.168255 0.000000 0.000000 0.000000 0.000000 1.012525 477.000000
 60.750000 1.013532 485.913151 0.000000 0.000000 0.000000 0.000000 1.013532 477.000000
 61.000000 1.011084 487.739021 3.024195 12.096780 0.000000 0.000000 1.011084 485.000000
 61.250000 1.009746 484.500805 0.000000 0.000000 0.000000 0.000000 1.009746 480.000000
 61.500000 1.013249 487.777897 3.160917 12.643669 0.000000 0.000000 1.013249 480.000000
 61.750000 1.012723 485.551422 0.000000 0.000000 0.000000 0.000000 1.012723 476.000000
 62.000000 1.011890 487.570049 2.465053 9.860214 0.000000 0.000000 1.011890 477.000000
 62.250000 1.010178 481.482376 0.000000 0.000000 0.000000 0.000000 1.010178 479.000000
 62.500000 1.012189 487.145233 1.311560 5.246238 0.000000 0.000000 1.012189 480.000000
 62.750000 1.008138 479.305750 0.000000 0.000000 0.000000 0.000000 1.008138 472.000000
 63.000000 1.013364 482.382880 0.000000 0.000000 0.000000 0.000000 1.013364 473.000000
 63.250000 1.011478 485.404145 0.000000 0.000000 0.000000 0.000000 1.011478 484.000000
 63.500000 1.012559 486.231290 0.053495 0.213980 0.000000 0.000000 1.012559 484.000000
 63.750000 1.010356 481.236461 0.000000 0.000000 0.000000 0.000000 1.010356 471.000000
 64.000000 1.012853 483.481856 0.000000 0.000000 0.000000 0.000000 1.012853 469.000000
 64.250000 1.011135 488.147810 4.613090 18.452359 0.000000 0.000000 1.011135 481.000000
 64.500000 1.008569 476.771672 0.000000 0.000000 0.000000 0.000000 1.008569 473.000000
 64.750000 1.009115 478.027783 0.000000 0.000000 0.000000 0.000000 1.009115 479.000000
 65.000000 1.010754 485.421995 0.000000 0.000000 0.000000 0.000000 1.010754 475.000000
 65.250000 1.011953 486.403358 0.162698 0.650792 0.000000 0.000000 1.011953 477.000000
 65.500000 1.009734 483.493339 0.000000 0.000000 0.000000 0.000000 1.009734 471.000000
 65.750000 1.012844 487.027549 1.055858 4.223431 0.000000 0.000000 1.012844 481.000000
 66.000000 1.011769 481.668194 0.000000 0.000000 0.000000 0.000000 1.011769 468.000000
 66.250000 1.012960 488.496834 6.234179 24.936715 0.000000 0.000000 1.012960 485.000000
 66.500000 1.012746 485.927136 0.000000 0.000000 0.000000 0.000000 1.012746 484.000000
 66.750000 1.010433 482.070443 0.000000 0.000000 0.000000 0.000000 1.010433 477.000000
 67.000000 1.010444 486.518590 0.268936 1.075743 0.000000 0.000000 1.010444 488.000000
 67.250000 1.013574 486.697048 0.485876 1.943506 0.000000 0.000000 1.013574 475.000000
 67.500000 1.010307 485.262806 0.000000 0.000000 0.000000 0.000000 1.010307 476.000000
 67.750000 1.011137 486.491278 0.241354 0.965417 0.000000 0.000000 1.011137 484.000000
 68.000000 1.013948 486.562660 0.316587 1.266346 0.000000 0.000000 1.013948 481.000000
 68.250000 1.009910 480.950361 0.000000 0.000000 0.000000 0.000000 1.009910 474.000000
 68.500000 1.011577 485.148104 0.000000 0.000000 0.000000 0.000000 1.011577 484.000000
 68.750000 1.010319 484.854054 0.000000 0.000000 0.000000 0.000000 1.010319 483.000000
 69.000000 1.009135 476.950745 0.000000 0.000000 0.000000 0.000000 1.009135 472.000000
 69.250000 1.008678 484.271600 0.000000 0.000000 0.000000 0.000000 1.008678 478.000000
 69.500000 1.012695 486.540651 0.292304 1.169214 0.000000 0.000000 1.012695 470.000000
 69.750000 1.010476 482.181359 0.000000 0.000000 0.000000 0.000000 1.010476 477.000000
 70.000000 1.009267 480.574679 0.000000 0.000000 0.000000 0.000000 1.009267 479.000000
 70.250000 1.014420 485.436349 0.000000 0.000000 0.000000 0.000000 1.014420 479.000000
 70.500000 1.013350 484.923244 0.000000 0.000000 0.000000 0.000000 1.013350 478.000000
 70.750000 1.012393 481.206819 0.000000 0.000000 0.000000 0.000000 1.012393 473.000000
 71.000000 1.011708 486.059880 0.003586 0.014342 0.000000 0.000000 1.011708 484.000000
 71.250000 1.014281 487.607890 2.585311 10.341245 0.000000 0.000000 1.014281 474.000000
 71.500000 1.015636 485.576722 0.000000 0.000000 0.000000 0.000000 1.015636 472.000000
 71.750000 1.012420 486.456957 0.208810 0.835238 0.000000 0.000000 1.012420 479.000000
 72.000000 1.009673 481.180310 0.000000 0.000000 0.000000 0.000000 1.009673 478.000000
 72.250000 1.012198 482.360188 0.000000 0.000000 0.000000 0.000000 1.012198 473.000000
 72.500000 1.012090 485.433940 0.000000 0.000000 0.000000 0.000000 1.012090 474.000000
 72.750000 1.010429 477.779502 0.000000 0.000000 0.000000 0.000000 1.010429 471.000000
 73.000000 1.012389 482.463079 0.000000 0.000000 0.000000 0.000000 1.012389 475.000000
 73.250000 1.010245 483.874799 0.000000 0.000000 0.000000 0.000000 1.010245 470.000000
 73.500000 1.012704 485.260050 0.000000 0.000000 0.000000 0.000000 1.012704 474.000000
 73.750000 1.014160 488.204272 4.858816 19.435265 0.000000 0.000000 1.014160 483.000000
 74.000000 1.008128 481.268135 0.000000 0.000000 0.000000 0.000000 1.008128 474.000000
 74.250000 1.008466 478.204902 0.000000 0.000000 0.000000 0.000000 1.008466 470.000000
 74.500000 1.014802 485.616546 0.000000 0.000000 0.000000 0.000000 1.014802 477.000000
 74.750000 1.009759 481.649216 0.000000 0.000000 0.000000 0.000000 1.009759 477.000000
 75.000000 1.010818 483.515614 0.000000 0.000000 0.000000 0.000000 1.010818 476.000000
 75.250000 1.013334 486.368945 0.136120 0.544481 0.000000 0.000000 1.013334 473.000000
 75.500000 1.012217 483.913220 0.000000 0.000000 0.000000 0.000000 1.012217 477.000000
 75.750000 1.011329 482.683457 0.000000 0.000000 0.000000 0.000000 1.011329 474.000000
 76.000000 1.010249 486.250922 0.062962 0.251848 0.000000 0.000000 1.010249 477.000000
 76.250000 1.013625 487.041132 1.083956 4.335823 0.000000 0.000000 1.013625 482.000000
 76.500000 1.014635 486.725814 0.526806 2.107224 0.000000 0.000000 1.014635 473.000000
 76.750000 1.011032 485.265994 0.000000 0.000000 0.000000 0.000000 1.011032 477.000000
 77.000000 1.011872 484.379694 0.000000 0.000000 0.000000 0.000000 1.011872 480.000000
 77.250000 1.012262 482.401050 0.000000 0.000000 0.000000 0.000000 1.012262 472.000000
 77.500000 1.013043 479.657494 0.000000 0.000000 0.000000 0.000000 1.013043 468.000000
 77.750000 1.008737 484.274241 0.000000 0.000000 0.000000 0.000000 1.008737 479.000000
 78.000000 1.011252 481.381911 0.000000 0.000000 0.000000 0.000000 1.011252 470.000000
 78.250000 1.014954 485.385619 0.000000 0.000000 0.000000 0.000000 1.014954 481.000000
 78.500000 1.006249 473.768845 0.000000 0.000000 0.000000 0.000000 1.006249 466.000000
 78.750000 1.010628 482.916466 0.000000 0.000000 0.000000 0.000000 1.010628 485.000000
 79.000000 1.012228 485.882501 0.000000 0.000000 0.000000 0.000000 1.012228 483.000000
 79.250000 1.013363 485.456607 0.000000 0.000000 0.000000 0.000000 1.013363 478.000000
 79.500000 1.012178 484.522621 0.000000 0.000000 0.000000 0.000000 1.012178 472.000000
 79.750000 1.012848 484.650874 0.000000 0.000000 0.000000 0.000000 1.012848 482.000000
 80.000000 1.012582 484.971942 0.000000 0.000000 0.000000 0.000000 1.012582 477.000000
 80.250000 1.014521 487.446218 2.091546 8.366185 0.000000 0.000000 1.014521 477.000000
 80.500000 1.012105 483.997115 0.000000 0.000000 0.000000 0.000000 1.012105 476.000000
 80.750000 1.012315 482.429920 0.000000 0.000000 0.000000 0.000000 1.012315 475.000000
 81.000000 1.011527 480.204570 0.000000 0.000000 0.000000 0.000000 1.011527 470.000000
 81.250000 1.013470 483.631205 0.000000 0.000000 0.000000 0.000000 1.013470 472.000000
 81.500000 1.014492 484.637603 0.000000 0.000000 0.000000 0.000000 1.014492 472.000000
 81.750000 1.011394 481.799883 0.000000 0.000000 0.000000 0.000000 1.011394 475.000000
 82.000000 1.010606 483.282946 0.000000 0.000000 0.000000 0.000000 1.010606 478.000000
 82.250000 1.011791 484.158189 0.000000 0.000000 0.000000 0.000000 1.011791 478.000000
 82.500000 1.010801 484.000523 0.000000 0.000000 0.000000 0.000000 1.010801 477.000000
 82.750000 1.011176 485.918345 0.000000 0.000000 0.000000 0.000000 1.011176 477.000000
 83.000000 1.009246 477.238132 0.000000 0.000000 0.000000 0.000000 1.009246 472.000000
 83.250000 1.010664 478.024838 0.000000 0.000000 0.000000 0.000000 1.010664 470.000000
 83.500000 1.011768 484.570127 0.000000 0.000000 0.000000 0.000000 1.011768 480.000000
 83.750000 1.012244 480.501049 0.000000 0.000000 0.000000 0.000000 1.012244 471.000000
 84.000000 1.011093 478.837858 0.000000 0.000000 0.000000 0.000000 1.011093 472.000000
 84.250000 1.012029 479.345714 0.000000 0.000000 0.000000 0.000000 1.012029 473.000000
 84.500000 1.013426 484.857154 0.000000 0.000000 0.000000 0.000000 1.013426 475.000000
 84.750000 1.008805 479.807218 0.000000 0.000000 0.000000 0.000000 1.008805 474.000000
 85.000000 1.008958 478.108489 0.000000 0.000000 0.000000 0.000000 1.008958 480.000000
 85.250000 1.013575 484.391821 0.000000 0.000000 0.000000 0.000000 1.013575 473.000000
 85.500000 1.010007 482.671114 0.000000 0.000000 0.000000 0.000000 1.010007 478.000000
 85.750000 1.011436 486.487095 0.237261 0.949046 0.000000 0.000000 1.011436 483.000000
 86.000000 1.010801 480.750261 0.000000 0.000000 0.000000 0.000000 1.010801 475.000000
 86.250000 1.008189 472.814662 0.000000 0.000000 0.000000 0.000000 1.008189 469.000000
 86.500000 1.010941 487.364650 1.862271 7.449083 0.000000 0.000000 1.010941 490.000000
 86.750000 1.012082 486.713345 0.508861 2.035444 0.000000 0.000000 1.012082 478.000000
 87.000000 1.011273 481.156307 0.000000 0.000000 0.000000 0.000000 1.011273 479.000000
 87.250000 1.009580 483.002441 0.000000 0.000000 0.000000 0.000000 1.009580 479.000000
 87.500000 1.009718 483.259617 0.000000 0.000000 0.000000 0.000000 1.009718 478.000000
 87.750000 1.012743 488.038751 4.156507 16.626027 0.000000 0.000000 1.012743 479.000000
 88.000000 1.010194 483.459616 0.000000 0.000000 0.000000 0.000000 1.010194 480.000000
 88.250000 1.009979 485.151469 0.000000 0.000000 0.000000 0.000000 1.009979 483.000000
 88.500000 1.013451 487.389996 1.932090 7.728359 0.000000 0.000000 1.013451 475.000000
 88.750000 1.011333 479.588932 0.000000 0.000000 0.000000 0.000000 1.011333 467.000000
 89.000000 1.010586 479.997283 0.000000 0.000000 0.000000 0.000000 1.010586 473.000000
 89.250000 1.011937 479.705508 0.000000 0.000000 0.000000 0.000000 1.011937 469.000000
 89.500000 1.014020 486.434089 0.188433 0.753732 0.000000 0.000000 1.014020 476.000000
 89.750000 1.013368 485.941659 0.000000 0.000000 0.000000 0.000000 1.013368 480.000000
 90.000000 1.013896 485.902601 0.000000 0.000000 0.000000 0.000000 1.013896 477.000000
 90.250000 1.015408 486.338696 0.114715 0.458860 0.000000 0.000000 1.015408 476.000000
 90.500000 1.012118 478.798074 0.000000 0.000000 0.000000 0.000000 1.012118 464.000000
 90.750000 1.012243 483.951496 0.000000 0.000000 0.000000 0.000000 1.012243 474.000000
 91.000000 1.011390 482.089635 0.000000 0.000000 0.000000 0.000000 1.011390 477.000000
 91.250000 1.011742 485.256921 0.000000 0.000000 0.000000 0.000000 1.011742 481.000000
 91.500000 1.012463 487.214518 1.475054 5.900216 0.000000 0.000000 1.012463 479.000000
 91.750000 1.013505 485.505180 0.000000 0.000000 0.000000 0.000000 1.013505 478.000000
 92.000000 1.013818 485.433856 0.000000 0.000000 0.000000 0.000000 1.013818 474.000000
 92.250000 1.012877 485.981905 0.000000 0.000000 0.000000 0.000000 1.012877 475.000000
 92.500000 1.009186 480.305340 0.000000 0.000000 0.000000 0.000000 1.009186 473.000000
 92.750000 1.015560 486.071434 0.005103 0.020411 0.000000 0.000000 1.015560 474.000000
 93.000000 1.012661 484.613738 0.000000 0.000000 0.000000 0.000000 1.012661 476.000000
 93.250000 1.010917 484.927549 0.000000 0.000000 0.000000 0.000000 1.010917 479.000000
 93.500000 1.013595 486.554933 0.307951 1.231804 0.000000 0.000000 1.013595 486.000000
 93.750000 1.011540 484.802147 0.000000 0.000000 0.000000 0.000000 1.011540 477.000000
 94.000000 1.012865 484.673729 0.000000 0.000000 0.000000 0.000000 1.012865 477.000000
 94.250000 1.010468 483.343884 0.000000 0.000000 0.000000 0.000000 1.010468 474.000000
 94.500000 1.014612 484.086398 0.000000 0.000000 0.000000 0.000000 1.014612 473.000000
 94.750000 1.014111 486.902167 0.813905 3.255621 0.000000 0.000000 1.014111 478.000000
 95.000000 1.013109 484.959806 0.000000 0.000000 0.000000 0.000000 1.013109 478.000000
 95.250000 1.011290 479.370663 0.000000 0.000000 0.000000 0.000000 1.011290 472.000000
 95.500000 1.012806 484.289313 0.000000 0.000000 0.000000 0.000000 1.012806 479.000000
 95.750000 1.010506 481.532794 0.000000 0.000000 0.000000 0.000000 1.010506 476.000000
 96.000000 1.012409 485.080248 0.000000 0.000000 0.000000 0.000000 1.012409 474.000000
 96.250000 1.014305 483.923389 0.000000 0.000000 0.000000 0.000000 1.014305 473.000000
 96.500000 1.014750 486.754959 0.569964 2.279855 0.000000 0.000000 1.014750 482.000000
 96.750000 1.010935 485.525978 0.000000 0.000000 0.000000 0.000000 1.010935 485.000000
 97.000000 1.012213 485.917563 0.000000 0.000000 0.000000 0.000000 1.012213 481.000000
 97.250000 1.012612 480.290269 0.000000 0.000000 0.000000 0.000000 1.012612 469.000000
 97.500000 1.012426 480.328384 0.000000 0.000000 0.000000 0.000000 1.012426 470.000000
 97.750000 1.011437 482.033841 0.000000 0.000000 0.000000 0.000000 1.011437 467.000000
 98.000000 1.014482 485.394606 0.000000 0.000000 0.000000 0.000000 1.014482 473.000000
 98.250000 1.012587 485.157785 0.000000 0.000000 0.000000 0.000000 1.012587 479.000000
 98.500000 1.008659 478.368935 0.000000 0.000000 0.000000 0.000000 1.008659 473.000000
 98.750000 1.014461 486.870881 0.758434 3.033737 0.000000 0.000000 1.014461 478.000000
 99.000000 1.013249 487.176048 1.383089 5.532357 0.000000 0.000000 1.013249 475.000000
 99.250000 1.008506 480.169993 0.000000 0.000000 0.000000 0.000000 1.008506 475.000000
 99.500000 1.011658 484.708204 0.000000 0.000000 0.000000 0.000000 1.011658 471.000000
 99.750000 1.016590 489.144215 9.886088 39.544354 0.000000 0.000000 1.016590 476.000000
 100.000000 1.012420 487.126135 1.268180 5.072722 0.000000 0.000000 1.012420 476.000000
 100.250000 1.008921 481.190557 0.000000 0.000000 0.000000 0.000000 1.008921 479.000000
