#! FIELDS time refcv.mean refcv.morethan uwall.bias uwall.force2 lwall.bias lwall.force2 refcv2.mean refcv2.morethan
 0.750000 0.889639 384.666961 0.000000 0.000000 0.000000 0.000000 0.932944 402.000000
 1.000000 0.866092 371.321249 0.000000 0.000000 0.000000 0.000000 0.912835 399.000000
 1.250000 0.855368 359.012343 0.000000 0.000000 0.000000 0.000000 0.902152 403.000000
 1.500000 0.851464 355.122961 0.000000 0.000000 0.000000 0.000000 0.897871 394.000000
 1.750000 0.847887 350.002971 0.000000 0.000000 0.000000 0.000000 0.895042 393.000000
 2.000000 0.856654 363.302011 0.000000 0.000000 0.000000 0.000000 0.903427 399.000000
 2.250000 0.851582 355.737685 0.000000 0.000000 0.000000 0.000000 0.898367 397.546074
 2.500000 0.845913 352.257237 0.000000 0.000000 0.000000 0.000000 0.893099 396.000000
 2.750000 0.853712 360.988310 0.000000 0.000000 0.000000 0.000000 0.900462 394.000000
 3.000000 0.852370 353.738605 0.000000 0.000000 0.000000 0.000000 0.899681 391.000000
 3.250000 0.852388 352.525445 0.000000 0.000000 0.000000 0.000000 0.899536 390.000000
 3.500000 0.848943 350.771836 0.000000 0.000000 0.000000 0.000000 0.895673 388.000000
 3.750000 0.843361 339.537515 0.000000 0.000000 0.000000 0.000000 0.890375 377.000000
 4.000000 0.850604 357.188769 0.000000 0.000000 0.000000 0.000000 0.897908 404.000000
 4.250000 0.859892 365.678230 0.000000 0.000000 0.000000 0.000000 0.907322 410.000000
 4.500000 0.853043 356.607720 0.000000 0.000000 0.000000 0.000000 0.900159 392.000000
 4.750000 0.846125 352.228892 0.000000 0.000000 0.000000 0.000000 0.892914 388.000000
 5.000000 0.847642 347.712666 0.000000 0.000000 0.000000 0.000000 0.894687 376.000000
 5.250000 0.856351 355.815924 0.000000 0.000000 0.000000 0.000000 0.903132 393.000000
 5.500000 0.851920 350.837389 0.000000 0.000000 0.000000 0.000000 0.899472 396.000000
 5.750000 0.853269 352.514847 0.000000 0.000000 0.000000 0.000000 0.900085 387.000000
 6.000000 0.852778 354.311805 0.000000 0.000000 0.000000 0.000000 0.899998 396.000000
 6.250000 0.854943 356.906279 0.000000 0.000000 0.000000 0.000000 0.902003 396.000000
 6.500000 0.851675 355.694804 0.000000 0.000000 0.000000 0.000000 0.898154 394.000000
 6.750000 0.847372 354.461170 0.000000 0.000000 0.000000 0.000000 0.893791 387.000000
 7.000000 0.852496 355.022542 0.000000 0.000000 0.000000 0.000000 0.898820 394.000000
 7.250000 0.856328 368.390983 0.000000 0.000000 0.000000 0.000000 0.902772 413.000000
 7.500000 0.847442 356.148589 0.000000 0.000000 0.000000 0.000000 0.894314 404.000000
 7.750000 0.841007 344.888127 0.000000 0.000000 0.000000 0.000000 0.887614 384.000000
 8.000000 0.843864 347.822908 0.000000 0.000000 0.000000 0.000000 0.890490 383.000000
 8.250000 0.847734 352.336315 0.000000 0.000000 0.000000 0.000000 0.894826 404.000000
 8.500000 0.845283 345.129274 0.000000 0.000000 0.000000 0.000000 0.892375 385.000000
 8.750000 0.838728 341.219554 0.000000 0.000000 0.000000 0.000000 0.885767 380.000000
 9.000000 0.841859 343.003648 0.000000 0.000000 0.000000 0.000000 0.888322 381.000000
 9.250000 0.844553 345.660299 0.000000 0.000000 0.000000 0.000000 0.891321 386.000000
 9.500000 0.836541 335.780490 0.000000 0.000000 0.048185 0.192739 0.884502 378.000000
 9.750000 0.846835 342.240104 0.000000 0.000000 0.000000 0.000000 0.893801 374.000000
 10.000000 0.842256 340.714056 0.000000 0.000000 0.000000 0.000000 0.889422 373.000000
 10.250000 0.845506 348.805349 0.000000 0.000000 0.000000 0.000000 0.892006 384.000000
 10.500000 0.840055 337.713923 0.000000 0.000000 0.000000 0.000000 0.886482 374.000000
 10.750000 0.836930 340.231045 0.000000 0.000000 0.000000 0.000000 0.883510 377.000000
 11.000000 0.837182 335.374478 0.000000 0.000000 0.391278 1.565111 0.883925 374.000000
 11.250000 0.840313 339.842983 0.000000 0.000000 0.000000 0.000000 0.887486 376.000000
 11.500000 0.844751 341.945436 0.000000 0.000000 0.000000 0.000000 0.891636 372.000000
 11.750000 0.841090 334.564347 0.000000 0.000000 2.061098 8.244393 0.888537 368.000000
 12.000000 0.842158 338.229453 0.000000 0.000000 0.000000 0.000000 0.889849 376.000000
 12.250000 0.842173 334.716704 0.000000 0.000000 1.646849 6.587395 0.890235 369.000000
 12.500000 0.846048 336.717469 0.000000 0.000000 0.000000 0.000000 0.893317 369.000000
 12.750000 0.843020 335.592788 0.000000 0.000000 0.165822 0.663286 0.890449 375.000000
 13.000000 0.841638 337.703854 0.000000 0.000000 0.000000 0.000000 0.889085 372.000000
 13.250000 0.840722 336.593925 0.000000 0.000000 0.000000 0.000000 0.887825 372.000000
 13.500000 0.842777 340.513863 0.000000 0.000000 0.000000 0.000000 0.890136 369.000000
 13.750000 0.842189 335.591265 0.000000 0.000000 0.167064 0.668256 0.889873 366.000000
 14.000000 0.838632 335.891842 0.000000 0.000000 0.011698 0.046792 0.885856 365.000000
 14.250000 0.842536 336.030110 0.000000 0.000000 0.000000 0.000000 0.889100 366.000000
 14.500000 0.845632 337.077078 0.000000 0.000000 0.000000 0.000000 0.892925 371.000000
 14.750000 0.842680 335.088294 0.000000 0.000000 0.831209 3.324835 0.890105 369.000000
 15.000000 0.842980 336.005619 0.000000 0.000000 0.000000 0.000000 0.889789 367.000000
 15.250000 0.838991 335.619127 0.000000 0.000000 0.145064 0.580256 0.886178 371.000000
 15.500000 0.840984 334.925218 0.000000 0.000000 1.155157 4.620629 0.888543 373.000000
 15.750000 0.844324 341.245991 0.000000 0.000000 0.000000 0.000000 0.891425 378.000000
 16.000000 0.843208 339.560690 0.000000 0.000000 0.000000 0.000000 0.890458 373.000000
 16.250000 0.841693 338.521227 0.000000 0.000000 0.000000 0.000000 0.889572 373.000000
 16.500000 0.840442 333.678496 0.000000 0.000000 5.389380 21.557521 0.887702 366.000000
 16.750000 0.838293 334.270269 0.000000 0.000000 2.991970 11.967881 0.885449 370.000000
 17.000000 0.844328 340.392664 0.000000 0.000000 0.000000 0.000000 0.892249 377.000000
 17.250000 0.844685 342.237344 0.000000 0.000000 0.000000 0.000000 0.892410 376.000000
 17.500000 0.841536 339.435041 0.000000 0.000000 0.000000 0.000000 0.888516 380.000000
 17.750000 0.845151 345.651319 0.000000 0.000000 0.000000 0.000000 0.892048 383.000000
 18.000000 0.842057 338.064719 0.000000 0.000000 0.000000 0.000000 0.889900 375.000000
 18.250000 0.843157 343.868612 0.000000 0.000000 0.000000 0.000000 0.890496 382.000000
 18.500000 0.842564 339.899186 0.000000 0.000000 0.000000 0.000000 0.889371 371.000000
 18.750000 0.843132 341.732846 0.000000 0.000000 0.000000 0.000000 0.890460 380.000000
 19.000000 0.836740 337.967961 0.000000 0.000000 0.000000 0.000000 0.884362 377.000000
 19.250000 0.839965 336.367014 0.000000 0.000000 0.000000 0.000000 0.887114 372.000000
 19.500000 0.836418 334.989487 0.000000 0.000000 1.021136 4.084545 0.884178 370.000000
 19.750000 0.848491 345.917084 0.000000 0.000000 0.000000 0.000000 0.895286 372.000000
 20.000000 0.849628 348.459715 0.000000 0.000000 0.000000 0.000000 0.897209 392.000000
 20.250000 0.848961 349.427129 0.000000 0.000000 0.000000 0.000000 0.896076 386.000000
 20.500000 0.850947 353.077738 0.000000 0.000000 0.000000 0.000000 0.897367 388.000000
 20.750000 0.841684 339.774474 0.000000 0.000000 0.000000 0.000000 0.889118 382.000000
 21.000000 0.845673 342.676088 0.000000 0.000000 0.000000 0.000000 0.892758 374.000000
 21.250000 0.842208 338.728858 0.000000 0.000000 0.000000 0.000000 0.889094 374.000000
 21.500000 0.843832 343.021680 0.000000 0.000000 0.000000 0.000000 0.890416 377.000000
 21.750000 0.843198 341.509922 0.000000 0.000000 0.000000 0.000000 0.890250 374.000000
 22.000000 0.836710 334.103067 0.000000 0.000000 3.598354 14.393418 0.884284 369.000000
 22.250000 0.838707 335.345846 0.000000 0.000000 0.427918 1.711672 0.885676 368.000000
 22.500000 0.840919 338.476975 0.000000 0.000000 0.000000 0.000000 0.888965 380.000000
 22.750000 0.843318 337.607361 0.000000 0.000000 0.000000 0.000000 0.891771 379.000000
 23.000000 0.839543 335.098274 0.000000 0.000000 0.813109 3.252437 0.886671 373.000000
 23.250000 0.834954 336.301609 0.000000 0.000000 0.000000 0.000000 0.881967 382.000000
 23.500000 0.843901 345.052564 0.000000 0.000000 0.000000 0.000000 0.890970 380.000000
 23.750000 0.846974 346.193136 0.000000 0.000000 0.000000 0.000000 0.894377 376.000000
 24.000000 0.842631 336.479086 0.000000 0.000000 0.000000 0.000000 0.889998 370.000000
 24.250000 0.840303 336.851425 0.000000 0.000000 0.000000 0.000000 0.887706 373.000000
 24.500000 0.846036 341.750531 0.000000 0.000000 0.000000 0.000000 0.893395 374.000000
 24.750000 0.841129 339.390647 0.000000 0.000000 0.000000 0.000000 0.888380 375.000000
 25.000000 0.844597 341.343692 0.000000 0.000000 0.000000 0.000000 0.891204 376.000000
 25.250000 0.840814 336.983957 0.000000 0.000000 0.000000 0.000000 0.888193 372.000000
 25.500000 0.843962 345.784947 0.000000 0.000000 0.000000 0.000000 0.890431 381.000000
 25.750000 0.838592 336.224327 0.000000 0.000000 0.000000 0.000000 0.885478 366.000000
 26.000000 0.843150 343.423079 0.000000 0.000000 0.000000 0.000000 0.890066 378.000000
 26.250000 0.845364 342.704325 0.000000 0.000000 0.000000 0.000000 0.892154 380.000000
 26.500000 0.845287 344.427433 0.000000 0.000000 0.000000 0.000000 0.892065 380.000000
 26.750000 0.844117 347.925635 0.000000 0.000000 0.000000 0.000000 0.891371 383.000000
 27.000000 0.844330 344.127533 0.000000 0.000000 0.000000 0.000000 0.891087 375.000000
 27.250000 0.842438 342.847071 0.000000 0.000000 0.000000 0.000000 0.889060 373.000000
 27.500000 0.836533 337.587962 0.000000 0.000000 0.000000 0.000000 0.883430 379.000000
 27.750000 0.841380 345.569932 0.000000 0.000000 0.000000 0.000000 0.888331 375.000000
 28.000000 0.843392 341.285849 0.000000 0.000000 0.000000 0.000000 0.890713 380.000000
 28.250000 0.845191 338.234727 0.000000 0.000000 0.000000 0.000000 0.892335 377.000000
 28.500000 0.844326 340.882121 0.000000 0.000000 0.000000 0.000000 0.891414 375.000000
 28.750000 0.846824 347.566637 0.000000 0.000000 0.000000 0.000000 0.893763 393.000000
 29.000000 0.846565 349.279846 0.000000 0.000000 0.000000 0.000000 0.893709 387.000000
 29.250000 0.840912 342.626336 0.000000 0.000000 0.000000 0.000000 0.888494 387.000000
 29.500000 0.839271 339.602042 0.000000 0.000000 0.000000 0.000000 0.886146 381.000000
 29.750000 0.840996 339.511000 0.000000 0.000000 0.000000 0.000000 0.888436 387.000000
 30.000000 0.853866 354.030857 0.000000 0.000000 0.000000 0.000000 0.900802 398.000000
 30.250000 0.839420 335.624435 0.000000 0.000000 0.141049 0.564196 0.887810 386.000000
 30.500000 0.847813 348.077741 0.000000 0.000000 0.000000 0.000000 0.894511 387.000000
 30.750000 0.844371 345.089969 0.000000 0.000000 0.000000 0.000000 0.891552 389.000000
 31.000000 0.847455 347.302831 0.000000 0.000000 0.000000 0.000000 0.894578 385.000000
 31.250000 0.844721 343.853615 0.000000 0.000000 0.000000 0.000000 0.891751 389.000000
 31.500000 0.838175 335.815520 0.000000 0.000000 0.034033 0.136131 0.885677 372.000000
 31.750000 0.841800 335.163075 0.000000 0.000000 0.700443 2.801773 0.889234 377.000000
 32.000000 0.845460 348.303405 0.000000 0.000000 0.000000 0.000000 0.893132 391.000000
 32.250000 0.845454 345.141690 0.000000 0.000000 0.000000 0.000000 0.893156 393.000000
 32.500000 0.846612 343.729514 0.000000 0.000000 0.000000 0.000000 0.893877 381.000000
 32.750000 0.843940 339.853479 0.000000 0.000000 0.000000 0.000000 0.890911 372.000000
 33.000000 0.842553 340.134417 0.000000 0.000000 0.000000 0.000000 0.889754 381.000000
 33.250000 0.839810 334.155020 0.000000 0.000000 3.403951 13.615806 0.887713 375.000000
 33.500000 0.840318 336.694337 0.000000 0.000000 0.000000 0.000000 0.887271 372.000000
 33.750000 0.838392 335.061368 0.000000 0.000000 0.881030 3.524119 0.885829 380.000000
 34.000000 0.844625 337.801380 0.000000 0.000000 0.000000 0.000000 0.892425 374.000000
 34.250000 0.850877 342.205763 0.000000 0.000000 0.000000 0.000000 0.898376 383.000000
 34.500000 0.849349 344.751753 0.000000 0.000000 0.000000 0.000000 0.897045 382.000000
 34.750000 0.848207 341.332229 0.000000 0.000000 0.000000 0.000000 0.895751 380.000000
 35.000000 0.845142 338.456492 0.000000 0.000000 0.000000 0.000000 0.892387 375.000000
 35.250000 0.846402 341.054581 0.000000 0.000000 0.000000 0.000000 0.893599 376.000000
 35.500000 0.840960 333.697613 0.000000 0.000000 5.300984 21.203937 0.889030 376.000000
 35.750000 0.843849 343.772647 0.000000 0.000000 0.000000 0.000000 0.890976 381.000000
 36.000000 0.845623 342.183028 0.000000 0.000000 0.000000 0.000000 0.892726 393.000000
 36.250000 0.846652 346.331007 0.000000 0.000000 0.000000 0.000000 0.894053 381.000000
 36.500000 0.842919 341.879684 0.000000 0.000000 0.000000 0.000000 0.890201 380.000000
 36.750000 0.846914 348.343376 0.000000 0.000000 0.000000 0.000000 0.893643 388.000000
 37.000000 0.849992 360.799856 0.000000 0.000000 0.000000 0.000000 0.897091 400.000000
 37.250000 0.851263 358.325173 0.000000 0.000000 0.000000 0.000000 0.897978 402.000000
 37.500000 0.843214 341.896717 0.000000 0.000000 0.000000 0.000000 0.890366 382.000000
 37.750000 0.843411 350.761492 0.000000 0.000000 0.000000 0.000000 0.890304 388.000000
 38.000000 0.845828 348.876731 0.000000 0.000000 0.000000 0.000000 0.892796 387.000000
 38.250000 0.849073 353.975562 0.000000 0.000000 0.000000 0.000000 0.895798 399.000000
 38.500000 0.846816 353.776371 0.000000 0.000000 0.000000 0.000000 0.893376 394.000000
 38.750000 0.844869 350.317363 0.000000 0.000000 0.000000 0.000000 0.891305 388.000000
 39.000000 0.846860 352.454612 0.000000 0.000000 0.000000 0.000000 0.893220 393.000000
 39.250000 0.845609 347.772416 0.000000 0.000000 0.000000 0.000000 0.892283 387.000000
 39.500000 0.848169 354.728773 0.000000 0.000000 0.000000 0.000000 0.894436 393.000000
 39.750000 0.848991 354.013572 0.000000 0.000000 0.000000 0.000000 0.895387 398.000000
 40.000000 0.856735 359.700974 0.000000 0.000000 0.000000 0.000000 0.903127 410.000000
 40.250000 0.845336 345.748881 0.000000 0.000000 0.000000 0.000000 0.892932 394.000000
 40.500000 0.843609 341.787145 0.000000 0.000000 0.000000 0.000000 0.890315 385.000000
 40.750000 0.846737 358.336879 0.000000 0.000000 0.000000 0.000000 0.892531 391.000000
 41.000000 0.847183 353.143119 0.000000 0.000000 0.000000 0.000000 0.893975 395.000000
 41.250000 0.849055 356.306509 0.000000 0.000000 0.000000 0.000000 0.895983 395.000000
 41.500000 0.849272 351.225935 0.000000 0.000000 0.000000 0.000000 0.896062 395.000000
 41.750000 0.851084 353.585356 0.000000 0.000000 0.000000 0.000000 0.897464 391.000000
 42.000000 0.841124 343.573892 0.000000 0.000000 0.000000 0.000000 0.888204 382.000000
 42.250000 0.844688 346.134013 0.000000 0.000000 0.000000 0.000000 0.890851 381.000000
 42.500000 0.840036 339.771699 0.000000 0.000000 0.000000 0.000000 0.887188 383.000000
 42.750000 0.846992 347.296426 0.000000 0.000000 0.000000 0.000000 0.894061 385.000000
 43.000000 0.845769 347.216665 0.000000 0.000000 0.000000 0.000000 0.893502 388.000000
 43.250000 0.846849 348.454942 0.000000 0.000000 0.000000 0.000000 0.894343 391.000000
 43.500000 0.851222 353.757368 0.000000 0.000000 0.000000 0.000000 0.898305 396.000000
 43.750000 0.854145 360.533118 0.000000 0.000000 0.000000 0.000000 0.901054 402.000000
 44.000000 0.856450 363.760754 0.000000 0.000000 0.000000 0.000000 0.903643 408.000000
 44.250000 0.848629 351.637105 0.000000 0.000000 0.000000 0.000000 0.896015 399.000000
 44.500000 0.849599 356.017095 0.000000 0.000000 0.000000 0.000000 0.896309 398.000000
 44.750000 0.845902 347.856729 0.000000 0.000000 0.000000 0.000000 0.892899 381.000000
 45.000000 0.849162 353.254434 0.000000 0.000000 0.000000 0.000000 0.895991 385.000000
 45.250000 0.843913 341.888285 0.000000 0.000000 0.000000 0.000000 0.890488 386.000000
 45.500000 0.847901 356.068476 0.000000 0.000000 0.000000 0.000000 0.893332 394.000000
 45.750000 0.845735 352.204876 0.000000 0.000000 0.000000 0.000000 0.892104 393.000000
 46.000000 0.854812 358.269516 0.000000 0.000000 0.000000 0.000000 0.901709 391.000000
 46.250000 0.859109 368.097223 0.000000 0.000000 0.000000 0.000000 0.905508 405.000000
 46.500000 0.852921 364.156928 0.000000 0.000000 0.000000 0.000000 0.899213 403.000000
 46.750000 0.846526 351.392112 0.000000 0.000000 0.000000 0.000000 0.893348 397.000000
 47.000000 0.849297 359.053442 0.000000 0.000000 0.000000 0.000000 0.896084 400.000000
 47.250000 0.850050 353.332996 0.000000 0.000000 0.000000 0.000000 0.896834 394.000000
 47.500000 0.853031 357.599742 0.000000 0.000000 0.000000 0.000000 0.899995 394.000000
 47.750000 0.849496 351.270887 0.000000 0.000000 0.000000 0.000000 0.896401 387.000000
 48.000000 0.850473 355.344819 0.000000 0.000000 0.000000 0.000000 0.896849 392.000000
 48.250000 0.853431 359.775347 0.000000 0.000000 0.000000 0.000000 0.899399 391.000000
 48.500000 0.854675 364.229351 0.000000 0.000000 0.000000 0.000000 0.901117 399.000000
 48.750000 0.851845 356.090235 0.000000 0.000000 0.000000 0.000000 0.898558 400.000000
 49.000000 0.853470 362.341568 0.000000 0.000000 0.000000 0.000000 0.899867 406.000000
 49.250000 0.845056 352.732626 0.000000 0.000000 0.000000 0.000000 0.891921 402.000000
 49.500000 0.853741 361.386383 0.000000 0.000000 0.000000 0.000000 0.899686 401.000000
 49.750000 0.853436 361.011223 0.000000 0.000000 0.000000 0.000000 0.899869 401.000000
 50.000000 0.850227 358.638484 0.000000 0.000000 0.000000 0.000000 0.896665 397.000000
 50.250000 0.850014 359.369843 0.000000 0.000000 0.000000 0.000000 0.896353 400.000000
 50.500000 0.849654 355.567048 0.000000 0.000000 0.000000 0.000000 0.896550 396.000000
 50.750000 0.849200 355.099680 0.000000 0.000000 0.000000 0.000000 0.895724 396.000000
 51.000000 0.847990 355.613330 0.000000 0.000000 0.000000 0.000000 0.894324 397.000000
 51.250000 0.848787 355.742586 0.000000 0.000000 0.000000 0.000000 0.894638 394.000000
 51.500000 0.843342 343.369140 0.000000 0.000000 0.000000 0.000000 0.889678 391.000000
 51.750000 0.848205 350.009548 0.000000 0.000000 0.000000 0.000000 0.895113 397.000000
 52.000000 0.845184 343.642598 0.000000 0.000000 0.000000 0.000000 0.892440 393.000000
 52.250000 0.847136 352.122848 0.000000 0.000000 0.000000 0.000000 0.893366 405.000000
 52.500000 0.846259 350.422173 0.000000 0.000000 0.000000 0.000000 0.892586 394.000000
 52.750000 0.849640 352.415371 0.000000 0.000000 0.000000 0.000000 0.896334 397.000000
 53.000000 0.848154 347.265321 0.000000 0.000000 0.000000 0.000000 0.895250 391.000000
 53.250000 0.847231 349.939337 0.000000 0.000000 0.000000 0.000000 0.893990 381.000000
 53.500000 0.844284 342.630128 0.000000 0.000000 0.000000 0.000000 0.890897 386.000000
 53.750000 0.846248 344.601769 0.000000 0.000000 0.000000 0.000000 0.893010 381.000000
 54.000000 0.850615 355.185009 0.000000 0.000000 0.000000 0.000000 0.897320 393.000000
 54.250000 0.850786 355.937587 0.000000 0.000000 0.000000 0.000000 0.897829 395.000000
 54.500000 0.853173 357.779228 0.000000 0.000000 0.000000 0.000000 0.899594 395.000000
 54.750000 0.851998 355.782750 0.000000 0.000000 0.000000 0.000000 0.898401 394.000000
 55.000000 0.850252 347.247303 0.000000 0.000000 0.000000 0.000000 0.897377 390.000000
 55.250000 0.851021 353.507317 0.000000 0.000000 0.000000 0.000000 0.899063 390.000000
 55.500000 0.854334 352.554390 0.000000 0.000000 0.000000 0.000000 0.901894 391.000000
 55.750000 0.852926 358.700269 0.000000 0.000000 0.000000 0.000000 0.899200 394.000000
 56.000000 0.852477 359.469197 0.000000 0.000000 0.000000 0.000000 0.898784 398.000000
 56.250000 0.858167 364.545435 0.000000 0.000000 0.000000 0.000000 0.904698 400.000000
 56.500000 0.855020 363.140338 0.000000 0.000000 0.000000 0.000000 0.901542 405.000000
 56.750000 0.857904 365.148535 0.000000 0.000000 0.000000 0.000000 0.904175 404.000000
 57.000000 0.855713 359.264049 0.000000 0.000000 0.000000 0.000000 0.902579 399.000000
 57.250000 0.848325 354.709284 0.000000 0.000000 0.000000 0.000000 0.895580 402.000000
 57.500000 0.849576 359.925857 0.000000 0.000000 0.000000 0.000000 0.896216 405.000000
 57.750000 0.852584 360.052622 0.000000 0.000000 0.000000 0.000000 0.899586 410.000000
 58.000000 0.854764 359.677881 0.000000 0.000000 0.000000 0.000000 0.901487 397.000000
 58.250000 0.850759 357.407655 0.000000 0.000000 0.000000 0.000000 0.897540 403.000000
 58.500000 0.851013 357.564224 0.000000 0.000000 0.000000 0.000000 0.897947 403.000000
 58.750000 0.851530 357.790713 0.000000 0.000000 0.000000 0.000000 0.898599 401.000000
 59.000000 0.852905 359.147784 0.000000 0.000000 0.000000 0.000000 0.899951 400.000000
 59.250000 0.850747 354.688766 0.000000 0.000000 0.000000 0.000000 0.897432 396.000000
 59.500000 0.845993 351.627046 0.000000 0.000000 0.000000 0.000000 0.892819 395.000000
 59.750000 0.847597 347.272308 0.000000 0.000000 0.000000 0.000000 0.894735 392.000000
 60.000000 0.851097 353.976009 0.000000 0.000000 0.000000 0.000000 0.898298 399.000000
 60.250000 0.851709 358.452545 0.000000 0.000000 0.000000 0.000000 0.898556 401.000000
 60.500000 0.847129 350.373833 0.000000 0.000000 0.000000 0.000000 0.893373 385.000000
 60.750000 0.844885 346.204506 0.000000 0.000000 0.000000 0.000000 0.891952 385.000000
 61.000000 0.852116 356.155650 0.000000 0.000000 0.000000 0.000000 0.899444 396.000000
 61.250000 0.845699 346.971885 0.000000 0.000000 0.000000 0.000000 0.893451 385.000000
 61.500000 0.841590 340.735067 0.000000 0.000000 0.000000 0.000000 0.888665 380.000000
 61.750000 0.849126 351.764422 0.000000 0.000000 0.000000 0.000000 0.895595 392.000000
 62.000000 0.841307 337.377967 0.000000 0.000000 0.000000 0.000000 0.889124 386.000000
 62.250000 0.847635 348.765474 0.000000 0.000000 0.000000 0.000000 0.894549 386.000000
 62.500000 0.840751 340.408202 0.000000 0.000000 0.000000 0.000000 0.887696 389.000000
 62.750000 0.845912 344.014076 0.000000 0.000000 0.000000 0.000000 0.892853 387.000000
 63.000000 0.852426 356.138953 0.000000 0.000000 0.000000 0.000000 0.899621 400.000000
 63.250000 0.845672 339.262975 0.000000 0.000000 0.000000 0.000000 0.893526 388.000000
 63.500000 0.846910 347.578829 0.000000 0.000000 0.000000 0.000000 0.893587 394.000000
 63.750000 0.842758 339.172806 0.000000 0.000000 0.000000 0.000000 0.890175 382.000000
 64.000000 0.845207 342.069899 0.000000 0.000000 0.000000 0.000000 0.892546 376.000000
 64.250000 0.844539 342.939033 0.000000 0.000000 0.000000 0.000000 0.891982 385.000000
 64.500000 0.843026 339.080944 0.000000 0.000000 0.000000 0.000000 0.890570 388.000000
 64.750000 0.845560 340.889300 0.000000 0.000000 0.000000 0.000000 0.892718 377.000000
 65.000000 0.847296 346.636725 0.000000 0.000000 0.000000 0.000000 0.894247 386.000000
 65.250000 0.850237 352.441681 0.000000 0.000000 0.000000 0.000000 0.897114 395.000000
 65.500000 0.852653 357.437084 0.000000 0.000000 0.000000 0.000000 0.899625 390.000000
 65.750000 0.847258 347.985019 0.000000 0.000000 0.000000 0.000000 0.894276 384.000000
 66.000000 0.841610 337.578553 0.000000 0.000000 0.000000 0.000000 0.888833 383.000000
 66.250000 0.846858 342.422223 0.000000 0.000000 0.000000 0.000000 0.893706 381.000000
 66.500000 0.843508 347.338077 0.000000 0.000000 0.000000 0.000000 0.890672 401.000000
 66.750000 0.844208 350.647268 0.000000 0.000000 0.000000 0.000000 0.890749 383.000000
 67.000000 0.842604 345.673401 0.000000 0.000000 0.000000 0.000000 0.888801 385.000000
 67.250000 0.841861 340.641577 0.000000 0.000000 0.000000 0.000000 0.888963 379.000000
 67.500000 0.848254 346.528352 0.000000 0.000000 0.000000 0.000000 0.895374 384.000000
 67.750000 0.841481 342.642495 0.000000 0.000000 0.000000 0.000000 0.888406 384.000000
 68.000000 0.839497 339.094658 0.000000 0.000000 0.000000 0.000000 0.886094 384.000000
 68.250000 0.843154 342.548899 0.000000 0.000000 0.000000 0.000000 0.890286 381.000000
 68.500000 0.843713 340.772330 0.000000 0.000000 0.000000 0.000000 0.891041 378.000000
 68.750000 0.843409 338.334339 0.000000 0.000000 0.000000 0.000000 0.891127 382.000000
 69.000000 0.849712 348.868963 0.000000 0.000000 0.000000 0.000000 0.897251 395.000000
 69.250000 0.844119 340.050132 0.000000 0.000000 0.000000 0.000000 0.891578 386.000000
 69.500000 0.841621 343.854238 0.000000 0.000000 0.000000 0.000000 0.888158 379.000000
 69.750000 0.839813 342.485385 0.000000 0.000000 0.000000 0.000000 0.886132 378.000000
 70.000000 0.841417 343.858070 0.000000 0.000000 0.000000 0.000000 0.888845 381.000000
 70.250000 0.849756 347.016532 0.000000 0.000000 0.000000 0.000000 0.896936 373.000000
 70.500000 0.841188 339.288275 0.000000 0.000000 0.000000 0.000000 0.887643 378.000000
 70.750000 0.839138 340.371987 0.000000 0.000000 0.000000 0.000000 0.885402 382.000000
 71.000000 0.846049 345.138442 0.000000 0.000000 0.000000 0.000000 0.892987 382.000000
 71.250000 0.847535 348.869428 0.000000 0.000000 0.000000 0.000000 0.894495 386.000000
 71.500000 0.840122 338.377938 0.000000 0.000000 0.000000 0.000000 0.886839 381.000000
 71.750000 0.843346 340.878535 0.000000 0.000000 0.000000 0.000000 0.890311 377.000000
 72.000000 0.844794 337.333803 0.000000 0.000000 0.000000 0.000000 0.892332 372.000000
 72.250000 0.842691 343.196900 0.000000 0.000000 0.000000 0.000000 0.889837 382.000000
 72.500000 0.840701 338.615576 0.000000 0.000000 0.000000 0.000000 0.887441 371.000000
 72.750000 0.843307 345.777836 0.000000 0.000000 0.000000 0.000000 0.890270 382.000000
 73.000000 0.843150 350.860748 0.000000 0.000000 0.000000 0.000000 0.890130 386.000000
 73.250000 0.844426 348.878669 0.000000 0.000000 0.000000 0.000000 0.890711 384.000000
 73.500000 0.842487 346.607670 0.000000 0.000000 0.000000 0.000000 0.889434 384.000000
 73.750000 0.852032 355.380401 0.000000 0.000000 0.000000 0.000000 0.898897 398.000000
 74.000000 0.854804 358.498421 0.000000 0.000000 0.000000 0.000000 0.901666 398.000000
 74.250000 0.850495 351.353473 0.000000 0.000000 0.000000 0.000000 0.897508 393.000000
 74.500000 0.849619 353.614574 0.000000 0.000000 0.000000 0.000000 0.896070 388.000000
 74.750000 0.844328 345.172809 0.000000 0.000000 0.000000 0.000000 0.891128 392.000000
 75.000000 0.848711 353.257776 0.000000 0.000000 0.000000 0.000000 0.894962 396.000000
 75.250000 0.850857 353.663524 0.000000 0.000000 0.000000 0.000000 0.896998 391.000000
 75.500000 0.849487 354.160947 0.000000 0.000000 0.000000 0.000000 0.896089 394.000000
 75.750000 0.845394 345.767578 0.000000 0.000000 0.000000 0.000000 0.892472 385.000000
 76.000000 0.844983 347.151654 0.000000 0.000000 0.000000 0.000000 0.891491 391.000000
 76.250000 0.837688 335.568390 0.000000 0.000000 0.186287 0.745150 0.884080 371.000000
 76.500000 0.851323 355.410065 0.000000 0.000000 0.000000 0.000000 0.897116 393.000000
 76.750000 0.847294 349.759326 0.000000 0.000000 0.000000 0.000000 0.894450 395.000000
 77.000000 0.849748 350.338979 0.000000 0.000000 0.000000 0.000000 0.895971 390.000000
 77.250000 0.840607 341.234984 0.000000 0.000000 0.000000 0.000000 0.887056 381.000000
 77.500000 0.841100 346.891994 0.000000 0.000000 0.000000 0.000000 0.887345 385.000000
 77.750000 0.846495 346.933450 0.000000 0.000000 0.000000 0.000000 0.892896 386.000000
 78.000000 0.846971 345.336401 0.000000 0.000000 0.000000 0.000000 0.894431 394.000000
 78.250000 0.844879 341.851745 0.000000 0.000000 0.000000 0.000000 0.892358 380.000000
 78.500000 0.844400 345.323194 0.000000 0.000000 0.000000 0.000000 0.891719 392.000000
 78.750000 0.850953 352.969779 0.000000 0.000000 0.000000 0.000000 0.898504 392.000000
 79.000000 0.849184 348.549102 0.000000 0.000000 0.000000 0.000000 0.896657 389.000000
 79.250000 0.845874 345.879016 0.000000 0.000000 0.000000 0.000000 0.892713 396.000000
 79.500000 0.841572 335.758745 0.000000 0.000000 0.058204 0.232817 0.889053 384.000000
 79.750000 0.841111 338.723808 0.000000 0.000000 0.000000 0.000000 0.889520 393.000000
 80.000000 0.851768 351.126663 0.000000 0.000000 0.000000 0.000000 0.898881 398.000000
 80.250000 0.842323 344.289140 0.000000 0.000000 0.000000 0.000000 0.889387 386.000000
 80.500000 0.834854 336.852178 0.000000 0.000000 0.000000 0.000000 0.881719 383.000000
 80.750000 0.842880 347.115043 0.000000 0.000000 0.000000 0.000000 0.889789 393.000000
 81.000000 0.851758 353.995729 0.000000 0.000000 0.000000 0.000000 0.899333 396.000000
 81.250000 0.854236 355.892592 0.000000 0.000000 0.000000 0.000000 0.901710 393.000000
 81.500000 0.850802 352.885729 0.000000 0.000000 0.000000 0.000000 0.897738 390.000000
 81.750000 0.845781 344.705898 0.000000 0.000000 0.000000 0.000000 0.892374 383.000000
 82.000000 0.847835 345.898331 0.000000 0.000000 0.000000 0.000000 0.894809 384.000000
 82.250000 0.844943 341.328865 0.000000 0.000000 0.000000 0.000000 0.892498 385.000000
 82.500000 0.843455 337.596310 0.000000 0.000000 0.000000 0.000000 0.890460 376.000000
 82.750000 0.845379 349.239685 0.000000 0.000000 0.000000 0.000000 0.892151 389.000000
 83.000000 0.841497 335.712661 0.000000 0.000000 0.082564 0.330254 0.889338 367.000000
 83.250000 0.842098 338.974372 0.000000 0.000000 0.000000 0.000000 0.889708 381.000000
 83.500000 0.839582 337.206620 0.000000 0.000000 0.000000 0.000000 0.886695 381.000000
 83.750000 0.843196 341.440555 0.000000 0.000000 0.000000 0.000000 0.890645 382.000000
 84.000000 0.848880 346.377816 0.000000 0.000000 0.000000 0.000000 0.896006 386.000000
 84.250000 0.845996 341.202054 0.000000 0.000000 0.000000 0.000000 0.893110 388.000000
 84.500000 0.841560 336.182448 0.000000 0.000000 0.000000 0.000000 0.888576 375.000000
 84.750000 0.844957 338.866359 0.000000 0.000000 0.000000 0.000000 0.892298 377.000000
 85.000000 0.844785 340.274402 0.000000 0.000000 0.000000 0.000000 0.892596 378.000000
 85.250000 0.847647 343.345605 0.000000 0.000000 0.000000 0.000000 0.894610 383.000000
 85.500000 0.844313 346.895799 0.000000 0.000000 0.000000 0.000000 0.891738 395.000000
 85.750000 0.846889 340.158377 0.000000 0.000000 0.000000 0.000000 0.894451 383.000000
 86.000000 0.844642 340.573876 0.000000 0.000000 0.000000 0.000000 0.892030 378.000000
 86.250000 0.844736 341.920408 0.000000 0.000000 0.000000 0.000000 0.891665 377.000000
 86.500000 0.840617 335.925042 0.000000 0.000000 0.005619 0.022475 0.888337 377.000000
 86.750000 0.847589 345.178611 0.000000 0.000000 0.000000 0.000000 0.895316 382.000000
 87.000000 0.844339 339.039430 0.000000 0.000000 0.000000 0.000000 0.891835 372.000000
 87.250000 0.838061 334.612013 0.000000 0.000000 1.926507 7.706027 0.885401 380.000000
 87.500000 0.839423 335.573017 0.000000 0.000000 0.182315 0.729259 0.887008 375.000000
 87.750000 0.843632 340.897073 0.000000 0.000000 0.000000 0.000000 0.890919 381.000000
 88.000000 0.842848 339.322736 0.000000 0.000000 0.000000 0.000000 0.889971 382.000000
 88.250000 0.846022 339.380565 0.000000 0.000000 0.000000 0.000000 0.893228 372.000000
 88.500000 0.841799 334.928016 0.000000 0.000000 1.149150 4.596601 0.889341 384.000000
 88.750000 0.841724 335.891844 0.000000 0.000000 0.011698 0.046791 0.889803 385.000000
 89.000000 0.845871 340.852029 0.000000 0.000000 0.000000 0.000000 0.893477 385.000000
 89.250000 0.839144 335.370146 0.000000 0.000000 0.396716 1.586866 0.886129 378.000000
 89.500000 0.843187 339.259002 0.000000 0.000000 0.000000 0.000000 0.889801 384.000000
 89.750000 0.855032 357.544953 0.000000 0.000000 0.000000 0.000000 0.902102 400.000000
 90.000000 0.854869 360.428887 0.000000 0.000000 0.000000 0.000000 0.902099 407.000000
 90.250000 0.847887 347.026293 0.000000 0.000000 0.000000 0.000000 0.894392 389.000000
 90.500000 0.845491 343.791459 0.000000 0.000000 0.000000 0.000000 0.892775 393.000000
 90.750000 0.850140 351.562719 0.000000 0.000000 0.000000 0.000000 0.897205 395.000000
 91.000000 0.851318 348.163496 0.000000 0.000000 0.000000 0.000000 0.898384 385.000000
 91.250000 0.849613 346.027241 0.000000 0.000000 0.000000 0.000000 0.897092 384.000000
 91.500000 0.844902 343.277349 0.000000 0.000000 0.000000 0.000000 0.892606 383.000000
 91.750000 0.845212 345.946466 0.000000 0.000000 0.000000 0.000000 0.892248 387.000000
 92.000000 0.845760 341.653672 0.000000 0.000000 0.000000 0.000000 0.892600 378.000000
 92.250000 0.849176 349.672579 0.000000 0.000000 0.000000 0.000000 0.895811 387.000000
 92.500000 0.845877 347.243043 0.000000 0.000000 0.000000 0.000000 0.893272 389.000000
 92.750000 0.850702 350.779350 0.000000 0.000000 0.000000 0.000000 0.897970 389.000000
 93.000000 0.846932 344.853080 0.000000 0.000000 0.000000 0.000000 0.894177 383.000000
 93.250000 0.845377 346.631926 0.000000 0.000000 0.000000 0.000000 0.892488 384.000000
 93.500000 0.845845 343.624193 0.000000 0.000000 0.000000 0.000000 0.893385 382.000000
 93.750000 0.843781 343.339496 0.000000 0.000000 0.000000 0.000000 0.891305 381.000000
 94.000000 0.839409 335.863405 0.000000 0.000000 0.018658 0.074632 0.886821 382.000000
 94.250000 0.845318 343.878143 0.000000 0.000000 0.000000 0.000000 0.892411 385.000000
 94.500000 0.845369 339.876726 0.000000 0.000000 0.000000 0.000000 0.893109 376.000000
 94.750000 0.843542 339.979003 0.000000 0.000000 0.000000 0.000000 0.891467 379.000000
 95.000000 0.837553 337.217610 0.000000 0.000000 0.000000 0.000000 0.884759 381.000000
 95.250000 0.838317 340.042098 0.000000 0.000000 0.000000 0.000000 0.884865 377.000000
 95.500000 0.843986 343.812224 0.000000 0.000000 0.000000 0.000000 0.890955 380.000000
 95.750000 0.842744 339.933588 0.000000 0.000000 0.000000 0.000000 0.890761 380.000000
 96.000000 0.844981 336.719465 0.000000 0.000000 0.000000 0.000000 0.892950 376.000000
 96.250000 0.840168 336.261770 0.000000 0.000000 0.000000 0.000000 0.887520 376.000000
 96.500000 0.839443 337.518386 0.000000 0.000000 0.000000 0.000000 0.886718 379.000000
 96.750000 0.847800 345.286096 0.000000 0.000000 0.000000 0.000000 0.894871 388.000000
 97.000000 0.841400 337.466395 0.000000 0.000000 0.000000 0.000000 0.889001 380.000000
 97.250000 0.843480 337.352003 0.000000 0.000000 0.000000 0.000000 0.891526 375.000000
 97.500000 0.846434 341.500095 0.000000 0.000000 0.000000 0.000000 0.894046 386.000000
 97.750000 0.841868 337.535270 0.000000 0.000000 0.000000 0.000000 0.889152 384.000000
 98.000000 0.843738 338.103362 0.000000 0.000000 0.000000 0.000000 0.890606 372.000000
 98.250000 0.842137 336.324266 0.000000 0.000000 0.000000 0.000000 0.889797 371.000000
 98.500000 0.841615 335.887019 0.000000 0.000000 0.012765 0.051059 0.889662 377.000000
 98.750000 0.841505 335.263885 0.000000 0.000000 0.541866 2.167463 0.889492 382.000000
 99.000000 0.841036 336.229387 0.000000 0.000000 0.000000 0.000000 0.889293 386.000000
 99.250000 0.838924 333.782591 0.000000 0.000000 4.916902 19.667608 0.886947 376.000000
 99.500000 0.839956 335.307111 0.000000 0.000000 0.480095 1.920382 0.887330 372.000000
 99.750000 0.841390 340.866247 0.000000 0.000000 0.000000 0.000000 0.888869 376.000000
 100.000000 0.842697 338.656160 0.000000 0.000000 0.000000 0.000000 0.890816 379.000000
 100.250000 0.842379 336.995589 0.000000 0.000000 0.000000 0.000000 0.890477 388.000000
 100.500000 0.836554 335.658939 0.000000 0.000000 0.116322 0.465290 0.884439 383.000000
