#! FIELDS time refcv.mean refcv.morethan uwall.bias uwall.force2 lwall.bias lwall.force2 refcv2.mean refcv2.morethan
 0.750000 0.715143 653.995406 0.000000 0.000000 0.000000 0.000000 0.715143 649.000000
 1.000000 0.725759 692.026292 0.000000 0.000000 0.000000 0.000000 0.725759 683.000000
 1.250000 0.717615 676.113861 0.000000 0.000000 0.000000 0.000000 0.717615 673.000000
 1.500000 0.721533 687.508013 0.000000 0.000000 0.000000 0.000000 0.721533 691.000000
 1.750000 0.727532 700.070847 0.000000 0.000000 0.000000 0.000000 0.727532 696.000000
 2.000000 0.719074 687.157668 0.000000 0.000000 0.000000 0.000000 0.719074 684.000000
 2.250000 0.718640 682.468336 0.000000 0.000000 0.000000 0.000000 0.718640 679.000000
 2.500000 0.720196 690.377292 0.000000 0.000000 0.000000 0.000000 0.720196 701.000000
 2.750000 0.722346 693.025540 0.000000 0.000000 0.000000 0.000000 0.722346 693.000000
 3.000000 0.728909 697.859526 0.000000 0.000000 0.000000 0.000000 0.728909 696.000000
 3.250000 0.728739 708.626792 0.000000 0.000000 0.000000 0.000000 0.728739 709.000000
 3.500000 0.726858 698.368976 0.000000 0.000000 0.000000 0.000000 0.726858 695.000000
 3.750000 0.730770 699.814893 0.000000 0.000000 0.000000 0.000000 0.730770 692.000000
 4.000000 0.728233 689.128712 0.000000 0.000000 0.000000 0.000000 0.728233 678.000000
 4.250000 0.729855 699.264469 0.000000 0.000000 0.000000 0.000000 0.729855 691.000000
 4.500000 0.725382 695.234952 0.000000 0.000000 0.000000 0.000000 0.725382 690.000000
 4.750000 0.730636 699.996775 0.000000 0.000000 0.000000 0.000000 0.730636 698.000000
 5.000000 0.729985 708.132352 0.000000 0.000000 0.000000 0.000000 0.729985 709.000000
 5.250000 0.733099 709.122691 0.000000 0.000000 0.000000 0.000000 0.733099 707.000000
 5.500000 0.727159 698.871315 0.000000 0.000000 0.000000 0.000000 0.727159 694.000000
 5.750000 0.718405 690.344239 0.000000 0.000000 0.000000 0.000000 0.718405 697.000000
 6.000000 0.724273 704.288027 0.000000 0.000000 0.000000 0.000000 0.724273 706.000000
 6.250000 0.727809 704.797359 0.000000 0.000000 0.000000 0.000000 0.727809 706.000000
 6.500000 0.727588 699.319018 0.000000 0.000000 0.000000 0.000000 0.727588 697.000000
 6.750000 0.725723 689.739619 0.000000 0.000000 0.000000 0.000000 0.725723 690.000000
 7.000000 0.733559 704.369599 0.000000 0.000000 0.000000 0.000000 0.733559 702.000000
 7.250000 0.732999 701.730079 0.000000 0.000000 0.000000 0.000000 0.732999 697.000000
 7.500000 0.730107 697.956584 0.000000 0.000000 0.000000 0.000000 0.730107 695.000000
 7.750000 0.731950 697.404448 0.000000 0.000000 0.000000 0.000000 0.731950 698.000000
 8.000000 0.729352 700.292539 0.000000 0.000000 0.000000 0.000000 0.729352 694.000000
 8.250000 0.725825 690.422360 0.000000 0.000000 0.000000 0.000000 0.725825 692.000000
 8.500000 0.731727 702.522284 0.000000 0.000000 0.000000 0.000000 0.731727 706.000000
 8.750000 0.729855 703.461262 0.000000 0.000000 0.000000 0.000000 0.729855 697.000000
 9.000000 0.724464 676.331218 0.000000 0.000000 0.000000 0.000000 0.724464 667.000000
 9.250000 0.727461 682.194077 0.000000 0.000000 0.000000 0.000000 0.727461 675.000000
 9.500000 0.727977 687.334581 0.000000 0.000000 0.000000 0.000000 0.727977 686.000000
 9.750000 0.725969 691.392768 0.000000 0.000000 0.000000 0.000000 0.725969 685.000000
 10.000000 0.724213 688.963748 0.000000 0.000000 0.000000 0.000000 0.724213 684.000000
 10.250000 0.727968 695.034761 0.000000 0.000000 0.000000 0.000000 0.727968 693.000000
 10.500000 0.721565 683.327340 0.000000 0.000000 0.000000 0.000000 0.721565 681.000000
 10.750000 0.720205 672.831402 0.000000 0.000000 0.000000 0.000000 0.720205 665.000000
 11.000000 0.726816 691.705574 0.000000 0.000000 0.000000 0.000000 0.726816 691.000000
 11.250000 0.726035 679.312552 0.000000 0.000000 0.000000 0.000000 0.726035 676.000000
 11.500000 0.722666 682.154933 0.000000 0.000000 0.000000 0.000000 0.722666 681.000000
 11.750000 0.726029 690.146099 0.000000 0.000000 0.000000 0.000000 0.726029 685.000000
 12.000000 0.724234 688.204966 0.000000 0.000000 0.000000 0.000000 0.724234 690.000000
 12.250000 0.721062 680.152277 0.000000 0.000000 0.000000 0.000000 0.721062 684.000000
 12.500000 0.725963 694.864666 0.000000 0.000000 0.000000 0.000000 0.725963 699.000000
 12.750000 0.722882 679.843259 0.000000 0.000000 0.000000 0.000000 0.722882 676.000000
 13.000000 0.725942 686.860152 0.000000 0.000000 0.000000 0.000000 0.725942 692.000000
 13.250000 0.718738 669.547071 0.000000 0.000000 0.000000 0.000000 0.718738 669.000000
 13.500000 0.720927 671.926264 0.000000 0.000000 0.000000 0.000000 0.720927 668.000000
 13.750000 0.719600 676.302904 0.000000 0.000000 0.000000 0.000000 0.719600 681.000000
 14.000000 0.723635 682.268956 0.000000 0.000000 0.000000 0.000000 0.723635 683.000000
 14.250000 0.720801 683.472712 0.000000 0.000000 0.000000 0.000000 0.720801 681.000000
 14.500000 0.718923 677.906703 0.000000 0.000000 0.000000 0.000000 0.718923 677.000000
 14.750000 0.721074 685.285900 0.000000 0.000000 0.000000 0.000000 0.721074 687.000000
 15.000000 0.726592 684.047307 0.000000 0.000000 0.000000 0.000000 0.726592 680.000000
 15.250000 0.722326 685.457745 0.000000 0.000000 0.000000 0.000000 0.722326 685.000000
 15.500000 0.720506 678.898880 0.000000 0.000000 0.000000 0.000000 0.720506 675.000000
 15.750000 0.723947 682.630693 0.000000 0.000000 0.000000 0.000000 0.723947 679.000000
 16.000000 0.721193 678.503551 0.000000 0.000000 0.000000 0.000000 0.721193 679.000000
 16.250000 0.716416 668.338222 0.000000 0.000000 0.000000 0.000000 0.716416 667.000000
 16.500000 0.713164 665.341864 0.000000 0.000000 0.000000 0.000000 0.713164 661.000000
 16.750000 0.717075 670.337196 0.000000 0.000000 0.000000 0.000000 0.717075 670.000000
 17.000000 0.721917 683.548808 0.000000 0.000000 0.000000 0.000000 0.721917 679.000000
 17.250000 0.723529 677.698503 0.000000 0.000000 0.000000 0.000000 0.723529 674.000000
 17.500000 0.713673 660.710045 0.000000 0.000000 0.000000 0.000000 0.713673 665.000000
 17.750000 0.717337 670.639538 0.000000 0.000000 0.000000 0.000000 0.717337 667.000000
 18.000000 0.715978 673.674122 0.000000 0.000000 0.000000 0.000000 0.715978 671.000000
 18.250000 0.719671 677.237948 0.000000 0.000000 0.000000 0.000000 0.719671 683.000000
 18.500000 0.717430 668.361384 0.000000 0.000000 0.000000 0.000000 0.717430 668.000000
 18.750000 0.717061 661.544499 0.000000 0.000000 0.000000 0.000000 0.717061 656.000000
 19.000000 0.718506 675.876689 0.000000 0.000000 0.000000 0.000000 0.718506 674.000000
 19.250000 0.715451 671.530507 0.000000 0.000000 0.000000 0.000000 0.715451 675.000000
 19.500000 0.716832 673.146064 0.000000 0.000000 0.000000 0.000000 0.716832 673.000000
 19.750000 0.719125 666.595815 0.000000 0.000000 0.000000 0.000000 0.719125 657.000000
 20.000000 0.719781 682.741240 0.000000 0.000000 0.000000 0.000000 0.719781 681.000000
 20.250000 0.717360 674.348894 0.000000 0.000000 0.000000 0.000000 0.717360 672.000000
 20.500000 0.714114 668.972034 0.000000 0.000000 0.000000 0.000000 0.714114 662.000000
 20.750000 0.719187 677.666901 0.000000 0.000000 0.000000 0.000000 0.719187 676.000000
 21.000000 0.716178 660.310170 0.000000 0.000000 0.000000 0.000000 0.716178 662.000000
 21.250000 0.717703 659.183941 0.000000 0.000000 0.000000 0.000000 0.717703 659.000000
 21.500000 0.715558 667.218210 0.000000 0.000000 0.000000 0.000000 0.715558 670.000000
 21.750000 0.717643 674.604968 0.000000 0.000000 0.000000 0.000000 0.717643 677.000000
 22.000000 0.715138 663.049120 0.000000 0.000000 0.000000 0.000000 0.715138 659.000000
 22.250000 0.710034 653.133089 0.000000 0.000000 0.000000 0.000000 0.710034 660.000000
 22.500000 0.718044 679.818096 0.000000 0.000000 0.000000 0.000000 0.718044 675.000000
 22.750000 0.721123 676.916624 0.000000 0.000000 0.000000 0.000000 0.721123 672.000000
 23.000000 0.721152 672.045718 0.000000 0.000000 0.000000 0.000000 0.721152 671.000000
 23.250000 0.722007 680.171340 0.000000 0.000000 0.000000 0.000000 0.722007 679.000000
 23.500000 0.718579 678.783252 0.000000 0.000000 0.000000 0.000000 0.718579 674.000000
 23.750000 0.717443 670.641052 0.000000 0.000000 0.000000 0.000000 0.717443 666.000000
 24.000000 0.713195 659.535362 0.000000 0.000000 0.000000 0.000000 0.713195 657.000000
 24.250000 0.720045 677.480500 0.000000 0.000000 0.000000 0.000000 0.720045 674.000000
 24.500000 0.713798 655.585633 0.000000 0.000000 0.000000 0.000000 0.713798 654.000000
 24.750000 0.715642 666.847410 0.000000 0.000000 0.000000 0.000000 0.715642 665.000000
 25.000000 0.718620 670.007447 0.000000 0.000000 0.000000 0.000000 0.718620 670.000000
 25.250000 0.718466 667.660432 0.000000 0.000000 0.000000 0.000000 0.718466 667.000000
 25.500000 0.721508 675.768668 0.000000 0.000000 0.000000 0.000000 0.721508 670.000000
 25.750000 0.712846 660.281640 0.000000 0.000000 0.000000 0.000000 0.712846 660.000000
 26.000000 0.712221 658.948184 0.000000 0.000000 0.000000 0.000000 0.712221 656.000000
 26.250000 0.721111 681.960019 0.000000 0.000000 0.000000 0.000000 0.721111 677.000000
 26.500000 0.720052 674.934265 0.000000 0.000000 0.000000 0.000000 0.720052 668.000000
 26.750000 0.714741 662.282247 0.000000 0.000000 0.000000 0.000000 0.714741 653.000000
 27.000000 0.715674 665.446148 0.000000 0.000000 0.000000 0.000000 0.715674 669.000000
 27.250000 0.716368 667.268254 0.000000 0.000000 0.000000 0.000000 0.716368 675.000000
 27.500000 0.716006 665.531211 0.000000 0.000000 0.000000 0.000000 0.716006 663.000000
 27.750000 0.717297 675.113100 0.000000 0.000000 0.000000 0.000000 0.717297 675.000000
 28.000000 0.719838 678.623469 0.000000 0.000000 0.000000 0.000000 0.719838 678.000000
 28.250000 0.719615 669.682144 0.000000 0.000000 0.000000 0.000000 0.719615 670.000000
 28.500000 0.724286 680.131579 0.000000 0.000000 0.000000 0.000000 0.724286 676.000000
 28.750000 0.722389 684.367517 0.000000 0.000000 0.000000 0.000000 0.722389 686.000000
 29.000000 0.714302 666.538301 0.000000 0.000000 0.000000 0.000000 0.714302 667.000000
 29.250000 0.716012 657.270084 0.000000 0.000000 0.000000 0.000000 0.716012 660.000000
 29.500000 0.721765 673.015097 0.000000 0.000000 0.000000 0.000000 0.721765 668.000000
 29.750000 0.717930 669.097607 0.000000 0.000000 0.000000 0.000000 0.717930 664.000000
 30.000000 0.713973 664.270567 0.000000 0.000000 0.000000 0.000000 0.713973 667.000000
 30.250000 0.717010 664.499773 0.000000 0.000000 0.000000 0.000000 0.717010 663.000000
 30.500000 0.719425 671.369555 0.000000 0.000000 0.000000 0.000000 0.719425 663.000000
 30.750000 0.720274 666.009446 0.000000 0.000000 0.000000 0.000000 0.720274 664.000000
 31.000000 0.718155 663.659800 0.000000 0.000000 0.000000 0.000000 0.718155 657.000000
 31.250000 0.723650 680.993868 0.000000 0.000000 0.000000 0.000000 0.723650 674.000000
 31.500000 0.714365 662.097090 0.000000 0.000000 0.000000 0.000000 0.714365 657.000000
 31.750000 0.715440 666.080172 0.000000 0.000000 0.000000 0.000000 0.715440 663.000000
 32.000000 0.715151 660.274119 0.000000 0.000000 0.000000 0.000000 0.715151 654.000000
 32.250000 0.719087 674.518748 0.000000 0.000000 0.000000 0.000000 0.719087 675.000000
 32.500000 0.719515 661.260918 0.000000 0.000000 0.000000 0.000000 0.719515 652.000000
 32.750000 0.718316 660.462309 0.000000 0.000000 0.000000 0.000000 0.718316 655.000000
 33.000000 0.716143 660.905836 0.000000 0.000000 0.000000 0.000000 0.716143 654.000000
 33.250000 0.711874 653.935066 0.000000 0.000000 0.000000 0.000000 0.711874 653.000000
 33.500000 0.716110 648.978002 0.000000 0.000000 1.044479 4.177918 0.716110 640.000000
 33.750000 0.708768 653.531482 0.000000 0.000000 0.000000 0.000000 0.708768 655.000000
 34.000000 0.715110 660.275324 0.000000 0.000000 0.000000 0.000000 0.715110 653.000000
 34.250000 0.718015 665.490568 0.000000 0.000000 0.000000 0.000000 0.718015 666.000000
 34.500000 0.720017 665.905521 0.000000 0.000000 0.000000 0.000000 0.720017 659.000000
 34.750000 0.713893 657.163617 0.000000 0.000000 0.000000 0.000000 0.713893 657.000000
 35.000000 0.711623 655.973944 0.000000 0.000000 0.000000 0.000000 0.711623 661.000000
 35.250000 0.716368 664.400409 0.000000 0.000000 0.000000 0.000000 0.716368 664.000000
 35.500000 0.718323 662.637670 0.000000 0.000000 0.000000 0.000000 0.718323 664.000000
 35.750000 0.711845 652.762973 0.000000 0.000000 0.000000 0.000000 0.711845 651.000000
 36.000000 0.715492 658.078057 0.000000 0.000000 0.000000 0.000000 0.715492 656.000000
 36.250000 0.713550 654.497334 0.000000 0.000000 0.000000 0.000000 0.713550 656.000000
 36.500000 0.714017 656.062166 0.000000 0.000000 0.000000 0.000000 0.714017 655.000000
 36.750000 0.714016 656.612602 0.000000 0.000000 0.000000 0.000000 0.714016 658.000000
 37.000000 0.718501 663.125200 0.000000 0.000000 0.000000 0.000000 0.718501 657.000000
 37.250000 0.718521 661.950452 0.000000 0.000000 0.000000 0.000000 0.718521 661.000000
 37.500000 0.714657 654.552014 0.000000 0.000000 0.000000 0.000000 0.714657 650.000000
 37.750000 0.714356 658.097141 0.000000 0.000000 0.000000 0.000000 0.714356 653.000000
 38.000000 0.714493 655.136231 0.000000 0.000000 0.000000 0.000000 0.714493 650.000000
 38.250000 0.714647 651.736379 0.000000 0.000000 0.000000 0.000000 0.714647 648.000000
 38.500000 0.713499 648.476574 0.000000 0.000000 2.320828 9.283310 0.713499 646.000000
 38.750000 0.715771 655.012379 0.000000 0.000000 0.000000 0.000000 0.715771 651.000000
 39.000000 0.712372 650.709739 0.000000 0.000000 0.000000 0.000000 0.712372 649.000000
 39.250000 0.716211 657.843397 0.000000 0.000000 0.000000 0.000000 0.716211 650.000000
 39.500000 0.715332 653.522908 0.000000 0.000000 0.000000 0.000000 0.715332 654.000000
 39.750000 0.720125 656.778366 0.000000 0.000000 0.000000 0.000000 0.720125 656.000000
 40.000000 0.717018 651.351328 0.000000 0.000000 0.000000 0.000000 0.717018 642.000000
 40.250000 0.716428 658.381447 0.000000 0.000000 0.000000 0.000000 0.716428 648.000000
 40.500000 0.718247 653.069711 0.000000 0.000000 0.000000 0.000000 0.718247 645.000000
 40.750000 0.712796 649.514568 0.000000 0.000000 0.235644 0.942575 0.712796 655.000000
 41.000000 0.712388 649.744557 0.000000 0.000000 0.065251 0.261004 0.712388 649.000000
 41.250000 0.711005 652.641915 0.000000 0.000000 0.000000 0.000000 0.711005 650.000000
 41.500000 0.713450 650.959717 0.000000 0.000000 0.000000 0.000000 0.713450 650.000000
 41.750000 0.711851 650.080222 0.000000 0.000000 0.000000 0.000000 0.711851 647.000000
 42.000000 0.715923 656.117408 0.000000 0.000000 0.000000 0.000000 0.715923 649.000000
 42.250000 0.710038 650.218454 0.000000 0.000000 0.000000 0.000000 0.710038 647.000000
 42.500000 0.710447 649.639113 0.000000 0.000000 0.130240 0.520959 0.710447 646.000000
 42.750000 0.712726 650.136952 0.000000 0.000000 0.000000 0.000000 0.712726 650.000000
 43.000000 0.710921 647.742431 0.000000 0.000000 5.096619 20.386476 0.710921 651.000000
 43.250000 0.714128 648.683977 0.000000 0.000000 1.731917 6.927668 0.714128 645.000000
 43.500000 0.714861 649.531836 0.000000 0.000000 0.219178 0.876711 0.714861 643.000000
 43.750000 0.718006 663.399012 0.000000 0.000000 0.000000 0.000000 0.718006 657.000000
 44.000000 0.714258 651.172213 0.000000 0.000000 0.000000 0.000000 0.714258 652.000000
 44.250000 0.713171 649.634363 0.000000 0.000000 0.133690 0.534761 0.713171 650.000000
 44.500000 0.717491 654.269966 0.000000 0.000000 0.000000 0.000000 0.717491 652.000000
 44.750000 0.718839 658.424828 0.000000 0.000000 0.000000 0.000000 0.718839 653.000000
 45.000000 0.713806 649.249150 0.000000 0.000000 0.563776 2.255103 0.713806 643.000000
 45.250000 0.710742 647.751805 0.000000 0.000000 5.054383 20.217531 0.710742 649.000000
 45.500000 0.715307 653.916019 0.000000 0.000000 0.000000 0.000000 0.715307 651.000000
 45.750000 0.716734 649.857109 0.000000 0.000000 0.020418 0.081672 0.716734 646.000000
 46.000000 0.716177 655.144812 0.000000 0.000000 0.000000 0.000000 0.716177 653.000000
 46.250000 0.714706 655.420342 0.000000 0.000000 0.000000 0.000000 0.714706 654.000000
 46.500000 0.711954 649.275784 0.000000 0.000000 0.524488 2.097952 0.711954 646.000000
 46.750000 0.716149 659.357511 0.000000 0.000000 0.000000 0.000000 0.716149 657.000000
 47.000000 0.720018 655.651793 0.000000 0.000000 0.000000 0.000000 0.720018 649.000000
 47.250000 0.715921 655.024791 0.000000 0.000000 0.000000 0.000000 0.715921 646.000000
 47.500000 0.716547 652.660524 0.000000 0.000000 0.000000 0.000000 0.716547 645.000000
 47.750000 0.712711 647.513971 0.000000 0.000000 6.180338 24.721351 0.712711 646.000000
 48.000000 0.711808 649.037075 0.000000 0.000000 0.927224 3.708895 0.711808 642.000000
 48.250000 0.713495 655.828400 0.000000 0.000000 0.000000 0.000000 0.713495 654.000000
 48.500000 0.713486 656.706493 0.000000 0.000000 0.000000 0.000000 0.713486 653.000000
 48.750000 0.708285 650.714950 0.000000 0.000000 0.000000 0.000000 0.708285 648.000000
 49.000000 0.714769 658.789921 0.000000 0.000000 0.000000 0.000000 0.714769 659.000000
 49.250000 0.712716 659.052401 0.000000 0.000000 0.000000 0.000000 0.712716 659.000000
 49.500000 0.715407 664.684774 0.000000 0.000000 0.000000 0.000000 0.715407 666.000000
 49.750000 0.709986 650.725207 0.000000 0.000000 0.000000 0.000000 0.709986 651.000000
 50.000000 0.711195 650.160657 0.000000 0.000000 0.000000 0.000000 0.711195 645.000000
 50.250000 0.709569 650.253526 0.000000 0.000000 0.000000 0.000000 0.709569 645.000000
 50.500000 0.717634 662.679317 0.000000 0.000000 0.000000 0.000000 0.717634 658.000000
 50.750000 0.717537 665.581630 0.000000 0.000000 0.000000 0.000000 0.717537 662.000000
 51.000000 0.718251 657.287424 0.000000 0.000000 0.000000 0.000000 0.718251 654.000000
 51.250000 0.715572 659.674632 0.000000 0.000000 0.000000 0.000000 0.715572 657.000000
 51.500000 0.707983 648.883442 0.000000 0.000000 1.246701 4.986804 0.707983 657.000000
 51.750000 0.710583 651.669905 0.000000 0.000000 0.000000 0.000000 0.710583 646.000000
 52.000000 0.713490 653.901062 0.000000 0.000000 0.000000 0.000000 0.713490 651.000000
 52.250000 0.709627 651.291533 0.000000 0.000000 0.000000 0.000000 0.709627 653.000000
 52.500000 0.712118 651.755698 0.000000 0.000000 0.000000 0.000000 0.712118 647.000000
 52.750000 0.710541 656.382611 0.000000 0.000000 0.000000 0.000000 0.710541 650.000000
 53.000000 0.714016 651.301017 0.000000 0.000000 0.000000 0.000000 0.714016 643.000000
 53.250000 0.713919 656.842883 0.000000 0.000000 0.000000 0.000000 0.713919 659.000000
 53.500000 0.708476 655.352113 0.000000 0.000000 0.000000 0.000000 0.708476 655.000000
 53.750000 0.709538 651.903652 0.000000 0.000000 0.000000 0.000000 0.709538 650.000000
 54.000000 0.719629 656.827543 0.000000 0.000000 0.000000 0.000000 0.719629 650.000000
 54.250000 0.715398 658.522385 0.000000 0.000000 0.000000 0.000000 0.715398 658.000000
 54.500000 0.713934 659.223733 0.000000 0.000000 0.000000 0.000000 0.713934 657.000000
 54.750000 0.708811 654.054278 0.000000 0.000000 0.000000 0.000000 0.708811 660.000000
 55.000000 0.713001 653.622753 0.000000 0.000000 0.000000 0.000000 0.713001 649.000000
 55.250000 0.710360 652.475889 0.000000 0.000000 0.000000 0.000000 0.710360 649.000000
 55.500000 0.706936 648.642429 0.000000 0.000000 1.842999 7.371996 0.706936 642.000000
 55.750000 0.712016 648.912058 0.000000 0.000000 1.183618 4.734473 0.712016 644.000000
 56.000000 0.711542 658.694742 0.000000 0.000000 0.000000 0.000000 0.711542 659.000000
 56.250000 0.715597 649.840950 0.000000 0.000000 0.025297 0.101188 0.715597 648.000000
 56.500000 0.712655 649.809872 0.000000 0.000000 0.036149 0.144594 0.712655 646.000000
 56.750000 0.710868 650.111034 0.000000 0.000000 0.000000 0.000000 0.710868 646.000000
 57.000000 0.714958 657.424049 0.000000 0.000000 0.000000 0.000000 0.714958 652.000000
 57.250000 0.714796 651.656552 0.000000 0.000000 0.000000 0.000000 0.714796 649.000000
 57.500000 0.713603 650.343257 0.000000 0.000000 0.000000 0.000000 0.713603 655.000000
 57.750000 0.713981 657.457629 0.000000 0.000000 0.000000 0.000000 0.713981 654.000000
 58.000000 0.713351 652.577943 0.000000 0.000000 0.000000 0.000000 0.713351 651.000000
 58.250000 0.712736 651.354354 0.000000 0.000000 0.000000 0.000000 0.712736 644.000000
 58.500000 0.712534 652.287051 0.000000 0.000000 0.000000 0.000000 0.712534 650.000000
 58.750000 0.712931 656.633654 0.000000 0.000000 0.000000 0.000000 0.712931 655.000000
 59.000000 0.716207 660.867373 0.000000 0.000000 0.000000 0.000000 0.716207 662.000000
 59.250000 0.714200 653.557645 0.000000 0.000000 0.000000 0.000000 0.714200 648.000000
 59.500000 0.716339 658.221962 0.000000 0.000000 0.000000 0.000000 0.716339 657.000000
 59.750000 0.712044 650.985204 0.000000 0.000000 0.000000 0.000000 0.712044 645.000000
 60.000000 0.714174 649.232523 0.000000 0.000000 0.589020 2.356082 0.714174 641.000000
 60.250000 0.714967 659.085351 0.000000 0.000000 0.000000 0.000000 0.714967 662.000000
 60.500000 0.713861 652.010392 0.000000 0.000000 0.000000 0.000000 0.713861 646.000000
 60.750000 0.714835 654.976027 0.000000 0.000000 0.000000 0.000000 0.714835 653.000000
 61.000000 0.714580 651.864567 0.000000 0.000000 0.000000 0.000000 0.714580 650.000000
 61.250000 0.715314 648.413867 0.000000 0.000000 2.515817 10.063269 0.715314 643.000000
 61.500000 0.715861 653.140996 0.000000 0.000000 0.000000 0.000000 0.715861 649.000000
 61.750000 0.716678 668.371864 0.000000 0.000000 0.000000 0.000000 0.716678 671.000000
 62.000000 0.715672 648.968314 0.000000 0.000000 1.064376 4.257506 0.715672 644.000000
 62.250000 0.715656 650.937187 0.000000 0.000000 0.000000 0.000000 0.715656 647.000000
 62.500000 0.713188 653.307447 0.000000 0.000000 0.000000 0.000000 0.713188 647.000000
 62.750000 0.714172 648.656243 0.000000 0.000000 1.805682 7.222728 0.714172 640.000000
 63.000000 0.716038 656.664732 0.000000 0.000000 0.000000 0.000000 0.716038 653.000000
 63.250000 0.710499 647.550982 0.000000 0.000000 5.997690 23.990761 0.710499 647.000000
 63.500000 0.713286 654.248470 0.000000 0.000000 0.000000 0.000000 0.713286 648.000000
 63.750000 0.714218 651.720708 0.000000 0.000000 0.000000 0.000000 0.714218 649.000000
 64.000000 0.710393 653.238835 0.000000 0.000000 0.000000 0.000000 0.710393 651.000000
 64.250000 0.709640 649.372334 0.000000 0.000000 0.393964 1.575857 0.709640 649.000000
 64.500000 0.712968 652.178331 0.000000 0.000000 0.000000 0.000000 0.712968 643.000000
 64.750000 0.712857 648.157739 0.000000 0.000000 3.393925 13.575699 0.712857 640.000000
 65.000000 0.716438 654.262840 0.000000 0.000000 0.000000 0.000000 0.716438 650.000000
 65.250000 0.712179 650.653990 0.000000 0.000000 0.000000 0.000000 0.712179 650.000000
 65.500000 0.716343 651.044492 0.000000 0.000000 0.000000 0.000000 0.716343 645.000000
 65.750000 0.714208 651.094396 0.000000 0.000000 0.000000 0.000000 0.714208 647.000000
 66.000000 0.710642 652.272556 0.000000 0.000000 0.000000 0.000000 0.710642 645.000000
 66.250000 0.711354 650.771213 0.000000 0.000000 0.000000 0.000000 0.711354 649.000000
 66.500000 0.715911 652.957658 0.000000 0.000000 0.000000 0.000000 0.715911 653.000000
 66.750000 0.719329 664.686449 0.000000 0.000000 0.000000 0.000000 0.719329 659.000000
 67.000000 0.714271 650.489617 0.000000 0.000000 0.000000 0.000000 0.714271 647.000000
 67.250000 0.712398 651.458953 0.000000 0.000000 0.000000 0.000000 0.712398 653.000000
 67.500000 0.712923 652.371698 0.000000 0.000000 0.000000 0.000000 0.712923 654.000000
 67.750000 0.709299 650.509511 0.000000 0.000000 0.000000 0.000000 0.709299 648.000000
 68.000000 0.709116 648.798053 0.000000 0.000000 1.444676 5.778705 0.709116 646.000000
 68.250000 0.715356 654.061852 0.000000 0.000000 0.000000 0.000000 0.715356 653.000000
 68.500000 0.712509 653.453808 0.000000 0.000000 0.000000 0.000000 0.712509 648.000000
 68.750000 0.716670 655.348404 0.000000 0.000000 0.000000 0.000000 0.716670 655.000000
 69.000000 0.717601 655.061113 0.000000 0.000000 0.000000 0.000000 0.717601 653.000000
 69.250000 0.711599 652.578755 0.000000 0.000000 0.000000 0.000000 0.711599 645.000000
 69.500000 0.712743 648.847580 0.000000 0.000000 1.328072 5.312289 0.712743 642.000000
 69.750000 0.720211 664.067209 0.000000 0.000000 0.000000 0.000000 0.720211 667.000000
 70.000000 0.712973 657.995392 0.000000 0.000000 0.000000 0.000000 0.712973 662.000000
 70.250000 0.714409 653.092042 0.000000 0.000000 0.000000 0.000000 0.714409 650.000000
 70.500000 0.716656 655.835457 0.000000 0.000000 0.000000 0.000000 0.716656 653.000000
 70.750000 0.710705 648.887786 0.000000 0.000000 1.237019 4.948077 0.710705 649.000000
 71.000000 0.715218 661.122193 0.000000 0.000000 0.000000 0.000000 0.715218 663.000000
 71.250000 0.714698 662.447439 0.000000 0.000000 0.000000 0.000000 0.714698 655.000000
 71.500000 0.717977 661.905511 0.000000 0.000000 0.000000 0.000000 0.717977 659.000000
 71.750000 0.716402 654.559798 0.000000 0.000000 0.000000 0.000000 0.716402 654.000000
 72.000000 0.714303 656.845967 0.000000 0.000000 0.000000 0.000000 0.714303 657.000000
 72.250000 0.710070 650.589263 0.000000 0.000000 0.000000 0.000000 0.710070 647.000000
 72.500000 0.711126 650.347648 0.000000 0.000000 0.000000 0.000000 0.711126 647.000000
 72.750000 0.712387 652.346155 0.000000 0.000000 0.000000 0.000000 0.712387 657.000000
 73.000000 0.719923 654.929313 0.000000 0.000000 0.000000 0.000000 0.719923 648.000000
 73.250000 0.712502 650.705856 0.000000 0.000000 0.000000 0.000000 0.712502 659.000000
 73.500000 0.712569 649.593928 0.000000 0.000000 0.164894 0.659576 0.712569 647.000000
 73.750000 0.713270 651.648605 0.000000 0.000000 0.000000 0.000000 0.713270 650.000000
 74.000000 0.713604 648.392691 0.000000 0.000000 2.583441 10.333764 0.713604 642.000000
 74.250000 0.710865 649.457003 0.000000 0.000000 0.294845 1.179381 0.710865 647.000000
 74.500000 0.715058 652.632316 0.000000 0.000000 0.000000 0.000000 0.715058 647.000000
 74.750000 0.710650 649.875638 0.000000 0.000000 0.015466 0.061863 0.710650 645.000000
 75.000000 0.710095 646.938207 0.000000 0.000000 9.374578 37.498313 0.710095 643.000000
 75.250000 0.711186 651.323421 0.000000 0.000000 0.000000 0.000000 0.711186 653.000000
 75.500000 0.715686 652.267751 0.000000 0.000000 0.000000 0.000000 0.715686 643.000000
 75.750000 0.713306 649.311201 0.000000 0.000000 0.474444 1.897774 0.713306 643.000000
 76.000000 0.712198 653.726787 0.000000 0.000000 0.000000 0.000000 0.712198 654.000000
 76.250000 0.711550 650.082136 0.000000 0.000000 0.000000 0.000000 0.711550 642.000000
 76.500000 0.717764 658.283320 0.000000 0.000000 0.000000 0.000000 0.717764 652.000000
 76.750000 0.713936 662.744891 0.000000 0.000000 0.000000 0.000000 0.713936 659.000000
 77.000000 0.710418 654.942245 0.000000 0.000000 0.000000 0.000000 0.710418 659.000000
 77.250000 0.711089 654.936062 0.000000 0.000000 0.000000 0.000000 0.711089 654.000000
 77.500000 0.712680 652.658873 0.000000 0.000000 0.000000 0.000000 0.712680 649.000000
 77.750000 0.712920 650.192719 0.000000 0.000000 0.000000 0.000000 0.712920 643.000000
 78.000000 0.714251 650.949747 0.000000 0.000000 0.000000 0.000000 0.714251 649.000000
 78.250000 0.715216 651.421818 0.000000 0.000000 0.000000 0.000000 0.715216 653.000000
 78.500000 0.715212 651.231707 0.000000 0.000000 0.000000 0.000000 0.715212 652.000000
 78.750000 0.712519 649.114548 0.000000 0.000000 0.784026 3.136103 0.712519 650.000000
 79.000000 0.713733 652.019546 0.000000 0.000000 0.000000 0.000000 0.713733 651.000000
 79.250000 0.715344 658.418108 0.000000 0.000000 0.000000 0.000000 0.715344 651.000000
 79.500000 0.713676 648.481650 0.000000 0.000000 2.305388 9.221552 0.713676 644.000000
 79.750000 0.713604 650.069625 0.000000 0.000000 0.000000 0.000000 0.713604 647.000000
 80.000000 0.716682 654.711313 0.000000 0.000000 0.000000 0.000000 0.716682 654.000000
 80.250000 0.714705 649.846834 0.000000 0.000000 0.023460 0.093840 0.714705 645.000000
 80.500000 0.713744 649.635646 0.000000 0.000000 0.132754 0.531015 0.713744 649.000000
 80.750000 0.715626 649.733443 0.000000 0.000000 0.071052 0.284210 0.715626 640.000000
 81.000000 0.713611 648.920108 0.000000 0.000000 1.166166 4.664665 0.713611 652.000000
 81.250000 0.715383 650.589651 0.000000 0.000000 0.000000 0.000000 0.715383 645.000000
 81.500000 0.714504 650.320565 0.000000 0.000000 0.000000 0.000000 0.714504 643.000000
 81.750000 0.716037 652.097326 0.000000 0.000000 0.000000 0.000000 0.716037 647.000000
 82.000000 0.715070 650.020431 0.000000 0.000000 0.000000 0.000000 0.715070 647.000000
 82.250000 0.714147 649.622673 0.000000 0.000000 0.142376 0.569502 0.714147 648.000000
 82.500000 0.713893 648.088892 0.000000 0.000000 3.652335 14.609338 0.713893 641.000000
 82.750000 0.716669 657.243655 0.000000 0.000000 0.000000 0.000000 0.716669 655.000000
 83.000000 0.715844 656.091163 0.000000 0.000000 0.000000 0.000000 0.715844 649.000000
 83.250000 0.716533 664.196156 0.000000 0.000000 0.000000 0.000000 0.716533 662.000000
 83.500000 0.714329 659.560900 0.000000 0.000000 0.000000 0.000000 0.714329 656.000000
 83.750000 0.717914 653.552641 0.000000 0.000000 0.000000 0.000000 0.717914 646.000000
 84.000000 0.713014 654.489217 0.000000 0.000000 0.000000 0.000000 0.713014 650.000000
 84.250000 0.714137 650.439956 0.000000 0.000000 0.000000 0.000000 0.714137 648.000000
 84.500000 0.716540 654.298946 0.000000 0.000000 0.000000 0.000000 0.716540 651.000000
 84.750000 0.709985 650.231224 0.000000 0.000000 0.000000 0.000000 0.709985 646.000000
 85.000000 0.711435 651.032179 0.000000 0.000000 0.000000 0.000000 0.711435 647.000000
 85.250000 0.715274 652.909423 0.000000 0.000000 0.000000 0.000000 0.715274 644.000000
 85.500000 0.715569 649.659727 0.000000 0.000000 0.115786 0.463144 0.715569 646.000000
 85.750000 0.718072 664.535259 0.000000 0.000000 0.000000 0.000000 0.718072 659.000000
 86.000000 0.712705 651.983739 0.000000 0.000000 0.000000 0.000000 0.712705 654.000000
 86.250000 0.713271 653.660849 0.000000 0.000000 0.000000 0.000000 0.713271 650.000000
 86.500000 0.715463 652.805163 0.000000 0.000000 0.000000 0.000000 0.715463 651.000000
 86.750000 0.711515 648.717276 0.000000 0.000000 1.645380 6.581519 0.711515 653.000000
 87.000000 0.716350 664.157739 0.000000 0.000000 0.000000 0.000000 0.716350 661.000000
 87.250000 0.712072 651.748387 0.000000 0.000000 0.000000 0.000000 0.712072 654.000000
 87.500000 0.711435 650.104852 0.000000 0.000000 0.000000 0.000000 0.711435 639.000000
 87.750000 0.710672 651.087208 0.000000 0.000000 0.000000 0.000000 0.710672 651.000000
 88.000000 0.710517 649.659137 0.000000 0.000000 0.116187 0.464749 0.710517 650.000000
 88.250000 0.715623 649.281817 0.000000 0.000000 0.515787 2.063148 0.715623 644.000000
 88.500000 0.718502 663.830815 0.000000 0.000000 0.000000 0.000000 0.718502 660.000000
 88.750000 0.715438 652.159964 0.000000 0.000000 0.000000 0.000000 0.715438 650.000000
 89.000000 0.719556 673.568890 0.000000 0.000000 0.000000 0.000000 0.719556 676.000000
 89.250000 0.716887 663.618673 0.000000 0.000000 0.000000 0.000000 0.716887 665.000000
 89.500000 0.717229 663.676236 0.000000 0.000000 0.000000 0.000000 0.717229 662.000000
 89.750000 0.712964 651.773318 0.000000 0.000000 0.000000 0.000000 0.712964 651.000000
 90.000000 0.718142 662.377325 0.000000 0.000000 0.000000 0.000000 0.718142 662.000000
 90.250000 0.718811 663.346846 0.000000 0.000000 0.000000 0.000000 0.718811 657.000000
 90.500000 0.720231 667.702440 0.000000 0.000000 0.000000 0.000000 0.720231 662.000000
 90.750000 0.712325 658.117549 0.000000 0.000000 0.000000 0.000000 0.712325 655.000000
 91.000000 0.718019 659.795092 0.000000 0.000000 0.000000 0.000000 0.718019 659.000000
 91.250000 0.714181 657.968526 0.000000 0.000000 0.000000 0.000000 0.714181 655.000000
 91.500000 0.714306 656.531142 0.000000 0.000000 0.000000 0.000000 0.714306 657.000000
 91.750000 0.716885 665.194980 0.000000 0.000000 0.000000 0.000000 0.716885 664.000000
 92.000000 0.713726 663.936248 0.000000 0.000000 0.000000 0.000000 0.713726 663.000000
 92.250000 0.712668 649.514821 0.000000 0.000000 0.235398 0.941594 0.712668 650.000000
 92.500000 0.716319 660.064219 0.000000 0.000000 0.000000 0.000000 0.716319 657.000000
 92.750000 0.711394 657.502401 0.000000 0.000000 0.000000 0.000000 0.711394 655.000000
 93.000000 0.717861 659.258470 0.000000 0.000000 0.000000 0.000000 0.717861 655.000000
 93.250000 0.718629 660.482531 0.000000 0.000000 0.000000 0.000000 0.718629 662.000000
 93.500000 0.721813 670.725875 0.000000 0.000000 0.000000 0.000000 0.721813 673.000000
 93.750000 0.713600 649.901669 0.000000 0.000000 0.009669 0.038676 0.713600 653.000000
 94.000000 0.714533 657.777869 0.000000 0.000000 0.000000 0.000000 0.714533 653.000000
 94.250000 0.713034 654.976469 0.000000 0.000000 0.000000 0.000000 0.713034 655.000000
 94.500000 0.717104 665.246879 0.000000 0.000000 0.000000 0.000000 0.717104 657.000000
 94.750000 0.714171 653.966800 0.000000 0.000000 0.000000 0.000000 0.714171 654.000000
 95.000000 0.713842 655.710788 0.000000 0.000000 0.000000 0.000000 0.713842 652.000000
 95.250000 0.714866 655.118078 0.000000 0.000000 0.000000 0.000000 0.714866 655.000000
 95.500000 0.717821 662.886326 0.000000 0.000000 0.000000 0.000000 0.717821 662.000000
 95.750000 0.721907 667.814118 0.000000 0.000000 0.000000 0.000000 0.721907 669.000000
 96.000000 0.719641 659.715393 0.000000 0.000000 0.000000 0.000000 0.719641 655.000000
 96.250000 0.719998 661.371177 0.000000 0.000000 0.000000 0.000000 0.719998 661.000000
 96.500000 0.714909 660.124794 0.000000 0.000000 0.000000 0.000000 0.714909 658.000000
 96.750000 0.712834 649.187933 0.000000 0.000000 0.659453 2.637811 0.712834 651.000000
 97.000000 0.718378 657.669835 0.000000 0.000000 0.000000 0.000000 0.718378 655.000000
 97.250000 0.715213 656.346790 0.000000 0.000000 0.000000 0.000000 0.715213 648.000000
 97.500000 0.717493 651.189078 0.000000 0.000000 0.000000 0.000000 0.717493 651.000000
 97.750000 0.716346 651.852679 0.000000 0.000000 0.000000 0.000000 0.716346 647.000000
 98.000000 0.714971 651.934149 0.000000 0.000000 0.000000 0.000000 0.714971 649.000000
 98.250000 0.714055 650.529400 0.000000 0.000000 0.000000 0.000000 0.714055 646.000000
 98.500000 0.715426 650.114256 0.000000 0.000000 0.000000 0.000000 0.715426 654.000000
 98.750000 0.715250 650.269319 0.000000 0.000000 0.000000 0.000000 0.715250 644.000000
 99.000000 0.712307 649.716471 0.000000 0.000000 0.080389 0.321554 0.712307 649.000000
 99.250000 0.711023 650.418864 0.000000 0.000000 0.000000 0.000000 0.711023 648.000000
 99.500000 0.709919 648.280575 0.000000 0.000000 2.956421 11.825685 0.709919 647.000000
 99.750000 0.714306 651.999591 0.000000 0.000000 0.000000 0.000000 0.714306 648.000000
 100.000000 0.712944 654.162805 0.000000 0.000000 0.000000 0.000000 0.712944 656.000000
 100.250000 0.717491 666.042662 0.000000 0.000000 0.000000 0.000000 0.717491 663.000000
 100.500000 0.711776 651.592167 0.000000 0.000000 0.000000 0.000000 0.711776 648.000000
