#! FIELDS time refcv.mean refcv.morethan uwall.bias uwall.force2 lwall.bias lwall.force2 refcv2.mean refcv2.morethan
 0.500000 1.616658 481.910391 0.000000 0.000000 0.000000 0.000000 1.616658 484.000000
 0.750000 1.626859 506.662992 7.091524 28.366096 0.000000 0.000000 1.626859 505.000000
 1.000000 1.601998 476.930286 0.000000 0.000000 0.000000 0.000000 1.601998 497.000000
 1.250000 1.613994 488.739504 0.000000 0.000000 0.000000 0.000000 1.613994 493.000000
 1.500000 1.615025 500.067448 0.000000 0.000000 0.000000 0.000000 1.615025 512.000000
 1.750000 1.609776 503.398308 0.000000 0.000000 0.000000 0.000000 1.609776 535.000000
 2.000000 1.617365 504.852550 0.726842 2.907369 0.000000 0.000000 1.617365 515.000000
 2.250000 1.612435 500.702164 0.000000 0.000000 0.000000 0.000000 1.612435 521.000000
 2.500000 1.608787 495.163301 0.000000 0.000000 0.000000 0.000000 1.608787 528.000000
 2.750000 1.608035 498.591780 0.000000 0.000000 0.000000 0.000000 1.608035 529.000000
 3.000000 1.617139 505.174052 1.378398 5.513591 0.000000 0.000000 1.617139 521.000000
 3.250000 1.609024 499.318237 0.000000 0.000000 0.000000 0.000000 1.609024 529.000000
 3.500000 1.609984 494.886418 0.000000 0.000000 0.000000 0.000000 1.609984 529.000000
 3.750000 1.613047 504.106809 0.011408 0.045633 0.000000 0.000000 1.613047 519.000000
 4.000000 1.615384 506.286062 5.226080 20.904319 0.000000 0.000000 1.615384 536.000000
 4.250000 1.609442 497.162150 0.000000 0.000000 0.000000 0.000000 1.609442 543.000000
 4.500000 1.612716 503.638514 0.000000 0.000000 0.000000 0.000000 1.612716 540.000000
 4.750000 1.611311 504.049970 0.002497 0.009988 0.000000 0.000000 1.611311 549.000000
 5.000000 1.608846 499.754614 0.000000 0.000000 0.000000 0.000000 1.608846 547.000000
 5.250000 1.612360 504.250872 0.062937 0.251748 0.000000 0.000000 1.612360 542.000000
 5.500000 1.611319 502.340302 0.000000 0.000000 0.000000 0.000000 1.611319 548.000000
 5.750000 1.611528 505.113233 1.239288 4.957152 0.000000 0.000000 1.611528 553.000000
 6.000000 1.610463 502.026782 0.000000 0.000000 0.000000 0.000000 1.610463 559.000000
 6.250000 1.611566 505.305438 1.704169 6.816674 0.000000 0.000000 1.611566 569.000000
 6.500000 1.611110 507.065570 9.397720 37.590879 0.000000 0.000000 1.611110 575.000000
 6.750000 1.610858 505.224286 1.498877 5.995507 0.000000 0.000000 1.610858 568.000000
 7.000000 1.610749 503.529255 0.000000 0.000000 0.000000 0.000000 1.610749 571.000000
 7.250000 1.612010 504.231655 0.053664 0.214657 0.000000 0.000000 1.612010 569.000000
 7.500000 1.608982 503.891691 0.000000 0.000000 0.000000 0.000000 1.608982 586.000000
 7.750000 1.610070 507.413299 11.650611 46.602446 0.000000 0.000000 1.610070 589.000000
 8.000000 1.609147 504.074648 0.005572 0.022289 0.000000 0.000000 1.609147 596.000000
 8.250000 1.608689 505.609791 2.591427 10.365707 0.000000 0.000000 1.608689 609.000000
 8.500000 1.607973 504.836440 0.699633 2.798531 0.000000 0.000000 1.607973 629.000000
 8.750000 1.606208 498.606414 0.000000 0.000000 0.000000 0.000000 1.606208 617.000000
 9.000000 1.608323 505.597697 2.552636 10.210543 0.000000 0.000000 1.608323 605.000000
 9.250000 1.607137 505.180163 1.392785 5.571142 0.000000 0.000000 1.607137 643.000000
 9.500000 1.608045 506.472825 6.114862 24.459448 0.000000 0.000000 1.608045 634.000000
 9.750000 1.607562 503.951624 0.000000 0.000000 0.000000 0.000000 1.607562 622.000000
 10.000000 1.607262 502.722338 0.000000 0.000000 0.000000 0.000000 1.607262 640.000000
 10.250000 1.608510 506.914752 8.495780 33.983118 0.000000 0.000000 1.608510 628.000000
 10.500000 1.607787 503.774324 0.000000 0.000000 0.000000 0.000000 1.607787 608.000000
 10.750000 1.608013 504.289344 0.083720 0.334880 0.000000 0.000000 1.608013 638.000000
 11.000000 1.609651 506.311065 5.341023 21.364092 0.000000 0.000000 1.609651 611.000000
 11.250000 1.608462 507.499397 12.245780 48.983121 0.000000 0.000000 1.608462 643.000000
 11.500000 1.609247 506.878389 8.285126 33.140504 0.000000 0.000000 1.609247 611.000000
 11.750000 1.609802 507.981976 15.856130 63.424520 0.000000 0.000000 1.609802 622.000000
 12.000000 1.606619 501.205031 0.000000 0.000000 0.000000 0.000000 1.606619 638.000000
 12.250000 1.607790 505.342664 1.802748 7.210992 0.000000 0.000000 1.607790 643.000000
 12.500000 1.608313 503.607038 0.000000 0.000000 0.000000 0.000000 1.608313 593.000000
 12.750000 1.607917 504.523453 0.274003 1.096011 0.000000 0.000000 1.607917 642.000000
 13.000000 1.605996 498.584940 0.000000 0.000000 0.000000 0.000000 1.605996 607.000000
 13.250000 1.609129 505.918069 3.678989 14.715956 0.000000 0.000000 1.609129 603.000000
 13.500000 1.607835 506.275258 5.176801 20.707202 0.000000 0.000000 1.607835 645.000000
 13.750000 1.607953 506.367504 5.605077 22.420307 0.000000 0.000000 1.607953 630.000000
 14.000000 1.608040 503.679772 0.000000 0.000000 0.000000 0.000000 1.608040 599.000000
 14.250000 1.608644 503.600840 0.000000 0.000000 0.000000 0.000000 1.608644 600.000000
 14.500000 1.607017 506.196811 4.825977 19.303907 0.000000 0.000000 1.607017 665.000000
 14.750000 1.606693 504.506012 0.256048 1.024193 0.000000 0.000000 1.606693 660.000000
 15.000000 1.610101 504.036525 0.001334 0.005336 0.000000 0.000000 1.610101 571.000000
 15.250000 1.610607 506.471372 6.107678 24.430712 0.000000 0.000000 1.610607 603.000000
 15.500000 1.606442 501.862848 0.000000 0.000000 0.000000 0.000000 1.606442 653.000000
 15.750000 1.606148 503.264659 0.000000 0.000000 0.000000 0.000000 1.606148 650.000000
 16.000000 1.609583 506.732374 7.465870 29.863479 0.000000 0.000000 1.609583 612.000000
 16.250000 1.608935 506.080737 4.329467 17.317866 0.000000 0.000000 1.608935 617.000000
 16.500000 1.607893 507.034704 9.209427 36.837709 0.000000 0.000000 1.607893 655.000000
 16.750000 1.607154 504.229952 0.052878 0.211512 0.000000 0.000000 1.607154 653.000000
 17.000000 1.608382 502.197480 0.000000 0.000000 0.000000 0.000000 1.608382 607.000000
 17.250000 1.609465 506.997943 8.987660 35.950640 0.000000 0.000000 1.609465 592.000000
 17.500000 1.605849 501.253142 0.000000 0.000000 0.000000 0.000000 1.605849 647.000000
 17.750000 1.606852 504.650291 0.422878 1.691511 0.000000 0.000000 1.606852 640.000000
 18.000000 1.609194 504.522041 0.272526 1.090106 0.000000 0.000000 1.609194 617.000000
 18.250000 1.608262 506.828607 8.001018 32.004072 0.000000 0.000000 1.608262 630.000000
 18.500000 1.604961 496.646245 0.000000 0.000000 0.000000 0.000000 1.604961 639.000000
 18.750000 1.607122 504.853313 0.728142 2.912570 0.000000 0.000000 1.607122 641.000000
 19.000000 1.608885 507.859476 14.895554 59.582214 0.000000 0.000000 1.608885 628.000000
 19.250000 1.606017 500.913753 0.000000 0.000000 0.000000 0.000000 1.606017 635.000000
 19.500000 1.608180 505.135336 1.288987 5.155948 0.000000 0.000000 1.608180 642.000000
 19.750000 1.608108 507.212441 10.319775 41.279102 0.000000 0.000000 1.608108 638.000000
 20.000000 1.606355 501.614928 0.000000 0.000000 0.000000 0.000000 1.606355 635.000000
 20.250000 1.607246 505.252368 1.568426 6.273703 0.000000 0.000000 1.607246 657.000000
 20.500000 1.608222 508.672276 21.830159 87.320634 0.000000 0.000000 1.608222 668.000000
 20.750000 1.606432 502.797827 0.000000 0.000000 0.000000 0.000000 1.606432 660.000000
 21.000000 1.606893 505.276419 1.629245 6.516981 0.000000 0.000000 1.606893 656.000000
 21.250000 1.607253 505.543194 2.381448 9.525791 0.000000 0.000000 1.607253 653.000000
 21.500000 1.607047 505.994452 3.977838 15.911353 0.000000 0.000000 1.607047 657.000000
 21.750000 1.607057 505.169028 1.366627 5.466510 0.000000 0.000000 1.607057 658.000000
 22.000000 1.605494 499.872294 0.000000 0.000000 0.000000 0.000000 1.605494 657.000000
 22.250000 1.606932 504.909890 0.827900 3.311600 0.000000 0.000000 1.606932 656.000000
 22.500000 1.606662 503.338467 0.000000 0.000000 0.000000 0.000000 1.606662 641.000000
 22.750000 1.606490 503.632742 0.000000 0.000000 0.000000 0.000000 1.606490 665.000000
 23.000000 1.606398 500.866179 0.000000 0.000000 0.000000 0.000000 1.606398 643.000000
 23.250000 1.606319 503.341832 0.000000 0.000000 0.000000 0.000000 1.606319 666.000000
 23.500000 1.606848 502.818976 0.000000 0.000000 0.000000 0.000000 1.606848 637.000000
 23.750000 1.606622 503.025518 0.000000 0.000000 0.000000 0.000000 1.606622 657.000000
 24.000000 1.606641 505.421170 2.019725 8.078899 0.000000 0.000000 1.606641 673.000000
 24.250000 1.607228 505.367600 1.870330 7.481321 0.000000 0.000000 1.607228 664.000000
 24.500000 1.607885 507.288821 10.816342 43.265366 0.000000 0.000000 1.607885 649.000000
 24.750000 1.609606 505.856441 3.446373 13.785493 0.000000 0.000000 1.609606 618.000000
 25.000000 1.606835 503.668672 0.000000 0.000000 0.000000 0.000000 1.606835 641.000000
 25.250000 1.608598 508.645885 21.584250 86.337000 0.000000 0.000000 1.608598 642.000000
 25.500000 1.608411 507.101153 9.617148 38.468593 0.000000 0.000000 1.608411 636.000000
 25.750000 1.608652 505.834117 3.363984 13.455937 0.000000 0.000000 1.608652 609.000000
 26.000000 1.607887 503.291500 0.000000 0.000000 0.000000 0.000000 1.607887 617.000000
 26.250000 1.608683 509.431684 29.503191 118.012765 0.000000 0.000000 1.608683 639.000000
 26.500000 1.608175 505.252385 1.568469 6.273876 0.000000 0.000000 1.608175 627.000000
 26.750000 1.608447 506.573051 6.620592 26.482368 0.000000 0.000000 1.608447 625.000000
 27.000000 1.607784 506.784493 7.753402 31.013608 0.000000 0.000000 1.607784 641.000000
 27.250000 1.607373 505.556199 2.421755 9.687022 0.000000 0.000000 1.607373 652.000000
 27.500000 1.608280 505.684988 2.839183 11.356733 0.000000 0.000000 1.608280 633.000000
 27.750000 1.608596 506.352246 5.533063 22.132253 0.000000 0.000000 1.608596 624.000000
 28.000000 1.607742 505.308570 1.712356 6.849424 0.000000 0.000000 1.607742 626.000000
 28.250000 1.606938 505.580969 2.499462 9.997847 0.000000 0.000000 1.606938 660.000000
 28.500000 1.607774 504.646249 0.417638 1.670551 0.000000 0.000000 1.607774 627.000000
 28.750000 1.607233 503.030353 0.000000 0.000000 0.000000 0.000000 1.607233 615.000000
 29.000000 1.607893 505.467892 2.154708 8.618833 0.000000 0.000000 1.607893 634.000000
 29.250000 1.607790 505.336735 1.786861 7.147446 0.000000 0.000000 1.607790 640.000000
 29.500000 1.607250 504.602391 0.362875 1.451500 0.000000 0.000000 1.607250 641.000000
 29.750000 1.606822 501.600409 0.000000 0.000000 0.000000 0.000000 1.606822 637.000000
 30.000000 1.607062 503.826763 0.000000 0.000000 0.000000 0.000000 1.607062 647.000000
 30.250000 1.607750 506.794715 7.810429 31.241717 0.000000 0.000000 1.607750 656.000000
 30.500000 1.608669 507.026348 9.158783 36.635131 0.000000 0.000000 1.608669 620.000000
 30.750000 1.609346 505.698246 2.884039 11.536156 0.000000 0.000000 1.609346 620.000000
 31.000000 1.605952 502.136947 0.000000 0.000000 0.000000 0.000000 1.605952 657.000000
 31.250000 1.608305 505.344894 1.808739 7.234958 0.000000 0.000000 1.608305 623.000000
 31.500000 1.608597 507.118698 9.726280 38.905121 0.000000 0.000000 1.608597 631.000000
 31.750000 1.606878 503.481353 0.000000 0.000000 0.000000 0.000000 1.606878 643.000000
 32.000000 1.605958 500.697913 0.000000 0.000000 0.000000 0.000000 1.605958 643.000000
 32.250000 1.608934 505.962840 3.852740 15.410960 0.000000 0.000000 1.608934 626.000000
 32.500000 1.607402 504.352848 0.124502 0.498007 0.000000 0.000000 1.607402 614.000000
 32.750000 1.605721 499.614050 0.000000 0.000000 0.000000 0.000000 1.605721 640.000000
 33.000000 1.609110 506.361962 5.578866 22.315464 0.000000 0.000000 1.609110 634.000000
 33.250000 1.607168 505.398470 1.955718 7.822873 0.000000 0.000000 1.607168 658.000000
 33.500000 1.611069 506.428600 5.898098 23.592390 0.000000 0.000000 1.611069 569.000000
 33.750000 1.607619 505.642424 2.697558 10.790231 0.000000 0.000000 1.607619 644.000000
 34.000000 1.609233 505.302427 1.696316 6.785265 0.000000 0.000000 1.609233 617.000000
 34.250000 1.610233 507.734761 13.948437 55.793750 0.000000 0.000000 1.610233 603.000000
 34.500000 1.609218 504.869762 0.756487 3.025946 0.000000 0.000000 1.609218 580.000000
 34.750000 1.607227 505.360956 1.852201 7.408805 0.000000 0.000000 1.607227 659.000000
 35.000000 1.608324 507.474146 12.069688 48.278752 0.000000 0.000000 1.608324 639.000000
 35.250000 1.609242 505.888735 3.567321 14.269285 0.000000 0.000000 1.609242 596.000000
 35.500000 1.606620 502.515473 0.000000 0.000000 0.000000 0.000000 1.606620 640.000000
 35.750000 1.607434 505.127392 1.271014 5.084055 0.000000 0.000000 1.607434 652.000000
 36.000000 1.606699 504.189843 0.036040 0.144162 0.000000 0.000000 1.606699 651.000000
 36.250000 1.609095 507.840036 14.745878 58.983512 0.000000 0.000000 1.609095 621.000000
 36.500000 1.605547 500.264066 0.000000 0.000000 0.000000 0.000000 1.605547 654.000000
 36.750000 1.604815 498.067527 0.000000 0.000000 0.000000 0.000000 1.604815 656.000000
 37.000000 1.608668 507.405279 11.595922 46.383687 0.000000 0.000000 1.608668 620.000000
 37.250000 1.607711 506.561315 6.560333 26.241333 0.000000 0.000000 1.607711 660.000000
 37.500000 1.608030 507.425055 11.731002 46.924006 0.000000 0.000000 1.608030 658.000000
 37.750000 1.607425 505.513896 2.291882 9.167527 0.000000 0.000000 1.607425 648.000000
 38.000000 1.608481 506.233713 4.989474 19.957894 0.000000 0.000000 1.608481 631.000000
 38.250000 1.605138 498.444417 0.000000 0.000000 0.000000 0.000000 1.605138 645.000000
 38.500000 1.608124 505.821924 3.319409 13.277635 0.000000 0.000000 1.608124 641.000000
 38.750000 1.608226 507.143307 9.880380 39.521521 0.000000 0.000000 1.608226 642.000000
 39.000000 1.608673 506.096928 4.397105 17.588420 0.000000 0.000000 1.608673 615.000000
 39.250000 1.605961 501.162866 0.000000 0.000000 0.000000 0.000000 1.605961 645.000000
 39.500000 1.608974 508.307566 18.555124 74.220494 0.000000 0.000000 1.608974 648.000000
 39.750000 1.607717 506.370611 5.619797 22.479187 0.000000 0.000000 1.607717 644.000000
 40.000000 1.609562 504.552756 0.305539 1.222156 0.000000 0.000000 1.609562 620.000000
 40.250000 1.607633 505.846744 3.410463 13.641853 0.000000 0.000000 1.607633 649.000000
 40.500000 1.607318 504.135998 0.018495 0.073982 0.000000 0.000000 1.607318 623.000000
 40.750000 1.605998 499.328672 0.000000 0.000000 0.000000 0.000000 1.605998 621.000000
 41.000000 1.607041 505.630664 2.659066 10.636265 0.000000 0.000000 1.607041 661.000000
 41.250000 1.607197 505.737753 3.019785 12.079140 0.000000 0.000000 1.607197 644.000000
 41.500000 1.606510 502.722408 0.000000 0.000000 0.000000 0.000000 1.606510 647.000000
 41.750000 1.607122 505.474123 2.173039 8.692158 0.000000 0.000000 1.607122 658.000000
 42.000000 1.606986 504.313430 0.098238 0.392954 0.000000 0.000000 1.606986 656.000000
 42.250000 1.607484 506.104186 4.427598 17.710393 0.000000 0.000000 1.607484 653.000000
 42.500000 1.606519 503.415177 0.000000 0.000000 0.000000 0.000000 1.606519 655.000000
 42.750000 1.606481 503.701050 0.000000 0.000000 0.000000 0.000000 1.606481 644.000000
 43.000000 1.607581 503.753494 0.000000 0.000000 0.000000 0.000000 1.607581 621.000000
 43.250000 1.609243 508.428278 19.609643 78.438573 0.000000 0.000000 1.609243 625.000000
 43.500000 1.608575 508.321631 18.676494 74.705978 0.000000 0.000000 1.608575 642.000000
 43.750000 1.607631 504.786112 0.617971 2.471886 0.000000 0.000000 1.607631 641.000000
 44.000000 1.607517 504.608087 0.369769 1.479077 0.000000 0.000000 1.607517 632.000000
 44.250000 1.609716 508.611474 21.265688 85.062753 0.000000 0.000000 1.609716 628.000000
 44.500000 1.607227 505.522490 2.317975 9.271901 0.000000 0.000000 1.607227 664.000000
 44.750000 1.607803 506.229821 4.972100 19.888400 0.000000 0.000000 1.607803 637.000000
 45.000000 1.605321 496.766326 0.000000 0.000000 0.000000 0.000000 1.605321 619.000000
 45.250000 1.607166 506.551239 6.508821 26.035283 0.000000 0.000000 1.607166 675.000000
 45.500000 1.608422 508.334184 18.785150 75.140599 0.000000 0.000000 1.608422 655.000000
 45.750000 1.606242 502.343403 0.000000 0.000000 0.000000 0.000000 1.606242 649.000000
 46.000000 1.608616 504.657553 0.432376 1.729505 0.000000 0.000000 1.608616 620.000000
 46.250000 1.606206 502.492817 0.000000 0.000000 0.000000 0.000000 1.606206 663.000000
 46.500000 1.607395 504.853073 0.727734 2.910935 0.000000 0.000000 1.607395 645.000000
 46.750000 1.609094 508.131403 17.068487 68.273947 0.000000 0.000000 1.609094 634.000000
 47.000000 1.607712 505.499184 2.247553 8.990212 0.000000 0.000000 1.607712 647.000000
 47.250000 1.606956 504.026146 0.000684 0.002734 0.000000 0.000000 1.606956 658.000000
 47.500000 1.607705 508.129308 17.051187 68.204749 0.000000 0.000000 1.607705 669.000000
 47.750000 1.609533 505.211018 1.466565 5.866260 0.000000 0.000000 1.609533 595.000000
 48.000000 1.604540 495.664219 0.000000 0.000000 0.000000 0.000000 1.604540 644.000000
 48.250000 1.608082 506.449609 6.000584 24.002335 0.000000 0.000000 1.608082 637.000000
 48.500000 1.605979 502.733356 0.000000 0.000000 0.000000 0.000000 1.605979 660.000000
 48.750000 1.609104 508.846949 23.492919 93.971676 0.000000 0.000000 1.609104 646.000000
 49.000000 1.607475 502.942036 0.000000 0.000000 0.000000 0.000000 1.607475 628.000000
 49.250000 1.607123 503.971723 0.000000 0.000000 0.000000 0.000000 1.607123 643.000000
 49.500000 1.607494 504.984818 0.969867 3.879468 0.000000 0.000000 1.607494 654.000000
 49.750000 1.608244 505.525130 2.326020 9.304080 0.000000 0.000000 1.608244 625.000000
 50.000000 1.606758 504.751697 0.565049 2.260195 0.000000 0.000000 1.606758 656.000000
 50.250000 1.607991 505.859753 3.458681 13.834725 0.000000 0.000000 1.607991 637.000000
 50.500000 1.607032 504.091070 0.008294 0.033175 0.000000 0.000000 1.607032 645.000000
 50.750000 1.608674 505.134501 1.287092 5.148370 0.000000 0.000000 1.608674 604.000000
 51.000000 1.607436 504.002025 0.000004 0.000016 0.000000 0.000000 1.607436 621.000000
 51.250000 1.608051 507.011467 9.068936 36.275743 0.000000 0.000000 1.608051 646.000000
 51.500000 1.607805 504.631000 0.398161 1.592643 0.000000 0.000000 1.607805 646.000000
 51.750000 1.610139 506.346510 5.506108 22.024433 0.000000 0.000000 1.610139 602.000000
 52.000000 1.606617 499.839228 0.000000 0.000000 0.000000 0.000000 1.606617 625.000000
 52.250000 1.607766 505.182280 1.397786 5.591145 0.000000 0.000000 1.607766 638.000000
 52.500000 1.607177 505.671498 2.793905 11.175619 0.000000 0.000000 1.607177 670.000000
 52.750000 1.608323 506.361933 5.578726 22.314906 0.000000 0.000000 1.608323 639.000000
 53.000000 1.607253 503.975699 0.000000 0.000000 0.000000 0.000000 1.607253 657.000000
 53.250000 1.608333 508.097937 16.793089 67.172354 0.000000 0.000000 1.608333 663.000000
 53.500000 1.607801 505.503852 2.261569 9.046278 0.000000 0.000000 1.607801 645.000000
 53.750000 1.606741 502.584763 0.000000 0.000000 0.000000 0.000000 1.606741 636.000000
 54.000000 1.607580 501.825441 0.000000 0.000000 0.000000 0.000000 1.607580 641.000000
 54.250000 1.607544 504.074690 0.005579 0.022315 0.000000 0.000000 1.607544 623.000000
 54.500000 1.607480 505.709192 2.921337 11.685346 0.000000 0.000000 1.607480 654.000000
 54.750000 1.608747 503.798834 0.000000 0.000000 0.000000 0.000000 1.608747 601.000000
 55.000000 1.606179 500.655489 0.000000 0.000000 0.000000 0.000000 1.606179 635.000000
 55.250000 1.607128 503.257340 0.000000 0.000000 0.000000 0.000000 1.607128 635.000000
 55.500000 1.608002 506.200219 4.840962 19.363849 0.000000 0.000000 1.608002 626.000000
 55.750000 1.606172 502.781912 0.000000 0.000000 0.000000 0.000000 1.606172 642.000000
 56.000000 1.606484 502.807784 0.000000 0.000000 0.000000 0.000000 1.606484 643.000000
 56.250000 1.607495 507.076664 9.465861 37.863444 0.000000 0.000000 1.607495 656.000000
 56.500000 1.607245 504.365275 0.133426 0.533703 0.000000 0.000000 1.607245 630.000000
 56.750000 1.608202 507.485878 12.151349 48.605394 0.000000 0.000000 1.608202 659.000000
 57.000000 1.606627 502.128625 0.000000 0.000000 0.000000 0.000000 1.606627 640.000000
 57.250000 1.608042 504.896740 0.804142 3.216568 0.000000 0.000000 1.608042 633.000000
 57.500000 1.606723 501.215527 0.000000 0.000000 0.000000 0.000000 1.606723 641.000000
 57.750000 1.606310 502.210974 0.000000 0.000000 0.000000 0.000000 1.606310 666.000000
 58.000000 1.607360 504.955575 0.913123 3.652491 0.000000 0.000000 1.607360 637.000000
 58.250000 1.606641 502.901556 0.000000 0.000000 0.000000 0.000000 1.606641 645.000000
 58.500000 1.607421 504.972829 0.946396 3.785584 0.000000 0.000000 1.607421 640.000000
 58.750000 1.607730 503.905405 0.000000 0.000000 0.000000 0.000000 1.607730 615.000000
 59.000000 1.607483 504.631624 0.398949 1.595797 0.000000 0.000000 1.607483 638.000000
 59.250000 1.607565 506.733742 7.473348 29.893391 0.000000 0.000000 1.607565 639.000000
 59.500000 1.606970 502.549451 0.000000 0.000000 0.000000 0.000000 1.606970 610.000000
 59.750000 1.607638 505.527189 2.332306 9.329225 0.000000 0.000000 1.607638 633.000000
 60.000000 1.606643 502.290080 0.000000 0.000000 0.000000 0.000000 1.606643 636.000000
 60.250000 1.607202 503.432696 0.000000 0.000000 0.000000 0.000000 1.607202 643.000000
 60.500000 1.606883 502.791193 0.000000 0.000000 0.000000 0.000000 1.606883 647.000000
 60.750000 1.608548 505.462033 2.137539 8.550157 0.000000 0.000000 1.608548 623.000000
 61.000000 1.609019 508.357445 18.987330 75.949318 0.000000 0.000000 1.609019 654.000000
 61.250000 1.606220 501.547948 0.000000 0.000000 0.000000 0.000000 1.606220 638.000000
 61.500000 1.607488 507.162794 10.003267 40.013070 0.000000 0.000000 1.607488 659.000000
 61.750000 1.608363 506.795542 7.815054 31.260217 0.000000 0.000000 1.608363 641.000000
 62.000000 1.605923 497.523885 0.000000 0.000000 0.000000 0.000000 1.605923 625.000000
 62.250000 1.607503 503.302603 0.000000 0.000000 0.000000 0.000000 1.607503 601.000000
 62.500000 1.607539 503.666948 0.000000 0.000000 0.000000 0.000000 1.607539 638.000000
 62.750000 1.608980 508.517061 20.403843 81.615373 0.000000 0.000000 1.608980 643.000000
 63.000000 1.606078 502.000601 0.000000 0.000000 0.000000 0.000000 1.606078 648.000000
 63.250000 1.607930 505.751440 3.067542 12.270169 0.000000 0.000000 1.607930 612.000000
 63.500000 1.607765 505.965378 3.862710 15.450839 0.000000 0.000000 1.607765 651.000000
 63.750000 1.606878 501.700589 0.000000 0.000000 0.000000 0.000000 1.606878 632.000000
 64.000000 1.607354 504.104979 0.011021 0.044082 0.000000 0.000000 1.607354 632.000000
 64.250000 1.607879 508.126770 17.030231 68.120923 0.000000 0.000000 1.607879 666.000000
 64.500000 1.607029 504.394686 0.155777 0.623109 0.000000 0.000000 1.607029 651.000000
 64.750000 1.607533 505.003885 1.007784 4.031137 0.000000 0.000000 1.607533 636.000000
 65.000000 1.608190 505.585695 2.514429 10.057714 0.000000 0.000000 1.608190 628.000000
 65.250000 1.607369 504.942506 0.888318 3.553273 0.000000 0.000000 1.607369 627.000000
 65.500000 1.607591 504.620269 0.384733 1.538932 0.000000 0.000000 1.607591 645.000000
 65.750000 1.607762 504.643147 0.413639 1.654555 0.000000 0.000000 1.607762 630.000000
 66.000000 1.609054 509.310598 28.202447 112.809788 0.000000 0.000000 1.609054 649.000000
 66.250000 1.606728 501.989400 0.000000 0.000000 0.000000 0.000000 1.606728 636.000000
 66.500000 1.607028 505.474128 2.173055 8.692218 0.000000 0.000000 1.607028 670.000000
 66.750000 1.608368 506.649463 7.019655 28.078621 0.000000 0.000000 1.608368 624.000000
 67.000000 1.607412 501.752170 0.000000 0.000000 0.000000 0.000000 1.607412 633.000000
 67.250000 1.605228 497.976680 0.000000 0.000000 0.000000 0.000000 1.605228 642.000000
 67.500000 1.608762 506.820299 7.954087 31.816350 0.000000 0.000000 1.608762 625.000000
 67.750000 1.608546 502.733914 0.000000 0.000000 0.000000 0.000000 1.608546 602.000000
 68.000000 1.607912 505.242084 1.542773 6.171092 0.000000 0.000000 1.607912 655.000000
 68.250000 1.608417 507.849373 14.817676 59.270703 0.000000 0.000000 1.608417 646.000000
 68.500000 1.607123 504.264153 0.069777 0.279107 0.000000 0.000000 1.607123 653.000000
 68.750000 1.608122 507.984197 15.873825 63.495299 0.000000 0.000000 1.608122 656.000000
 69.000000 1.608462 507.722244 13.855100 55.420399 0.000000 0.000000 1.608462 635.000000
 69.250000 1.604931 497.558241 0.000000 0.000000 0.000000 0.000000 1.604931 635.000000
 69.500000 1.608027 505.721987 2.965238 11.860954 0.000000 0.000000 1.608027 635.000000
 69.750000 1.607621 504.600034 0.360040 1.440161 0.000000 0.000000 1.607621 640.000000
 70.000000 1.606965 504.645786 0.417039 1.668156 0.000000 0.000000 1.606965 644.000000
 70.250000 1.607078 504.781234 0.610326 2.441305 0.000000 0.000000 1.607078 638.000000
 70.500000 1.607698 503.397114 0.000000 0.000000 0.000000 0.000000 1.607698 611.000000
 70.750000 1.607499 501.409809 0.000000 0.000000 0.000000 0.000000 1.607499 614.000000
 71.000000 1.606053 501.804830 0.000000 0.000000 0.000000 0.000000 1.606053 646.000000
 71.250000 1.606901 504.497865 0.247870 0.991478 0.000000 0.000000 1.606901 653.000000
 71.500000 1.607800 505.535915 2.359036 9.436145 0.000000 0.000000 1.607800 620.000000
 71.750000 1.608093 503.914411 0.000000 0.000000 0.000000 0.000000 1.608093 616.000000
 72.000000 1.607221 504.730604 0.533783 2.135131 0.000000 0.000000 1.607221 649.000000
 72.250000 1.606509 503.617840 0.000000 0.000000 0.000000 0.000000 1.606509 664.000000
 72.500000 1.609392 509.062744 25.631377 102.525508 0.000000 0.000000 1.609392 630.000000
 72.750000 1.607034 502.991585 0.000000 0.000000 0.000000 0.000000 1.607034 616.000000
 73.000000 1.608424 507.293720 10.848595 43.394379 0.000000 0.000000 1.608424 641.000000
 73.250000 1.608142 506.847723 8.109525 32.438098 0.000000 0.000000 1.608142 634.000000
 73.500000 1.607186 502.107580 0.000000 0.000000 0.000000 0.000000 1.607186 644.000000
 73.750000 1.607112 504.155607 0.024213 0.096854 0.000000 0.000000 1.607112 641.000000
 74.000000 1.607666 506.216934 4.914798 19.659192 0.000000 0.000000 1.607666 657.000000
 74.250000 1.607912 507.366309 11.332036 45.328145 0.000000 0.000000 1.607912 655.000000
 74.500000 1.607631 506.944351 8.669201 34.676803 0.000000 0.000000 1.607631 676.000000
 74.750000 1.607274 505.347774 1.816495 7.265979 0.000000 0.000000 1.607274 659.000000
 75.000000 1.605266 500.283905 0.000000 0.000000 0.000000 0.000000 1.605266 669.000000
 75.250000 1.607116 505.650704 2.724825 10.899298 0.000000 0.000000 1.607116 661.000000
 75.500000 1.606761 503.350087 0.000000 0.000000 0.000000 0.000000 1.606761 643.000000
 75.750000 1.606955 504.476217 0.226782 0.907130 0.000000 0.000000 1.606955 656.000000
 76.000000 1.606847 503.828013 0.000000 0.000000 0.000000 0.000000 1.606847 645.000000
 76.250000 1.607465 504.496453 0.246465 0.985861 0.000000 0.000000 1.607465 650.000000
 76.500000 1.607879 509.175227 26.782976 107.131905 0.000000 0.000000 1.607879 677.000000
 76.750000 1.606421 503.383852 0.000000 0.000000 0.000000 0.000000 1.606421 666.000000
 77.000000 1.607582 506.332799 5.441950 21.767802 0.000000 0.000000 1.607582 647.000000
 77.250000 1.607135 505.207820 1.458829 5.835317 0.000000 0.000000 1.607135 647.000000
 77.500000 1.607058 505.145178 1.311432 5.245727 0.000000 0.000000 1.607058 667.000000
 77.750000 1.604835 499.523958 0.000000 0.000000 0.000000 0.000000 1.604835 668.000000
 78.000000 1.607185 505.958890 3.837251 15.349005 0.000000 0.000000 1.607185 662.000000
 78.250000 1.606381 503.937698 0.000000 0.000000 0.000000 0.000000 1.606381 675.000000
 78.500000 1.607316 506.701579 7.298532 29.194126 0.000000 0.000000 1.607316 657.000000
 78.750000 1.607170 504.154393 0.023837 0.095348 0.000000 0.000000 1.607170 642.000000
 79.000000 1.608316 507.761828 14.151347 56.605389 0.000000 0.000000 1.608316 653.000000
 79.250000 1.607419 505.345413 1.810136 7.240544 0.000000 0.000000 1.607419 654.000000
 79.500000 1.607755 506.826405 7.988566 31.954263 0.000000 0.000000 1.607755 671.000000
 79.750000 1.607197 504.781957 0.611456 2.445825 0.000000 0.000000 1.607197 639.000000
 80.000000 1.607061 505.398352 1.955388 7.821553 0.000000 0.000000 1.607061 679.000000
 80.250000 1.607604 506.006643 4.026616 16.106463 0.000000 0.000000 1.607604 659.000000
 80.500000 1.607021 505.139395 1.298221 5.192882 0.000000 0.000000 1.607021 661.000000
 80.750000 1.607229 505.184717 1.403554 5.614217 0.000000 0.000000 1.607229 656.000000
 81.000000 1.607657 507.091211 9.555583 38.222333 0.000000 0.000000 1.607657 658.000000
 81.250000 1.607676 506.968261 8.810571 35.242284 0.000000 0.000000 1.607676 668.000000
 81.500000 1.607830 505.422020 2.022141 8.088565 0.000000 0.000000 1.607830 654.000000
 81.750000 1.606092 503.046951 0.000000 0.000000 0.000000 0.000000 1.606092 662.000000
 82.000000 1.607971 507.762861 14.159124 56.636496 0.000000 0.000000 1.607971 652.000000
 82.250000 1.609281 508.093743 16.758728 67.034911 0.000000 0.000000 1.609281 619.000000
 82.500000 1.606972 504.043975 0.001934 0.007735 0.000000 0.000000 1.606972 657.000000
 82.750000 1.607817 507.049206 9.297654 37.190618 0.000000 0.000000 1.607817 666.000000
 83.000000 1.606303 503.626769 0.000000 0.000000 0.000000 0.000000 1.606303 661.000000
 83.250000 1.609197 505.847755 3.414197 13.656788 0.000000 0.000000 1.609197 608.000000
 83.500000 1.608764 509.065211 25.656360 102.625441 0.000000 0.000000 1.608764 644.000000
 83.750000 1.606174 502.377923 0.000000 0.000000 0.000000 0.000000 1.606174 653.000000
 84.000000 1.608239 507.904199 15.242773 60.971092 0.000000 0.000000 1.608239 650.000000
 84.250000 1.609570 506.435482 5.931574 23.726297 0.000000 0.000000 1.609570 634.000000
 84.500000 1.607074 505.035999 1.073294 4.293175 0.000000 0.000000 1.607074 650.000000
 84.750000 1.605981 502.526898 0.000000 0.000000 0.000000 0.000000 1.605981 666.000000
 85.000000 1.607300 503.823818 0.000000 0.000000 0.000000 0.000000 1.607300 642.000000
 85.250000 1.607220 503.300621 0.000000 0.000000 0.000000 0.000000 1.607220 629.000000
 85.500000 1.606131 501.171554 0.000000 0.000000 0.000000 0.000000 1.606131 646.000000
 85.750000 1.607541 505.611238 2.596088 10.384354 0.000000 0.000000 1.607541 656.000000
 86.000000 1.608574 508.511790 20.356253 81.425010 0.000000 0.000000 1.608574 654.000000
 86.250000 1.606074 501.606985 0.000000 0.000000 0.000000 0.000000 1.606074 650.000000
 86.500000 1.605775 502.018447 0.000000 0.000000 0.000000 0.000000 1.605775 660.000000
 86.750000 1.606858 504.686867 0.471787 1.887146 0.000000 0.000000 1.606858 670.000000
 87.000000 1.606470 503.075847 0.000000 0.000000 0.000000 0.000000 1.606470 663.000000
 87.250000 1.606973 505.595205 2.544678 10.178713 0.000000 0.000000 1.606973 665.000000
 87.500000 1.605952 503.676314 0.000000 0.000000 0.000000 0.000000 1.605952 683.000000
 87.750000 1.607491 505.409565 1.986874 7.947498 0.000000 0.000000 1.607491 664.000000
 88.000000 1.607392 506.725640 7.429113 29.716453 0.000000 0.000000 1.607392 673.000000
 88.250000 1.607415 505.159402 1.344212 5.376849 0.000000 0.000000 1.607415 656.000000
 88.500000 1.607250 506.163658 4.681414 18.725657 0.000000 0.000000 1.607250 671.000000
 88.750000 1.607467 506.519412 6.347435 25.389740 0.000000 0.000000 1.607467 661.000000
 89.000000 1.607856 508.578936 20.966658 83.866633 0.000000 0.000000 1.607856 666.000000
 89.250000 1.606146 504.466932 0.218025 0.872101 0.000000 0.000000 1.606146 694.000000
 89.500000 1.607077 506.185176 4.774993 19.099970 0.000000 0.000000 1.607077 683.000000
 89.750000 1.604870 498.784207 0.000000 0.000000 0.000000 0.000000 1.604870 667.000000
 90.000000 1.606540 503.265848 0.000000 0.000000 0.000000 0.000000 1.606540 651.000000
 90.250000 1.606661 503.651303 0.000000 0.000000 0.000000 0.000000 1.606661 654.000000
 90.500000 1.607704 507.257349 10.610320 42.441278 0.000000 0.000000 1.607704 661.000000
 90.750000 1.607838 507.073187 9.444480 37.777920 0.000000 0.000000 1.607838 648.000000
 91.000000 1.607243 505.683680 2.834779 11.339115 0.000000 0.000000 1.607243 662.000000
 91.250000 1.606265 502.438271 0.000000 0.000000 0.000000 0.000000 1.606265 660.000000
 91.500000 1.606003 502.475957 0.000000 0.000000 0.000000 0.000000 1.606003 656.000000
 91.750000 1.606771 504.384212 0.147619 0.590475 0.000000 0.000000 1.606771 655.000000
 92.000000 1.606157 502.313666 0.000000 0.000000 0.000000 0.000000 1.606157 660.000000
 92.250000 1.607422 507.004926 9.029579 36.118314 0.000000 0.000000 1.607422 670.000000
 92.500000 1.606494 501.403674 0.000000 0.000000 0.000000 0.000000 1.606494 632.000000
 92.750000 1.607154 504.807074 0.651368 2.605471 0.000000 0.000000 1.607154 652.000000
 93.000000 1.606136 501.134672 0.000000 0.000000 0.000000 0.000000 1.606136 645.000000
 93.250000 1.606845 505.381769 1.909287 7.637148 0.000000 0.000000 1.606845 662.000000
 93.500000 1.606321 500.422478 0.000000 0.000000 0.000000 0.000000 1.606321 622.000000
 93.750000 1.606900 503.914201 0.000000 0.000000 0.000000 0.000000 1.606900 647.000000
 94.000000 1.606445 504.355472 0.126360 0.505440 0.000000 0.000000 1.606445 681.000000
 94.250000 1.604921 497.813381 0.000000 0.000000 0.000000 0.000000 1.604921 653.000000
 94.500000 1.608159 506.804601 7.865786 31.463144 0.000000 0.000000 1.608159 636.000000
 94.750000 1.607105 504.426829 0.182183 0.728733 0.000000 0.000000 1.607105 647.000000
 95.000000 1.608005 505.658111 2.749331 10.997323 0.000000 0.000000 1.608005 664.000000
 95.250000 1.607036 504.220238 0.048505 0.194019 0.000000 0.000000 1.607036 639.000000
 95.500000 1.606733 503.646815 0.000000 0.000000 0.000000 0.000000 1.606733 664.000000
 95.750000 1.607134 505.536523 2.360903 9.443613 0.000000 0.000000 1.607134 657.000000
 96.000000 1.608035 506.816706 7.933832 31.735326 0.000000 0.000000 1.608035 650.000000
 96.250000 1.606819 503.033369 0.000000 0.000000 0.000000 0.000000 1.606819 629.000000
 96.500000 1.607321 506.602310 6.772018 27.088071 0.000000 0.000000 1.607321 657.000000
 96.750000 1.606548 502.165681 0.000000 0.000000 0.000000 0.000000 1.606548 654.000000
 97.000000 1.607561 506.107608 4.442009 17.768038 0.000000 0.000000 1.607561 663.000000
 97.250000 1.606941 503.082113 0.000000 0.000000 0.000000 0.000000 1.606941 640.000000
 97.500000 1.607185 506.280512 5.200737 20.802949 0.000000 0.000000 1.607185 658.000000
 97.750000 1.607068 503.743805 0.000000 0.000000 0.000000 0.000000 1.607068 647.000000
 98.000000 1.608610 507.919420 15.361853 61.447412 0.000000 0.000000 1.608610 654.000000
 98.250000 1.607355 505.330552 1.770368 7.081473 0.000000 0.000000 1.607355 652.000000
 98.500000 1.607633 504.961916 0.925282 3.701130 0.000000 0.000000 1.607633 659.000000
 98.750000 1.607795 505.934530 3.742405 14.969621 0.000000 0.000000 1.607795 645.000000
 99.000000 1.607309 505.814404 3.292060 13.168241 0.000000 0.000000 1.607309 665.000000
 99.250000 1.606698 503.915195 0.000000 0.000000 0.000000 0.000000 1.606698 676.000000
 99.500000 1.607626 506.036829 4.148671 16.594684 0.000000 0.000000 1.607626 663.000000
 99.750000 1.606541 504.035365 0.001251 0.005003 0.000000 0.000000 1.606541 656.000000
 100.000000 1.608072 508.207104 17.699720 70.798881 0.000000 0.000000 1.608072 661.000000
 100.250000 1.608085 508.133062 17.082205 68.328821 0.000000 0.000000 1.608085 661.000000
