#! FIELDS time refcv.mean refcv.morethan uwall.bias uwall.force2 lwall.bias lwall.force2 refcv2.mean refcv2.morethan
 0.750000 0.887757 409.357240 0.000000 0.000000 0.000000 0.000000 0.887757 414.000000
 1.000000 0.893654 422.768833 0.000000 0.000000 0.000000 0.000000 0.893654 439.000000
 1.250000 0.893378 417.675164 0.000000 0.000000 0.000000 0.000000 0.893378 436.000000
 1.500000 0.891115 416.540268 0.000000 0.000000 0.000000 0.000000 0.891115 419.000000
 1.750000 0.890906 417.480046 0.000000 0.000000 0.000000 0.000000 0.890906 432.000000
 2.000000 0.883469 401.863270 0.000000 0.000000 0.000000 0.000000 0.883469 415.000000
 2.250000 0.884612 402.400120 0.000000 0.000000 0.000000 0.000000 0.884612 408.000000
 2.500000 0.888083 413.538792 0.000000 0.000000 0.000000 0.000000 0.888083 433.000000
 2.750000 0.885393 401.712264 0.000000 0.000000 0.000000 0.000000 0.885393 409.000000
 3.000000 0.888763 415.305599 0.000000 0.000000 0.000000 0.000000 0.888763 418.000000
 3.250000 0.890176 415.668422 0.000000 0.000000 0.000000 0.000000 0.890176 423.000000
 3.500000 0.882572 398.229321 0.000000 0.000000 0.000000 0.000000 0.882572 401.000000
 3.750000 0.878875 392.969111 0.000000 0.000000 0.000000 0.000000 0.878875 394.000000
 4.000000 0.878554 394.420906 0.000000 0.000000 0.000000 0.000000 0.878554 402.000000
 4.250000 0.876412 392.003903 0.000000 0.000000 0.000000 0.000000 0.876412 402.000000
 4.500000 0.879740 391.821071 0.000000 0.000000 0.000000 0.000000 0.879740 396.000000
 4.750000 0.881294 394.742522 0.000000 0.000000 0.000000 0.000000 0.881294 406.000000
 5.000000 0.879195 390.920325 0.000000 0.000000 0.000000 0.000000 0.879195 399.000000
 5.250000 0.875251 388.074260 0.000000 0.000000 0.000000 0.000000 0.875251 400.000000
 5.500000 0.870030 380.342150 0.000000 0.000000 0.000000 0.000000 0.870030 393.000000
 5.750000 0.865728 366.089647 0.000000 0.000000 0.000000 0.000000 0.865728 380.000000
 6.000000 0.863813 359.913127 0.000000 0.000000 0.007547 0.030188 0.863813 363.000000
 6.250000 0.867890 366.554865 0.000000 0.000000 0.000000 0.000000 0.867890 370.000000
 6.500000 0.861474 360.832177 0.000000 0.000000 0.000000 0.000000 0.861474 371.000000
 6.750000 0.863642 361.114723 0.000000 0.000000 0.000000 0.000000 0.863642 372.000000
 7.000000 0.866526 359.923756 0.000000 0.000000 0.005813 0.023252 0.866526 368.000000
 7.250000 0.871805 374.249492 0.000000 0.000000 0.000000 0.000000 0.871805 382.000000
 7.500000 0.865846 371.739092 0.000000 0.000000 0.000000 0.000000 0.865846 374.000000
 7.750000 0.866693 365.983059 0.000000 0.000000 0.000000 0.000000 0.866693 375.000000
 8.000000 0.871858 376.185691 0.000000 0.000000 0.000000 0.000000 0.871858 386.000000
 8.250000 0.870512 371.368739 0.000000 0.000000 0.000000 0.000000 0.870512 378.000000
 8.500000 0.864198 368.810814 0.000000 0.000000 0.000000 0.000000 0.864198 379.000000
 8.750000 0.862382 359.792386 0.000000 0.000000 0.043104 0.172415 0.862382 369.000000
 9.000000 0.865124 367.184240 0.000000 0.000000 0.000000 0.000000 0.865124 379.000000
 9.250000 0.863850 365.903870 0.000000 0.000000 0.000000 0.000000 0.863850 375.000000
 9.500000 0.862894 359.550841 0.000000 0.000000 0.201744 0.806976 0.862894 372.000000
 9.750000 0.861176 361.775875 0.000000 0.000000 0.000000 0.000000 0.861176 369.000000
 10.000000 0.866814 371.356956 0.000000 0.000000 0.000000 0.000000 0.866814 381.000000
 10.250000 0.862845 360.824234 0.000000 0.000000 0.000000 0.000000 0.862845 375.000000
 10.500000 0.857088 361.200043 0.000000 0.000000 0.000000 0.000000 0.857088 378.000000
 10.750000 0.864400 365.001784 0.000000 0.000000 0.000000 0.000000 0.864400 376.000000
 11.000000 0.864589 361.295662 0.000000 0.000000 0.000000 0.000000 0.864589 375.000000
 11.250000 0.871725 378.785418 0.000000 0.000000 0.000000 0.000000 0.871725 392.000000
 11.500000 0.862156 358.198091 0.000000 0.000000 3.246878 12.987511 0.862156 359.000000
 11.750000 0.861365 360.737078 0.000000 0.000000 0.000000 0.000000 0.861365 373.000000
 12.000000 0.867418 362.701798 0.000000 0.000000 0.000000 0.000000 0.867418 369.000000
 12.250000 0.864401 361.993651 0.000000 0.000000 0.000000 0.000000 0.864401 371.000000
 12.500000 0.862068 361.992241 0.000000 0.000000 0.000000 0.000000 0.862068 374.000000
 12.750000 0.863103 363.833796 0.000000 0.000000 0.000000 0.000000 0.863103 372.000000
 13.000000 0.866311 370.297337 0.000000 0.000000 0.000000 0.000000 0.866311 375.000000
 13.250000 0.862438 365.641160 0.000000 0.000000 0.000000 0.000000 0.862438 382.000000
 13.500000 0.869531 373.570207 0.000000 0.000000 0.000000 0.000000 0.869531 391.000000
 13.750000 0.866731 372.754419 0.000000 0.000000 0.000000 0.000000 0.866731 391.000000
 14.000000 0.865735 370.601512 0.000000 0.000000 0.000000 0.000000 0.865735 382.000000
 14.250000 0.865942 371.777841 0.000000 0.000000 0.000000 0.000000 0.865942 386.000000
 14.500000 0.868248 374.472003 0.000000 0.000000 0.000000 0.000000 0.868248 390.000000
 14.750000 0.869467 380.829182 0.000000 0.000000 0.000000 0.000000 0.869467 395.000000
 15.000000 0.864119 367.622151 0.000000 0.000000 0.000000 0.000000 0.864119 373.000000
 15.250000 0.863126 366.304267 0.000000 0.000000 0.000000 0.000000 0.863126 369.000000
 15.500000 0.865879 366.485804 0.000000 0.000000 0.000000 0.000000 0.865879 367.000000
 15.750000 0.871972 372.072402 0.000000 0.000000 0.000000 0.000000 0.871972 379.000000
 16.000000 0.863083 358.753728 0.000000 0.000000 1.553193 6.212773 0.863083 366.000000
 16.250000 0.867542 367.853293 0.000000 0.000000 0.000000 0.000000 0.867542 378.000000
 16.500000 0.871407 377.552663 0.000000 0.000000 0.000000 0.000000 0.871407 387.000000
 16.750000 0.875062 384.535677 0.000000 0.000000 0.000000 0.000000 0.875062 393.000000
 17.000000 0.873159 381.509944 0.000000 0.000000 0.000000 0.000000 0.873159 396.000000
 17.250000 0.868302 375.912704 0.000000 0.000000 0.000000 0.000000 0.868302 387.000000
 17.500000 0.871762 377.132531 0.000000 0.000000 0.000000 0.000000 0.871762 382.000000
 17.750000 0.878316 386.548518 0.000000 0.000000 0.000000 0.000000 0.878316 388.000000
 18.000000 0.875498 387.817563 0.000000 0.000000 0.000000 0.000000 0.875498 399.000000
 18.250000 0.864211 364.972127 0.000000 0.000000 0.000000 0.000000 0.864211 372.000000
 18.500000 0.869270 371.721217 0.000000 0.000000 0.000000 0.000000 0.869270 373.000000
 18.750000 0.866757 361.234562 0.000000 0.000000 0.000000 0.000000 0.866757 364.000000
 19.000000 0.865322 361.026311 0.000000 0.000000 0.000000 0.000000 0.865322 363.000000
 19.250000 0.863183 362.343064 0.000000 0.000000 0.000000 0.000000 0.863183 373.000000
 19.500000 0.865184 360.677137 0.000000 0.000000 0.000000 0.000000 0.865184 361.000000
 19.750000 0.867420 363.098875 0.000000 0.000000 0.000000 0.000000 0.867420 368.000000
 20.000000 0.869035 366.633426 0.000000 0.000000 0.000000 0.000000 0.869035 366.000000
 20.250000 0.865970 366.657665 0.000000 0.000000 0.000000 0.000000 0.865970 378.000000
 20.500000 0.864123 366.607602 0.000000 0.000000 0.000000 0.000000 0.864123 377.000000
 20.750000 0.877860 393.677389 0.000000 0.000000 0.000000 0.000000 0.877860 407.000000
 21.000000 0.877906 388.833000 0.000000 0.000000 0.000000 0.000000 0.877906 403.000000
 21.250000 0.875151 382.989587 0.000000 0.000000 0.000000 0.000000 0.875151 397.000000
 21.500000 0.863177 360.867801 0.000000 0.000000 0.000000 0.000000 0.863177 369.000000
 21.750000 0.868922 369.400854 0.000000 0.000000 0.000000 0.000000 0.868922 369.000000
 22.000000 0.863767 364.075745 0.000000 0.000000 0.000000 0.000000 0.863767 374.000000
 22.250000 0.866665 363.303550 0.000000 0.000000 0.000000 0.000000 0.866665 373.000000
 22.500000 0.868758 367.744679 0.000000 0.000000 0.000000 0.000000 0.868758 373.000000
 22.750000 0.863396 358.549340 0.000000 0.000000 2.104416 8.417663 0.863396 365.000000
 23.000000 0.867311 376.304716 0.000000 0.000000 0.000000 0.000000 0.867311 391.000000
 23.250000 0.865077 367.924229 0.000000 0.000000 0.000000 0.000000 0.865077 380.000000
 23.500000 0.864487 371.401116 0.000000 0.000000 0.000000 0.000000 0.864487 386.000000
 23.750000 0.867057 366.395748 0.000000 0.000000 0.000000 0.000000 0.867057 373.000000
 24.000000 0.868670 377.301196 0.000000 0.000000 0.000000 0.000000 0.868670 387.000000
 24.250000 0.867705 373.905091 0.000000 0.000000 0.000000 0.000000 0.867705 386.000000
 24.500000 0.872966 375.378548 0.000000 0.000000 0.000000 0.000000 0.872966 386.000000
 24.750000 0.875582 380.365455 0.000000 0.000000 0.000000 0.000000 0.875582 388.000000
 25.000000 0.872754 373.729312 0.000000 0.000000 0.000000 0.000000 0.872754 379.000000
 25.250000 0.863564 363.460771 0.000000 0.000000 0.000000 0.000000 0.863564 370.000000
 25.500000 0.867150 363.541418 0.000000 0.000000 0.000000 0.000000 0.867150 365.000000
 25.750000 0.871993 373.805192 0.000000 0.000000 0.000000 0.000000 0.871993 385.000000
 26.000000 0.864569 358.519211 0.000000 0.000000 2.192736 8.770942 0.864569 366.000000
 26.250000 0.860584 359.809833 0.000000 0.000000 0.036164 0.144654 0.860584 375.000000
 26.500000 0.867351 369.158567 0.000000 0.000000 0.000000 0.000000 0.867351 379.000000
 26.750000 0.868487 372.628858 0.000000 0.000000 0.000000 0.000000 0.868487 384.000000
 27.000000 0.874679 385.207334 0.000000 0.000000 0.000000 0.000000 0.874679 398.000000
 27.250000 0.875308 392.960700 0.000000 0.000000 0.000000 0.000000 0.875308 397.000000
 27.500000 0.877389 391.469209 0.000000 0.000000 0.000000 0.000000 0.877389 403.000000
 27.750000 0.878984 395.752561 0.000000 0.000000 0.000000 0.000000 0.878984 413.000000
 28.000000 0.882078 403.351634 0.000000 0.000000 0.000000 0.000000 0.882078 418.000000
 28.250000 0.879794 395.831004 0.000000 0.000000 0.000000 0.000000 0.879794 408.000000
 28.500000 0.874045 388.855707 0.000000 0.000000 0.000000 0.000000 0.874045 398.000000
 28.750000 0.863408 368.781151 0.000000 0.000000 0.000000 0.000000 0.863408 381.000000
 29.000000 0.869028 370.574817 0.000000 0.000000 0.000000 0.000000 0.869028 378.000000
 29.250000 0.875281 379.949653 0.000000 0.000000 0.000000 0.000000 0.875281 387.000000
 29.500000 0.879281 389.752082 0.000000 0.000000 0.000000 0.000000 0.879281 397.000000
 29.750000 0.876024 384.456040 0.000000 0.000000 0.000000 0.000000 0.876024 391.000000
 30.000000 0.870071 376.787543 0.000000 0.000000 0.000000 0.000000 0.870071 388.000000
 30.250000 0.866026 368.135507 0.000000 0.000000 0.000000 0.000000 0.866026 371.000000
 30.500000 0.864938 361.823513 0.000000 0.000000 0.000000 0.000000 0.864938 364.000000
 30.750000 0.864698 359.029712 0.000000 0.000000 0.941459 3.765836 0.864698 365.000000
 31.000000 0.871553 372.754090 0.000000 0.000000 0.000000 0.000000 0.871553 375.000000
 31.250000 0.865869 362.283878 0.000000 0.000000 0.000000 0.000000 0.865869 365.000000
 31.500000 0.864278 361.148834 0.000000 0.000000 0.000000 0.000000 0.864278 367.000000
 31.750000 0.865829 363.336471 0.000000 0.000000 0.000000 0.000000 0.865829 361.000000
 32.000000 0.867508 364.435974 0.000000 0.000000 0.000000 0.000000 0.867508 370.000000
 32.250000 0.862478 358.441646 0.000000 0.000000 2.428467 9.713869 0.862478 359.000000
 32.500000 0.864084 367.933891 0.000000 0.000000 0.000000 0.000000 0.864084 378.000000
 32.750000 0.859849 357.522424 0.000000 0.000000 6.138381 24.553524 0.859849 369.000000
 33.000000 0.867224 366.293420 0.000000 0.000000 0.000000 0.000000 0.867224 381.000000
 33.250000 0.864759 362.330757 0.000000 0.000000 0.000000 0.000000 0.864759 373.000000
 33.500000 0.865044 366.513894 0.000000 0.000000 0.000000 0.000000 0.865044 384.000000
 33.750000 0.862653 366.656649 0.000000 0.000000 0.000000 0.000000 0.862653 379.000000
 34.000000 0.864582 365.929793 0.000000 0.000000 0.000000 0.000000 0.864582 377.000000
 34.250000 0.868034 362.944504 0.000000 0.000000 0.000000 0.000000 0.868034 366.000000
 34.500000 0.868883 371.129226 0.000000 0.000000 0.000000 0.000000 0.868883 378.000000
 34.750000 0.864398 369.255082 0.000000 0.000000 0.000000 0.000000 0.864398 379.000000
 35.000000 0.863599 363.194133 0.000000 0.000000 0.000000 0.000000 0.863599 379.000000
 35.250000 0.864665 363.035810 0.000000 0.000000 0.000000 0.000000 0.864665 372.000000
 35.500000 0.865873 366.174963 0.000000 0.000000 0.000000 0.000000 0.865873 371.000000
 35.750000 0.861087 360.707421 0.000000 0.000000 0.000000 0.000000 0.861087 373.000000
 36.000000 0.862046 360.857316 0.000000 0.000000 0.000000 0.000000 0.862046 368.000000
 36.250000 0.864622 358.455332 0.000000 0.000000 2.385999 9.543995 0.864622 366.000000
 36.500000 0.865325 362.539560 0.000000 0.000000 0.000000 0.000000 0.865325 373.000000
 36.750000 0.866696 366.490964 0.000000 0.000000 0.000000 0.000000 0.866696 371.000000
 37.000000 0.865512 362.765986 0.000000 0.000000 0.000000 0.000000 0.865512 364.000000
 37.250000 0.863809 364.236445 0.000000 0.000000 0.000000 0.000000 0.863809 368.000000
 37.500000 0.869846 374.282918 0.000000 0.000000 0.000000 0.000000 0.869846 382.000000
 37.750000 0.867888 366.613335 0.000000 0.000000 0.000000 0.000000 0.867888 368.000000
 38.000000 0.868585 371.639562 0.000000 0.000000 0.000000 0.000000 0.868585 383.000000
 38.250000 0.866772 365.741476 0.000000 0.000000 0.000000 0.000000 0.866772 371.000000
 38.500000 0.862035 358.167548 0.000000 0.000000 3.357880 13.431520 0.862035 364.000000
 38.750000 0.866045 358.606557 0.000000 0.000000 1.941682 7.766728 0.866045 362.000000
 39.000000 0.865936 359.641136 0.000000 0.000000 0.128783 0.515134 0.865936 365.000000
 39.250000 0.867208 363.270797 0.000000 0.000000 0.000000 0.000000 0.867208 372.000000
 39.500000 0.864875 359.890483 0.000000 0.000000 0.011994 0.047976 0.864875 362.000000
 39.750000 0.863097 358.881202 0.000000 0.000000 1.251708 5.006832 0.863097 361.000000
 40.000000 0.870383 372.585545 0.000000 0.000000 0.000000 0.000000 0.870383 380.000000
 40.250000 0.860164 357.315492 0.000000 0.000000 7.206586 28.826343 0.860164 363.000000
 40.500000 0.863769 360.883748 0.000000 0.000000 0.000000 0.000000 0.863769 366.000000
 40.750000 0.862824 361.540043 0.000000 0.000000 0.000000 0.000000 0.862824 364.000000
 41.000000 0.871771 374.023840 0.000000 0.000000 0.000000 0.000000 0.871771 376.000000
 41.250000 0.874683 382.047139 0.000000 0.000000 0.000000 0.000000 0.874683 390.000000
 41.500000 0.871487 376.092729 0.000000 0.000000 0.000000 0.000000 0.871487 385.000000
 41.750000 0.870148 373.478004 0.000000 0.000000 0.000000 0.000000 0.870148 381.000000
 42.000000 0.866831 373.053599 0.000000 0.000000 0.000000 0.000000 0.866831 387.000000
 42.250000 0.874264 390.056711 0.000000 0.000000 0.000000 0.000000 0.874264 403.000000
 42.500000 0.876069 384.876697 0.000000 0.000000 0.000000 0.000000 0.876069 397.000000
 42.750000 0.872724 377.325687 0.000000 0.000000 0.000000 0.000000 0.872724 389.000000
 43.000000 0.872111 381.099175 0.000000 0.000000 0.000000 0.000000 0.872111 388.000000
 43.250000 0.869872 374.620369 0.000000 0.000000 0.000000 0.000000 0.869872 387.000000
 43.500000 0.869093 372.974352 0.000000 0.000000 0.000000 0.000000 0.869093 386.000000
 43.750000 0.874496 381.331074 0.000000 0.000000 0.000000 0.000000 0.874496 389.000000
 44.000000 0.876143 379.677756 0.000000 0.000000 0.000000 0.000000 0.876143 386.000000
 44.250000 0.864601 359.539190 0.000000 0.000000 0.212346 0.849384 0.864601 366.000000
 44.500000 0.865166 364.231424 0.000000 0.000000 0.000000 0.000000 0.865166 366.000000
 44.750000 0.878063 389.182602 0.000000 0.000000 0.000000 0.000000 0.878063 403.000000
 45.000000 0.875554 376.851264 0.000000 0.000000 0.000000 0.000000 0.875554 381.000000
 45.250000 0.871830 369.876873 0.000000 0.000000 0.000000 0.000000 0.871830 375.000000
 45.500000 0.870285 372.608725 0.000000 0.000000 0.000000 0.000000 0.870285 376.000000
 45.750000 0.865200 361.536714 0.000000 0.000000 0.000000 0.000000 0.865200 370.000000
 46.000000 0.870560 372.156336 0.000000 0.000000 0.000000 0.000000 0.870560 375.000000
 46.250000 0.867944 368.130016 0.000000 0.000000 0.000000 0.000000 0.867944 371.000000
 46.500000 0.859509 361.853864 0.000000 0.000000 0.000000 0.000000 0.859509 376.000000
 46.750000 0.861066 363.241844 0.000000 0.000000 0.000000 0.000000 0.861066 375.000000
 47.000000 0.863665 361.636978 0.000000 0.000000 0.000000 0.000000 0.863665 365.000000
 47.250000 0.862518 361.541792 0.000000 0.000000 0.000000 0.000000 0.862518 377.000000
 47.500000 0.866169 367.602031 0.000000 0.000000 0.000000 0.000000 0.866169 376.000000
 47.750000 0.864727 362.825947 0.000000 0.000000 0.000000 0.000000 0.864727 368.000000
 48.000000 0.863345 360.499525 0.000000 0.000000 0.000000 0.000000 0.863345 373.000000
 48.250000 0.860263 358.613536 0.000000 0.000000 1.922283 7.689132 0.860263 369.000000
 48.500000 0.861341 360.025863 0.000000 0.000000 0.000000 0.000000 0.861341 369.000000
 48.750000 0.858195 354.907961 0.000000 0.000000 25.928862 103.715447 0.858195 363.000000
 49.000000 0.863729 358.301040 0.000000 0.000000 2.886464 11.545854 0.863729 365.000000
 49.250000 0.859072 360.342208 0.000000 0.000000 0.000000 0.000000 0.859072 375.000000
 49.500000 0.861069 361.488250 0.000000 0.000000 0.000000 0.000000 0.861069 367.000000
 49.750000 0.863638 366.367697 0.000000 0.000000 0.000000 0.000000 0.863638 372.000000
 50.000000 0.867946 371.498150 0.000000 0.000000 0.000000 0.000000 0.867946 376.000000
 50.250000 0.866848 363.656762 0.000000 0.000000 0.000000 0.000000 0.866848 365.000000
 50.500000 0.865742 358.115163 0.000000 0.000000 3.552611 14.210443 0.865742 352.000000
 50.750000 0.866262 363.692745 0.000000 0.000000 0.000000 0.000000 0.866262 369.000000
 51.000000 0.865341 362.633737 0.000000 0.000000 0.000000 0.000000 0.865341 363.000000
 51.250000 0.864167 361.198416 0.000000 0.000000 0.000000 0.000000 0.864167 372.000000
 51.500000 0.863600 360.119931 0.000000 0.000000 0.000000 0.000000 0.863600 370.000000
 51.750000 0.864783 364.776161 0.000000 0.000000 0.000000 0.000000 0.864783 373.000000
 52.000000 0.868519 371.773123 0.000000 0.000000 0.000000 0.000000 0.868519 378.000000
 52.250000 0.866235 366.003076 0.000000 0.000000 0.000000 0.000000 0.866235 369.000000
 52.500000 0.861169 360.368415 0.000000 0.000000 0.000000 0.000000 0.861169 368.000000
 52.750000 0.863231 359.499151 0.000000 0.000000 0.250850 1.003400 0.863231 373.000000
 53.000000 0.869415 371.627414 0.000000 0.000000 0.000000 0.000000 0.869415 379.000000
 53.250000 0.865638 360.054760 0.000000 0.000000 0.000000 0.000000 0.865638 367.000000
 53.500000 0.864648 365.704198 0.000000 0.000000 0.000000 0.000000 0.864648 377.000000
 53.750000 0.862235 359.031008 0.000000 0.000000 0.938946 3.755783 0.862235 366.000000
 54.000000 0.870383 380.213930 0.000000 0.000000 0.000000 0.000000 0.870383 388.000000
 54.250000 0.869788 370.834179 0.000000 0.000000 0.000000 0.000000 0.869788 379.000000
 54.500000 0.874595 381.675487 0.000000 0.000000 0.000000 0.000000 0.874595 391.000000
 54.750000 0.872078 377.524623 0.000000 0.000000 0.000000 0.000000 0.872078 386.000000
 55.000000 0.873089 372.035455 0.000000 0.000000 0.000000 0.000000 0.873089 374.000000
 55.250000 0.862243 359.374907 0.000000 0.000000 0.390741 1.562964 0.862243 370.000000
 55.500000 0.865578 363.990012 0.000000 0.000000 0.000000 0.000000 0.865578 371.000000
 55.750000 0.871523 376.368950 0.000000 0.000000 0.000000 0.000000 0.871523 383.000000
 56.000000 0.869114 369.313107 0.000000 0.000000 0.000000 0.000000 0.869114 367.000000
 56.250000 0.868045 365.208261 0.000000 0.000000 0.000000 0.000000 0.868045 369.000000
 56.500000 0.871026 377.962219 0.000000 0.000000 0.000000 0.000000 0.871026 386.000000
 56.750000 0.866804 368.821207 0.000000 0.000000 0.000000 0.000000 0.866804 373.000000
 57.000000 0.863877 367.437446 0.000000 0.000000 0.000000 0.000000 0.863877 377.000000
 57.250000 0.865431 362.296938 0.000000 0.000000 0.000000 0.000000 0.865431 372.000000
 57.500000 0.863453 364.499380 0.000000 0.000000 0.000000 0.000000 0.863453 373.000000
 57.750000 0.861563 362.981197 0.000000 0.000000 0.000000 0.000000 0.861563 375.000000
 58.000000 0.861970 359.190132 0.000000 0.000000 0.655885 2.623542 0.861970 370.000000
 58.250000 0.871261 376.901838 0.000000 0.000000 0.000000 0.000000 0.871261 385.000000
 58.500000 0.866152 365.020911 0.000000 0.000000 0.000000 0.000000 0.866152 373.000000
 58.750000 0.865117 367.364941 0.000000 0.000000 0.000000 0.000000 0.865117 371.000000
 59.000000 0.866125 371.242551 0.000000 0.000000 0.000000 0.000000 0.866125 379.000000
 59.250000 0.868189 368.884885 0.000000 0.000000 0.000000 0.000000 0.868189 372.000000
 59.500000 0.876081 384.551674 0.000000 0.000000 0.000000 0.000000 0.876081 390.000000
 59.750000 0.879555 390.295847 0.000000 0.000000 0.000000 0.000000 0.879555 397.000000
 60.000000 0.874125 379.950270 0.000000 0.000000 0.000000 0.000000 0.874125 382.000000
 60.250000 0.870291 373.687139 0.000000 0.000000 0.000000 0.000000 0.870291 382.000000
 60.500000 0.869712 375.992649 0.000000 0.000000 0.000000 0.000000 0.869712 390.000000
 60.750000 0.865664 367.104820 0.000000 0.000000 0.000000 0.000000 0.865664 374.000000
 61.000000 0.866561 366.978637 0.000000 0.000000 0.000000 0.000000 0.866561 375.000000
 61.250000 0.872328 375.195027 0.000000 0.000000 0.000000 0.000000 0.872328 378.000000
 61.500000 0.872748 376.573049 0.000000 0.000000 0.000000 0.000000 0.872748 382.000000
 61.750000 0.877767 383.462882 0.000000 0.000000 0.000000 0.000000 0.877767 383.000000
 62.000000 0.867926 367.411160 0.000000 0.000000 0.000000 0.000000 0.867926 374.000000
 62.250000 0.862705 362.106744 0.000000 0.000000 0.000000 0.000000 0.862705 372.000000
 62.500000 0.867747 365.821429 0.000000 0.000000 0.000000 0.000000 0.867747 374.000000
 62.750000 0.871052 374.975251 0.000000 0.000000 0.000000 0.000000 0.871052 382.000000
 63.000000 0.864984 361.832813 0.000000 0.000000 0.000000 0.000000 0.864984 367.000000
 63.250000 0.861598 359.757330 0.000000 0.000000 0.058889 0.235554 0.861598 364.000000
 63.500000 0.863126 363.231290 0.000000 0.000000 0.000000 0.000000 0.863126 375.000000
 63.750000 0.864694 368.167475 0.000000 0.000000 0.000000 0.000000 0.864694 374.000000
 64.000000 0.871060 376.170527 0.000000 0.000000 0.000000 0.000000 0.871060 386.000000
 64.250000 0.867990 369.045858 0.000000 0.000000 0.000000 0.000000 0.867990 372.000000
 64.500000 0.868412 372.037966 0.000000 0.000000 0.000000 0.000000 0.868412 381.000000
 64.750000 0.875000 381.478800 0.000000 0.000000 0.000000 0.000000 0.875000 381.000000
 65.000000 0.873748 378.810166 0.000000 0.000000 0.000000 0.000000 0.873748 388.000000
 65.250000 0.876782 381.383083 0.000000 0.000000 0.000000 0.000000 0.876782 382.000000
 65.500000 0.869213 373.399438 0.000000 0.000000 0.000000 0.000000 0.869213 382.000000
 65.750000 0.861366 359.931336 0.000000 0.000000 0.004715 0.018859 0.861366 364.000000
 66.000000 0.869746 371.513930 0.000000 0.000000 0.000000 0.000000 0.869746 378.000000
 66.250000 0.881088 387.140452 0.000000 0.000000 0.000000 0.000000 0.881088 386.000000
 66.500000 0.875979 385.127655 0.000000 0.000000 0.000000 0.000000 0.875979 389.000000
 66.750000 0.867540 369.079373 0.000000 0.000000 0.000000 0.000000 0.867540 379.000000
 67.000000 0.863589 360.240874 0.000000 0.000000 0.000000 0.000000 0.863589 370.000000
 67.250000 0.867078 371.653120 0.000000 0.000000 0.000000 0.000000 0.867078 378.000000
 67.500000 0.872771 382.743847 0.000000 0.000000 0.000000 0.000000 0.872771 390.000000
 67.750000 0.869531 374.270876 0.000000 0.000000 0.000000 0.000000 0.869531 382.000000
 68.000000 0.870791 371.813060 0.000000 0.000000 0.000000 0.000000 0.870791 382.000000
 68.250000 0.872508 377.721213 0.000000 0.000000 0.000000 0.000000 0.872508 383.000000
 68.500000 0.866878 365.628037 0.000000 0.000000 0.000000 0.000000 0.866878 369.000000
 68.750000 0.868988 369.648963 0.000000 0.000000 0.000000 0.000000 0.868988 376.000000
 69.000000 0.872263 374.997943 0.000000 0.000000 0.000000 0.000000 0.872263 379.000000
 69.250000 0.869647 366.787933 0.000000 0.000000 0.000000 0.000000 0.869647 372.000000
 69.500000 0.869206 371.946397 0.000000 0.000000 0.000000 0.000000 0.869206 380.000000
 69.750000 0.861518 358.721258 0.000000 0.000000 1.635181 6.540725 0.861518 364.000000
 70.000000 0.869860 373.393651 0.000000 0.000000 0.000000 0.000000 0.869860 380.000000
 70.250000 0.877767 389.716896 0.000000 0.000000 0.000000 0.000000 0.877767 396.000000
 70.500000 0.878250 391.924830 0.000000 0.000000 0.000000 0.000000 0.878250 399.000000
 70.750000 0.876842 387.062439 0.000000 0.000000 0.000000 0.000000 0.876842 394.000000
 71.000000 0.873620 381.601313 0.000000 0.000000 0.000000 0.000000 0.873620 390.000000
 71.250000 0.868233 371.440941 0.000000 0.000000 0.000000 0.000000 0.868233 380.000000
 71.500000 0.867592 374.764324 0.000000 0.000000 0.000000 0.000000 0.867592 388.000000
 71.750000 0.862824 362.161777 0.000000 0.000000 0.000000 0.000000 0.862824 372.000000
 72.000000 0.863749 363.238554 0.000000 0.000000 0.000000 0.000000 0.863749 371.000000
 72.250000 0.862198 361.178397 0.000000 0.000000 0.000000 0.000000 0.862198 368.000000
 72.500000 0.869022 371.837572 0.000000 0.000000 0.000000 0.000000 0.869022 388.000000
 72.750000 0.868050 368.649323 0.000000 0.000000 0.000000 0.000000 0.868050 373.000000
 73.000000 0.870675 368.899849 0.000000 0.000000 0.000000 0.000000 0.870675 373.000000
 73.250000 0.867213 362.239682 0.000000 0.000000 0.000000 0.000000 0.867213 371.000000
 73.500000 0.863701 361.698756 0.000000 0.000000 0.000000 0.000000 0.863701 366.000000
 73.750000 0.865531 360.640614 0.000000 0.000000 0.000000 0.000000 0.865531 367.000000
 74.000000 0.861564 356.811142 0.000000 0.000000 10.168817 40.675268 0.861564 367.000000
 74.250000 0.867167 364.559570 0.000000 0.000000 0.000000 0.000000 0.867167 373.000000
 74.500000 0.864064 361.942742 0.000000 0.000000 0.000000 0.000000 0.864064 373.000000
 74.750000 0.867439 370.020319 0.000000 0.000000 0.000000 0.000000 0.867439 378.000000
 75.000000 0.867195 364.538513 0.000000 0.000000 0.000000 0.000000 0.867195 367.000000
 75.250000 0.869101 371.507317 0.000000 0.000000 0.000000 0.000000 0.869101 375.000000
 75.500000 0.872480 375.787225 0.000000 0.000000 0.000000 0.000000 0.872480 384.000000
 75.750000 0.870364 374.210031 0.000000 0.000000 0.000000 0.000000 0.870364 384.000000
 76.000000 0.872726 378.033107 0.000000 0.000000 0.000000 0.000000 0.872726 383.000000
 76.250000 0.872022 375.785250 0.000000 0.000000 0.000000 0.000000 0.872022 381.000000
 76.500000 0.871565 374.450995 0.000000 0.000000 0.000000 0.000000 0.871565 384.000000
 76.750000 0.867484 369.260264 0.000000 0.000000 0.000000 0.000000 0.867484 373.000000
 77.000000 0.865377 358.373069 0.000000 0.000000 2.646904 10.587614 0.865377 361.000000
 77.250000 0.863738 364.404425 0.000000 0.000000 0.000000 0.000000 0.863738 374.000000
 77.500000 0.864895 360.758281 0.000000 0.000000 0.000000 0.000000 0.864895 371.000000
 77.750000 0.867691 365.216805 0.000000 0.000000 0.000000 0.000000 0.867691 365.000000
 78.000000 0.868253 368.742637 0.000000 0.000000 0.000000 0.000000 0.868253 379.000000
 78.250000 0.871074 375.892314 0.000000 0.000000 0.000000 0.000000 0.871074 385.000000
 78.500000 0.864050 358.838477 0.000000 0.000000 1.349135 5.396539 0.864050 363.000000
 78.750000 0.868135 364.911488 0.000000 0.000000 0.000000 0.000000 0.868135 364.000000
 79.000000 0.862821 357.718508 0.000000 0.000000 5.205207 20.820826 0.862821 364.000000
 79.250000 0.864743 359.397635 0.000000 0.000000 0.362844 1.451375 0.864743 364.000000
 79.500000 0.866246 366.243149 0.000000 0.000000 0.000000 0.000000 0.866246 372.000000
 79.750000 0.867041 366.380580 0.000000 0.000000 0.000000 0.000000 0.867041 371.000000
 80.000000 0.860481 360.787421 0.000000 0.000000 0.000000 0.000000 0.860481 375.000000
 80.250000 0.863729 368.844645 0.000000 0.000000 0.000000 0.000000 0.863729 380.000000
 80.500000 0.876646 385.359900 0.000000 0.000000 0.000000 0.000000 0.876646 391.000000
 80.750000 0.876532 387.472994 0.000000 0.000000 0.000000 0.000000 0.876532 392.000000
 81.000000 0.874265 377.000042 0.000000 0.000000 0.000000 0.000000 0.874265 377.000000
 81.250000 0.872278 381.880365 0.000000 0.000000 0.000000 0.000000 0.872278 394.000000
 81.500000 0.877709 388.976882 0.000000 0.000000 0.000000 0.000000 0.877709 401.000000
 81.750000 0.875303 381.808386 0.000000 0.000000 0.000000 0.000000 0.875303 386.000000
 82.000000 0.874939 380.670003 0.000000 0.000000 0.000000 0.000000 0.874939 378.000000
 82.250000 0.872991 374.583043 0.000000 0.000000 0.000000 0.000000 0.872991 376.000000
 82.500000 0.868929 372.176584 0.000000 0.000000 0.000000 0.000000 0.868929 376.000000
 82.750000 0.866620 368.860334 0.000000 0.000000 0.000000 0.000000 0.866620 378.000000
 83.000000 0.869247 365.185380 0.000000 0.000000 0.000000 0.000000 0.869247 369.000000
 83.250000 0.868078 366.997808 0.000000 0.000000 0.000000 0.000000 0.868078 372.000000
 83.500000 0.871887 377.830865 0.000000 0.000000 0.000000 0.000000 0.871887 386.000000
 83.750000 0.864598 366.230295 0.000000 0.000000 0.000000 0.000000 0.864598 377.000000
 84.000000 0.863361 362.572247 0.000000 0.000000 0.000000 0.000000 0.863361 372.000000
 84.250000 0.872138 374.090939 0.000000 0.000000 0.000000 0.000000 0.872138 377.000000
 84.500000 0.868989 372.570129 0.000000 0.000000 0.000000 0.000000 0.868989 379.000000
 84.750000 0.869899 372.829324 0.000000 0.000000 0.000000 0.000000 0.869899 378.000000
 85.000000 0.872762 375.553402 0.000000 0.000000 0.000000 0.000000 0.872762 375.000000
 85.250000 0.879521 383.672534 0.000000 0.000000 0.000000 0.000000 0.879521 386.000000
 85.500000 0.880986 388.309112 0.000000 0.000000 0.000000 0.000000 0.880986 386.000000
 85.750000 0.879950 389.078810 0.000000 0.000000 0.000000 0.000000 0.879950 395.000000
 86.000000 0.866429 364.049638 0.000000 0.000000 0.000000 0.000000 0.866429 368.000000
 86.250000 0.859097 358.267572 0.000000 0.000000 3.001308 12.005232 0.859097 367.000000
 86.500000 0.865520 364.455877 0.000000 0.000000 0.000000 0.000000 0.865520 372.000000
 86.750000 0.864912 363.424686 0.000000 0.000000 0.000000 0.000000 0.864912 364.000000
 87.000000 0.867154 363.838182 0.000000 0.000000 0.000000 0.000000 0.867154 369.000000
 87.250000 0.865201 363.550837 0.000000 0.000000 0.000000 0.000000 0.865201 371.000000
 87.500000 0.863450 359.781668 0.000000 0.000000 0.047669 0.190676 0.863450 367.000000
 87.750000 0.865483 361.012630 0.000000 0.000000 0.000000 0.000000 0.865483 367.000000
 88.000000 0.868053 365.738547 0.000000 0.000000 0.000000 0.000000 0.868053 365.000000
 88.250000 0.867997 365.522157 0.000000 0.000000 0.000000 0.000000 0.867997 361.000000
 88.500000 0.866117 364.902116 0.000000 0.000000 0.000000 0.000000 0.866117 373.000000
 88.750000 0.862402 365.169613 0.000000 0.000000 0.000000 0.000000 0.862402 373.000000
 89.000000 0.860251 357.549928 0.000000 0.000000 6.002853 24.011412 0.860251 364.000000
 89.250000 0.867083 366.890005 0.000000 0.000000 0.000000 0.000000 0.867083 378.000000
 89.500000 0.868275 366.749580 0.000000 0.000000 0.000000 0.000000 0.868275 372.000000
 89.750000 0.861983 361.262150 0.000000 0.000000 0.000000 0.000000 0.861983 369.000000
 90.000000 0.866776 363.397657 0.000000 0.000000 0.000000 0.000000 0.866776 365.000000
 90.250000 0.868641 369.594106 0.000000 0.000000 0.000000 0.000000 0.868641 372.000000
 90.500000 0.865771 370.805654 0.000000 0.000000 0.000000 0.000000 0.865771 382.000000
 90.750000 0.858626 362.764918 0.000000 0.000000 0.000000 0.000000 0.858626 374.000000
 91.000000 0.864382 363.409974 0.000000 0.000000 0.000000 0.000000 0.864382 370.000000
 91.250000 0.866339 358.520485 0.000000 0.000000 2.188965 8.755861 0.866339 359.000000
 91.500000 0.865268 359.638636 0.000000 0.000000 0.130584 0.522337 0.865268 364.000000
 91.750000 0.867256 370.479991 0.000000 0.000000 0.000000 0.000000 0.867256 379.000000
 92.000000 0.865608 366.331904 0.000000 0.000000 0.000000 0.000000 0.865608 374.000000
 92.250000 0.863054 359.266334 0.000000 0.000000 0.538265 2.153061 0.863054 370.000000
 92.500000 0.865509 362.733433 0.000000 0.000000 0.000000 0.000000 0.865509 368.000000
 92.750000 0.865407 365.206286 0.000000 0.000000 0.000000 0.000000 0.865407 375.000000
 93.000000 0.867123 369.048284 0.000000 0.000000 0.000000 0.000000 0.867123 363.000000
 93.250000 0.863772 360.249726 0.000000 0.000000 0.000000 0.000000 0.863772 361.000000
 93.500000 0.866008 362.620801 0.000000 0.000000 0.000000 0.000000 0.866008 372.000000
 93.750000 0.866715 368.914440 0.000000 0.000000 0.000000 0.000000 0.866715 378.000000
 94.000000 0.860755 359.955280 0.000000 0.000000 0.002000 0.008000 0.860755 366.000000
 94.250000 0.871155 371.614734 0.000000 0.000000 0.000000 0.000000 0.871155 377.000000
 94.500000 0.865243 358.779987 0.000000 0.000000 1.488433 5.953730 0.865243 363.000000
 94.750000 0.862919 363.694074 0.000000 0.000000 0.000000 0.000000 0.862919 367.000000
 95.000000 0.860195 361.199730 0.000000 0.000000 0.000000 0.000000 0.860195 375.000000
 95.250000 0.860072 360.719989 0.000000 0.000000 0.000000 0.000000 0.860072 377.000000
 95.500000 0.862317 360.204678 0.000000 0.000000 0.000000 0.000000 0.862317 374.000000
 95.750000 0.865641 365.051505 0.000000 0.000000 0.000000 0.000000 0.865641 370.000000
 96.000000 0.861006 362.483746 0.000000 0.000000 0.000000 0.000000 0.861006 376.000000
 96.250000 0.859201 359.033702 0.000000 0.000000 0.933731 3.734925 0.859201 362.000000
 96.500000 0.862083 359.597416 0.000000 0.000000 0.162074 0.648296 0.862083 368.000000
 96.750000 0.863759 364.549444 0.000000 0.000000 0.000000 0.000000 0.863759 372.000000
 97.000000 0.865236 363.950683 0.000000 0.000000 0.000000 0.000000 0.865236 373.000000
 97.250000 0.862684 362.452975 0.000000 0.000000 0.000000 0.000000 0.862684 371.000000
 97.500000 0.863063 364.290639 0.000000 0.000000 0.000000 0.000000 0.863063 372.000000
 97.750000 0.861591 360.569652 0.000000 0.000000 0.000000 0.000000 0.861591 370.000000
 98.000000 0.864869 364.179445 0.000000 0.000000 0.000000 0.000000 0.864869 373.000000
 98.250000 0.865716 364.194418 0.000000 0.000000 0.000000 0.000000 0.865716 363.000000
 98.500000 0.864897 367.210364 0.000000 0.000000 0.000000 0.000000 0.864897 377.000000
 98.750000 0.862827 358.295452 0.000000 0.000000 2.905483 11.621932 0.862827 357.000000
 99.000000 0.861252 359.161079 0.000000 0.000000 0.703788 2.815152 0.861252 367.000000
 99.250000 0.860341 360.165636 0.000000 0.000000 0.000000 0.000000 0.860341 370.000000
 99.500000 0.862152 360.215288 0.000000 0.000000 0.000000 0.000000 0.862152 370.000000
 99.750000 0.867150 363.529399 0.000000 0.000000 0.000000 0.000000 0.867150 366.000000
 100.000000 0.863473 357.618379 0.000000 0.000000 5.672119 22.688478 0.863473 361.000000
 100.250000 0.862932 360.194957 0.000000 0.000000 0.000000 0.000000 0.862932 364.000000
 100.500000 0.859751 362.273446 0.000000 0.000000 0.000000 0.000000 0.859751 374.000000
