#! FIELDS time refcv.mean refcv.morethan uwall.bias uwall.force2 lwall.bias lwall.force2 refcv2.mean refcv2.morethan
 0.750000 0.722895 671.703432 0.000000 0.000000 0.000000 0.000000 0.722895 671.000000
 1.000000 0.719006 681.824653 0.000000 0.000000 0.000000 0.000000 0.719006 684.000000
 1.250000 0.722115 690.383870 0.000000 0.000000 0.000000 0.000000 0.722115 689.000000
 1.500000 0.726343 685.684833 0.000000 0.000000 0.000000 0.000000 0.726343 678.000000
 1.750000 0.725294 691.146343 0.000000 0.000000 0.000000 0.000000 0.725294 688.000000
 2.000000 0.717844 671.503191 0.000000 0.000000 0.000000 0.000000 0.717844 674.000000
 2.250000 0.719393 678.525494 0.000000 0.000000 0.000000 0.000000 0.719393 679.000000
 2.500000 0.724319 689.997166 0.000000 0.000000 0.000000 0.000000 0.724319 685.000000
 2.750000 0.725228 677.024615 0.000000 0.000000 0.000000 0.000000 0.725228 671.000000
 3.000000 0.731344 696.301039 0.000000 0.000000 0.000000 0.000000 0.731344 691.000000
 3.250000 0.723513 686.323978 0.000000 0.000000 0.000000 0.000000 0.723513 686.000000
 3.500000 0.716573 665.050868 0.000000 0.000000 0.000000 0.000000 0.716573 668.000000
 3.750000 0.720571 666.914026 0.000000 0.000000 0.000000 0.000000 0.720571 664.000000
 4.000000 0.722244 675.779349 0.000000 0.000000 0.000000 0.000000 0.722244 670.000000
 4.250000 0.719832 668.306916 0.000000 0.000000 0.000000 0.000000 0.719832 661.000000
 4.500000 0.718426 664.690559 0.000000 0.000000 0.000000 0.000000 0.718426 664.000000
 4.750000 0.723128 667.977329 0.000000 0.000000 0.000000 0.000000 0.723128 662.000000
 5.000000 0.718732 662.455462 0.000000 0.000000 0.000000 0.000000 0.718732 660.000000
 5.250000 0.720362 664.713255 0.000000 0.000000 0.000000 0.000000 0.720362 662.000000
 5.500000 0.714828 652.841198 0.000000 0.000000 0.000000 0.000000 0.714828 642.000000
 5.750000 0.715391 653.699274 0.000000 0.000000 0.000000 0.000000 0.715391 648.000000
 6.000000 0.713684 650.172460 0.000000 0.000000 0.000000 0.000000 0.713684 653.000000
 6.250000 0.716439 649.593718 0.000000 0.000000 0.165065 0.660260 0.716439 644.000000
 6.500000 0.716419 653.683518 0.000000 0.000000 0.000000 0.000000 0.716419 649.000000
 6.750000 0.720715 666.000388 0.000000 0.000000 0.000000 0.000000 0.720715 667.000000
 7.000000 0.718029 658.986642 0.000000 0.000000 0.000000 0.000000 0.718029 656.000000
 7.250000 0.717426 656.873745 0.000000 0.000000 0.000000 0.000000 0.717426 649.000000
 7.500000 0.714145 652.466082 0.000000 0.000000 0.000000 0.000000 0.714145 653.000000
 7.750000 0.715753 652.754951 0.000000 0.000000 0.000000 0.000000 0.715753 650.000000
 8.000000 0.719606 670.667690 0.000000 0.000000 0.000000 0.000000 0.719606 674.000000
 8.250000 0.720423 674.126322 0.000000 0.000000 0.000000 0.000000 0.720423 673.000000
 8.500000 0.718889 657.203366 0.000000 0.000000 0.000000 0.000000 0.718889 660.000000
 8.750000 0.721064 669.687404 0.000000 0.000000 0.000000 0.000000 0.721064 664.000000
 9.000000 0.714062 656.934001 0.000000 0.000000 0.000000 0.000000 0.714062 655.000000
 9.250000 0.717628 659.240363 0.000000 0.000000 0.000000 0.000000 0.717628 659.000000
 9.500000 0.712981 650.441417 0.000000 0.000000 0.000000 0.000000 0.712981 646.000000
 9.750000 0.714568 658.825439 0.000000 0.000000 0.000000 0.000000 0.714568 657.000000
 10.000000 0.713306 655.338509 0.000000 0.000000 0.000000 0.000000 0.713306 658.000000
 10.250000 0.714894 653.965223 0.000000 0.000000 0.000000 0.000000 0.714894 653.000000
 10.500000 0.711544 648.573055 0.000000 0.000000 2.036171 8.144683 0.711544 652.000000
 10.750000 0.715789 661.246985 0.000000 0.000000 0.000000 0.000000 0.715789 662.000000
 11.000000 0.722762 670.218570 0.000000 0.000000 0.000000 0.000000 0.722762 666.000000
 11.250000 0.718603 672.423020 0.000000 0.000000 0.000000 0.000000 0.718603 674.000000
 11.500000 0.716342 657.558667 0.000000 0.000000 0.000000 0.000000 0.716342 656.000000
 11.750000 0.715411 652.507744 0.000000 0.000000 0.000000 0.000000 0.715411 652.000000
 12.000000 0.720618 664.452958 0.000000 0.000000 0.000000 0.000000 0.720618 660.000000
 12.250000 0.716800 658.253196 0.000000 0.000000 0.000000 0.000000 0.716800 654.000000
 12.500000 0.717507 651.045272 0.000000 0.000000 0.000000 0.000000 0.717507 647.000000
 12.750000 0.717224 663.302592 0.000000 0.000000 0.000000 0.000000 0.717224 659.000000
 13.000000 0.719881 671.564086 0.000000 0.000000 0.000000 0.000000 0.719881 669.000000
 13.250000 0.716336 659.943265 0.000000 0.000000 0.000000 0.000000 0.716336 658.000000
 13.500000 0.713373 660.504228 0.000000 0.000000 0.000000 0.000000 0.713373 667.000000
 13.750000 0.720058 667.617010 0.000000 0.000000 0.000000 0.000000 0.720058 669.000000
 14.000000 0.716242 651.442219 0.000000 0.000000 0.000000 0.000000 0.716242 646.000000
 14.250000 0.714019 651.159278 0.000000 0.000000 0.000000 0.000000 0.714019 647.000000
 14.500000 0.714067 660.702196 0.000000 0.000000 0.000000 0.000000 0.714067 655.000000
 14.750000 0.716301 664.239234 0.000000 0.000000 0.000000 0.000000 0.716301 659.000000
 15.000000 0.713854 649.025208 0.000000 0.000000 0.950220 3.800882 0.713854 645.000000
 15.250000 0.714914 649.085733 0.000000 0.000000 0.835885 3.343539 0.714914 646.000000
 15.500000 0.714988 651.303886 0.000000 0.000000 0.000000 0.000000 0.714988 645.000000
 15.750000 0.716527 651.526551 0.000000 0.000000 0.000000 0.000000 0.716527 645.000000
 16.000000 0.713371 648.174838 0.000000 0.000000 3.331217 13.324867 0.713371 648.000000
 16.250000 0.709984 647.761043 0.000000 0.000000 5.012930 20.051722 0.709984 647.000000
 16.500000 0.715876 657.968205 0.000000 0.000000 0.000000 0.000000 0.715876 664.000000
 16.750000 0.713925 651.074804 0.000000 0.000000 0.000000 0.000000 0.713925 643.000000
 17.000000 0.714004 648.759803 0.000000 0.000000 1.538087 6.152349 0.714004 643.000000
 17.250000 0.716841 652.501275 0.000000 0.000000 0.000000 0.000000 0.716841 647.000000
 17.500000 0.714444 647.023999 0.000000 0.000000 8.856580 35.426318 0.714444 646.000000
 17.750000 0.714363 649.412392 0.000000 0.000000 0.345283 1.381134 0.714363 645.000000
 18.000000 0.712302 653.424716 0.000000 0.000000 0.000000 0.000000 0.712302 652.000000
 18.250000 0.714672 654.895266 0.000000 0.000000 0.000000 0.000000 0.714672 656.000000
 18.500000 0.714004 647.877892 0.000000 0.000000 4.503344 18.013377 0.714004 641.000000
 18.750000 0.715368 649.396143 0.000000 0.000000 0.364644 1.458574 0.715368 650.000000
 19.000000 0.712823 657.265035 0.000000 0.000000 0.000000 0.000000 0.712823 657.000000
 19.250000 0.712827 648.830659 0.000000 0.000000 1.367358 5.469432 0.712827 645.000000
 19.500000 0.713837 647.912951 0.000000 0.000000 4.355774 17.423096 0.713837 647.000000
 19.750000 0.715216 647.570160 0.000000 0.000000 5.904121 23.616484 0.715216 644.000000
 20.000000 0.715290 646.544196 0.000000 0.000000 11.942580 47.770321 0.715290 646.000000
 20.250000 0.714114 650.143554 0.000000 0.000000 0.000000 0.000000 0.714114 655.000000
 20.500000 0.715447 661.394610 0.000000 0.000000 0.000000 0.000000 0.715447 663.000000
 20.750000 0.715606 651.819964 0.000000 0.000000 0.000000 0.000000 0.715606 655.000000
 21.000000 0.713942 651.650163 0.000000 0.000000 0.000000 0.000000 0.713942 645.000000
 21.250000 0.714444 652.668404 0.000000 0.000000 0.000000 0.000000 0.714444 649.000000
 21.500000 0.713118 647.886763 0.000000 0.000000 4.465772 17.863088 0.713118 643.000000
 21.750000 0.713085 652.458442 0.000000 0.000000 0.000000 0.000000 0.713085 651.000000
 22.000000 0.716628 653.702323 0.000000 0.000000 0.000000 0.000000 0.716628 648.000000
 22.250000 0.711760 651.011604 0.000000 0.000000 0.000000 0.000000 0.711760 651.000000
 22.500000 0.712890 649.640628 0.000000 0.000000 0.129148 0.516594 0.712890 650.000000
 22.750000 0.711834 650.477360 0.000000 0.000000 0.000000 0.000000 0.711834 647.000000
 23.000000 0.717724 655.370512 0.000000 0.000000 0.000000 0.000000 0.717724 648.000000
 23.250000 0.716900 658.550638 0.000000 0.000000 0.000000 0.000000 0.716900 653.000000
 23.500000 0.717105 653.866962 0.000000 0.000000 0.000000 0.000000 0.717105 653.000000
 23.750000 0.716726 652.397510 0.000000 0.000000 0.000000 0.000000 0.716726 642.000000
 24.000000 0.714875 654.270270 0.000000 0.000000 0.000000 0.000000 0.714875 652.000000
 24.250000 0.713449 650.235910 0.000000 0.000000 0.000000 0.000000 0.713449 645.000000
 24.500000 0.715674 657.435675 0.000000 0.000000 0.000000 0.000000 0.715674 658.000000
 24.750000 0.715381 650.806124 0.000000 0.000000 0.000000 0.000000 0.715381 653.000000
 25.000000 0.711268 653.605624 0.000000 0.000000 0.000000 0.000000 0.711268 652.000000
 25.250000 0.712638 658.859332 0.000000 0.000000 0.000000 0.000000 0.712638 656.000000
 25.500000 0.715104 649.505297 0.000000 0.000000 0.244731 0.978924 0.715104 647.000000
 25.750000 0.721729 658.353569 0.000000 0.000000 0.000000 0.000000 0.721729 658.000000
 26.000000 0.721849 664.632291 0.000000 0.000000 0.000000 0.000000 0.721849 662.000000
 26.250000 0.718200 656.388600 0.000000 0.000000 0.000000 0.000000 0.718200 654.000000
 26.500000 0.714878 656.846311 0.000000 0.000000 0.000000 0.000000 0.714878 658.000000
 26.750000 0.716975 652.510741 0.000000 0.000000 0.000000 0.000000 0.716975 652.000000
 27.000000 0.713289 649.660088 0.000000 0.000000 0.115540 0.462162 0.713289 645.000000
 27.250000 0.715605 650.385790 0.000000 0.000000 0.000000 0.000000 0.715605 652.000000
 27.500000 0.715626 656.172905 0.000000 0.000000 0.000000 0.000000 0.715626 649.000000
 27.750000 0.711739 649.813514 0.000000 0.000000 0.034777 0.139108 0.711739 643.000000
 28.000000 0.711991 652.999991 0.000000 0.000000 0.000000 0.000000 0.711991 654.000000
 28.250000 0.714789 651.175161 0.000000 0.000000 0.000000 0.000000 0.714789 642.000000
 28.500000 0.716610 658.269001 0.000000 0.000000 0.000000 0.000000 0.716610 655.000000
 28.750000 0.719203 655.907439 0.000000 0.000000 0.000000 0.000000 0.719203 652.000000
 29.000000 0.717289 649.949778 0.000000 0.000000 0.002522 0.010089 0.717289 642.000000
 29.250000 0.712698 657.878305 0.000000 0.000000 0.000000 0.000000 0.712698 659.000000
 29.500000 0.715232 653.254611 0.000000 0.000000 0.000000 0.000000 0.715232 653.000000
 29.750000 0.712331 653.830463 0.000000 0.000000 0.000000 0.000000 0.712331 654.000000
 30.000000 0.714329 651.961765 0.000000 0.000000 0.000000 0.000000 0.714329 644.000000
 30.250000 0.710318 652.033468 0.000000 0.000000 0.000000 0.000000 0.710318 655.000000
 30.500000 0.714155 655.057686 0.000000 0.000000 0.000000 0.000000 0.714155 652.000000
 30.750000 0.712955 653.146056 0.000000 0.000000 0.000000 0.000000 0.712955 654.000000
 31.000000 0.716854 654.016099 0.000000 0.000000 0.000000 0.000000 0.716854 651.000000
 31.250000 0.716465 650.473557 0.000000 0.000000 0.000000 0.000000 0.716465 649.000000
 31.500000 0.715859 650.114507 0.000000 0.000000 0.000000 0.000000 0.715859 649.000000
 31.750000 0.715670 653.631519 0.000000 0.000000 0.000000 0.000000 0.715670 651.000000
 32.000000 0.715855 650.328203 0.000000 0.000000 0.000000 0.000000 0.715855 647.000000
 32.250000 0.715529 649.007014 0.000000 0.000000 0.986020 3.944081 0.715529 643.000000
 32.500000 0.716630 650.367792 0.000000 0.000000 0.000000 0.000000 0.716630 652.000000
 32.750000 0.713177 650.200713 0.000000 0.000000 0.000000 0.000000 0.713177 647.000000
 33.000000 0.717675 648.350877 0.000000 0.000000 2.719606 10.878425 0.717675 639.000000
 33.250000 0.714515 649.299758 0.000000 0.000000 0.490339 1.961356 0.714515 650.000000
 33.500000 0.712110 649.001016 0.000000 0.000000 0.997969 3.991874 0.712110 650.000000
 33.750000 0.716220 649.984274 0.000000 0.000000 0.000247 0.000989 0.716220 637.000000
 34.000000 0.712609 655.881561 0.000000 0.000000 0.000000 0.000000 0.712609 659.000000
 34.250000 0.715072 649.892760 0.000000 0.000000 0.011500 0.046002 0.715072 645.000000
 34.500000 0.715774 652.367744 0.000000 0.000000 0.000000 0.000000 0.715774 647.000000
 34.750000 0.714704 653.455839 0.000000 0.000000 0.000000 0.000000 0.714704 654.000000
 35.000000 0.718414 665.270340 0.000000 0.000000 0.000000 0.000000 0.718414 660.000000
 35.250000 0.720247 664.072950 0.000000 0.000000 0.000000 0.000000 0.720247 658.000000
 35.500000 0.714021 658.243222 0.000000 0.000000 0.000000 0.000000 0.714021 660.000000
 35.750000 0.717700 659.772542 0.000000 0.000000 0.000000 0.000000 0.717700 665.000000
 36.000000 0.713420 653.414468 0.000000 0.000000 0.000000 0.000000 0.713420 649.000000
 36.250000 0.712594 651.253158 0.000000 0.000000 0.000000 0.000000 0.712594 646.000000
 36.500000 0.709674 649.652075 0.000000 0.000000 0.121051 0.484206 0.709674 648.000000
 36.750000 0.717824 661.626665 0.000000 0.000000 0.000000 0.000000 0.717824 659.000000
 37.000000 0.714923 653.789091 0.000000 0.000000 0.000000 0.000000 0.714923 651.000000
 37.250000 0.713496 653.788879 0.000000 0.000000 0.000000 0.000000 0.713496 651.000000
 37.500000 0.714168 648.687639 0.000000 0.000000 1.722292 6.889169 0.714168 651.000000
 37.750000 0.715089 653.679125 0.000000 0.000000 0.000000 0.000000 0.715089 646.000000
 38.000000 0.710955 647.962560 0.000000 0.000000 4.151163 16.604652 0.710955 655.000000
 38.250000 0.713443 654.103072 0.000000 0.000000 0.000000 0.000000 0.713443 648.000000
 38.500000 0.713664 649.303881 0.000000 0.000000 0.484582 1.938329 0.713664 650.000000
 38.750000 0.716937 655.080644 0.000000 0.000000 0.000000 0.000000 0.716937 653.000000
 39.000000 0.715520 654.212780 0.000000 0.000000 0.000000 0.000000 0.715520 644.000000
 39.250000 0.715513 652.512261 0.000000 0.000000 0.000000 0.000000 0.715513 653.000000
 39.500000 0.716740 650.383273 0.000000 0.000000 0.000000 0.000000 0.716740 642.000000
 39.750000 0.717424 648.972612 0.000000 0.000000 1.055525 4.222101 0.717424 649.000000
 40.000000 0.717157 652.057547 0.000000 0.000000 0.000000 0.000000 0.717157 647.000000
 40.250000 0.710735 654.063541 0.000000 0.000000 0.000000 0.000000 0.710735 660.000000
 40.500000 0.709539 649.006007 0.000000 0.000000 0.988023 3.952090 0.709539 647.000000
 40.750000 0.715672 651.644659 0.000000 0.000000 0.000000 0.000000 0.715672 654.000000
 41.000000 0.717635 657.692319 0.000000 0.000000 0.000000 0.000000 0.717635 655.000000
 41.250000 0.713892 652.461857 0.000000 0.000000 0.000000 0.000000 0.713892 655.000000
 41.500000 0.712395 651.925862 0.000000 0.000000 0.000000 0.000000 0.712395 653.000000
 41.750000 0.716655 665.928699 0.000000 0.000000 0.000000 0.000000 0.716655 668.000000
 42.000000 0.721469 679.890661 0.000000 0.000000 0.000000 0.000000 0.721469 677.000000
 42.250000 0.713703 657.452224 0.000000 0.000000 0.000000 0.000000 0.713703 666.000000
 42.500000 0.716244 662.979235 0.000000 0.000000 0.000000 0.000000 0.716244 662.000000
 42.750000 0.712392 653.566473 0.000000 0.000000 0.000000 0.000000 0.712392 653.000000
 43.000000 0.714668 653.971027 0.000000 0.000000 0.000000 0.000000 0.714668 647.000000
 43.250000 0.716963 653.079651 0.000000 0.000000 0.000000 0.000000 0.716963 649.000000
 43.500000 0.714609 658.835506 0.000000 0.000000 0.000000 0.000000 0.714609 654.000000
 43.750000 0.714386 667.331556 0.000000 0.000000 0.000000 0.000000 0.714386 674.000000
 44.000000 0.711765 651.988031 0.000000 0.000000 0.000000 0.000000 0.711765 648.000000
 44.250000 0.716233 656.818623 0.000000 0.000000 0.000000 0.000000 0.716233 652.000000
 44.500000 0.715585 653.065884 0.000000 0.000000 0.000000 0.000000 0.715585 655.000000
 44.750000 0.714639 650.964260 0.000000 0.000000 0.000000 0.000000 0.714639 647.000000
 45.000000 0.716353 652.718538 0.000000 0.000000 0.000000 0.000000 0.716353 642.000000
 45.250000 0.711425 652.710254 0.000000 0.000000 0.000000 0.000000 0.711425 651.000000
 45.500000 0.711376 652.020397 0.000000 0.000000 0.000000 0.000000 0.711376 649.000000
 45.750000 0.710660 652.518482 0.000000 0.000000 0.000000 0.000000 0.710660 652.000000
 46.000000 0.715407 660.078354 0.000000 0.000000 0.000000 0.000000 0.715407 650.000000
 46.250000 0.713867 650.159086 0.000000 0.000000 0.000000 0.000000 0.713867 644.000000
 46.500000 0.712833 659.046634 0.000000 0.000000 0.000000 0.000000 0.712833 661.000000
 46.750000 0.713049 658.611663 0.000000 0.000000 0.000000 0.000000 0.713049 657.000000
 47.000000 0.712820 659.620046 0.000000 0.000000 0.000000 0.000000 0.712820 656.000000
 47.250000 0.713702 654.362052 0.000000 0.000000 0.000000 0.000000 0.713702 649.000000
 47.500000 0.716110 657.171442 0.000000 0.000000 0.000000 0.000000 0.716110 655.000000
 47.750000 0.711181 648.663414 0.000000 0.000000 1.786461 7.145844 0.711181 651.000000
 48.000000 0.709024 649.875200 0.000000 0.000000 0.015575 0.062300 0.709024 650.000000
 48.250000 0.711817 649.247540 0.000000 0.000000 0.566196 2.264783 0.711817 642.000000
 48.500000 0.712371 650.598411 0.000000 0.000000 0.000000 0.000000 0.712371 656.000000
 48.750000 0.715348 648.420543 0.000000 0.000000 2.494685 9.978741 0.715348 644.000000
 49.000000 0.715939 649.329539 0.000000 0.000000 0.449518 1.798071 0.715939 652.000000
 49.250000 0.714384 648.884738 0.000000 0.000000 1.243810 4.975239 0.714384 636.000000
 49.500000 0.713799 652.422205 0.000000 0.000000 0.000000 0.000000 0.713799 644.000000
 49.750000 0.717116 655.605859 0.000000 0.000000 0.000000 0.000000 0.717116 653.000000
 50.000000 0.713749 651.420443 0.000000 0.000000 0.000000 0.000000 0.713749 654.000000
 50.250000 0.714989 655.689281 0.000000 0.000000 0.000000 0.000000 0.714989 650.000000
 50.500000 0.712461 650.098070 0.000000 0.000000 0.000000 0.000000 0.712461 653.000000
 50.750000 0.720050 663.760571 0.000000 0.000000 0.000000 0.000000 0.720050 658.000000
 51.000000 0.714838 655.454321 0.000000 0.000000 0.000000 0.000000 0.714838 657.000000
 51.250000 0.714045 653.494579 0.000000 0.000000 0.000000 0.000000 0.714045 652.000000
 51.500000 0.712832 653.400867 0.000000 0.000000 0.000000 0.000000 0.712832 651.000000
 51.750000 0.710081 652.178066 0.000000 0.000000 0.000000 0.000000 0.710081 655.000000
 52.000000 0.711680 648.130881 0.000000 0.000000 3.493605 13.974420 0.711680 639.000000
 52.250000 0.713883 650.562707 0.000000 0.000000 0.000000 0.000000 0.713883 645.000000
 52.500000 0.713502 648.977620 0.000000 0.000000 1.045262 4.181047 0.713502 647.000000
 52.750000 0.712341 650.679815 0.000000 0.000000 0.000000 0.000000 0.712341 648.000000
 53.000000 0.711549 651.656373 0.000000 0.000000 0.000000 0.000000 0.711549 650.000000
 53.250000 0.713604 654.735696 0.000000 0.000000 0.000000 0.000000 0.713604 653.000000
 53.500000 0.710185 651.244115 0.000000 0.000000 0.000000 0.000000 0.710185 649.000000
 53.750000 0.709656 652.550277 0.000000 0.000000 0.000000 0.000000 0.709656 651.000000
 54.000000 0.712116 649.340555 0.000000 0.000000 0.434867 1.739469 0.712116 645.000000
 54.250000 0.715973 651.274359 0.000000 0.000000 0.000000 0.000000 0.715973 648.000000
 54.500000 0.717700 651.481272 0.000000 0.000000 0.000000 0.000000 0.717700 648.000000
 54.750000 0.715451 648.222008 0.000000 0.000000 3.161254 12.645018 0.715451 648.000000
 55.000000 0.711563 650.086717 0.000000 0.000000 0.000000 0.000000 0.711563 648.000000
 55.250000 0.714373 648.266640 0.000000 0.000000 3.004538 12.018152 0.714373 643.000000
 55.500000 0.721961 661.109584 0.000000 0.000000 0.000000 0.000000 0.721961 653.000000
 55.750000 0.718470 648.620918 0.000000 0.000000 1.901867 7.607466 0.718470 638.000000
 56.000000 0.716902 652.466111 0.000000 0.000000 0.000000 0.000000 0.716902 647.000000
 56.250000 0.718733 657.058314 0.000000 0.000000 0.000000 0.000000 0.718733 652.000000
 56.500000 0.716894 652.265469 0.000000 0.000000 0.000000 0.000000 0.716894 646.000000
 56.750000 0.713843 649.100702 0.000000 0.000000 0.808736 3.234945 0.713843 649.000000
 57.000000 0.717836 649.701108 0.000000 0.000000 0.089336 0.357346 0.717836 644.000000
 57.250000 0.713237 649.855561 0.000000 0.000000 0.020863 0.083450 0.713237 654.000000
 57.500000 0.716424 651.987113 0.000000 0.000000 0.000000 0.000000 0.716424 642.000000
 57.750000 0.716536 651.358399 0.000000 0.000000 0.000000 0.000000 0.716536 647.000000
 58.000000 0.716728 651.544623 0.000000 0.000000 0.000000 0.000000 0.716728 648.000000
 58.250000 0.717369 649.040489 0.000000 0.000000 0.920662 3.682647 0.717369 645.000000
 58.500000 0.713537 648.627896 0.000000 0.000000 1.882669 7.530678 0.713537 651.000000
 58.750000 0.711253 648.618890 0.000000 0.000000 1.907466 7.629865 0.711253 649.000000
 59.000000 0.713227 650.699697 0.000000 0.000000 0.000000 0.000000 0.713227 651.000000
 59.250000 0.715894 651.036240 0.000000 0.000000 0.000000 0.000000 0.715894 654.000000
 59.500000 0.714102 649.368134 0.000000 0.000000 0.399254 1.597017 0.714102 652.000000
 59.750000 0.715076 657.347655 0.000000 0.000000 0.000000 0.000000 0.715076 652.000000
 60.000000 0.709342 655.383507 0.000000 0.000000 0.000000 0.000000 0.709342 662.000000
 60.250000 0.709204 650.413492 0.000000 0.000000 0.000000 0.000000 0.709204 655.000000
 60.500000 0.710812 651.921848 0.000000 0.000000 0.000000 0.000000 0.710812 652.000000
 60.750000 0.713087 649.650938 0.000000 0.000000 0.121844 0.487378 0.713087 646.000000
 61.000000 0.712904 649.138783 0.000000 0.000000 0.741694 2.966776 0.712904 641.000000
 61.250000 0.717625 658.304547 0.000000 0.000000 0.000000 0.000000 0.717625 656.000000
 61.500000 0.712516 648.903453 0.000000 0.000000 1.202416 4.809664 0.712516 649.000000
 61.750000 0.711468 651.132732 0.000000 0.000000 0.000000 0.000000 0.711468 650.000000
 62.000000 0.710834 648.121385 0.000000 0.000000 3.529195 14.116780 0.710834 654.000000
 62.250000 0.712206 651.077583 0.000000 0.000000 0.000000 0.000000 0.712206 645.000000
 62.500000 0.714673 651.971821 0.000000 0.000000 0.000000 0.000000 0.714673 645.000000
 62.750000 0.714025 652.150051 0.000000 0.000000 0.000000 0.000000 0.714025 649.000000
 63.000000 0.714502 650.967471 0.000000 0.000000 0.000000 0.000000 0.714502 649.000000
 63.250000 0.711713 649.616386 0.000000 0.000000 0.147159 0.588637 0.711713 638.000000
 63.500000 0.713334 650.024674 0.000000 0.000000 0.000000 0.000000 0.713334 653.000000
 63.750000 0.708204 648.507572 0.000000 0.000000 2.227341 8.909364 0.708204 646.000000
 64.000000 0.711900 657.453844 0.000000 0.000000 0.000000 0.000000 0.711900 657.000000
 64.250000 0.715561 652.494953 0.000000 0.000000 0.000000 0.000000 0.715561 648.000000
 64.500000 0.712338 650.285691 0.000000 0.000000 0.000000 0.000000 0.712338 650.000000
 64.750000 0.713527 650.747631 0.000000 0.000000 0.000000 0.000000 0.713527 648.000000
 65.000000 0.712170 646.652182 0.000000 0.000000 11.207886 44.831543 0.712170 645.000000
 65.250000 0.709615 648.126699 0.000000 0.000000 3.509258 14.037031 0.709615 654.000000
 65.500000 0.716254 650.436937 0.000000 0.000000 0.000000 0.000000 0.716254 651.000000
 65.750000 0.713733 650.522266 0.000000 0.000000 0.000000 0.000000 0.713733 641.000000
 66.000000 0.714927 648.915375 0.000000 0.000000 1.176412 4.705646 0.714927 648.000000
 66.250000 0.713602 653.011586 0.000000 0.000000 0.000000 0.000000 0.713602 657.000000
 66.500000 0.711116 650.823926 0.000000 0.000000 0.000000 0.000000 0.711116 653.000000
 66.750000 0.714837 653.534709 0.000000 0.000000 0.000000 0.000000 0.714837 657.000000
 67.000000 0.712955 651.202137 0.000000 0.000000 0.000000 0.000000 0.712955 644.000000
 67.250000 0.712686 653.325816 0.000000 0.000000 0.000000 0.000000 0.712686 654.000000
 67.500000 0.712466 648.890868 0.000000 0.000000 1.230175 4.920700 0.712466 641.000000
 67.750000 0.711721 651.780539 0.000000 0.000000 0.000000 0.000000 0.711721 651.000000
 68.000000 0.713020 651.339508 0.000000 0.000000 0.000000 0.000000 0.713020 650.000000
 68.250000 0.715590 648.908291 0.000000 0.000000 1.191829 4.767317 0.715590 642.000000
 68.500000 0.716069 650.105044 0.000000 0.000000 0.000000 0.000000 0.716069 641.000000
 68.750000 0.715517 651.099748 0.000000 0.000000 0.000000 0.000000 0.715517 643.000000
 69.000000 0.714224 649.741844 0.000000 0.000000 0.066645 0.266578 0.714224 643.000000
 69.250000 0.711464 652.762643 0.000000 0.000000 0.000000 0.000000 0.711464 651.000000
 69.500000 0.714947 652.695024 0.000000 0.000000 0.000000 0.000000 0.714947 650.000000
 69.750000 0.713989 650.759017 0.000000 0.000000 0.000000 0.000000 0.713989 651.000000
 70.000000 0.719537 664.573186 0.000000 0.000000 0.000000 0.000000 0.719537 662.000000
 70.250000 0.712754 651.166518 0.000000 0.000000 0.000000 0.000000 0.712754 647.000000
 70.500000 0.716255 653.134290 0.000000 0.000000 0.000000 0.000000 0.716255 648.000000
 70.750000 0.715010 650.628140 0.000000 0.000000 0.000000 0.000000 0.715010 645.000000
 71.000000 0.713704 651.623728 0.000000 0.000000 0.000000 0.000000 0.713704 648.000000
 71.250000 0.713457 650.809311 0.000000 0.000000 0.000000 0.000000 0.713457 653.000000
 71.500000 0.714434 651.650156 0.000000 0.000000 0.000000 0.000000 0.714434 652.000000
 71.750000 0.713318 651.406010 0.000000 0.000000 0.000000 0.000000 0.713318 653.000000
 72.000000 0.713921 653.355295 0.000000 0.000000 0.000000 0.000000 0.713921 651.000000
 72.250000 0.714783 648.646136 0.000000 0.000000 1.832947 7.331788 0.714783 648.000000
 72.500000 0.715160 648.953954 0.000000 0.000000 1.094213 4.376853 0.715160 642.000000
 72.750000 0.718459 654.322610 0.000000 0.000000 0.000000 0.000000 0.718459 656.000000
 73.000000 0.714790 647.556112 0.000000 0.000000 5.972587 23.890349 0.714790 637.000000
 73.250000 0.711875 650.434914 0.000000 0.000000 0.000000 0.000000 0.711875 648.000000
 73.500000 0.714691 652.356596 0.000000 0.000000 0.000000 0.000000 0.714691 654.000000
 73.750000 0.713353 650.685215 0.000000 0.000000 0.000000 0.000000 0.713353 644.000000
 74.000000 0.716383 653.921610 0.000000 0.000000 0.000000 0.000000 0.716383 650.000000
 74.250000 0.720215 662.626248 0.000000 0.000000 0.000000 0.000000 0.720215 657.000000
 74.500000 0.714210 648.744872 0.000000 0.000000 1.575347 6.301386 0.714210 644.000000
 74.750000 0.717608 654.426707 0.000000 0.000000 0.000000 0.000000 0.717608 652.000000
 75.000000 0.709648 650.798625 0.000000 0.000000 0.000000 0.000000 0.709648 653.000000
 75.250000 0.711653 651.636597 0.000000 0.000000 0.000000 0.000000 0.711653 653.000000
 75.500000 0.714881 651.824077 0.000000 0.000000 0.000000 0.000000 0.714881 643.000000
 75.750000 0.716222 650.984553 0.000000 0.000000 0.000000 0.000000 0.716222 649.000000
 76.000000 0.716596 652.457679 0.000000 0.000000 0.000000 0.000000 0.716596 651.000000
 76.250000 0.714431 651.269929 0.000000 0.000000 0.000000 0.000000 0.714431 649.000000
 76.500000 0.719201 652.632965 0.000000 0.000000 0.000000 0.000000 0.719201 648.000000
 76.750000 0.716176 651.386017 0.000000 0.000000 0.000000 0.000000 0.716176 645.000000
 77.000000 0.713364 649.386508 0.000000 0.000000 0.376372 1.505489 0.713364 651.000000
 77.250000 0.713278 652.898293 0.000000 0.000000 0.000000 0.000000 0.713278 647.000000
 77.500000 0.712489 653.333868 0.000000 0.000000 0.000000 0.000000 0.712489 648.000000
 77.750000 0.712802 651.803810 0.000000 0.000000 0.000000 0.000000 0.712802 653.000000
 78.000000 0.711390 653.028787 0.000000 0.000000 0.000000 0.000000 0.711390 657.000000
 78.250000 0.712094 651.913664 0.000000 0.000000 0.000000 0.000000 0.712094 651.000000
 78.500000 0.709718 649.901286 0.000000 0.000000 0.009745 0.038978 0.709718 648.000000
 78.750000 0.709548 647.737706 0.000000 0.000000 5.117972 20.471888 0.709548 648.000000
 79.000000 0.713116 651.488565 0.000000 0.000000 0.000000 0.000000 0.713116 649.000000
 79.250000 0.715290 658.007820 0.000000 0.000000 0.000000 0.000000 0.715290 658.000000
 79.500000 0.721621 655.220131 0.000000 0.000000 0.000000 0.000000 0.721621 647.000000
 79.750000 0.712949 653.145758 0.000000 0.000000 0.000000 0.000000 0.712949 652.000000
 80.000000 0.711790 648.947613 0.000000 0.000000 1.107519 4.430077 0.711790 648.000000
 80.250000 0.713203 652.863976 0.000000 0.000000 0.000000 0.000000 0.713203 654.000000
 80.500000 0.714112 649.395402 0.000000 0.000000 0.365538 1.462154 0.714112 643.000000
 80.750000 0.714676 650.210476 0.000000 0.000000 0.000000 0.000000 0.714676 654.000000
 81.000000 0.719035 653.480211 0.000000 0.000000 0.000000 0.000000 0.719035 650.000000
 81.250000 0.713700 651.087789 0.000000 0.000000 0.000000 0.000000 0.713700 645.000000
 81.500000 0.713622 649.455835 0.000000 0.000000 0.296116 1.184464 0.713622 643.000000
 81.750000 0.712872 653.199020 0.000000 0.000000 0.000000 0.000000 0.712872 654.000000
 82.000000 0.715383 650.047351 0.000000 0.000000 0.000000 0.000000 0.715383 648.000000
 82.250000 0.715373 653.456034 0.000000 0.000000 0.000000 0.000000 0.715373 651.000000
 82.500000 0.719273 651.911071 0.000000 0.000000 0.000000 0.000000 0.719273 645.000000
 82.750000 0.717542 651.940759 0.000000 0.000000 0.000000 0.000000 0.717542 648.000000
 83.000000 0.716287 659.527847 0.000000 0.000000 0.000000 0.000000 0.716287 659.000000
 83.250000 0.712897 649.524689 0.000000 0.000000 0.225921 0.903684 0.712897 649.000000
 83.500000 0.715130 655.746171 0.000000 0.000000 0.000000 0.000000 0.715130 654.000000
 83.750000 0.714271 654.952882 0.000000 0.000000 0.000000 0.000000 0.714271 652.000000
 84.000000 0.719862 663.308449 0.000000 0.000000 0.000000 0.000000 0.719862 660.000000
 84.250000 0.714887 653.662411 0.000000 0.000000 0.000000 0.000000 0.714887 652.000000
 84.500000 0.718244 659.895928 0.000000 0.000000 0.000000 0.000000 0.718244 657.000000
 84.750000 0.714328 655.180146 0.000000 0.000000 0.000000 0.000000 0.714328 651.000441
 85.000000 0.713474 651.418325 0.000000 0.000000 0.000000 0.000000 0.713474 651.000000
 85.250000 0.715391 653.955952 0.000000 0.000000 0.000000 0.000000 0.715391 656.000000
 85.500000 0.721712 665.258944 0.000000 0.000000 0.000000 0.000000 0.721712 660.000000
 85.750000 0.717416 658.092162 0.000000 0.000000 0.000000 0.000000 0.717416 659.000000
 86.000000 0.714528 653.403960 0.000000 0.000000 0.000000 0.000000 0.714528 652.000000
 86.250000 0.715527 653.439568 0.000000 0.000000 0.000000 0.000000 0.715527 652.000000
 86.500000 0.711518 652.856849 0.000000 0.000000 0.000000 0.000000 0.711518 645.000000
 86.750000 0.714668 649.441511 0.000000 0.000000 0.311909 1.247638 0.714668 646.000000
 87.000000 0.714586 651.460843 0.000000 0.000000 0.000000 0.000000 0.714586 651.000000
 87.250000 0.713860 658.982192 0.000000 0.000000 0.000000 0.000000 0.713860 653.000000
 87.500000 0.715734 661.445906 0.000000 0.000000 0.000000 0.000000 0.715734 663.000000
 87.750000 0.712751 655.873950 0.000000 0.000000 0.000000 0.000000 0.712751 654.000000
 88.000000 0.718399 660.968736 0.000000 0.000000 0.000000 0.000000 0.718399 656.000000
 88.250000 0.712792 653.133822 0.000000 0.000000 0.000000 0.000000 0.712792 651.000000
 88.500000 0.716246 652.816305 0.000000 0.000000 0.000000 0.000000 0.716246 655.000000
 88.750000 0.716489 658.515053 0.000000 0.000000 0.000000 0.000000 0.716489 653.000000
 89.000000 0.711773 652.007925 0.000000 0.000000 0.000000 0.000000 0.711773 652.000000
 89.250000 0.710408 650.465408 0.000000 0.000000 0.000000 0.000000 0.710408 647.000000
 89.500000 0.716009 648.312639 0.000000 0.000000 2.847188 11.388751 0.716009 641.000000
 89.750000 0.715953 653.195952 0.000000 0.000000 0.000000 0.000000 0.715953 655.000000
 90.000000 0.716936 656.224985 0.000000 0.000000 0.000000 0.000000 0.716936 654.000000
 90.250000 0.718063 651.478967 0.000000 0.000000 0.000000 0.000000 0.718063 647.000000
 90.500000 0.714486 651.882426 0.000000 0.000000 0.000000 0.000000 0.714486 644.000000
 90.750000 0.719673 663.956256 0.000000 0.000000 0.000000 0.000000 0.719673 665.000000
 91.000000 0.715937 652.906636 0.000000 0.000000 0.000000 0.000000 0.715937 648.000000
 91.250000 0.716120 648.407186 0.000000 0.000000 2.537058 10.148231 0.716120 640.000000
 91.500000 0.720809 653.851145 0.000000 0.000000 0.000000 0.000000 0.720809 649.000000
 91.750000 0.712163 653.481098 0.000000 0.000000 0.000000 0.000000 0.712163 653.000000
 92.000000 0.710211 652.798526 0.000000 0.000000 0.000000 0.000000 0.710211 653.000000
 92.250000 0.719626 667.857885 0.000000 0.000000 0.000000 0.000000 0.719626 661.000000
 92.500000 0.715074 656.187013 0.000000 0.000000 0.000000 0.000000 0.715074 657.000000
 92.750000 0.713843 650.553541 0.000000 0.000000 0.000000 0.000000 0.713843 644.000000
 93.000000 0.711888 663.297328 0.000000 0.000000 0.000000 0.000000 0.711888 660.000000
 93.250000 0.710431 649.646439 0.000000 0.000000 0.125005 0.500021 0.710431 647.000000
 93.500000 0.711128 653.312502 0.000000 0.000000 0.000000 0.000000 0.711128 649.000000
 93.750000 0.717368 655.997802 0.000000 0.000000 0.000000 0.000000 0.717368 651.000000
 94.000000 0.716456 655.182893 0.000000 0.000000 0.000000 0.000000 0.716456 648.000000
 94.250000 0.715989 656.537151 0.000000 0.000000 0.000000 0.000000 0.715989 651.000000
 94.500000 0.709699 652.833334 0.000000 0.000000 0.000000 0.000000 0.709699 653.000000
 94.750000 0.716182 655.367812 0.000000 0.000000 0.000000 0.000000 0.716182 648.000000
 95.000000 0.715872 655.570105 0.000000 0.000000 0.000000 0.000000 0.715872 653.000000
 95.250000 0.710511 649.309219 0.000000 0.000000 0.477178 1.908711 0.710511 646.000000
 95.500000 0.715440 658.283841 0.000000 0.000000 0.000000 0.000000 0.715440 652.000000
 95.750000 0.713700 652.885174 0.000000 0.000000 0.000000 0.000000 0.713700 649.000000
 96.000000 0.713673 653.706151 0.000000 0.000000 0.000000 0.000000 0.713673 653.000000
 96.250000 0.718637 654.375899 0.000000 0.000000 0.000000 0.000000 0.718637 646.000000
 96.500000 0.714690 655.676746 0.000000 0.000000 0.000000 0.000000 0.714690 655.000000
 96.750000 0.713975 649.061863 0.000000 0.000000 0.880101 3.520405 0.713975 648.000000
 97.000000 0.713396 654.344964 0.000000 0.000000 0.000000 0.000000 0.713396 658.000000
 97.250000 0.715208 649.638997 0.000000 0.000000 0.130323 0.521292 0.715208 646.000000
 97.500000 0.712746 649.304445 0.000000 0.000000 0.483797 1.935190 0.712746 650.000000
 97.750000 0.714829 657.515822 0.000000 0.000000 0.000000 0.000000 0.714829 654.000000
 98.000000 0.713798 653.690214 0.000000 0.000000 0.000000 0.000000 0.713798 654.000000
 98.250000 0.714907 654.195890 0.000000 0.000000 0.000000 0.000000 0.714907 650.000000
 98.500000 0.715715 651.866101 0.000000 0.000000 0.000000 0.000000 0.715715 649.000000
 98.750000 0.713358 647.741455 0.000000 0.000000 5.101026 20.404104 0.713358 651.000000
 99.000000 0.715898 650.572238 0.000000 0.000000 0.000000 0.000000 0.715898 646.000000
 99.250000 0.709657 648.791656 0.000000 0.000000 1.460094 5.840377 0.709657 650.000000
 99.500000 0.713173 651.919437 0.000000 0.000000 0.000000 0.000000 0.713173 652.000000
 99.750000 0.715729 650.532058 0.000000 0.000000 0.000000 0.000000 0.715729 646.000000
 100.000000 0.715149 649.813898 0.000000 0.000000 0.034634 0.138535 0.715149 644.000000
 100.250000 0.713049 650.021514 0.000000 0.000000 0.000000 0.000000 0.713049 648.000000
 100.500000 0.714998 650.181876 0.000000 0.000000 0.000000 0.000000 0.714998 643.000000
