#! FIELDS time refcv.mean refcv.morethan uwall.bias uwall.force2 lwall.bias lwall.force2 refcv2.mean refcv2.morethan
 0.750000 0.889288 404.700049 0.000000 0.000000 0.000000 0.000000 0.889288 408.000000
 1.000000 0.897157 425.719772 0.000000 0.000000 0.000000 0.000000 0.897157 439.000000
 1.250000 0.890709 417.674649 0.000000 0.000000 0.000000 0.000000 0.890709 423.000000
 1.500000 0.884204 406.063518 0.000000 0.000000 0.000000 0.000000 0.884204 412.000000
 1.750000 0.884838 400.737248 0.000000 0.000000 0.000000 0.000000 0.884838 410.000000
 2.000000 0.889979 404.356417 0.000000 0.000000 0.000000 0.000000 0.889979 409.000000
 2.250000 0.889894 412.694986 0.000000 0.000000 0.000000 0.000000 0.889894 417.000000
 2.500000 0.886751 404.713677 0.000000 0.000000 0.000000 0.000000 0.886751 414.000000
 2.750000 0.886495 407.822443 0.000000 0.000000 0.000000 0.000000 0.886495 417.000000
 3.000000 0.894312 422.760533 0.000000 0.000000 0.000000 0.000000 0.894312 432.000000
 3.250000 0.898925 431.057023 0.000000 0.000000 0.000000 0.000000 0.898925 439.000000
 3.500000 0.891378 413.825006 0.000000 0.000000 0.000000 0.000000 0.891378 422.000000
 3.750000 0.886259 406.219072 0.000000 0.000000 0.000000 0.000000 0.886259 415.000000
 4.000000 0.885114 402.826083 0.000000 0.000000 0.000000 0.000000 0.885114 411.000000
 4.250000 0.892636 414.798664 0.000000 0.000000 0.000000 0.000000 0.892636 421.000000
 4.500000 0.888896 407.222224 0.000000 0.000000 0.000000 0.000000 0.888896 415.000000
 4.750000 0.884372 403.359773 0.000000 0.000000 0.000000 0.000000 0.884372 411.000000
 5.000000 0.883525 403.190104 0.000000 0.000000 0.000000 0.000000 0.883525 420.000000
 5.250000 0.878628 392.373938 0.000000 0.000000 0.000000 0.000000 0.878628 407.000000
 5.500000 0.885445 401.521992 0.000000 0.000000 0.000000 0.000000 0.885445 412.000000
 5.750000 0.891485 413.140160 0.000000 0.000000 0.000000 0.000000 0.891485 424.000000
 6.000000 0.897188 429.492711 0.000000 0.000000 0.000000 0.000000 0.897188 440.000000
 6.250000 0.894856 427.152935 0.000000 0.000000 0.000000 0.000000 0.894856 432.000000
 6.500000 0.891555 416.807632 0.000000 0.000000 0.000000 0.000000 0.891555 433.000000
 6.750000 0.894535 423.782403 0.000000 0.000000 0.000000 0.000000 0.894535 435.000000
 7.000000 0.897819 426.633347 0.000000 0.000000 0.000000 0.000000 0.897819 435.000000
 7.250000 0.897864 428.087936 0.000000 0.000000 0.000000 0.000000 0.897864 436.000000
 7.500000 0.891567 416.955279 0.000000 0.000000 0.000000 0.000000 0.891567 427.000000
 7.750000 0.889292 415.905875 0.000000 0.000000 0.000000 0.000000 0.889292 433.000000
 8.000000 0.892075 423.469073 0.000000 0.000000 0.000000 0.000000 0.892075 435.000000
 8.250000 0.896852 428.587198 0.000000 0.000000 0.000000 0.000000 0.896852 444.000000
 8.500000 0.900388 429.665093 0.000000 0.000000 0.000000 0.000000 0.900388 435.000000
 8.750000 0.894917 421.143919 0.000000 0.000000 0.000000 0.000000 0.894917 431.000000
 9.000000 0.893168 416.296080 0.000000 0.000000 0.000000 0.000000 0.893168 414.000000
 9.250000 0.890799 416.143431 0.000000 0.000000 0.000000 0.000000 0.890799 422.000000
 9.500000 0.888466 412.537884 0.000000 0.000000 0.000000 0.000000 0.888466 422.000000
 9.750000 0.891825 410.474825 0.000000 0.000000 0.000000 0.000000 0.891825 414.000000
 10.000000 0.893537 423.615965 0.000000 0.000000 0.000000 0.000000 0.893537 436.000000
 10.250000 0.886257 406.873757 0.000000 0.000000 0.000000 0.000000 0.886257 412.000000
 10.500000 0.891835 413.626007 0.000000 0.000000 0.000000 0.000000 0.891835 419.000000
 10.750000 0.879705 391.491134 0.000000 0.000000 0.000000 0.000000 0.879705 401.000000
 11.000000 0.880553 392.942457 0.000000 0.000000 0.000000 0.000000 0.880553 407.000000
 11.250000 0.876002 390.788969 0.000000 0.000000 0.000000 0.000000 0.876002 400.000000
 11.500000 0.886581 399.698245 0.000000 0.000000 0.000000 0.000000 0.886581 402.000000
 11.750000 0.883148 394.626242 0.000000 0.000000 0.000000 0.000000 0.883148 392.000000
 12.000000 0.881176 389.894543 0.000000 0.000000 0.000000 0.000000 0.881176 396.000000
 12.250000 0.877258 380.107085 0.000000 0.000000 0.000000 0.000000 0.877258 378.000000
 12.500000 0.876726 379.051701 0.000000 0.000000 0.000000 0.000000 0.876726 378.000000
 12.750000 0.867285 362.425357 0.000000 0.000000 0.000000 0.000000 0.867285 370.000000
 13.000000 0.865188 360.618018 0.000000 0.000000 0.000000 0.000000 0.865188 354.000000
 13.250000 0.865473 366.731793 0.000000 0.000000 0.000000 0.000000 0.865473 375.000000
 13.500000 0.872924 375.841489 0.000000 0.000000 0.000000 0.000000 0.872924 376.000000
 13.750000 0.871647 373.978765 0.000000 0.000000 0.000000 0.000000 0.871647 379.000000
 14.000000 0.873636 378.747658 0.000000 0.000000 0.000000 0.000000 0.873636 387.000000
 14.250000 0.866146 365.322469 0.000000 0.000000 0.000000 0.000000 0.866146 373.000000
 14.500000 0.866396 367.150758 0.000000 0.000000 0.000000 0.000000 0.866396 370.000000
 14.750000 0.874981 380.178472 0.000000 0.000000 0.000000 0.000000 0.874981 383.000000
 15.000000 0.872291 381.134019 0.000000 0.000000 0.000000 0.000000 0.872291 390.000000
 15.250000 0.869992 369.158541 0.000000 0.000000 0.000000 0.000000 0.869992 378.000000
 15.500000 0.864124 365.770097 0.000000 0.000000 0.000000 0.000000 0.864124 378.000000
 15.750000 0.865623 367.850738 0.000000 0.000000 0.000000 0.000000 0.865623 372.000000
 16.000000 0.873256 387.133081 0.000000 0.000000 0.000000 0.000000 0.873256 392.000000
 16.250000 0.889788 411.724558 0.000000 0.000000 0.000000 0.000000 0.889788 420.000000
 16.500000 0.886822 403.144497 0.000000 0.000000 0.000000 0.000000 0.886822 409.000000
 16.750000 0.883308 391.792072 0.000000 0.000000 0.000000 0.000000 0.883308 394.000000
 17.000000 0.880486 394.495064 0.000000 0.000000 0.000000 0.000000 0.880486 406.000000
 17.250000 0.881141 396.071457 0.000000 0.000000 0.000000 0.000000 0.881141 400.000000
 17.500000 0.891604 414.681618 0.000000 0.000000 0.000000 0.000000 0.891604 421.000000
 17.750000 0.888860 404.793050 0.000000 0.000000 0.000000 0.000000 0.888860 408.000000
 18.000000 0.883089 392.638369 0.000000 0.000000 0.000000 0.000000 0.883089 399.000000
 18.250000 0.879027 387.806379 0.000000 0.000000 0.000000 0.000000 0.879027 389.000000
 18.500000 0.875810 380.864545 0.000000 0.000000 0.000000 0.000000 0.875810 385.000000
 18.750000 0.888070 407.426378 0.000000 0.000000 0.000000 0.000000 0.888070 417.000000
 19.000000 0.885759 403.283534 0.000000 0.000000 0.000000 0.000000 0.885759 410.000000
 19.250000 0.894780 419.862520 0.000000 0.000000 0.000000 0.000000 0.894780 435.000000
 19.500000 0.891881 412.804883 0.000000 0.000000 0.000000 0.000000 0.891881 413.000000
 19.750000 0.890882 417.044838 0.000000 0.000000 0.000000 0.000000 0.890882 429.000000
 20.000000 0.880478 396.800926 0.000000 0.000000 0.000000 0.000000 0.880478 408.000000
 20.250000 0.875256 386.462244 0.000000 0.000000 0.000000 0.000000 0.875256 398.000000
 20.500000 0.879690 395.286898 0.000000 0.000000 0.000000 0.000000 0.879690 408.000000
 20.750000 0.879573 393.263028 0.000000 0.000000 0.000000 0.000000 0.879573 410.000000
 21.000000 0.878996 394.728720 0.000000 0.000000 0.000000 0.000000 0.878996 403.000000
 21.250000 0.878960 392.961762 0.000000 0.000000 0.000000 0.000000 0.878960 400.000000
 21.500000 0.878366 387.950593 0.000000 0.000000 0.000000 0.000000 0.878366 392.000000
 21.750000 0.876581 385.440318 0.000000 0.000000 0.000000 0.000000 0.876581 391.000000
 22.000000 0.872904 382.071988 0.000000 0.000000 0.000000 0.000000 0.872904 387.000000
 22.250000 0.873332 377.759733 0.000000 0.000000 0.000000 0.000000 0.873332 385.000000
 22.500000 0.872133 376.707778 0.000000 0.000000 0.000000 0.000000 0.872133 382.000000
 22.750000 0.872755 380.412704 0.000000 0.000000 0.000000 0.000000 0.872755 389.000000
 23.000000 0.871921 376.342615 0.000000 0.000000 0.000000 0.000000 0.871921 387.000000
 23.250000 0.877439 389.382791 0.000000 0.000000 0.000000 0.000000 0.877439 398.000000
 23.500000 0.884043 405.146317 0.000000 0.000000 0.000000 0.000000 0.884043 412.000000
 23.750000 0.890446 410.272657 0.000000 0.000000 0.000000 0.000000 0.890446 411.000000
 24.000000 0.885425 399.956628 0.000000 0.000000 0.000000 0.000000 0.885425 406.000000
 24.250000 0.885815 406.662157 0.000000 0.000000 0.000000 0.000000 0.885815 417.000000
 24.500000 0.888488 411.288708 0.000000 0.000000 0.000000 0.000000 0.888488 421.000000
 24.750000 0.882849 400.774935 0.000000 0.000000 0.000000 0.000000 0.882849 410.000000
 25.000000 0.890614 409.174442 0.000000 0.000000 0.000000 0.000000 0.890614 410.000000
 25.250000 0.884082 397.471370 0.000000 0.000000 0.000000 0.000000 0.884082 411.000000
 25.500000 0.879399 389.581003 0.000000 0.000000 0.000000 0.000000 0.879399 400.000000
 25.750000 0.880488 395.037275 0.000000 0.000000 0.000000 0.000000 0.880488 407.000000
 26.000000 0.883741 400.087576 0.000000 0.000000 0.000000 0.000000 0.883741 410.000000
 26.250000 0.883853 397.944913 0.000000 0.000000 0.000000 0.000000 0.883853 405.000000
 26.500000 0.886632 409.256354 0.000000 0.000000 0.000000 0.000000 0.886632 414.000000
 26.750000 0.889092 416.698085 0.000000 0.000000 0.000000 0.000000 0.889092 429.000000
 27.000000 0.892771 423.537544 0.000000 0.000000 0.000000 0.000000 0.892771 434.000000
 27.250000 0.892396 421.882639 0.000000 0.000000 0.000000 0.000000 0.892396 434.000000
 27.500000 0.889823 415.818775 0.000000 0.000000 0.000000 0.000000 0.889823 429.000000
 27.750000 0.891199 418.192153 0.000000 0.000000 0.000000 0.000000 0.891199 428.000000
 28.000000 0.889118 420.166672 0.000000 0.000000 0.000000 0.000000 0.889118 426.000000
 28.250000 0.884400 406.550070 0.000000 0.000000 0.000000 0.000000 0.884400 417.000000
 28.500000 0.890470 417.906245 0.000000 0.000000 0.000000 0.000000 0.890470 429.000000
 28.750000 0.887273 411.522097 0.000000 0.000000 0.000000 0.000000 0.887273 421.000000
 29.000000 0.884952 411.150633 0.000000 0.000000 0.000000 0.000000 0.884952 423.000000
 29.250000 0.888691 418.884250 0.000000 0.000000 0.000000 0.000000 0.888691 434.000000
 29.500000 0.888026 413.096992 0.000000 0.000000 0.000000 0.000000 0.888026 419.000000
 29.750000 0.886124 407.189035 0.000000 0.000000 0.000000 0.000000 0.886124 420.000000
 30.000000 0.883648 401.872470 0.000000 0.000000 0.000000 0.000000 0.883648 415.000000
 30.250000 0.883130 403.541699 0.000000 0.000000 0.000000 0.000000 0.883130 413.000000
 30.500000 0.885670 405.262401 0.000000 0.000000 0.000000 0.000000 0.885670 416.000000
 30.750000 0.881674 400.799212 0.000000 0.000000 0.000000 0.000000 0.881674 410.000000
 31.000000 0.882832 405.542723 0.000000 0.000000 0.000000 0.000000 0.882832 421.000000
 31.250000 0.880053 400.522472 0.000000 0.000000 0.000000 0.000000 0.880053 411.000000
 31.500000 0.887673 413.800951 0.000000 0.000000 0.000000 0.000000 0.887673 425.000000
 31.750000 0.894544 418.128582 0.000000 0.000000 0.000000 0.000000 0.894544 420.000000
 32.000000 0.885500 402.660054 0.000000 0.000000 0.000000 0.000000 0.885500 415.000000
 32.250000 0.879044 391.523564 0.000000 0.000000 0.000000 0.000000 0.879044 398.000000
 32.500000 0.866983 375.654212 0.000000 0.000000 0.000000 0.000000 0.866983 395.000000
 32.750000 0.864061 360.603011 0.000000 0.000000 0.000000 0.000000 0.864061 367.000000
 33.000000 0.866110 361.003547 0.000000 0.000000 0.000000 0.000000 0.866110 360.000000
 33.250000 0.868168 367.857045 0.000000 0.000000 0.000000 0.000000 0.868168 373.000000
 33.500000 0.860929 359.646680 0.000000 0.000000 0.124835 0.499340 0.860929 364.000000
 33.750000 0.860020 360.635373 0.000000 0.000000 0.000000 0.000000 0.860020 365.000000
 34.000000 0.864840 360.423013 0.000000 0.000000 0.000000 0.000000 0.864840 367.000000
 34.250000 0.871162 375.806300 0.000000 0.000000 0.000000 0.000000 0.871162 383.000000
 34.500000 0.872294 374.553354 0.000000 0.000000 0.000000 0.000000 0.872294 376.000000
 34.750000 0.866512 368.656102 0.000000 0.000000 0.000000 0.000000 0.866512 377.000000
 35.000000 0.862020 357.632706 0.000000 0.000000 5.604081 22.416325 0.862020 366.000000
 35.250000 0.867197 370.179665 0.000000 0.000000 0.000000 0.000000 0.867197 381.000000
 35.500000 0.869468 375.847154 0.000000 0.000000 0.000000 0.000000 0.869468 382.000000
 35.750000 0.871757 375.080566 0.000000 0.000000 0.000000 0.000000 0.871757 380.000000
 36.000000 0.876190 385.560568 0.000000 0.000000 0.000000 0.000000 0.876190 390.000000
 36.250000 0.874949 385.249068 0.000000 0.000000 0.000000 0.000000 0.874949 399.000000
 36.500000 0.871693 374.661241 0.000000 0.000000 0.000000 0.000000 0.871693 374.000000
 36.750000 0.872171 376.490736 0.000000 0.000000 0.000000 0.000000 0.872171 383.000000
 37.000000 0.870114 378.392820 0.000000 0.000000 0.000000 0.000000 0.870114 383.000000
 37.250000 0.876938 382.401731 0.000000 0.000000 0.000000 0.000000 0.876938 386.000000
 37.500000 0.874133 374.526184 0.000000 0.000000 0.000000 0.000000 0.874133 374.000000
 37.750000 0.871139 370.953529 0.000000 0.000000 0.000000 0.000000 0.871139 371.000000
 38.000000 0.861969 360.772716 0.000000 0.000000 0.000000 0.000000 0.861969 372.000000
 38.250000 0.868361 372.492334 0.000000 0.000000 0.000000 0.000000 0.868361 374.000000
 38.500000 0.870713 380.417243 0.000000 0.000000 0.000000 0.000000 0.870713 387.000000
 38.750000 0.867654 370.856388 0.000000 0.000000 0.000000 0.000000 0.867654 374.000000
 39.000000 0.864841 366.166673 0.000000 0.000000 0.000000 0.000000 0.864841 372.000000
 39.250000 0.878109 390.031265 0.000000 0.000000 0.000000 0.000000 0.878109 401.000000
 39.500000 0.874685 381.317380 0.000000 0.000000 0.000000 0.000000 0.874685 389.000000
 39.750000 0.871488 370.794462 0.000000 0.000000 0.000000 0.000000 0.871488 377.000000
 40.000000 0.869074 372.091604 0.000000 0.000000 0.000000 0.000000 0.869074 377.000000
 40.250000 0.865471 371.344624 0.000000 0.000000 0.000000 0.000000 0.865471 376.000000
 40.500000 0.868609 369.623340 0.000000 0.000000 0.000000 0.000000 0.868609 381.000000
 40.750000 0.862478 360.757857 0.000000 0.000000 0.000000 0.000000 0.862478 366.000000
 41.000000 0.863956 362.922079 0.000000 0.000000 0.000000 0.000000 0.863956 365.000000
 41.250000 0.862347 360.503215 0.000000 0.000000 0.000000 0.000000 0.862347 371.000000
 41.500000 0.858972 359.627154 0.000000 0.000000 0.139014 0.556057 0.858972 367.000000
 41.750000 0.864968 363.348656 0.000000 0.000000 0.000000 0.000000 0.864968 368.000000
 42.000000 0.864780 360.147786 0.000000 0.000000 0.000000 0.000000 0.864780 374.000000
 42.250000 0.867456 361.428954 0.000000 0.000000 0.000000 0.000000 0.867456 372.000000
 42.500000 0.866859 371.471709 0.000000 0.000000 0.000000 0.000000 0.866859 386.000000
 42.750000 0.867013 367.215644 0.000000 0.000000 0.000000 0.000000 0.867013 376.000000
 43.000000 0.867099 365.856949 0.000000 0.000000 0.000000 0.000000 0.867099 373.000000
 43.250000 0.873831 379.550526 0.000000 0.000000 0.000000 0.000000 0.873831 390.000000
 43.500000 0.868720 371.194562 0.000000 0.000000 0.000000 0.000000 0.868720 380.000000
 43.750000 0.862113 362.525416 0.000000 0.000000 0.000000 0.000000 0.862113 371.000000
 44.000000 0.869805 367.338578 0.000000 0.000000 0.000000 0.000000 0.869805 368.000000
 44.250000 0.876248 380.545343 0.000000 0.000000 0.000000 0.000000 0.876248 386.000000
 44.500000 0.871103 373.016407 0.000000 0.000000 0.000000 0.000000 0.871103 380.000000
 44.750000 0.864221 357.306335 0.000000 0.000000 7.255833 29.023331 0.864221 364.000000
 45.000000 0.870224 377.244115 0.000000 0.000000 0.000000 0.000000 0.870224 384.000000
 45.250000 0.872590 377.363303 0.000000 0.000000 0.000000 0.000000 0.872590 380.000000
 45.500000 0.879717 394.576536 0.000000 0.000000 0.000000 0.000000 0.879717 404.000000
 45.750000 0.874070 381.274624 0.000000 0.000000 0.000000 0.000000 0.874070 396.000000
 46.000000 0.871957 377.756970 0.000000 0.000000 0.000000 0.000000 0.871957 387.000000
 46.250000 0.875433 383.401813 0.000000 0.000000 0.000000 0.000000 0.875433 390.000000
 46.500000 0.877670 389.322338 0.000000 0.000000 0.000000 0.000000 0.877670 391.000000
 46.750000 0.876017 385.062503 0.000000 0.000000 0.000000 0.000000 0.876017 388.000000
 47.000000 0.883108 402.001493 0.000000 0.000000 0.000000 0.000000 0.883108 415.000000
 47.250000 0.878861 395.528805 0.000000 0.000000 0.000000 0.000000 0.878861 403.000000
 47.500000 0.885611 405.297083 0.000000 0.000000 0.000000 0.000000 0.885611 412.000000
 47.750000 0.889787 405.485218 0.000000 0.000000 0.000000 0.000000 0.889787 402.000000
 48.000000 0.880728 391.019349 0.000000 0.000000 0.000000 0.000000 0.880728 388.000000
 48.250000 0.872991 384.109968 0.000000 0.000000 0.000000 0.000000 0.872991 392.000000
 48.500000 0.873129 382.350909 0.000000 0.000000 0.000000 0.000000 0.873129 392.000000
 48.750000 0.877875 385.067296 0.000000 0.000000 0.000000 0.000000 0.877875 390.000000
 49.000000 0.874725 380.188974 0.000000 0.000000 0.000000 0.000000 0.874725 390.000000
 49.250000 0.866387 372.898161 0.000000 0.000000 0.000000 0.000000 0.866387 383.000000
 49.500000 0.864251 368.053331 0.000000 0.000000 0.000000 0.000000 0.864251 372.000000
 49.750000 0.870363 377.230878 0.000000 0.000000 0.000000 0.000000 0.870363 388.000000
 50.000000 0.872035 373.683216 0.000000 0.000000 0.000000 0.000000 0.872035 378.000000
 50.250000 0.868705 367.647274 0.000000 0.000000 0.000000 0.000000 0.868705 372.000000
 50.500000 0.869277 371.293833 0.000000 0.000000 0.000000 0.000000 0.869277 377.000000
 50.750000 0.863412 358.329771 0.000000 0.000000 2.789665 11.158659 0.863412 367.000000
 51.000000 0.870013 372.158054 0.000000 0.000000 0.000000 0.000000 0.870013 379.000000
 51.250000 0.871213 370.867727 0.000000 0.000000 0.000000 0.000000 0.871213 374.000000
 51.500000 0.864754 370.441525 0.000000 0.000000 0.000000 0.000000 0.864754 383.000000
 51.750000 0.867279 369.641329 0.000000 0.000000 0.000000 0.000000 0.867279 375.000000
 52.000000 0.866976 364.985749 0.000000 0.000000 0.000000 0.000000 0.866976 371.000000
 52.250000 0.871917 379.398385 0.000000 0.000000 0.000000 0.000000 0.871917 382.000000
 52.500000 0.868636 370.500291 0.000000 0.000000 0.000000 0.000000 0.868636 376.000000
 52.750000 0.865712 366.631923 0.000000 0.000000 0.000000 0.000000 0.865712 374.000000
 53.000000 0.875837 389.651622 0.000000 0.000000 0.000000 0.000000 0.875837 396.000000
 53.250000 0.878126 390.113698 0.000000 0.000000 0.000000 0.000000 0.878126 403.000000
 53.500000 0.874137 376.869122 0.000000 0.000000 0.000000 0.000000 0.874137 381.000000
 53.750000 0.869334 375.152710 0.000000 0.000000 0.000000 0.000000 0.869334 380.000000
 54.000000 0.865203 365.675803 0.000000 0.000000 0.000000 0.000000 0.865203 367.000000
 54.250000 0.870233 372.546520 0.000000 0.000000 0.000000 0.000000 0.870233 380.000000
 54.500000 0.868364 366.755720 0.000000 0.000000 0.000000 0.000000 0.868364 372.000000
 54.750000 0.872990 376.258403 0.000000 0.000000 0.000000 0.000000 0.872990 386.000000
 55.000000 0.862812 364.995764 0.000000 0.000000 0.000000 0.000000 0.862812 375.000000
 55.250000 0.865376 366.298412 0.000000 0.000000 0.000000 0.000000 0.865376 368.000000
 55.500000 0.879468 397.138261 0.000000 0.000000 0.000000 0.000000 0.879468 406.000000
 55.750000 0.873158 376.778811 0.000000 0.000000 0.000000 0.000000 0.873158 384.000000
 56.000000 0.870214 373.249025 0.000000 0.000000 0.000000 0.000000 0.870214 378.000000
 56.250000 0.867756 369.085762 0.000000 0.000000 0.000000 0.000000 0.867756 374.000000
 56.500000 0.870472 374.029700 0.000000 0.000000 0.000000 0.000000 0.870472 388.000000
 56.750000 0.870382 376.233041 0.000000 0.000000 0.000000 0.000000 0.870382 384.000000
 57.000000 0.868054 369.349229 0.000000 0.000000 0.000000 0.000000 0.868054 373.000000
 57.250000 0.868139 368.017908 0.000000 0.000000 0.000000 0.000000 0.868139 376.000000
 57.500000 0.867900 362.551831 0.000000 0.000000 0.000000 0.000000 0.867900 368.000000
 57.750000 0.864256 364.123968 0.000000 0.000000 0.000000 0.000000 0.864256 368.000000
 58.000000 0.866328 367.728319 0.000000 0.000000 0.000000 0.000000 0.866328 376.000000
 58.250000 0.872259 378.182826 0.000000 0.000000 0.000000 0.000000 0.872259 393.000000
 58.500000 0.883118 395.817900 0.000000 0.000000 0.000000 0.000000 0.883118 402.000000
 58.750000 0.883606 397.742660 0.000000 0.000000 0.000000 0.000000 0.883606 402.000000
 59.000000 0.876229 384.281333 0.000000 0.000000 0.000000 0.000000 0.876229 395.000000
 59.250000 0.879568 388.632047 0.000000 0.000000 0.000000 0.000000 0.879568 395.000000
 59.500000 0.879874 396.797111 0.000000 0.000000 0.000000 0.000000 0.879874 414.000000
 59.750000 0.879975 393.011967 0.000000 0.000000 0.000000 0.000000 0.879975 405.000000
 60.000000 0.875558 383.634732 0.000000 0.000000 0.000000 0.000000 0.875558 390.000000
 60.250000 0.865966 362.725666 0.000000 0.000000 0.000000 0.000000 0.865966 370.000000
 60.500000 0.867101 366.409076 0.000000 0.000000 0.000000 0.000000 0.867101 367.000000
 60.750000 0.866975 365.304623 0.000000 0.000000 0.000000 0.000000 0.866975 373.000000
 61.000000 0.868598 365.764320 0.000000 0.000000 0.000000 0.000000 0.868598 368.000000
 61.250000 0.868838 365.731104 0.000000 0.000000 0.000000 0.000000 0.868838 370.000000
 61.500000 0.872289 385.418247 0.000000 0.000000 0.000000 0.000000 0.872289 396.000000
 61.750000 0.871398 375.230056 0.000000 0.000000 0.000000 0.000000 0.871398 379.000000
 62.000000 0.876316 380.615271 0.000000 0.000000 0.000000 0.000000 0.876316 381.000000
 62.250000 0.882210 391.440441 0.000000 0.000000 0.000000 0.000000 0.882210 400.000000
 62.500000 0.868095 370.426534 0.000000 0.000000 0.000000 0.000000 0.868095 383.000000
 62.750000 0.864278 363.029244 0.000000 0.000000 0.000000 0.000000 0.864278 369.000000
 63.000000 0.864026 363.048912 0.000000 0.000000 0.000000 0.000000 0.864026 364.000000
 63.250000 0.865402 362.701333 0.000000 0.000000 0.000000 0.000000 0.865402 365.000000
 63.500000 0.862575 360.794869 0.000000 0.000000 0.000000 0.000000 0.862575 362.000000
 63.750000 0.862385 359.672862 0.000000 0.000000 0.107020 0.428078 0.862385 362.000000
 64.000000 0.865944 359.252722 0.000000 0.000000 0.558425 2.233698 0.865944 363.000000
 64.250000 0.863950 360.419862 0.000000 0.000000 0.000000 0.000000 0.863950 366.000000
 64.500000 0.864218 362.706678 0.000000 0.000000 0.000000 0.000000 0.864218 361.000000
 64.750000 0.865857 368.082743 0.000000 0.000000 0.000000 0.000000 0.865857 369.000000
 65.000000 0.868473 369.980747 0.000000 0.000000 0.000000 0.000000 0.868473 374.000000
 65.250000 0.882882 399.112288 0.000000 0.000000 0.000000 0.000000 0.882882 410.000000
 65.500000 0.871155 371.916778 0.000000 0.000000 0.000000 0.000000 0.871155 377.000000
 65.750000 0.867789 369.898000 0.000000 0.000000 0.000000 0.000000 0.867789 382.000000
 66.000000 0.865082 363.825528 0.000000 0.000000 0.000000 0.000000 0.865082 376.000000
 66.250000 0.868065 366.245159 0.000000 0.000000 0.000000 0.000000 0.868065 375.000000
 66.500000 0.865575 360.718821 0.000000 0.000000 0.000000 0.000000 0.865575 360.000000
 66.750000 0.866172 362.699096 0.000000 0.000000 0.000000 0.000000 0.866172 372.000000
 67.000000 0.866831 363.276040 0.000000 0.000000 0.000000 0.000000 0.866831 368.000000
 67.250000 0.871751 377.925072 0.000000 0.000000 0.000000 0.000000 0.871751 388.000000
 67.500000 0.867573 367.642615 0.000000 0.000000 0.000000 0.000000 0.867573 370.000000
 67.750000 0.868437 371.389126 0.000000 0.000000 0.000000 0.000000 0.868437 377.000000
 68.000000 0.869669 374.205828 0.000000 0.000000 0.000000 0.000000 0.869669 380.000000
 68.250000 0.868809 370.325308 0.000000 0.000000 0.000000 0.000000 0.868809 372.000000
 68.500000 0.867197 366.639347 0.000000 0.000000 0.000000 0.000000 0.867197 378.000000
 68.750000 0.861909 364.411694 0.000000 0.000000 0.000000 0.000000 0.861909 375.000000
 69.000000 0.865234 370.616115 0.000000 0.000000 0.000000 0.000000 0.865234 376.000000
 69.250000 0.873538 382.143014 0.000000 0.000000 0.000000 0.000000 0.873538 389.000000
 69.500000 0.874394 378.795600 0.000000 0.000000 0.000000 0.000000 0.874394 389.000000
 69.750000 0.872103 372.905638 0.000000 0.000000 0.000000 0.000000 0.872103 381.000000
 70.000000 0.872770 372.844309 0.000000 0.000000 0.000000 0.000000 0.872770 381.000000
 70.250000 0.880698 393.253140 0.000000 0.000000 0.000000 0.000000 0.880698 406.000000
 70.500000 0.879378 390.116793 0.000000 0.000000 0.000000 0.000000 0.879378 393.000000
 70.750000 0.884770 395.676295 0.000000 0.000000 0.000000 0.000000 0.884770 392.000000
 71.000000 0.882744 396.714047 0.000000 0.000000 0.000000 0.000000 0.882744 403.000000
 71.250000 0.885490 401.211262 0.000000 0.000000 0.000000 0.000000 0.885490 407.000000
 71.500000 0.884589 398.334850 0.000000 0.000000 0.000000 0.000000 0.884589 402.000000
 71.750000 0.890001 404.888754 0.000000 0.000000 0.000000 0.000000 0.890001 412.000000
 72.000000 0.892598 413.075487 0.000000 0.000000 0.000000 0.000000 0.892598 417.000000
 72.250000 0.880493 398.397274 0.000000 0.000000 0.000000 0.000000 0.880493 408.000000
 72.500000 0.890116 410.541834 0.000000 0.000000 0.000000 0.000000 0.890116 420.000000
 72.750000 0.891016 415.462657 0.000000 0.000000 0.000000 0.000000 0.891016 434.000000
 73.000000 0.886554 409.755809 0.000000 0.000000 0.000000 0.000000 0.886554 426.000000
 73.250000 0.880214 399.612005 0.000000 0.000000 0.000000 0.000000 0.880214 414.000000
 73.500000 0.881492 402.943794 0.000000 0.000000 0.000000 0.000000 0.881492 418.000000
 73.750000 0.878602 398.789594 0.000000 0.000000 0.000000 0.000000 0.878602 409.000000
 74.000000 0.892111 423.045312 0.000000 0.000000 0.000000 0.000000 0.892111 433.000000
 74.250000 0.896659 421.888468 0.000000 0.000000 0.000000 0.000000 0.896659 430.000000
 74.500000 0.892748 418.439814 0.000000 0.000000 0.000000 0.000000 0.892748 426.000000
 74.750000 0.895529 427.452017 0.000000 0.000000 0.000000 0.000000 0.895529 437.000000
 75.000000 0.889800 415.502979 0.000000 0.000000 0.000000 0.000000 0.889800 432.000000
 75.250000 0.900080 432.476651 0.227196 0.908783 0.000000 0.000000 0.900080 440.000000
 75.500000 0.890456 415.205054 0.000000 0.000000 0.000000 0.000000 0.890456 423.000000
 75.750000 0.882798 406.522224 0.000000 0.000000 0.000000 0.000000 0.882798 418.000000
 76.000000 0.889114 416.319497 0.000000 0.000000 0.000000 0.000000 0.889114 421.000000
 76.250000 0.890005 412.360317 0.000000 0.000000 0.000000 0.000000 0.890005 420.000000
 76.500000 0.890070 408.304928 0.000000 0.000000 0.000000 0.000000 0.890070 411.000000
 76.750000 0.881700 391.068703 0.000000 0.000000 0.000000 0.000000 0.881700 395.000000
 77.000000 0.880210 388.338529 0.000000 0.000000 0.000000 0.000000 0.880210 390.000000
 77.250000 0.881886 398.574329 0.000000 0.000000 0.000000 0.000000 0.881886 405.000000
 77.500000 0.889689 409.682782 0.000000 0.000000 0.000000 0.000000 0.889689 412.000000
 77.750000 0.897493 425.027185 0.000000 0.000000 0.000000 0.000000 0.897493 434.000000
 78.000000 0.899398 431.551489 0.000000 0.000000 0.000000 0.000000 0.899398 441.000000
 78.250000 0.894426 427.738813 0.000000 0.000000 0.000000 0.000000 0.894426 435.000000
 78.500000 0.899481 432.251902 0.063454 0.253818 0.000000 0.000000 0.899481 439.000000
 78.750000 0.899525 430.449967 0.000000 0.000000 0.000000 0.000000 0.899525 438.000000
 79.000000 0.898352 426.747818 0.000000 0.000000 0.000000 0.000000 0.898352 430.000000
 79.250000 0.898300 433.379712 1.903606 7.614426 0.000000 0.000000 0.898300 438.000000
 79.500000 0.894926 419.138691 0.000000 0.000000 0.000000 0.000000 0.894926 421.000000
 79.750000 0.896642 424.416322 0.000000 0.000000 0.000000 0.000000 0.896642 438.000000
 80.000000 0.890132 413.309612 0.000000 0.000000 0.000000 0.000000 0.890132 422.000000
 80.250000 0.886836 406.614767 0.000000 0.000000 0.000000 0.000000 0.886836 413.000000
 80.500000 0.893490 417.484220 0.000000 0.000000 0.000000 0.000000 0.893490 417.000000
 80.750000 0.900646 430.705444 0.000000 0.000000 0.000000 0.000000 0.900646 435.000000
 81.000000 0.897865 431.151123 0.000000 0.000000 0.000000 0.000000 0.897865 442.000000
 81.250000 0.886994 411.690273 0.000000 0.000000 0.000000 0.000000 0.886994 425.000000
 81.500000 0.884670 402.371071 0.000000 0.000000 0.000000 0.000000 0.884670 408.000000
 81.750000 0.891267 413.260194 0.000000 0.000000 0.000000 0.000000 0.891267 420.000000
 82.000000 0.895199 425.010544 0.000000 0.000000 0.000000 0.000000 0.895199 430.000000
 82.250000 0.893604 420.027547 0.000000 0.000000 0.000000 0.000000 0.893604 428.000000
 82.500000 0.897665 424.086846 0.000000 0.000000 0.000000 0.000000 0.897665 426.000000
 82.750000 0.893482 420.721846 0.000000 0.000000 0.000000 0.000000 0.893482 429.000000
 83.000000 0.894974 421.643086 0.000000 0.000000 0.000000 0.000000 0.894974 432.000000
 83.250000 0.888495 408.450523 0.000000 0.000000 0.000000 0.000000 0.888495 417.000000
 83.500000 0.886239 411.441332 0.000000 0.000000 0.000000 0.000000 0.886239 420.000000
 83.750000 0.890120 410.682522 0.000000 0.000000 0.000000 0.000000 0.890120 416.000000
 84.000000 0.896068 423.843484 0.000000 0.000000 0.000000 0.000000 0.896068 430.000000
 84.250000 0.898594 426.579805 0.000000 0.000000 0.000000 0.000000 0.898594 435.000000
 84.500000 0.897218 429.085711 0.000000 0.000000 0.000000 0.000000 0.897218 442.000000
 84.750000 0.899215 429.353069 0.000000 0.000000 0.000000 0.000000 0.899215 435.000000
 85.000000 0.899540 430.471834 0.000000 0.000000 0.000000 0.000000 0.899540 435.000000
 85.250000 0.895183 417.525536 0.000000 0.000000 0.000000 0.000000 0.895183 430.000000
 85.500000 0.887857 412.137911 0.000000 0.000000 0.000000 0.000000 0.887857 423.000000
 85.750000 0.882824 404.621083 0.000000 0.000000 0.000000 0.000000 0.882824 420.000000
 86.000000 0.887376 410.345154 0.000000 0.000000 0.000000 0.000000 0.887376 419.000000
 86.250000 0.892042 415.297606 0.000000 0.000000 0.000000 0.000000 0.892042 418.000000
 86.500000 0.892668 416.849526 0.000000 0.000000 0.000000 0.000000 0.892668 429.000000
 86.750000 0.887814 408.456878 0.000000 0.000000 0.000000 0.000000 0.887814 422.000000
 87.000000 0.885991 406.895196 0.000000 0.000000 0.000000 0.000000 0.885991 419.000000
 87.250000 0.895677 417.996040 0.000000 0.000000 0.000000 0.000000 0.895677 420.000000
 87.500000 0.891532 414.428165 0.000000 0.000000 0.000000 0.000000 0.891532 423.000000
 87.750000 0.884631 405.754201 0.000000 0.000000 0.000000 0.000000 0.884631 414.000000
 88.000000 0.885744 407.768266 0.000000 0.000000 0.000000 0.000000 0.885744 418.000000
 88.250000 0.897262 424.159064 0.000000 0.000000 0.000000 0.000000 0.897262 434.000000
 88.500000 0.895097 419.928987 0.000000 0.000000 0.000000 0.000000 0.895097 428.000000
 88.750000 0.892646 417.446623 0.000000 0.000000 0.000000 0.000000 0.892646 429.000000
 89.000000 0.885051 407.361066 0.000000 0.000000 0.000000 0.000000 0.885051 417.000000
 89.250000 0.883936 398.123810 0.000000 0.000000 0.000000 0.000000 0.883936 407.000000
 89.500000 0.889459 411.628291 0.000000 0.000000 0.000000 0.000000 0.889459 420.000000
 89.750000 0.885049 400.168058 0.000000 0.000000 0.000000 0.000000 0.885049 403.000000
 90.000000 0.882924 403.409852 0.000000 0.000000 0.000000 0.000000 0.882924 406.000000
 90.250000 0.881185 395.976340 0.000000 0.000000 0.000000 0.000000 0.881185 403.000000
 90.500000 0.885124 401.512210 0.000000 0.000000 0.000000 0.000000 0.885124 405.000000
 90.750000 0.892558 417.178504 0.000000 0.000000 0.000000 0.000000 0.892558 422.000000
 91.000000 0.893786 419.349044 0.000000 0.000000 0.000000 0.000000 0.893786 421.000000
 91.250000 0.887237 404.409800 0.000000 0.000000 0.000000 0.000000 0.887237 412.000000
 91.500000 0.886304 405.440658 0.000000 0.000000 0.000000 0.000000 0.886304 409.000000
 91.750000 0.889979 413.943528 0.000000 0.000000 0.000000 0.000000 0.889979 424.000000
 92.000000 0.899152 429.766435 0.000000 0.000000 0.000000 0.000000 0.899152 441.000000
 92.250000 0.895254 424.078405 0.000000 0.000000 0.000000 0.000000 0.895254 431.000000
 92.500000 0.886664 411.455820 0.000000 0.000000 0.000000 0.000000 0.886664 428.000000
 92.750000 0.887831 415.704985 0.000000 0.000000 0.000000 0.000000 0.887831 430.000000
 93.000000 0.896609 426.646756 0.000000 0.000000 0.000000 0.000000 0.896609 434.000000
 93.250000 0.898757 431.111235 0.000000 0.000000 0.000000 0.000000 0.898757 436.000000
 93.500000 0.899074 431.947340 0.000000 0.000000 0.000000 0.000000 0.899074 437.000000
 93.750000 0.895772 424.114062 0.000000 0.000000 0.000000 0.000000 0.895772 437.000000
 94.000000 0.893722 419.373912 0.000000 0.000000 0.000000 0.000000 0.893722 426.000000
 94.250000 0.897566 427.223020 0.000000 0.000000 0.000000 0.000000 0.897566 437.000000
 94.500000 0.903734 432.965373 0.931945 3.727782 0.000000 0.000000 0.903734 435.000000
 94.750000 0.895822 425.331233 0.000000 0.000000 0.000000 0.000000 0.895822 431.000000
 95.000000 0.892159 417.405389 0.000000 0.000000 0.000000 0.000000 0.892159 427.000000
 95.250000 0.898867 428.689229 0.000000 0.000000 0.000000 0.000000 0.898867 432.000000
 95.500000 0.899682 430.187638 0.000000 0.000000 0.000000 0.000000 0.899682 437.000000
 95.750000 0.900621 430.420193 0.000000 0.000000 0.000000 0.000000 0.900621 438.000000
 96.000000 0.900004 429.952381 0.000000 0.000000 0.000000 0.000000 0.900004 434.000000
 96.250000 0.900512 433.726512 2.980843 11.923372 0.000000 0.000000 0.900512 447.000000
 96.500000 0.895565 420.858719 0.000000 0.000000 0.000000 0.000000 0.895565 430.000000
 96.750000 0.901400 434.004854 4.019439 16.077756 0.000000 0.000000 0.901400 443.000000
 97.000000 0.897540 426.560623 0.000000 0.000000 0.000000 0.000000 0.897540 432.000000
 97.250000 0.893280 420.461665 0.000000 0.000000 0.000000 0.000000 0.893280 430.000000
 97.500000 0.895503 420.058065 0.000000 0.000000 0.000000 0.000000 0.895503 419.000000
 97.750000 0.893657 421.044778 0.000000 0.000000 0.000000 0.000000 0.893657 425.000000
 98.000000 0.900490 433.152046 1.327209 5.308837 0.000000 0.000000 0.900490 441.000000
 98.250000 0.894958 427.516037 0.000000 0.000000 0.000000 0.000000 0.894958 433.000000
 98.500000 0.892908 419.255795 0.000000 0.000000 0.000000 0.000000 0.892908 423.000000
 98.750000 0.898116 431.375249 0.000000 0.000000 0.000000 0.000000 0.898116 443.000000
 99.000000 0.897935 428.718533 0.000000 0.000000 0.000000 0.000000 0.897935 442.000000
 99.250000 0.898985 432.767256 0.588682 2.354729 0.000000 0.000000 0.898985 445.000000
 99.500000 0.897239 427.311602 0.000000 0.000000 0.000000 0.000000 0.897239 434.000000
 99.750000 0.896900 431.136844 0.000000 0.000000 0.000000 0.000000 0.896900 447.000000
 100.000000 0.897851 431.664175 0.000000 0.000000 0.000000 0.000000 0.897851 445.000000
 100.250000 0.898538 433.355016 1.836068 7.344270 0.000000 0.000000 0.898538 436.000000
 100.500000 0.897648 426.476521 0.000000 0.000000 0.000000 0.000000 0.897648 424.000000
