#! FIELDS time refcv.mean refcv.morethan uwall.bias uwall.force2 lwall.bias lwall.force2 refcv2.mean refcv2.morethan
 0.500000 0.752119 282.691061 0.000000 0.000000 0.000000 0.000000 0.752119 285.000000
 0.750000 0.740006 276.246040 0.000000 0.000000 0.000000 0.000000 0.740006 285.000000
 1.000000 0.727306 271.633514 0.000000 0.000000 0.000000 0.000000 0.727306 285.000000
 1.250000 0.730298 276.256524 0.000000 0.000000 0.000000 0.000000 0.730298 285.000000
 1.500000 0.729279 273.099291 0.000000 0.000000 0.000000 0.000000 0.729279 285.000000
 1.750000 0.734074 276.867480 0.000000 0.000000 0.000000 0.000000 0.734074 284.000000
 2.000000 0.730598 276.188885 0.000000 0.000000 0.000000 0.000000 0.730598 287.000000
 2.250000 0.730542 276.784664 0.000000 0.000000 0.000000 0.000000 0.730542 287.000000
 2.500000 0.731183 276.091868 0.000000 0.000000 0.000000 0.000000 0.731183 287.000000
 2.750000 0.739446 281.011817 0.000000 0.000000 0.000000 0.000000 0.739446 288.000000
 3.000000 0.726603 272.248179 0.000000 0.000000 0.000000 0.000000 0.726603 286.000000
 3.250000 0.726411 270.648196 0.000000 0.000000 0.000000 0.000000 0.726411 283.526539
 3.500000 0.724366 271.010943 0.000000 0.000000 0.000000 0.000000 0.724366 284.000000
 3.750000 0.729426 271.888159 0.000000 0.000000 0.000000 0.000000 0.729426 280.000000
 4.000000 0.730535 272.554990 0.000000 0.000000 0.000000 0.000000 0.730535 282.000000
 4.250000 0.726445 272.135459 0.000000 0.000000 0.000000 0.000000 0.726445 287.000000
 4.500000 0.729718 272.545296 0.000000 0.000000 0.000000 0.000000 0.729718 285.000000
 4.750000 0.723745 271.025830 0.000000 0.000000 0.000000 0.000000 0.723745 284.000000
 5.000000 0.728808 273.003413 0.000000 0.000000 0.000000 0.000000 0.728808 282.000000
 5.250000 0.726741 272.973577 0.000000 0.000000 0.000000 0.000000 0.726741 283.000000
 5.500000 0.723923 270.828889 0.000000 0.000000 0.000000 0.000000 0.723923 282.000000
 5.750000 0.718073 268.192481 0.000000 0.000000 0.000000 0.000000 0.718073 281.000000
 6.000000 0.722762 268.344708 0.000000 0.000000 0.000000 0.000000 0.722762 282.000000
 6.250000 0.723301 271.262728 0.000000 0.000000 0.000000 0.000000 0.723301 283.000000
 6.500000 0.718357 267.640319 0.000000 0.000000 0.000000 0.000000 0.718357 284.000000
 6.750000 0.720533 266.646657 0.000000 0.000000 0.000000 0.000000 0.720533 280.000000
 7.000000 0.731440 274.565274 0.000000 0.000000 0.000000 0.000000 0.731440 283.000000
 7.250000 0.717443 266.934800 0.000000 0.000000 0.000000 0.000000 0.717443 283.000000
 7.500000 0.716304 267.709351 0.000000 0.000000 0.000000 0.000000 0.716304 282.000000
 7.750000 0.716151 266.095688 0.000000 0.000000 0.000000 0.000000 0.716151 283.000000
 8.000000 0.716446 266.433667 0.000000 0.000000 0.000000 0.000000 0.716446 283.000000
 8.250000 0.714921 266.299302 0.000000 0.000000 0.000000 0.000000 0.714921 280.000000
 8.500000 0.713241 264.488020 0.000000 0.000000 0.000000 0.000000 0.713241 282.000000
 8.750000 0.713171 262.979211 0.000000 0.000000 0.000000 0.000000 0.713171 279.000000
 9.000000 0.715407 264.998366 0.000000 0.000000 0.000000 0.000000 0.715407 279.000000
 9.250000 0.717307 264.320007 0.000000 0.000000 0.000000 0.000000 0.717307 278.000000
 9.500000 0.720122 264.656251 0.000000 0.000000 0.000000 0.000000 0.720122 279.000000
 9.750000 0.717464 259.946426 0.000000 0.000000 0.000000 0.000000 0.717464 273.000000
 10.000000 0.719972 266.045661 0.000000 0.000000 0.000000 0.000000 0.719972 279.000000
 10.250000 0.718068 265.379423 0.000000 0.000000 0.000000 0.000000 0.718068 282.000000
 10.500000 0.717589 265.424521 0.000000 0.000000 0.000000 0.000000 0.717589 275.000000
 10.750000 0.713977 262.244195 0.000000 0.000000 0.000000 0.000000 0.713977 278.000000
 11.000000 0.723082 268.528016 0.000000 0.000000 0.000000 0.000000 0.723082 279.000000
 11.250000 0.713162 260.236689 0.000000 0.000000 0.000000 0.000000 0.713162 278.000000
 11.500000 0.724770 268.287633 0.000000 0.000000 0.000000 0.000000 0.724770 284.000000
 11.750000 0.714867 260.436662 0.000000 0.000000 0.000000 0.000000 0.714867 279.000000
 12.000000 0.716255 264.238523 0.000000 0.000000 0.000000 0.000000 0.716255 278.000000
 12.250000 0.714727 261.928067 0.000000 0.000000 0.000000 0.000000 0.714727 280.000000
 12.500000 0.721856 267.547777 0.000000 0.000000 0.000000 0.000000 0.721856 283.000000
 12.750000 0.721790 268.026425 0.000000 0.000000 0.000000 0.000000 0.721790 284.000000
 13.000000 0.720614 269.063239 0.000000 0.000000 0.000000 0.000000 0.720614 286.000000
 13.250000 0.719722 266.596498 0.000000 0.000000 0.000000 0.000000 0.719722 281.000000
 13.500000 0.719808 269.405795 0.000000 0.000000 0.000000 0.000000 0.719808 281.000000
 13.750000 0.719755 271.163087 0.000000 0.000000 0.000000 0.000000 0.719755 283.000000
 14.000000 0.715250 262.242309 0.000000 0.000000 0.000000 0.000000 0.715250 277.000000
 14.250000 0.715788 260.256442 0.000000 0.000000 0.000000 0.000000 0.715788 278.771129
 14.500000 0.725233 274.547165 0.000000 0.000000 0.000000 0.000000 0.725233 283.000000
 14.750000 0.721051 272.032772 0.000000 0.000000 0.000000 0.000000 0.721051 285.000000
 15.000000 0.718098 267.416239 0.000000 0.000000 0.000000 0.000000 0.718098 282.000000
 15.250000 0.723624 271.834580 0.000000 0.000000 0.000000 0.000000 0.723624 284.000000
 15.500000 0.725318 271.419074 0.000000 0.000000 0.000000 0.000000 0.725318 283.000000
 15.750000 0.724817 271.803422 0.000000 0.000000 0.000000 0.000000 0.724817 285.000000
 16.000000 0.720424 269.406401 0.000000 0.000000 0.000000 0.000000 0.720424 284.000000
 16.250000 0.725603 275.171041 0.000000 0.000000 0.000000 0.000000 0.725603 288.000000
 16.500000 0.719202 270.523353 0.000000 0.000000 0.000000 0.000000 0.719202 286.000000
 16.750000 0.720593 270.163522 0.000000 0.000000 0.000000 0.000000 0.720593 282.000000
 17.000000 0.725535 276.498716 0.000000 0.000000 0.000000 0.000000 0.725535 289.000000
 17.250000 0.723418 272.178998 0.000000 0.000000 0.000000 0.000000 0.723418 288.000000
 17.500000 0.731830 277.762904 0.000000 0.000000 0.000000 0.000000 0.731830 287.000000
 17.750000 0.726534 272.798070 0.000000 0.000000 0.000000 0.000000 0.726534 287.000000
 18.000000 0.726397 274.696843 0.000000 0.000000 0.000000 0.000000 0.726397 286.000000
 18.250000 0.725508 272.196853 0.000000 0.000000 0.000000 0.000000 0.725508 284.000000
 18.500000 0.723356 274.929622 0.000000 0.000000 0.000000 0.000000 0.723356 285.000000
 18.750000 0.724536 273.087472 0.000000 0.000000 0.000000 0.000000 0.724536 287.000000
 19.000000 0.722424 267.018611 0.000000 0.000000 0.000000 0.000000 0.722424 282.000000
 19.250000 0.725866 273.266629 0.000000 0.000000 0.000000 0.000000 0.725866 285.000000
 19.500000 0.730042 277.994045 0.000000 0.000000 0.000000 0.000000 0.730042 288.000000
 19.750000 0.723016 270.764389 0.000000 0.000000 0.000000 0.000000 0.723016 282.000000
 20.000000 0.730099 279.774350 0.000000 0.000000 0.000000 0.000000 0.730099 289.000000
 20.250000 0.733006 280.978367 0.000000 0.000000 0.000000 0.000000 0.733006 289.000000
 20.500000 0.731641 274.169650 0.000000 0.000000 0.000000 0.000000 0.731641 283.000000
 20.750000 0.733119 278.792828 0.000000 0.000000 0.000000 0.000000 0.733119 291.000000
 21.000000 0.732082 275.816303 0.000000 0.000000 0.000000 0.000000 0.732082 287.000000
 21.250000 0.721649 271.458769 0.000000 0.000000 0.000000 0.000000 0.721649 287.000000
 21.500000 0.723621 270.578701 0.000000 0.000000 0.000000 0.000000 0.723621 280.000000
 21.750000 0.730232 276.731214 0.000000 0.000000 0.000000 0.000000 0.730232 287.000000
 22.000000 0.726078 274.457615 0.000000 0.000000 0.000000 0.000000 0.726078 290.000000
 22.250000 0.725056 274.266279 0.000000 0.000000 0.000000 0.000000 0.725056 287.936057
 22.500000 0.727579 272.853965 0.000000 0.000000 0.000000 0.000000 0.727579 291.000000
 22.750000 0.724485 272.719481 0.000000 0.000000 0.000000 0.000000 0.724485 285.000000
 23.000000 0.724979 272.887852 0.000000 0.000000 0.000000 0.000000 0.724979 286.000000
 23.250000 0.732766 281.414438 0.000000 0.000000 0.000000 0.000000 0.732766 289.000000
 23.500000 0.728045 275.276304 0.000000 0.000000 0.000000 0.000000 0.728045 285.000000
 23.750000 0.727731 275.633839 0.000000 0.000000 0.000000 0.000000 0.727731 286.000000
 24.000000 0.730495 275.929340 0.000000 0.000000 0.000000 0.000000 0.730495 285.000000
 24.250000 0.733230 279.079648 0.000000 0.000000 0.000000 0.000000 0.733230 289.000000
 24.500000 0.733584 277.415209 0.000000 0.000000 0.000000 0.000000 0.733584 288.000000
 24.750000 0.734550 278.113536 0.000000 0.000000 0.000000 0.000000 0.734550 281.000000
 25.000000 0.738706 280.658157 0.000000 0.000000 0.000000 0.000000 0.738706 288.000000
 25.250000 0.735031 275.747980 0.000000 0.000000 0.000000 0.000000 0.735031 287.000000
 25.500000 0.731822 275.143418 0.000000 0.000000 0.000000 0.000000 0.731822 290.000000
 25.750000 0.729099 272.595470 0.000000 0.000000 0.000000 0.000000 0.729099 287.000000
 26.000000 0.728744 273.338211 0.000000 0.000000 0.000000 0.000000 0.728744 288.000000
 26.250000 0.730725 270.419120 0.000000 0.000000 0.000000 0.000000 0.730725 284.000000
 26.500000 0.741927 282.530326 0.000000 0.000000 0.000000 0.000000 0.741927 293.000000
 26.750000 0.734238 273.787088 0.000000 0.000000 0.000000 0.000000 0.734238 283.000000
 27.000000 0.742565 282.071745 0.000000 0.000000 0.000000 0.000000 0.742565 290.000000
 27.250000 0.733229 278.239375 0.000000 0.000000 0.000000 0.000000 0.733229 290.000000
 27.500000 0.724015 267.809633 0.000000 0.000000 0.000000 0.000000 0.724015 282.000000
 27.750000 0.728818 273.730856 0.000000 0.000000 0.000000 0.000000 0.728818 287.000000
 28.000000 0.728650 273.927136 0.000000 0.000000 0.000000 0.000000 0.728650 289.000000
 28.250000 0.729887 274.051104 0.000000 0.000000 0.000000 0.000000 0.729887 283.000000
 28.500000 0.735552 277.169344 0.000000 0.000000 0.000000 0.000000 0.735552 288.000000
 28.750000 0.726384 275.980161 0.000000 0.000000 0.000000 0.000000 0.726384 286.000000
 29.000000 0.725608 272.656883 0.000000 0.000000 0.000000 0.000000 0.725608 286.000000
 29.250000 0.729411 276.803926 0.000000 0.000000 0.000000 0.000000 0.729411 287.000000
 29.500000 0.731489 278.507561 0.000000 0.000000 0.000000 0.000000 0.731489 290.000000
 29.750000 0.717765 267.344234 0.000000 0.000000 0.000000 0.000000 0.717765 285.000000
 30.000000 0.716683 273.038562 0.000000 0.000000 0.000000 0.000000 0.716683 290.000000
 30.250000 0.726503 278.220780 0.000000 0.000000 0.000000 0.000000 0.726503 289.000000
 30.500000 0.722154 273.270170 0.000000 0.000000 0.000000 0.000000 0.722154 285.000000
 30.750000 0.729448 276.043315 0.000000 0.000000 0.000000 0.000000 0.729448 286.000000
 31.000000 0.720581 269.171983 0.000000 0.000000 0.000000 0.000000 0.720581 284.000000
 31.250000 0.713940 262.565258 0.000000 0.000000 0.000000 0.000000 0.713940 278.000000
 31.500000 0.723682 272.827930 0.000000 0.000000 0.000000 0.000000 0.723682 284.000000
 31.750000 0.717775 267.246627 0.000000 0.000000 0.000000 0.000000 0.717775 279.000000
 32.000000 0.722601 271.222297 0.000000 0.000000 0.000000 0.000000 0.722601 285.000000
 32.250000 0.722095 267.935485 0.000000 0.000000 0.000000 0.000000 0.722095 286.000000
 32.500000 0.724191 271.353487 0.000000 0.000000 0.000000 0.000000 0.724191 289.000000
 32.750000 0.721384 269.473848 0.000000 0.000000 0.000000 0.000000 0.721384 288.000000
 33.000000 0.731706 276.895707 0.000000 0.000000 0.000000 0.000000 0.731706 288.000000
 33.250000 0.727921 276.010162 0.000000 0.000000 0.000000 0.000000 0.727921 285.000000
 33.500000 0.719738 271.469934 0.000000 0.000000 0.000000 0.000000 0.719738 286.000000
 33.750000 0.717496 274.103958 0.000000 0.000000 0.000000 0.000000 0.717496 289.000000
 34.000000 0.720453 275.191658 0.000000 0.000000 0.000000 0.000000 0.720453 285.000000
 34.250000 0.727217 276.478528 0.000000 0.000000 0.000000 0.000000 0.727217 287.000000
 34.500000 0.731277 281.269821 0.000000 0.000000 0.000000 0.000000 0.731277 297.000000
 34.750000 0.722534 274.177164 0.000000 0.000000 0.000000 0.000000 0.722534 290.000000
 35.000000 0.722262 273.392308 0.000000 0.000000 0.000000 0.000000 0.722262 288.000000
 35.250000 0.726723 276.707562 0.000000 0.000000 0.000000 0.000000 0.726723 288.000000
 35.500000 0.729265 278.182956 0.000000 0.000000 0.000000 0.000000 0.729265 290.000000
 35.750000 0.726150 275.435660 0.000000 0.000000 0.000000 0.000000 0.726150 289.000000
 36.000000 0.722827 271.700887 0.000000 0.000000 0.000000 0.000000 0.722827 284.000000
 36.250000 0.728459 278.048836 0.000000 0.000000 0.000000 0.000000 0.728459 288.000000
 36.500000 0.728450 272.465328 0.000000 0.000000 0.000000 0.000000 0.728450 283.000000
 36.750000 0.723899 274.565499 0.000000 0.000000 0.000000 0.000000 0.723899 289.000000
 37.000000 0.722606 275.388453 0.000000 0.000000 0.000000 0.000000 0.722606 289.000000
 37.250000 0.722914 278.258375 0.000000 0.000000 0.000000 0.000000 0.722914 290.000000
 37.500000 0.727364 276.423495 0.000000 0.000000 0.000000 0.000000 0.727364 289.000000
 37.750000 0.730913 279.527523 0.000000 0.000000 0.000000 0.000000 0.730913 294.000000
 38.000000 0.739354 285.762226 0.000000 0.000000 0.000000 0.000000 0.739354 297.000000
 38.250000 0.728882 273.477199 0.000000 0.000000 0.000000 0.000000 0.728882 285.000000
 38.500000 0.739005 284.120672 0.000000 0.000000 0.000000 0.000000 0.739005 291.000000
 38.750000 0.736525 285.521684 0.000000 0.000000 0.000000 0.000000 0.736525 293.000000
 39.000000 0.730285 282.105528 0.000000 0.000000 0.000000 0.000000 0.730285 293.000000
 39.250000 0.735955 284.391233 0.000000 0.000000 0.000000 0.000000 0.735955 293.000000
 39.500000 0.733399 283.526726 0.000000 0.000000 0.000000 0.000000 0.733399 293.000000
 39.750000 0.735014 284.586897 0.000000 0.000000 0.000000 0.000000 0.735014 293.000000
 40.000000 0.736195 280.209652 0.000000 0.000000 0.000000 0.000000 0.736195 289.000000
 40.250000 0.740619 282.955777 0.000000 0.000000 0.000000 0.000000 0.740619 292.000000
 40.500000 0.736784 283.082800 0.000000 0.000000 0.000000 0.000000 0.736784 289.000000
 40.750000 0.732260 282.683235 0.000000 0.000000 0.000000 0.000000 0.732260 291.000000
 41.000000 0.732416 279.894893 0.000000 0.000000 0.000000 0.000000 0.732416 286.000000
 41.250000 0.732654 281.677311 0.000000 0.000000 0.000000 0.000000 0.732654 290.000000
 41.500000 0.738847 287.402297 0.000000 0.000000 0.000000 0.000000 0.738847 293.000000
 41.750000 0.733513 280.539064 0.000000 0.000000 0.000000 0.000000 0.733513 290.000000
 42.000000 0.731631 279.246401 0.000000 0.000000 0.000000 0.000000 0.731631 288.000000
 42.250000 0.727122 282.214406 0.000000 0.000000 0.000000 0.000000 0.727122 290.000000
 42.500000 0.730003 278.964553 0.000000 0.000000 0.000000 0.000000 0.730003 287.000000
 42.750000 0.723692 275.520288 0.000000 0.000000 0.000000 0.000000 0.723692 291.000000
 43.000000 0.729312 281.198378 0.000000 0.000000 0.000000 0.000000 0.729312 291.000000
 43.250000 0.733969 283.501948 0.000000 0.000000 0.000000 0.000000 0.733969 293.000000
 43.500000 0.724363 275.975472 0.000000 0.000000 0.000000 0.000000 0.724363 293.000000
 43.750000 0.728118 280.305067 0.000000 0.000000 0.000000 0.000000 0.728118 292.000000
 44.000000 0.724042 274.253337 0.000000 0.000000 0.000000 0.000000 0.724042 287.000000
 44.250000 0.723665 273.103089 0.000000 0.000000 0.000000 0.000000 0.723665 286.000000
 44.500000 0.729078 278.257181 0.000000 0.000000 0.000000 0.000000 0.729078 290.000000
 44.750000 0.729754 277.295418 0.000000 0.000000 0.000000 0.000000 0.729754 290.000000
 45.000000 0.724468 275.330169 0.000000 0.000000 0.000000 0.000000 0.724468 293.000000
 45.250000 0.728444 279.251770 0.000000 0.000000 0.000000 0.000000 0.728444 288.000000
 45.500000 0.726329 278.992481 0.000000 0.000000 0.000000 0.000000 0.726329 296.000000
 45.750000 0.723598 278.896810 0.000000 0.000000 0.000000 0.000000 0.723598 293.000000
 46.000000 0.728380 280.610623 0.000000 0.000000 0.000000 0.000000 0.728380 290.000000
 46.250000 0.729325 281.577239 0.000000 0.000000 0.000000 0.000000 0.729325 293.000000
 46.500000 0.728986 281.709873 0.000000 0.000000 0.000000 0.000000 0.728986 293.000000
 46.750000 0.728078 281.216584 0.000000 0.000000 0.000000 0.000000 0.728078 293.000000
 47.000000 0.722175 274.301949 0.000000 0.000000 0.000000 0.000000 0.722175 287.000000
 47.250000 0.726590 276.791453 0.000000 0.000000 0.000000 0.000000 0.726590 290.000000
 47.500000 0.727875 274.853313 0.000000 0.000000 0.000000 0.000000 0.727875 286.000000
 47.750000 0.737684 286.074654 0.000000 0.000000 0.000000 0.000000 0.737684 297.000000
 48.000000 0.729523 277.602449 0.000000 0.000000 0.000000 0.000000 0.729523 292.000000
 48.250000 0.725571 275.586844 0.000000 0.000000 0.000000 0.000000 0.725571 285.000000
 48.500000 0.721331 273.756828 0.000000 0.000000 0.000000 0.000000 0.721331 289.000000
 48.750000 0.732159 280.632265 0.000000 0.000000 0.000000 0.000000 0.732159 294.000000
 49.000000 0.737041 282.709200 0.000000 0.000000 0.000000 0.000000 0.737041 292.000000
 49.250000 0.732460 281.170675 0.000000 0.000000 0.000000 0.000000 0.732460 294.000000
 49.500000 0.735443 281.849341 0.000000 0.000000 0.000000 0.000000 0.735443 291.000000
 49.750000 0.735592 282.692775 0.000000 0.000000 0.000000 0.000000 0.735592 293.000000
 50.000000 0.727940 275.588102 0.000000 0.000000 0.000000 0.000000 0.727940 289.000000
 50.250000 0.737620 281.952962 0.000000 0.000000 0.000000 0.000000 0.737620 291.000000
 50.500000 0.735732 280.808003 0.000000 0.000000 0.000000 0.000000 0.735732 292.000000
 50.750000 0.726692 276.618577 0.000000 0.000000 0.000000 0.000000 0.726692 288.000000
 51.000000 0.721474 274.232177 0.000000 0.000000 0.000000 0.000000 0.721474 286.000000
 51.250000 0.726328 280.694155 0.000000 0.000000 0.000000 0.000000 0.726328 289.000000
 51.500000 0.725727 279.801613 0.000000 0.000000 0.000000 0.000000 0.725727 287.000000
 51.750000 0.730798 282.021617 0.000000 0.000000 0.000000 0.000000 0.730798 292.000000
 52.000000 0.728874 279.990288 0.000000 0.000000 0.000000 0.000000 0.728874 289.000000
 52.250000 0.732516 285.291251 0.000000 0.000000 0.000000 0.000000 0.732516 294.000000
 52.500000 0.732682 283.840966 0.000000 0.000000 0.000000 0.000000 0.732682 295.000000
 52.750000 0.729987 284.610250 0.000000 0.000000 0.000000 0.000000 0.729987 295.000000
 53.000000 0.721065 274.568921 0.000000 0.000000 0.000000 0.000000 0.721065 286.000000
 53.250000 0.721837 275.507692 0.000000 0.000000 0.000000 0.000000 0.721837 287.000000
 53.500000 0.727572 278.939761 0.000000 0.000000 0.000000 0.000000 0.727572 290.000000
 53.750000 0.731422 280.859917 0.000000 0.000000 0.000000 0.000000 0.731422 289.177874
 54.000000 0.723672 277.004462 0.000000 0.000000 0.000000 0.000000 0.723672 286.000000
 54.250000 0.720504 276.023479 0.000000 0.000000 0.000000 0.000000 0.720504 285.000000
 54.500000 0.733528 287.602349 0.000000 0.000000 0.000000 0.000000 0.733528 296.000000
 54.750000 0.726168 280.235086 0.000000 0.000000 0.000000 0.000000 0.726168 292.000000
 55.000000 0.730919 278.814045 0.000000 0.000000 0.000000 0.000000 0.730919 290.000000
 55.250000 0.729076 281.114751 0.000000 0.000000 0.000000 0.000000 0.729076 292.000000
 55.500000 0.724620 277.147859 0.000000 0.000000 0.000000 0.000000 0.724620 289.000000
 55.750000 0.724603 276.585922 0.000000 0.000000 0.000000 0.000000 0.724603 290.000000
 56.000000 0.726606 277.080154 0.000000 0.000000 0.000000 0.000000 0.726606 293.000000
 56.250000 0.735910 284.897836 0.000000 0.000000 0.000000 0.000000 0.735910 297.000000
 56.500000 0.737553 286.341523 0.000000 0.000000 0.000000 0.000000 0.737553 296.000000
 56.750000 0.734315 282.251073 0.000000 0.000000 0.000000 0.000000 0.734315 295.000000
 57.000000 0.733438 284.751105 0.000000 0.000000 0.000000 0.000000 0.733438 297.000000
 57.250000 0.729437 280.760247 0.000000 0.000000 0.000000 0.000000 0.729437 290.000000
 57.500000 0.734214 281.748927 0.000000 0.000000 0.000000 0.000000 0.734214 292.000000
 57.750000 0.736484 282.997399 0.000000 0.000000 0.000000 0.000000 0.736484 293.000000
 58.000000 0.734936 280.272048 0.000000 0.000000 0.000000 0.000000 0.734936 293.000000
 58.250000 0.734674 281.350679 0.000000 0.000000 0.000000 0.000000 0.734674 292.000000
 58.500000 0.735281 283.550271 0.000000 0.000000 0.000000 0.000000 0.735281 291.000000
 58.750000 0.736947 284.987018 0.000000 0.000000 0.000000 0.000000 0.736947 292.000000
 59.000000 0.730088 281.824560 0.000000 0.000000 0.000000 0.000000 0.730088 293.000000
 59.250000 0.735113 283.561805 0.000000 0.000000 0.000000 0.000000 0.735113 296.000000
 59.500000 0.729104 280.091384 0.000000 0.000000 0.000000 0.000000 0.729104 290.000000
 59.750000 0.728727 280.456411 0.000000 0.000000 0.000000 0.000000 0.728727 292.487599
 60.000000 0.733807 283.838103 0.000000 0.000000 0.000000 0.000000 0.733807 298.000000
 60.250000 0.737802 287.344843 0.000000 0.000000 0.000000 0.000000 0.737802 295.000000
 60.500000 0.728386 277.716683 0.000000 0.000000 0.000000 0.000000 0.728386 287.000000
 60.750000 0.730961 281.291831 0.000000 0.000000 0.000000 0.000000 0.730961 293.000000
 61.000000 0.729963 280.218364 0.000000 0.000000 0.000000 0.000000 0.729963 289.000000
 61.250000 0.730498 281.704252 0.000000 0.000000 0.000000 0.000000 0.730498 295.000000
 61.500000 0.730922 279.989550 0.000000 0.000000 0.000000 0.000000 0.730922 291.000000
 61.750000 0.735152 285.804602 0.000000 0.000000 0.000000 0.000000 0.735152 292.000000
 62.000000 0.733625 283.138467 0.000000 0.000000 0.000000 0.000000 0.733625 292.000000
 62.250000 0.739947 284.660474 0.000000 0.000000 0.000000 0.000000 0.739947 293.000000
 62.500000 0.736163 283.863262 0.000000 0.000000 0.000000 0.000000 0.736163 292.000000
 62.750000 0.726470 277.215825 0.000000 0.000000 0.000000 0.000000 0.726470 291.000000
 63.000000 0.730952 283.704803 0.000000 0.000000 0.000000 0.000000 0.730952 294.000000
 63.250000 0.731002 284.457005 0.000000 0.000000 0.000000 0.000000 0.731002 293.000000
 63.500000 0.724390 277.561194 0.000000 0.000000 0.000000 0.000000 0.724390 287.000000
 63.750000 0.728526 278.757077 0.000000 0.000000 0.000000 0.000000 0.728526 293.000000
 64.000000 0.719479 271.349531 0.000000 0.000000 0.000000 0.000000 0.719479 290.000000
 64.250000 0.721102 272.519768 0.000000 0.000000 0.000000 0.000000 0.721102 284.000000
 64.500000 0.716448 270.609348 0.000000 0.000000 0.000000 0.000000 0.716448 289.000000
 64.750000 0.720189 273.694288 0.000000 0.000000 0.000000 0.000000 0.720189 295.000000
 65.000000 0.725083 276.804107 0.000000 0.000000 0.000000 0.000000 0.725083 291.000000
 65.250000 0.726719 280.008300 0.000000 0.000000 0.000000 0.000000 0.726719 293.000000
 65.500000 0.730731 277.019572 0.000000 0.000000 0.000000 0.000000 0.730731 293.000000
 65.750000 0.733684 282.982260 0.000000 0.000000 0.000000 0.000000 0.733684 291.000000
 66.000000 0.733906 283.666678 0.000000 0.000000 0.000000 0.000000 0.733906 297.000000
 66.250000 0.730325 284.376671 0.000000 0.000000 0.000000 0.000000 0.730325 298.000000
 66.500000 0.727872 281.222873 0.000000 0.000000 0.000000 0.000000 0.727872 296.000000
 66.750000 0.730087 281.869934 0.000000 0.000000 0.000000 0.000000 0.730087 294.000000
 67.000000 0.736530 285.561670 0.000000 0.000000 0.000000 0.000000 0.736530 299.000000
 67.250000 0.728717 278.346775 0.000000 0.000000 0.000000 0.000000 0.728717 294.000000
 67.500000 0.739815 284.673057 0.000000 0.000000 0.000000 0.000000 0.739815 292.000000
 67.750000 0.734706 288.393130 0.154551 0.618205 0.000000 0.000000 0.734706 304.000000
 68.000000 0.733963 282.949850 0.000000 0.000000 0.000000 0.000000 0.733963 297.000000
 68.250000 0.735445 282.648526 0.000000 0.000000 0.000000 0.000000 0.735445 294.000000
 68.500000 0.725136 273.434075 0.000000 0.000000 0.000000 0.000000 0.725136 291.000000
 68.750000 0.736968 285.395680 0.000000 0.000000 0.000000 0.000000 0.736968 294.000000
 69.000000 0.733669 282.143831 0.000000 0.000000 0.000000 0.000000 0.733669 293.000000
 69.250000 0.736035 284.505189 0.000000 0.000000 0.000000 0.000000 0.736035 294.000000
 69.500000 0.738596 286.509762 0.000000 0.000000 0.000000 0.000000 0.738596 295.000000
 69.750000 0.735940 283.128013 0.000000 0.000000 0.000000 0.000000 0.735940 288.000000
 70.000000 0.726947 279.092836 0.000000 0.000000 0.000000 0.000000 0.726947 290.000000
 70.250000 0.733026 285.334873 0.000000 0.000000 0.000000 0.000000 0.733026 298.000000
 70.500000 0.739416 285.946933 0.000000 0.000000 0.000000 0.000000 0.739416 297.000000
 70.750000 0.732680 282.264978 0.000000 0.000000 0.000000 0.000000 0.732680 295.000000
 71.000000 0.729228 280.141767 0.000000 0.000000 0.000000 0.000000 0.729228 292.000000
 71.250000 0.731533 281.163579 0.000000 0.000000 0.000000 0.000000 0.731533 295.000000
 71.500000 0.737437 286.208477 0.000000 0.000000 0.000000 0.000000 0.737437 301.000000
 71.750000 0.734205 282.749894 0.000000 0.000000 0.000000 0.000000 0.734205 293.000000
 72.000000 0.732734 280.109110 0.000000 0.000000 0.000000 0.000000 0.732734 296.000000
 72.250000 0.737868 286.431138 0.000000 0.000000 0.000000 0.000000 0.737868 296.000000
 72.500000 0.742453 288.891375 0.794549 3.178198 0.000000 0.000000 0.742453 298.000000
 72.750000 0.739067 284.981458 0.000000 0.000000 0.000000 0.000000 0.739067 296.000000
 73.000000 0.744004 286.057261 0.000000 0.000000 0.000000 0.000000 0.744004 296.000000
 73.250000 0.741078 284.559963 0.000000 0.000000 0.000000 0.000000 0.741078 295.000000
 73.500000 0.735922 281.364741 0.000000 0.000000 0.000000 0.000000 0.735922 293.000000
 73.750000 0.734695 285.464436 0.000000 0.000000 0.000000 0.000000 0.734695 299.000000
 74.000000 0.738443 287.618096 0.000000 0.000000 0.000000 0.000000 0.738443 299.000000
 74.250000 0.736910 282.692106 0.000000 0.000000 0.000000 0.000000 0.736910 291.000000
 74.500000 0.731642 280.378061 0.000000 0.000000 0.000000 0.000000 0.731642 290.000000
 74.750000 0.737736 284.211475 0.000000 0.000000 0.000000 0.000000 0.737736 292.000000
 75.000000 0.733425 282.815655 0.000000 0.000000 0.000000 0.000000 0.733425 294.000000
 75.250000 0.723333 277.453196 0.000000 0.000000 0.000000 0.000000 0.723333 288.000000
 75.500000 0.728129 280.949244 0.000000 0.000000 0.000000 0.000000 0.728129 294.992874
 75.750000 0.731678 285.481082 0.000000 0.000000 0.000000 0.000000 0.731678 297.000000
 76.000000 0.735832 287.366969 0.000000 0.000000 0.000000 0.000000 0.735832 295.000000
 76.250000 0.727522 280.961738 0.000000 0.000000 0.000000 0.000000 0.727522 293.000000
 76.500000 0.733749 287.559412 0.000000 0.000000 0.000000 0.000000 0.733749 300.000000
 76.750000 0.735048 286.077938 0.000000 0.000000 0.000000 0.000000 0.735048 292.000000
 77.000000 0.736878 284.196448 0.000000 0.000000 0.000000 0.000000 0.736878 297.000000
 77.250000 0.741836 287.425389 0.000000 0.000000 0.000000 0.000000 0.741836 291.000000
 77.500000 0.734858 284.909450 0.000000 0.000000 0.000000 0.000000 0.734858 298.000000
 77.750000 0.740093 288.341212 0.116426 0.465702 0.000000 0.000000 0.740093 297.000000
 78.000000 0.736235 281.913090 0.000000 0.000000 0.000000 0.000000 0.736235 292.000000
 78.250000 0.738069 283.673542 0.000000 0.000000 0.000000 0.000000 0.738069 295.000000
 78.500000 0.737334 284.332970 0.000000 0.000000 0.000000 0.000000 0.737334 292.000000
 78.750000 0.735196 280.976315 0.000000 0.000000 0.000000 0.000000 0.735196 290.000000
 79.000000 0.734058 279.738381 0.000000 0.000000 0.000000 0.000000 0.734058 291.000000
 79.250000 0.730566 276.609494 0.000000 0.000000 0.000000 0.000000 0.730566 287.000000
 79.500000 0.728369 275.110781 0.000000 0.000000 0.000000 0.000000 0.728369 283.000000
 79.750000 0.736680 283.538017 0.000000 0.000000 0.000000 0.000000 0.736680 290.000000
 80.000000 0.737972 284.065562 0.000000 0.000000 0.000000 0.000000 0.737972 295.000000
 80.250000 0.740891 286.332117 0.000000 0.000000 0.000000 0.000000 0.740891 293.000000
 80.500000 0.731350 278.125090 0.000000 0.000000 0.000000 0.000000 0.731350 287.000000
 80.750000 0.734016 282.660956 0.000000 0.000000 0.000000 0.000000 0.734016 290.000000
 81.000000 0.736993 281.200993 0.000000 0.000000 0.000000 0.000000 0.736993 291.000000
 81.250000 0.736836 281.089886 0.000000 0.000000 0.000000 0.000000 0.736836 290.000000
 81.500000 0.736884 280.094518 0.000000 0.000000 0.000000 0.000000 0.736884 289.000000
 81.750000 0.739268 286.578736 0.000000 0.000000 0.000000 0.000000 0.739268 295.719295
 82.000000 0.735706 283.847187 0.000000 0.000000 0.000000 0.000000 0.735706 297.000000
 82.250000 0.724346 272.898714 0.000000 0.000000 0.000000 0.000000 0.724346 285.000000
 82.500000 0.737431 284.206124 0.000000 0.000000 0.000000 0.000000 0.737431 289.000000
 82.750000 0.728876 277.750369 0.000000 0.000000 0.000000 0.000000 0.728876 292.000000
 83.000000 0.731266 279.614170 0.000000 0.000000 0.000000 0.000000 0.731266 289.000000
 83.250000 0.739479 283.737278 0.000000 0.000000 0.000000 0.000000 0.739479 292.000000
 83.500000 0.728870 279.236799 0.000000 0.000000 0.000000 0.000000 0.728870 290.000000
 83.750000 0.730932 280.365313 0.000000 0.000000 0.000000 0.000000 0.730932 287.000000
 84.000000 0.731741 279.659488 0.000000 0.000000 0.000000 0.000000 0.731741 289.000000
 84.250000 0.734510 280.244312 0.000000 0.000000 0.000000 0.000000 0.734510 289.000000
 84.500000 0.738691 281.105490 0.000000 0.000000 0.000000 0.000000 0.738691 287.000000
 84.750000 0.731497 276.423617 0.000000 0.000000 0.000000 0.000000 0.731497 285.000000
 85.000000 0.732116 281.420612 0.000000 0.000000 0.000000 0.000000 0.732116 290.000000
 85.250000 0.726470 271.666392 0.000000 0.000000 0.000000 0.000000 0.726470 283.000000
 85.500000 0.728513 274.873779 0.000000 0.000000 0.000000 0.000000 0.728513 287.000000
 85.750000 0.732061 280.108870 0.000000 0.000000 0.000000 0.000000 0.732061 287.000000
 86.000000 0.729560 275.986356 0.000000 0.000000 0.000000 0.000000 0.729560 285.000000
 86.250000 0.731669 277.004179 0.000000 0.000000 0.000000 0.000000 0.731669 284.558702
 86.500000 0.730467 278.579383 0.000000 0.000000 0.000000 0.000000 0.730467 290.000000
 86.750000 0.726450 275.894683 0.000000 0.000000 0.000000 0.000000 0.726450 289.000000
 87.000000 0.730695 278.319685 0.000000 0.000000 0.000000 0.000000 0.730695 289.000000
 87.250000 0.727042 276.335640 0.000000 0.000000 0.000000 0.000000 0.727042 289.000000
 87.500000 0.724042 276.394495 0.000000 0.000000 0.000000 0.000000 0.724042 292.000000
 87.750000 0.728967 273.830018 0.000000 0.000000 0.000000 0.000000 0.728967 286.000000
 88.000000 0.724652 273.058905 0.000000 0.000000 0.000000 0.000000 0.724652 289.000000
 88.250000 0.723423 275.332950 0.000000 0.000000 0.000000 0.000000 0.723423 291.000000
 88.500000 0.726482 277.711936 0.000000 0.000000 0.000000 0.000000 0.726482 287.000000
 88.750000 0.730980 281.382965 0.000000 0.000000 0.000000 0.000000 0.730980 291.000000
 89.000000 0.734719 277.606913 0.000000 0.000000 0.000000 0.000000 0.734719 287.000000
 89.250000 0.729248 278.393905 0.000000 0.000000 0.000000 0.000000 0.729248 291.000000
 89.500000 0.731820 281.873098 0.000000 0.000000 0.000000 0.000000 0.731820 287.000000
 89.750000 0.728244 275.598726 0.000000 0.000000 0.000000 0.000000 0.728244 286.000000
 90.000000 0.721854 270.072968 0.000000 0.000000 0.000000 0.000000 0.721854 287.000000
 90.250000 0.737891 280.327919 0.000000 0.000000 0.000000 0.000000 0.737891 287.000000
 90.500000 0.726354 274.217551 0.000000 0.000000 0.000000 0.000000 0.726354 286.000000
 90.750000 0.722933 272.574217 0.000000 0.000000 0.000000 0.000000 0.722933 287.000000
 91.000000 0.729691 275.889339 0.000000 0.000000 0.000000 0.000000 0.729691 288.000000
 91.250000 0.729135 273.882739 0.000000 0.000000 0.000000 0.000000 0.729135 285.000000
 91.500000 0.724066 272.981274 0.000000 0.000000 0.000000 0.000000 0.724066 287.000000
 91.750000 0.719126 266.196322 0.000000 0.000000 0.000000 0.000000 0.719126 280.000000
 92.000000 0.731551 277.443893 0.000000 0.000000 0.000000 0.000000 0.731551 287.000000
 92.250000 0.728317 274.930142 0.000000 0.000000 0.000000 0.000000 0.728317 286.000000
 92.500000 0.717297 268.291164 0.000000 0.000000 0.000000 0.000000 0.717297 285.000000
 92.750000 0.714484 265.401153 0.000000 0.000000 0.000000 0.000000 0.714484 282.000000
 93.000000 0.715978 270.035406 0.000000 0.000000 0.000000 0.000000 0.715978 285.000000
 93.250000 0.731123 279.759528 0.000000 0.000000 0.000000 0.000000 0.731123 287.000000
 93.500000 0.726220 275.945362 0.000000 0.000000 0.000000 0.000000 0.726220 286.000000
 93.750000 0.719469 270.381724 0.000000 0.000000 0.000000 0.000000 0.719469 284.000000
 94.000000 0.729325 274.876229 0.000000 0.000000 0.000000 0.000000 0.729325 288.000000
 94.250000 0.728659 273.921934 0.000000 0.000000 0.000000 0.000000 0.728659 286.000000
 94.500000 0.729380 274.985263 0.000000 0.000000 0.000000 0.000000 0.729380 289.000000
 94.750000 0.717626 266.274368 0.000000 0.000000 0.000000 0.000000 0.717626 285.000000
 95.000000 0.719106 269.289834 0.000000 0.000000 0.000000 0.000000 0.719106 285.000000
 95.250000 0.720196 268.088061 0.000000 0.000000 0.000000 0.000000 0.720196 280.000000
 95.500000 0.724397 271.457569 0.000000 0.000000 0.000000 0.000000 0.724397 283.000000
 95.750000 0.725410 273.386823 0.000000 0.000000 0.000000 0.000000 0.725410 283.000000
 96.000000 0.728650 274.597089 0.000000 0.000000 0.000000 0.000000 0.728650 289.000000
 96.250000 0.717334 264.860870 0.000000 0.000000 0.000000 0.000000 0.717334 281.000000
 96.500000 0.723619 271.751177 0.000000 0.000000 0.000000 0.000000 0.723619 283.000000
 96.750000 0.717225 267.241805 0.000000 0.000000 0.000000 0.000000 0.717225 282.000000
 97.000000 0.725418 273.271377 0.000000 0.000000 0.000000 0.000000 0.725418 285.000000
 97.250000 0.726578 273.709279 0.000000 0.000000 0.000000 0.000000 0.726578 285.000000
 97.500000 0.726860 275.173780 0.000000 0.000000 0.000000 0.000000 0.726860 286.000000
 97.750000 0.729779 275.114455 0.000000 0.000000 0.000000 0.000000 0.729779 286.000000
 98.000000 0.729454 275.040949 0.000000 0.000000 0.000000 0.000000 0.729454 284.000000
 98.250000 0.717394 268.960042 0.000000 0.000000 0.000000 0.000000 0.717394 286.000000
 98.500000 0.720983 272.289780 0.000000 0.000000 0.000000 0.000000 0.720983 284.000000
 98.750000 0.726392 275.309162 0.000000 0.000000 0.000000 0.000000 0.726392 284.000000
 99.000000 0.717642 270.650142 0.000000 0.000000 0.000000 0.000000 0.717642 285.000000
 99.250000 0.728453 273.891055 0.000000 0.000000 0.000000 0.000000 0.728453 284.000000
 99.500000 0.724748 271.997613 0.000000 0.000000 0.000000 0.000000 0.724748 288.000000
 99.750000 0.732694 276.694992 0.000000 0.000000 0.000000 0.000000 0.732694 285.000000
 100.000000 0.733143 277.244482 0.000000 0.000000 0.000000 0.000000 0.733143 288.000000
 100.250000 0.734584 276.859743 0.000000 0.000000 0.000000 0.000000 0.734584 289.000000
