#! FIELDS time refcv.mean refcv.morethan uwall.bias uwall.force2 lwall.bias lwall.force2 refcv2.mean refcv2.morethan
 0.750000 0.719161 660.744285 0.000000 0.000000 0.000000 0.000000 0.719161 654.000000
 1.000000 0.730109 704.036866 0.000000 0.000000 0.000000 0.000000 0.730109 698.000000
 1.250000 0.728020 696.938199 0.000000 0.000000 0.000000 0.000000 0.728020 695.000000
 1.500000 0.729834 704.539944 0.000000 0.000000 0.000000 0.000000 0.729834 701.000000
 1.750000 0.729453 701.181803 0.000000 0.000000 0.000000 0.000000 0.729453 694.000000
 2.000000 0.728856 707.991867 0.000000 0.000000 0.000000 0.000000 0.728856 708.000000
 2.250000 0.727911 704.922525 0.000000 0.000000 0.000000 0.000000 0.727911 704.000000
 2.500000 0.728576 703.853370 0.000000 0.000000 0.000000 0.000000 0.728576 700.000000
 2.750000 0.732089 707.828873 0.000000 0.000000 0.000000 0.000000 0.732089 706.000000
 3.000000 0.731594 710.298308 0.088988 0.355951 0.000000 0.000000 0.731594 714.000000
 3.250000 0.726477 706.425539 0.000000 0.000000 0.000000 0.000000 0.726477 702.000000
 3.500000 0.733384 709.639774 0.000000 0.000000 0.000000 0.000000 0.733384 705.000000
 3.750000 0.731292 703.243033 0.000000 0.000000 0.000000 0.000000 0.731292 697.000000
 4.000000 0.735227 708.258015 0.000000 0.000000 0.000000 0.000000 0.735227 703.000000
 4.250000 0.731838 705.967108 0.000000 0.000000 0.000000 0.000000 0.731838 702.000000
 4.500000 0.729967 701.899179 0.000000 0.000000 0.000000 0.000000 0.729967 698.000000
 4.750000 0.729590 705.610451 0.000000 0.000000 0.000000 0.000000 0.729590 701.000000
 5.000000 0.730761 707.992767 0.000000 0.000000 0.000000 0.000000 0.730761 709.000000
 5.250000 0.730782 708.977451 0.000000 0.000000 0.000000 0.000000 0.730782 700.000000
 5.500000 0.734040 709.330257 0.000000 0.000000 0.000000 0.000000 0.734040 702.000000
 5.750000 0.737976 710.276421 0.076408 0.305634 0.000000 0.000000 0.737976 710.000000
 6.000000 0.730805 708.243472 0.000000 0.000000 0.000000 0.000000 0.730805 706.000000
 6.250000 0.738449 707.417533 0.000000 0.000000 0.000000 0.000000 0.738449 700.000000
 6.500000 0.736721 708.695126 0.000000 0.000000 0.000000 0.000000 0.736721 701.000000
 6.750000 0.734444 710.785918 0.617667 2.470669 0.000000 0.000000 0.734444 706.000000
 7.000000 0.732042 710.786196 0.618105 2.472418 0.000000 0.000000 0.732042 709.000000
 7.250000 0.734804 711.099437 1.208763 4.835051 0.000000 0.000000 0.734804 707.000000
 7.500000 0.732961 711.142521 1.305355 5.221419 0.000000 0.000000 0.732961 711.000000
 7.750000 0.733184 712.068458 4.278520 17.114081 0.000000 0.000000 0.733184 709.000000
 8.000000 0.731042 705.992842 0.000000 0.000000 0.000000 0.000000 0.731042 705.000000
 8.250000 0.735457 708.721898 0.000000 0.000000 0.000000 0.000000 0.735457 702.000000
 8.500000 0.732699 710.231733 0.053700 0.214801 0.000000 0.000000 0.732699 707.000000
 8.750000 0.734854 708.999820 0.000000 0.000000 0.000000 0.000000 0.734854 705.000000
 9.000000 0.737030 711.976662 3.907193 15.628774 0.000000 0.000000 0.737030 705.000000
 9.250000 0.734873 710.384522 0.147857 0.591429 0.000000 0.000000 0.734873 712.000000
 9.500000 0.733919 705.609845 0.000000 0.000000 0.000000 0.000000 0.733919 698.000000
 9.750000 0.735613 702.319162 0.000000 0.000000 0.000000 0.000000 0.735613 702.000000
 10.000000 0.737014 710.160245 0.025678 0.102713 0.000000 0.000000 0.737014 711.000000
 10.250000 0.730447 701.538863 0.000000 0.000000 0.000000 0.000000 0.730447 696.000000
 10.500000 0.734186 711.411925 1.993532 7.974128 0.000000 0.000000 0.734186 711.000000
 10.750000 0.732251 707.093765 0.000000 0.000000 0.000000 0.000000 0.732251 709.000000
 11.000000 0.734967 710.501956 0.251960 1.007838 0.000000 0.000000 0.734967 709.000000
 11.250000 0.733573 704.253362 0.000000 0.000000 0.000000 0.000000 0.733573 695.000000
 11.500000 0.733968 703.998346 0.000000 0.000000 0.000000 0.000000 0.733968 705.000000
 11.750000 0.735658 707.261557 0.000000 0.000000 0.000000 0.000000 0.735658 709.000000
 12.000000 0.731982 708.504711 0.000000 0.000000 0.000000 0.000000 0.731982 707.000000
 12.250000 0.734298 709.423085 0.000000 0.000000 0.000000 0.000000 0.734298 707.000000
 12.500000 0.735044 708.168952 0.000000 0.000000 0.000000 0.000000 0.735044 705.000000
 12.750000 0.730713 698.144258 0.000000 0.000000 0.000000 0.000000 0.730713 695.000000
 13.000000 0.736728 707.571878 0.000000 0.000000 0.000000 0.000000 0.736728 700.000000
 13.250000 0.737611 709.724163 0.000000 0.000000 0.000000 0.000000 0.737611 709.000000
 13.500000 0.732961 706.202112 0.000000 0.000000 0.000000 0.000000 0.732961 711.000000
 13.750000 0.734407 710.364561 0.132905 0.531620 0.000000 0.000000 0.734407 712.000000
 14.000000 0.733124 702.533340 0.000000 0.000000 0.000000 0.000000 0.733124 700.000000
 14.250000 0.734920 707.191571 0.000000 0.000000 0.000000 0.000000 0.734920 706.000000
 14.500000 0.736639 710.155690 0.024239 0.096957 0.000000 0.000000 0.736639 703.000000
 14.750000 0.735674 705.325481 0.000000 0.000000 0.000000 0.000000 0.735674 702.000000
 15.000000 0.734948 704.375317 0.000000 0.000000 0.000000 0.000000 0.734948 703.000000
 15.250000 0.738708 710.997052 0.994112 3.976449 0.000000 0.000000 0.738708 705.000000
 15.500000 0.734921 700.695649 0.000000 0.000000 0.000000 0.000000 0.734921 696.000000
 15.750000 0.735119 702.730624 0.000000 0.000000 0.000000 0.000000 0.735119 693.000000
 16.000000 0.738111 709.418763 0.000000 0.000000 0.000000 0.000000 0.738111 708.000000
 16.250000 0.736834 707.186515 0.000000 0.000000 0.000000 0.000000 0.736834 702.000000
 16.500000 0.735126 708.425932 0.000000 0.000000 0.000000 0.000000 0.735126 708.000000
 16.750000 0.729790 703.454981 0.000000 0.000000 0.000000 0.000000 0.729790 701.000000
 17.000000 0.733320 705.940933 0.000000 0.000000 0.000000 0.000000 0.733320 707.000000
 17.250000 0.733452 710.177316 0.031441 0.125764 0.000000 0.000000 0.733452 709.000000
 17.500000 0.735618 707.896148 0.000000 0.000000 0.000000 0.000000 0.735618 704.000000
 17.750000 0.733825 702.390369 0.000000 0.000000 0.000000 0.000000 0.733825 696.000000
 18.000000 0.730654 695.057020 0.000000 0.000000 0.000000 0.000000 0.730654 696.000000
 18.250000 0.734874 708.407684 0.000000 0.000000 0.000000 0.000000 0.734874 704.000000
 18.500000 0.731188 708.090087 0.000000 0.000000 0.000000 0.000000 0.731188 702.000000
 18.750000 0.729524 702.303658 0.000000 0.000000 0.000000 0.000000 0.729524 704.000000
 19.000000 0.728423 700.176348 0.000000 0.000000 0.000000 0.000000 0.728423 696.000000
 19.250000 0.730339 699.776691 0.000000 0.000000 0.000000 0.000000 0.730339 692.000000
 19.500000 0.726026 687.798947 0.000000 0.000000 0.000000 0.000000 0.726026 689.000000
 19.750000 0.731990 698.887685 0.000000 0.000000 0.000000 0.000000 0.731990 699.000000
 20.000000 0.730712 707.543954 0.000000 0.000000 0.000000 0.000000 0.730712 709.000000
 20.250000 0.731906 708.331664 0.000000 0.000000 0.000000 0.000000 0.731906 706.000000
 20.500000 0.732904 709.970804 0.000000 0.000000 0.000000 0.000000 0.732904 707.000000
 20.750000 0.727342 698.236684 0.000000 0.000000 0.000000 0.000000 0.727342 701.000000
 21.000000 0.736845 707.079500 0.000000 0.000000 0.000000 0.000000 0.736845 702.000000
 21.250000 0.734086 705.899272 0.000000 0.000000 0.000000 0.000000 0.734086 698.000000
 21.500000 0.733750 711.084140 1.175359 4.701437 0.000000 0.000000 0.733750 706.000000
 21.750000 0.730312 704.350397 0.000000 0.000000 0.000000 0.000000 0.730312 702.000000
 22.000000 0.730389 705.892612 0.000000 0.000000 0.000000 0.000000 0.730389 708.000000
 22.250000 0.729145 702.996853 0.000000 0.000000 0.000000 0.000000 0.729145 690.000000
 22.500000 0.735239 711.375297 1.891442 7.565770 0.000000 0.000000 0.735239 709.000000
 22.750000 0.730441 703.467877 0.000000 0.000000 0.000000 0.000000 0.730441 699.000000
 23.000000 0.738885 707.408209 0.000000 0.000000 0.000000 0.000000 0.738885 695.000000
 23.250000 0.738304 711.088041 1.183833 4.735331 0.000000 0.000000 0.738304 703.000000
 23.500000 0.736136 710.232979 0.054279 0.217116 0.000000 0.000000 0.736136 706.000000
 23.750000 0.731310 698.836319 0.000000 0.000000 0.000000 0.000000 0.731310 699.000000
 24.000000 0.732463 702.636023 0.000000 0.000000 0.000000 0.000000 0.732463 705.000000
 24.250000 0.726945 687.512421 0.000000 0.000000 0.000000 0.000000 0.726945 682.000000
 24.500000 0.728480 694.774608 0.000000 0.000000 0.000000 0.000000 0.728480 692.000000
 24.750000 0.733893 696.563178 0.000000 0.000000 0.000000 0.000000 0.733893 691.000000
 25.000000 0.737823 709.681793 0.000000 0.000000 0.000000 0.000000 0.737823 706.000000
 25.250000 0.731524 699.198071 0.000000 0.000000 0.000000 0.000000 0.731524 694.000000
 25.500000 0.736121 712.577724 6.644659 26.578636 0.000000 0.000000 0.736121 706.000000
 25.750000 0.738447 708.586702 0.000000 0.000000 0.000000 0.000000 0.738447 705.000000
 26.000000 0.738383 710.018435 0.000340 0.001359 0.000000 0.000000 0.738383 702.000000
 26.250000 0.733906 705.598213 0.000000 0.000000 0.000000 0.000000 0.733906 700.000000
 26.500000 0.737964 705.704852 0.000000 0.000000 0.000000 0.000000 0.737964 701.000000
 26.750000 0.729638 694.971219 0.000000 0.000000 0.000000 0.000000 0.729638 696.000000
 27.000000 0.730512 700.917886 0.000000 0.000000 0.000000 0.000000 0.730512 699.000000
 27.250000 0.729816 698.273539 0.000000 0.000000 0.000000 0.000000 0.729816 688.000000
 27.500000 0.733801 705.946216 0.000000 0.000000 0.000000 0.000000 0.733801 704.000000
 27.750000 0.735905 705.010204 0.000000 0.000000 0.000000 0.000000 0.735905 702.000000
 28.000000 0.733523 705.664780 0.000000 0.000000 0.000000 0.000000 0.733523 700.000000
 28.250000 0.731947 697.185252 0.000000 0.000000 0.000000 0.000000 0.731947 693.000000
 28.500000 0.733503 699.479782 0.000000 0.000000 0.000000 0.000000 0.733503 693.000000
 28.750000 0.732370 699.165116 0.000000 0.000000 0.000000 0.000000 0.732370 697.000000
 29.000000 0.735960 709.872029 0.000000 0.000000 0.000000 0.000000 0.735960 708.000000
 29.250000 0.733420 703.660262 0.000000 0.000000 0.000000 0.000000 0.733420 702.000000
 29.500000 0.732346 703.290394 0.000000 0.000000 0.000000 0.000000 0.732346 696.000000
 29.750000 0.734171 708.026555 0.000000 0.000000 0.000000 0.000000 0.734171 705.000000
 30.000000 0.730622 692.907744 0.000000 0.000000 0.000000 0.000000 0.730622 683.000000
 30.250000 0.731622 699.744390 0.000000 0.000000 0.000000 0.000000 0.731622 697.000000
 30.500000 0.727641 690.424718 0.000000 0.000000 0.000000 0.000000 0.727641 687.000000
 30.750000 0.732351 695.398021 0.000000 0.000000 0.000000 0.000000 0.732351 692.000000
 31.000000 0.732810 698.365577 0.000000 0.000000 0.000000 0.000000 0.732810 684.000000
 31.250000 0.730596 703.988083 0.000000 0.000000 0.000000 0.000000 0.730596 701.000000
 31.500000 0.730042 694.230444 0.000000 0.000000 0.000000 0.000000 0.730042 693.000000
 31.750000 0.735917 696.500971 0.000000 0.000000 0.000000 0.000000 0.735917 687.000000
 32.000000 0.732041 694.642860 0.000000 0.000000 0.000000 0.000000 0.732041 685.000000
 32.250000 0.731764 703.901316 0.000000 0.000000 0.000000 0.000000 0.731764 703.000000
 32.500000 0.734693 706.864210 0.000000 0.000000 0.000000 0.000000 0.734693 698.000000
 32.750000 0.732886 701.369916 0.000000 0.000000 0.000000 0.000000 0.732886 694.000000
 33.000000 0.734039 705.251992 0.000000 0.000000 0.000000 0.000000 0.734039 703.000000
 33.250000 0.734684 703.625523 0.000000 0.000000 0.000000 0.000000 0.734684 695.000000
 33.500000 0.729930 698.267035 0.000000 0.000000 0.000000 0.000000 0.729930 695.000000
 33.750000 0.728732 697.815396 0.000000 0.000000 0.000000 0.000000 0.728732 688.000000
 34.000000 0.730879 689.777911 0.000000 0.000000 0.000000 0.000000 0.730879 692.000000
 34.250000 0.728818 692.844100 0.000000 0.000000 0.000000 0.000000 0.728818 691.000000
 34.500000 0.728772 694.945069 0.000000 0.000000 0.000000 0.000000 0.728772 689.000000
 34.750000 0.729185 697.154626 0.000000 0.000000 0.000000 0.000000 0.729185 699.000000
 35.000000 0.731886 700.015645 0.000000 0.000000 0.000000 0.000000 0.731886 696.000000
 35.250000 0.733602 703.741225 0.000000 0.000000 0.000000 0.000000 0.733602 694.000000
 35.500000 0.730880 693.469394 0.000000 0.000000 0.000000 0.000000 0.730880 690.000000
 35.750000 0.732988 702.412884 0.000000 0.000000 0.000000 0.000000 0.732988 690.000000
 36.000000 0.732555 704.410721 0.000000 0.000000 0.000000 0.000000 0.732555 705.000000
 36.250000 0.730477 698.383452 0.000000 0.000000 0.000000 0.000000 0.730477 691.000000
 36.500000 0.730144 697.519458 0.000000 0.000000 0.000000 0.000000 0.730144 688.000000
 36.750000 0.731615 693.737372 0.000000 0.000000 0.000000 0.000000 0.731615 688.000000
 37.000000 0.733193 711.548552 2.398012 9.592050 0.000000 0.000000 0.733193 710.000000
 37.250000 0.731769 700.679897 0.000000 0.000000 0.000000 0.000000 0.731769 700.000000
 37.500000 0.729436 697.681672 0.000000 0.000000 0.000000 0.000000 0.729436 693.000000
 37.750000 0.730368 694.377694 0.000000 0.000000 0.000000 0.000000 0.730368 690.000000
 38.000000 0.733310 705.855219 0.000000 0.000000 0.000000 0.000000 0.733310 702.000000
 38.250000 0.733207 705.302636 0.000000 0.000000 0.000000 0.000000 0.733207 704.000000
 38.500000 0.732759 701.936339 0.000000 0.000000 0.000000 0.000000 0.732759 700.000000
 38.750000 0.732366 700.641714 0.000000 0.000000 0.000000 0.000000 0.732366 703.000000
 39.000000 0.733296 706.274125 0.000000 0.000000 0.000000 0.000000 0.733296 700.000000
 39.250000 0.730372 696.206928 0.000000 0.000000 0.000000 0.000000 0.730372 694.000000
 39.500000 0.732076 699.774508 0.000000 0.000000 0.000000 0.000000 0.732076 690.000000
 39.750000 0.727352 689.961029 0.000000 0.000000 0.000000 0.000000 0.727352 685.000000
 40.000000 0.728595 695.987765 0.000000 0.000000 0.000000 0.000000 0.728595 694.000000
 40.250000 0.729124 701.599940 0.000000 0.000000 0.000000 0.000000 0.729124 699.000000
 40.500000 0.731835 701.185301 0.000000 0.000000 0.000000 0.000000 0.731835 699.000000
 40.750000 0.730803 698.423794 0.000000 0.000000 0.000000 0.000000 0.730803 694.000000
 41.000000 0.733409 702.721695 0.000000 0.000000 0.000000 0.000000 0.733409 698.000000
 41.250000 0.732353 701.933393 0.000000 0.000000 0.000000 0.000000 0.732353 697.000000
 41.500000 0.734586 706.783572 0.000000 0.000000 0.000000 0.000000 0.734586 707.000000
 41.750000 0.731673 702.015229 0.000000 0.000000 0.000000 0.000000 0.731673 700.000000
 42.000000 0.730243 709.354175 0.000000 0.000000 0.000000 0.000000 0.730243 707.000000
 42.250000 0.729072 700.793870 0.000000 0.000000 0.000000 0.000000 0.729072 699.000000
 42.500000 0.729792 708.864842 0.000000 0.000000 0.000000 0.000000 0.729792 710.000000
 42.750000 0.732649 709.219149 0.000000 0.000000 0.000000 0.000000 0.732649 711.000000
 43.000000 0.728275 699.209586 0.000000 0.000000 0.000000 0.000000 0.728275 699.000000
 43.250000 0.727877 693.292990 0.000000 0.000000 0.000000 0.000000 0.727877 690.000000
 43.500000 0.727193 689.931467 0.000000 0.000000 0.000000 0.000000 0.727193 690.000000
 43.750000 0.725029 685.998452 0.000000 0.000000 0.000000 0.000000 0.725029 683.000000
 44.000000 0.730783 691.315237 0.000000 0.000000 0.000000 0.000000 0.730783 683.000000
 44.250000 0.725062 689.064764 0.000000 0.000000 0.000000 0.000000 0.725062 693.000000
 44.500000 0.727676 684.830420 0.000000 0.000000 0.000000 0.000000 0.727676 681.000000
 44.750000 0.732647 699.537317 0.000000 0.000000 0.000000 0.000000 0.732647 694.000000
 45.000000 0.731390 695.764761 0.000000 0.000000 0.000000 0.000000 0.731390 694.000000
 45.250000 0.725368 685.591531 0.000000 0.000000 0.000000 0.000000 0.725368 677.000000
 45.500000 0.727721 690.426878 0.000000 0.000000 0.000000 0.000000 0.727721 687.000000
 45.750000 0.724872 675.338145 0.000000 0.000000 0.000000 0.000000 0.724872 675.000000
 46.000000 0.724420 682.087148 0.000000 0.000000 0.000000 0.000000 0.724420 680.000000
 46.250000 0.725897 679.838732 0.000000 0.000000 0.000000 0.000000 0.725897 679.000000
 46.500000 0.728879 692.898465 0.000000 0.000000 0.000000 0.000000 0.728879 698.000000
 46.750000 0.727777 689.624426 0.000000 0.000000 0.000000 0.000000 0.727777 687.000000
 47.000000 0.732059 694.724363 0.000000 0.000000 0.000000 0.000000 0.732059 687.000000
 47.250000 0.731175 694.711409 0.000000 0.000000 0.000000 0.000000 0.731175 694.000000
 47.500000 0.728979 691.602251 0.000000 0.000000 0.000000 0.000000 0.728979 695.000000
 47.750000 0.728644 695.600729 0.000000 0.000000 0.000000 0.000000 0.728644 696.000000
 48.000000 0.728947 698.695480 0.000000 0.000000 0.000000 0.000000 0.728947 694.000000
 48.250000 0.726086 688.508582 0.000000 0.000000 0.000000 0.000000 0.726086 679.000000
 48.500000 0.730080 700.337916 0.000000 0.000000 0.000000 0.000000 0.730080 696.000000
 48.750000 0.729000 695.808221 0.000000 0.000000 0.000000 0.000000 0.729000 695.000000
 49.000000 0.724976 687.239470 0.000000 0.000000 0.000000 0.000000 0.724976 688.000000
 49.250000 0.723140 684.693487 0.000000 0.000000 0.000000 0.000000 0.723140 688.000000
 49.500000 0.731147 696.584498 0.000000 0.000000 0.000000 0.000000 0.731147 688.000000
 49.750000 0.725982 685.145962 0.000000 0.000000 0.000000 0.000000 0.725982 678.000000
 50.000000 0.729242 693.044035 0.000000 0.000000 0.000000 0.000000 0.729242 694.000000
 50.250000 0.728512 684.070881 0.000000 0.000000 0.000000 0.000000 0.728512 675.000000
 50.500000 0.734882 691.084927 0.000000 0.000000 0.000000 0.000000 0.734882 680.000000
 50.750000 0.724576 674.771776 0.000000 0.000000 0.000000 0.000000 0.724576 670.000000
 51.000000 0.730020 691.215917 0.000000 0.000000 0.000000 0.000000 0.730020 685.000000
 51.250000 0.736854 700.715302 0.000000 0.000000 0.000000 0.000000 0.736854 698.000000
 51.500000 0.728920 688.320302 0.000000 0.000000 0.000000 0.000000 0.728920 682.000000
 51.750000 0.730600 696.188880 0.000000 0.000000 0.000000 0.000000 0.730600 694.000000
 52.000000 0.734127 700.346692 0.000000 0.000000 0.000000 0.000000 0.734127 703.000000
 52.250000 0.738087 706.457050 0.000000 0.000000 0.000000 0.000000 0.738087 702.000000
 52.500000 0.731777 701.230251 0.000000 0.000000 0.000000 0.000000 0.731777 698.000000
 52.750000 0.731285 695.782803 0.000000 0.000000 0.000000 0.000000 0.731285 697.000000
 53.000000 0.735222 703.372376 0.000000 0.000000 0.000000 0.000000 0.735222 702.000000
 53.250000 0.731541 694.390058 0.000000 0.000000 0.000000 0.000000 0.731541 690.000000
 53.500000 0.726482 684.935141 0.000000 0.000000 0.000000 0.000000 0.726482 683.000000
 53.750000 0.732229 692.089409 0.000000 0.000000 0.000000 0.000000 0.732229 684.000000
 54.000000 0.731213 701.193006 0.000000 0.000000 0.000000 0.000000 0.731213 697.000000
 54.250000 0.727924 697.586663 0.000000 0.000000 0.000000 0.000000 0.727924 696.000000
 54.500000 0.726695 688.812332 0.000000 0.000000 0.000000 0.000000 0.726695 691.000000
 54.750000 0.726837 695.094376 0.000000 0.000000 0.000000 0.000000 0.726837 697.000000
 55.000000 0.734147 699.146126 0.000000 0.000000 0.000000 0.000000 0.734147 702.000000
 55.250000 0.729243 690.244239 0.000000 0.000000 0.000000 0.000000 0.729243 688.000000
 55.500000 0.727730 695.331526 0.000000 0.000000 0.000000 0.000000 0.727730 693.000000
 55.750000 0.727119 692.507099 0.000000 0.000000 0.000000 0.000000 0.727119 685.000000
 56.000000 0.726111 705.652373 0.000000 0.000000 0.000000 0.000000 0.726111 708.000000
 56.250000 0.727340 692.379278 0.000000 0.000000 0.000000 0.000000 0.727340 692.000000
 56.500000 0.732268 693.746003 0.000000 0.000000 0.000000 0.000000 0.732268 690.000000
 56.750000 0.734141 707.611085 0.000000 0.000000 0.000000 0.000000 0.734141 702.000000
 57.000000 0.734146 704.238679 0.000000 0.000000 0.000000 0.000000 0.734146 704.000000
 57.250000 0.732668 702.962592 0.000000 0.000000 0.000000 0.000000 0.732668 705.000000
 57.500000 0.731077 702.952725 0.000000 0.000000 0.000000 0.000000 0.731077 699.000000
 57.750000 0.728213 692.119234 0.000000 0.000000 0.000000 0.000000 0.728213 690.000000
 58.000000 0.729505 693.904040 0.000000 0.000000 0.000000 0.000000 0.729505 694.000000
 58.250000 0.727692 696.312925 0.000000 0.000000 0.000000 0.000000 0.727692 691.000000
 58.500000 0.727350 690.257049 0.000000 0.000000 0.000000 0.000000 0.727350 690.000000
 58.750000 0.734323 700.611817 0.000000 0.000000 0.000000 0.000000 0.734323 702.000000
 59.000000 0.725730 681.628492 0.000000 0.000000 0.000000 0.000000 0.725730 672.000000
 59.250000 0.731472 700.926155 0.000000 0.000000 0.000000 0.000000 0.731472 694.000000
 59.500000 0.731611 699.389326 0.000000 0.000000 0.000000 0.000000 0.731611 692.000000
 59.750000 0.732680 705.364495 0.000000 0.000000 0.000000 0.000000 0.732680 690.000000
 60.000000 0.731022 697.918804 0.000000 0.000000 0.000000 0.000000 0.731022 691.000000
 60.250000 0.734184 702.343584 0.000000 0.000000 0.000000 0.000000 0.734184 703.000000
 60.500000 0.732829 697.196051 0.000000 0.000000 0.000000 0.000000 0.732829 693.000000
 60.750000 0.731252 701.821766 0.000000 0.000000 0.000000 0.000000 0.731252 696.000000
 61.000000 0.732066 702.195279 0.000000 0.000000 0.000000 0.000000 0.732066 690.000000
 61.250000 0.727768 696.682440 0.000000 0.000000 0.000000 0.000000 0.727768 699.000000
 61.500000 0.733756 703.434252 0.000000 0.000000 0.000000 0.000000 0.733756 700.000000
 61.750000 0.737057 706.526521 0.000000 0.000000 0.000000 0.000000 0.737057 689.000000
 62.000000 0.733162 700.738033 0.000000 0.000000 0.000000 0.000000 0.733162 707.000000
 62.250000 0.733879 710.055694 0.003102 0.012407 0.000000 0.000000 0.733879 704.000000
 62.500000 0.736524 709.914660 0.000000 0.000000 0.000000 0.000000 0.736524 706.000000
 62.750000 0.735803 701.591998 0.000000 0.000000 0.000000 0.000000 0.735803 693.000000
 63.000000 0.734459 707.208246 0.000000 0.000000 0.000000 0.000000 0.734459 705.000000
 63.250000 0.734413 700.824388 0.000000 0.000000 0.000000 0.000000 0.734413 696.000000
 63.500000 0.734205 704.809897 0.000000 0.000000 0.000000 0.000000 0.734205 695.000000
 63.750000 0.731792 703.112968 0.000000 0.000000 0.000000 0.000000 0.731792 697.000000
 64.000000 0.732977 708.764049 0.000000 0.000000 0.000000 0.000000 0.732977 699.000000
 64.250000 0.732169 705.242455 0.000000 0.000000 0.000000 0.000000 0.732169 700.000000
 64.500000 0.735399 709.970473 0.000000 0.000000 0.000000 0.000000 0.735399 709.000000
 64.750000 0.735007 710.705709 0.498025 1.992100 0.000000 0.000000 0.735007 706.000000
 65.000000 0.734963 709.639442 0.000000 0.000000 0.000000 0.000000 0.734963 702.000000
 65.250000 0.734528 709.412532 0.000000 0.000000 0.000000 0.000000 0.734528 706.000000
 65.500000 0.728432 699.678391 0.000000 0.000000 0.000000 0.000000 0.728432 696.000000
 65.750000 0.734039 706.028342 0.000000 0.000000 0.000000 0.000000 0.734039 695.000000
 66.000000 0.727427 690.676088 0.000000 0.000000 0.000000 0.000000 0.727427 689.000000
 66.250000 0.727775 686.038505 0.000000 0.000000 0.000000 0.000000 0.727775 686.000000
 66.500000 0.728171 691.468602 0.000000 0.000000 0.000000 0.000000 0.728171 687.000000
 66.750000 0.736726 707.663335 0.000000 0.000000 0.000000 0.000000 0.736726 703.000000
 67.000000 0.734956 700.077209 0.000000 0.000000 0.000000 0.000000 0.734956 694.000000
 67.250000 0.735632 695.000277 0.000000 0.000000 0.000000 0.000000 0.735632 689.000000
 67.500000 0.732513 705.836824 0.000000 0.000000 0.000000 0.000000 0.732513 704.000000
 67.750000 0.732589 711.055188 1.113422 4.453687 0.000000 0.000000 0.732589 711.000000
 68.000000 0.732655 706.156575 0.000000 0.000000 0.000000 0.000000 0.732655 709.000000
 68.250000 0.728961 699.327599 0.000000 0.000000 0.000000 0.000000 0.728961 702.000000
 68.500000 0.733933 704.931414 0.000000 0.000000 0.000000 0.000000 0.733933 700.000000
 68.750000 0.738296 707.883691 0.000000 0.000000 0.000000 0.000000 0.738296 696.000000
 69.000000 0.732882 701.621691 0.000000 0.000000 0.000000 0.000000 0.732882 701.000000
 69.250000 0.729217 698.150382 0.000000 0.000000 0.000000 0.000000 0.729217 701.000000
 69.500000 0.735695 700.909781 0.000000 0.000000 0.000000 0.000000 0.735695 696.000000
 69.750000 0.735079 699.070913 0.000000 0.000000 0.000000 0.000000 0.735079 692.000000
 70.000000 0.731277 697.400614 0.000000 0.000000 0.000000 0.000000 0.731277 692.000000
 70.250000 0.726328 684.508695 0.000000 0.000000 0.000000 0.000000 0.726328 682.000000
 70.500000 0.732694 702.165967 0.000000 0.000000 0.000000 0.000000 0.732694 699.000000
 70.750000 0.733186 696.973174 0.000000 0.000000 0.000000 0.000000 0.733186 696.000000
 71.000000 0.733219 699.032262 0.000000 0.000000 0.000000 0.000000 0.733219 696.000000
 71.250000 0.731815 696.920409 0.000000 0.000000 0.000000 0.000000 0.731815 695.000000
 71.500000 0.733790 696.872028 0.000000 0.000000 0.000000 0.000000 0.733790 694.000000
 71.750000 0.731788 691.411831 0.000000 0.000000 0.000000 0.000000 0.731788 682.000000
 72.000000 0.731170 698.170723 0.000000 0.000000 0.000000 0.000000 0.731170 695.000000
 72.250000 0.736900 708.358843 0.000000 0.000000 0.000000 0.000000 0.736900 701.000000
 72.500000 0.738973 709.514411 0.000000 0.000000 0.000000 0.000000 0.738973 704.000000
 72.750000 0.733816 700.261903 0.000000 0.000000 0.000000 0.000000 0.733816 697.000000
 73.000000 0.731245 691.968479 0.000000 0.000000 0.000000 0.000000 0.731245 687.000000
 73.250000 0.732288 701.555948 0.000000 0.000000 0.000000 0.000000 0.732288 698.000000
 73.500000 0.735529 694.568895 0.000000 0.000000 0.000000 0.000000 0.735529 689.000000
 73.750000 0.733924 697.468176 0.000000 0.000000 0.000000 0.000000 0.733924 694.000000
 74.000000 0.732292 695.682025 0.000000 0.000000 0.000000 0.000000 0.732292 688.000000
 74.250000 0.733368 695.046083 0.000000 0.000000 0.000000 0.000000 0.733368 689.000000
 74.500000 0.730914 687.606533 0.000000 0.000000 0.000000 0.000000 0.730914 680.000000
 74.750000 0.732194 687.976806 0.000000 0.000000 0.000000 0.000000 0.732194 683.000000
 75.000000 0.733231 686.171002 0.000000 0.000000 0.000000 0.000000 0.733231 674.000000
 75.250000 0.730283 695.111678 0.000000 0.000000 0.000000 0.000000 0.730283 690.000000
 75.500000 0.726110 685.985043 0.000000 0.000000 0.000000 0.000000 0.726110 688.000000
 75.750000 0.732865 701.356247 0.000000 0.000000 0.000000 0.000000 0.732865 695.000000
 76.000000 0.738027 704.688075 0.000000 0.000000 0.000000 0.000000 0.738027 704.000000
 76.250000 0.730529 691.646806 0.000000 0.000000 0.000000 0.000000 0.730529 686.000000
 76.500000 0.736403 703.294934 0.000000 0.000000 0.000000 0.000000 0.736403 697.000000
 76.750000 0.734784 697.374451 0.000000 0.000000 0.000000 0.000000 0.734784 696.000000
 77.000000 0.735246 701.055560 0.000000 0.000000 0.000000 0.000000 0.735246 693.000000
 77.250000 0.734836 693.247011 0.000000 0.000000 0.000000 0.000000 0.734836 683.000000
 77.500000 0.732007 696.830716 0.000000 0.000000 0.000000 0.000000 0.732007 696.000000
 77.750000 0.733846 702.439809 0.000000 0.000000 0.000000 0.000000 0.733846 695.000000
 78.000000 0.729974 690.565683 0.000000 0.000000 0.000000 0.000000 0.729974 683.000000
 78.250000 0.730426 697.278210 0.000000 0.000000 0.000000 0.000000 0.730426 692.000000
 78.500000 0.733732 699.113609 0.000000 0.000000 0.000000 0.000000 0.733732 688.000000
 78.750000 0.736015 703.260119 0.000000 0.000000 0.000000 0.000000 0.736015 701.000000
 79.000000 0.734444 697.937346 0.000000 0.000000 0.000000 0.000000 0.734444 685.000000
 79.250000 0.729612 691.404200 0.000000 0.000000 0.000000 0.000000 0.729612 685.000000
 79.500000 0.735208 703.939697 0.000000 0.000000 0.000000 0.000000 0.735208 708.000000
 79.750000 0.733900 708.959937 0.000000 0.000000 0.000000 0.000000 0.733900 704.000000
 80.000000 0.732573 703.887066 0.000000 0.000000 0.000000 0.000000 0.732573 701.000000
 80.250000 0.728943 697.458522 0.000000 0.000000 0.000000 0.000000 0.728943 695.000000
 80.500000 0.730699 705.063682 0.000000 0.000000 0.000000 0.000000 0.730699 702.000000
 80.750000 0.727287 697.467899 0.000000 0.000000 0.000000 0.000000 0.727287 692.000000
 81.000000 0.730903 696.203176 0.000000 0.000000 0.000000 0.000000 0.730903 696.000000
 81.250000 0.733520 701.726994 0.000000 0.000000 0.000000 0.000000 0.733520 696.000000
 81.500000 0.737798 706.613923 0.000000 0.000000 0.000000 0.000000 0.737798 699.000000
 81.750000 0.731857 703.228783 0.000000 0.000000 0.000000 0.000000 0.731857 703.000000
 82.000000 0.733521 710.627663 0.393961 1.575844 0.000000 0.000000 0.733521 708.000000
 82.250000 0.734082 710.013940 0.000194 0.000777 0.000000 0.000000 0.734082 703.000000
 82.500000 0.735162 708.365664 0.000000 0.000000 0.000000 0.000000 0.735162 706.000000
 82.750000 0.732924 704.566430 0.000000 0.000000 0.000000 0.000000 0.732924 697.000000
 83.000000 0.729480 697.078761 0.000000 0.000000 0.000000 0.000000 0.729480 695.000000
 83.250000 0.727807 695.671914 0.000000 0.000000 0.000000 0.000000 0.727807 693.000000
 83.500000 0.733333 707.429293 0.000000 0.000000 0.000000 0.000000 0.733333 708.000000
 83.750000 0.731699 705.621774 0.000000 0.000000 0.000000 0.000000 0.731699 695.000000
 84.000000 0.730811 705.593712 0.000000 0.000000 0.000000 0.000000 0.730811 704.000000
 84.250000 0.732508 709.950956 0.000000 0.000000 0.000000 0.000000 0.732508 706.000000
 84.500000 0.734920 709.266661 0.000000 0.000000 0.000000 0.000000 0.734920 701.000000
 84.750000 0.734605 704.521527 0.000000 0.000000 0.000000 0.000000 0.734605 701.000000
 85.000000 0.731819 694.427979 0.000000 0.000000 0.000000 0.000000 0.731819 690.000000
 85.250000 0.733531 697.220229 0.000000 0.000000 0.000000 0.000000 0.733531 691.000000
 85.500000 0.731881 696.727215 0.000000 0.000000 0.000000 0.000000 0.731881 693.000000
 85.750000 0.734482 699.502166 0.000000 0.000000 0.000000 0.000000 0.734482 701.000000
 86.000000 0.732665 696.855375 0.000000 0.000000 0.000000 0.000000 0.732665 687.000000
 86.250000 0.738614 706.391264 0.000000 0.000000 0.000000 0.000000 0.738614 696.000000
 86.500000 0.729760 686.552283 0.000000 0.000000 0.000000 0.000000 0.729760 680.000000
 86.750000 0.732899 700.221083 0.000000 0.000000 0.000000 0.000000 0.732899 695.000000
 87.000000 0.730681 698.394140 0.000000 0.000000 0.000000 0.000000 0.730681 699.000000
 87.250000 0.730852 695.641559 0.000000 0.000000 0.000000 0.000000 0.730852 689.000000
 87.500000 0.730818 686.971887 0.000000 0.000000 0.000000 0.000000 0.730818 680.000000
 87.750000 0.730297 686.481179 0.000000 0.000000 0.000000 0.000000 0.730297 687.000000
 88.000000 0.731340 698.062702 0.000000 0.000000 0.000000 0.000000 0.731340 697.000000
 88.250000 0.733756 696.283490 0.000000 0.000000 0.000000 0.000000 0.733756 686.000000
 88.500000 0.728820 701.913061 0.000000 0.000000 0.000000 0.000000 0.728820 701.000000
 88.750000 0.727372 689.672693 0.000000 0.000000 0.000000 0.000000 0.727372 689.000000
 89.000000 0.732481 693.344139 0.000000 0.000000 0.000000 0.000000 0.732481 688.000000
 89.250000 0.729344 697.565973 0.000000 0.000000 0.000000 0.000000 0.729344 700.000000
 89.500000 0.730596 706.268347 0.000000 0.000000 0.000000 0.000000 0.730596 706.000000
 89.750000 0.727762 694.670864 0.000000 0.000000 0.000000 0.000000 0.727762 690.000000
 90.000000 0.730562 696.890857 0.000000 0.000000 0.000000 0.000000 0.730562 694.000000
 90.250000 0.725749 692.535196 0.000000 0.000000 0.000000 0.000000 0.725749 694.000000
 90.500000 0.732156 691.927447 0.000000 0.000000 0.000000 0.000000 0.732156 686.000000
 90.750000 0.733693 697.177862 0.000000 0.000000 0.000000 0.000000 0.733693 691.000000
 91.000000 0.726026 682.279957 0.000000 0.000000 0.000000 0.000000 0.726026 680.000000
 91.250000 0.729743 691.626830 0.000000 0.000000 0.000000 0.000000 0.729743 689.000000
 91.500000 0.729798 690.486910 0.000000 0.000000 0.000000 0.000000 0.729798 688.000000
 91.750000 0.733007 698.399957 0.000000 0.000000 0.000000 0.000000 0.733007 693.000000
 92.000000 0.735032 706.995879 0.000000 0.000000 0.000000 0.000000 0.735032 704.000000
 92.250000 0.733214 706.302072 0.000000 0.000000 0.000000 0.000000 0.733214 704.000000
 92.500000 0.733878 706.598061 0.000000 0.000000 0.000000 0.000000 0.733878 701.000000
 92.750000 0.737801 705.018821 0.000000 0.000000 0.000000 0.000000 0.737801 699.000000
 93.000000 0.735109 704.095050 0.000000 0.000000 0.000000 0.000000 0.735109 693.000000
 93.250000 0.737934 707.135237 0.000000 0.000000 0.000000 0.000000 0.737934 695.000000
 93.500000 0.738194 707.006080 0.000000 0.000000 0.000000 0.000000 0.738194 706.000000
 93.750000 0.736939 699.050838 0.000000 0.000000 0.000000 0.000000 0.736939 694.000000
 94.000000 0.730978 698.842780 0.000000 0.000000 0.000000 0.000000 0.730978 697.000000
 94.250000 0.731797 701.639378 0.000000 0.000000 0.000000 0.000000 0.731797 695.000000
 94.500000 0.735179 702.406156 0.000000 0.000000 0.000000 0.000000 0.735179 698.000000
 94.750000 0.735578 705.632484 0.000000 0.000000 0.000000 0.000000 0.735578 703.000000
 95.000000 0.734013 707.348720 0.000000 0.000000 0.000000 0.000000 0.734013 709.000000
 95.250000 0.733296 704.285636 0.000000 0.000000 0.000000 0.000000 0.733296 700.000000
 95.500000 0.735723 709.926794 0.000000 0.000000 0.000000 0.000000 0.735723 710.000000
 95.750000 0.734974 710.463530 0.214860 0.859442 0.000000 0.000000 0.734974 710.000000
 96.000000 0.734303 709.109662 0.000000 0.000000 0.000000 0.000000 0.734303 706.000000
 96.250000 0.738803 710.046707 0.002182 0.008726 0.000000 0.000000 0.738803 707.000000
 96.500000 0.738223 710.782951 0.613013 2.452051 0.000000 0.000000 0.738223 700.000000
 96.750000 0.737320 708.203018 0.000000 0.000000 0.000000 0.000000 0.737320 702.000000
 97.000000 0.729144 698.719242 0.000000 0.000000 0.000000 0.000000 0.729144 697.000000
 97.250000 0.731879 698.917361 0.000000 0.000000 0.000000 0.000000 0.731879 691.000000
 97.500000 0.735468 710.052988 0.002808 0.011231 0.000000 0.000000 0.735468 707.000000
 97.750000 0.733079 704.452603 0.000000 0.000000 0.000000 0.000000 0.733079 701.000000
 98.000000 0.734155 707.487049 0.000000 0.000000 0.000000 0.000000 0.734155 701.000000
 98.250000 0.734197 707.984418 0.000000 0.000000 0.000000 0.000000 0.734197 708.000000
 98.500000 0.734566 709.570476 0.000000 0.000000 0.000000 0.000000 0.734566 708.000000
 98.750000 0.730700 702.694089 0.000000 0.000000 0.000000 0.000000 0.730700 693.000000
 99.000000 0.734983 709.228032 0.000000 0.000000 0.000000 0.000000 0.734983 702.000000
 99.250000 0.727662 701.744666 0.000000 0.000000 0.000000 0.000000 0.727662 700.000000
 99.500000 0.729367 699.574306 0.000000 0.000000 0.000000 0.000000 0.729367 691.000000
 99.750000 0.732660 706.096377 0.000000 0.000000 0.000000 0.000000 0.732660 707.000000
 100.000000 0.730209 694.521762 0.000000 0.000000 0.000000 0.000000 0.730209 691.000000
 100.250000 0.733836 705.542216 0.000000 0.000000 0.000000 0.000000 0.733836 701.000000
 100.500000 0.729499 697.492350 0.000000 0.000000 0.000000 0.000000 0.729499 693.000000
