#! FIELDS time s.mean
 0.000000 0.164704
 1.000000 0.156864
 2.000000 0.149861
 3.000000 0.139780
 4.000000 0.143034
 5.000000 0.146446
 6.000000 0.141390
 7.000000 0.145218
 8.000000 0.150865
 9.000000 0.149347
 10.000000 0.156525
 11.000000 0.157370
 12.000000 0.137450
 13.000000 0.144654
 14.000000 0.146000
 15.000000 0.152373
 16.000000 0.152960
 17.000000 0.141446
 18.000000 0.149030
 19.000000 0.151784
 20.000000 0.145170
 21.000000 0.141729
 22.000000 0.141089
 23.000000 0.145328
 24.000000 0.136260
 25.000000 0.133521
 26.000000 0.146330
 27.000000 0.138714
 28.000000 0.143370
 29.000000 0.147929
 30.000000 0.154329
 31.000000 0.137751
 32.000000 0.137031
 33.000000 0.139629
 34.000000 0.140901
 35.000000 0.142326
 36.000000 0.137719
 37.000000 0.134722
 38.000000 0.135725
 39.000000 0.136843
 40.000000 0.141028
 41.000000 0.136139
 42.000000 0.137473
 43.000000 0.148257
 44.000000 0.130143
 45.000000 0.135852
 46.000000 0.129099
 47.000000 0.133191
 48.000000 0.140986
 49.000000 0.141863
 50.000000 0.151629
 51.000000 0.133429
 52.000000 0.138995
 53.000000 0.137377
 54.000000 0.137208
 55.000000 0.132425
 56.000000 0.134161
 57.000000 0.142637
 58.000000 0.140294
 59.000000 0.142231
 60.000000 0.131549
 61.000000 0.137406
 62.000000 0.128552
 63.000000 0.145204
 64.000000 0.131075
 65.000000 0.132736
 66.000000 0.128263
 67.000000 0.125884
 68.000000 0.132141
 69.000000 0.124280
 70.000000 0.126841
 71.000000 0.123896
 72.000000 0.123063
 73.000000 0.129636
 74.000000 0.132355
 75.000000 0.118856
 76.000000 0.128462
 77.000000 0.124780
 78.000000 0.130544
 79.000000 0.123412
 80.000000 0.121634
 81.000000 0.125766
 82.000000 0.118148
 83.000000 0.112880
 84.000000 0.117434
 85.000000 0.123186
 86.000000 0.121110
 87.000000 0.123688
 88.000000 0.130617
 89.000000 0.119560
 90.000000 0.115463
 91.000000 0.124148
 92.000000 0.125635
 93.000000 0.119493
 94.000000 0.128827
 95.000000 0.120138
 96.000000 0.126277
 97.000000 0.133412
 98.000000 0.139108
 99.000000 0.132025
 100.000000 0.128660
 101.000000 0.119363
 102.000000 0.124913
 103.000000 0.131110
 104.000000 0.130941
 105.000000 0.127294
 106.000000 0.128506
 107.000000 0.120784
 108.000000 0.112233
 109.000000 0.118001
 110.000000 0.119729
 111.000000 0.121857
 112.000000 0.124821
 113.000000 0.117367
 114.000000 0.129619
 115.000000 0.124436
 116.000000 0.119429
 117.000000 0.120732
 118.000000 0.134332
 119.000000 0.123363
 120.000000 0.123757
 121.000000 0.120078
 122.000000 0.117056
 123.000000 0.127681
 124.000000 0.127971
 125.000000 0.122509
 126.000000 0.125989
 127.000000 0.123542
 128.000000 0.125381
 129.000000 0.127611
 130.000000 0.124049
 131.000000 0.122765
 132.000000 0.124391
 133.000000 0.115734
 134.000000 0.114760
 135.000000 0.112016
 136.000000 0.115047
 137.000000 0.114940
 138.000000 0.109541
 139.000000 0.115217
 140.000000 0.110607
 141.000000 0.125031
 142.000000 0.123855
 143.000000 0.123694
 144.000000 0.120400
 145.000000 0.115161
 146.000000 0.119821
 147.000000 0.114576
 148.000000 0.112195
 149.000000 0.116666
 150.000000 0.115732
 151.000000 0.116917
 152.000000 0.112845
 153.000000 0.100395
 154.000000 0.109998
 155.000000 0.113421
 156.000000 0.116100
 157.000000 0.118472
 158.000000 0.106005
 159.000000 0.108351
 160.000000 0.101046
 161.000000 0.109985
 162.000000 0.105057
 163.000000 0.103772
 164.000000 0.105816
 165.000000 0.095905
 166.000000 0.097649
 167.000000 0.104723
 168.000000 0.103277
 169.000000 0.095933
 170.000000 0.096535
 171.000000 0.095306
 172.000000 0.096186
 173.000000 0.105013
 174.000000 0.094512
 175.000000 0.093668
 176.000000 0.098495
 177.000000 0.102658
 178.000000 0.099188
 179.000000 0.107262
 180.000000 0.104287
 181.000000 0.101250
 182.000000 0.099155
 183.000000 0.099589
 184.000000 0.101085
 185.000000 0.095068
 186.000000 0.103151
 187.000000 0.094764
 188.000000 0.099208
 189.000000 0.107372
 190.000000 0.100399
 191.000000 0.107482
 192.000000 0.108847
 193.000000 0.108371
 194.000000 0.104287
 195.000000 0.102298
 196.000000 0.101378
 197.000000 0.111011
 198.000000 0.110174
 199.000000 0.105671
 200.000000 0.108617
 201.000000 0.102001
 202.000000 0.100069
 203.000000 0.101608
 204.000000 0.107180
 205.000000 0.115402
 206.000000 0.103569
 207.000000 0.105224
 208.000000 0.108504
 209.000000 0.093670
 210.000000 0.108564
 211.000000 0.114679
 212.000000 0.107761
 213.000000 0.101022
 214.000000 0.107250
 215.000000 0.101714
 216.000000 0.100182
 217.000000 0.101923
 218.000000 0.108749
 219.000000 0.095148
 220.000000 0.104986
 221.000000 0.105911
 222.000000 0.103625
 223.000000 0.103294
 224.000000 0.109744
 225.000000 0.102536
 226.000000 0.105246
 227.000000 0.104500
 228.000000 0.102661
 229.000000 0.103523
 230.000000 0.106243
 231.000000 0.109741
 232.000000 0.112905
 233.000000 0.108705
 234.000000 0.106447
 235.000000 0.115766
 236.000000 0.115384
 237.000000 0.122394
 238.000000 0.112748
 239.000000 0.116907
 240.000000 0.119285
 241.000000 0.115293
 242.000000 0.122737
 243.000000 0.112782
 244.000000 0.115448
 245.000000 0.116438
 246.000000 0.111650
 247.000000 0.109926
 248.000000 0.103949
 249.000000 0.108067
 250.000000 0.121309
 251.000000 0.115848
 252.000000 0.127010
 253.000000 0.120625
 254.000000 0.119440
 255.000000 0.111843
 256.000000 0.111257
 257.000000 0.116484
 258.000000 0.114991
 259.000000 0.110589
 260.000000 0.115482
 261.000000 0.117579
 262.000000 0.115154
 263.000000 0.114879
 264.000000 0.107312
 265.000000 0.109836
 266.000000 0.108954
 267.000000 0.112197
 268.000000 0.110848
 269.000000 0.110588
 270.000000 0.111551
 271.000000 0.109128
 272.000000 0.108395
 273.000000 0.101101
 274.000000 0.106550
 275.000000 0.109527
 276.000000 0.109562
 277.000000 0.109322
 278.000000 0.104145
 279.000000 0.104482
 280.000000 0.103479
 281.000000 0.105739
 282.000000 0.107569
 283.000000 0.109715
 284.000000 0.105770
 285.000000 0.103809
 286.000000 0.094451
 287.000000 0.102633
 288.000000 0.101516
 289.000000 0.100220
 290.000000 0.102705
 291.000000 0.098503
 292.000000 0.097036
 293.000000 0.098942
 294.000000 0.097997
 295.000000 0.106881
 296.000000 0.096618
 297.000000 0.105258
 298.000000 0.109022
 299.000000 0.104956
 300.000000 0.106943
 301.000000 0.107723
 302.000000 0.105942
 303.000000 0.104586
 304.000000 0.103292
 305.000000 0.107084
 306.000000 0.103568
 307.000000 0.108914
 308.000000 0.108233
 309.000000 0.107977
 310.000000 0.103319
 311.000000 0.103039
 312.000000 0.101736
 313.000000 0.103814
 314.000000 0.100890
 315.000000 0.105221
 316.000000 0.114061
 317.000000 0.111196
 318.000000 0.109967
 319.000000 0.112576
 320.000000 0.106068
 321.000000 0.112009
 322.000000 0.111269
 323.000000 0.104719
 324.000000 0.106281
 325.000000 0.105231
 326.000000 0.106406
 327.000000 0.118787
 328.000000 0.109274
 329.000000 0.113983
 330.000000 0.115738
 331.000000 0.113538
 332.000000 0.113675
 333.000000 0.113549
 334.000000 0.108561
 335.000000 0.117116
 336.000000 0.117082
 337.000000 0.119381
 338.000000 0.114215
 339.000000 0.110515
 340.000000 0.118212
 341.000000 0.122794
 342.000000 0.119646
 343.000000 0.125061
 344.000000 0.120837
 345.000000 0.122494
 346.000000 0.115801
 347.000000 0.115364
 348.000000 0.111138
 349.000000 0.110920
 350.000000 0.111989
 351.000000 0.113266
 352.000000 0.104811
 353.000000 0.109468
 354.000000 0.114201
 355.000000 0.110233
 356.000000 0.110209
 357.000000 0.109846
 358.000000 0.111199
 359.000000 0.107502
 360.000000 0.108915
 361.000000 0.111770
 362.000000 0.109939
 363.000000 0.115678
 364.000000 0.110875
 365.000000 0.111634
 366.000000 0.105876
 367.000000 0.105858
 368.000000 0.108994
 369.000000 0.100742
 370.000000 0.105062
 371.000000 0.100504
 372.000000 0.102515
 373.000000 0.106977
 374.000000 0.105590
 375.000000 0.099166
 376.000000 0.104117
 377.000000 0.109728
 378.000000 0.104449
 379.000000 0.109177
 380.000000 0.100269
 381.000000 0.108786
 382.000000 0.113733
 383.000000 0.114024
 384.000000 0.112110
 385.000000 0.101812
 386.000000 0.112112
 387.000000 0.117584
 388.000000 0.115628
 389.000000 0.106894
 390.000000 0.108491
 391.000000 0.106120
 392.000000 0.105804
 393.000000 0.107866
 394.000000 0.112513
 395.000000 0.103417
 396.000000 0.098118
 397.000000 0.112371
 398.000000 0.105602
 399.000000 0.103930
