#! FIELDS time s.mean
 0.000000 0.442149
 1.000000 0.426057
 2.000000 0.409283
 3.000000 0.399325
 4.000000 0.400137
 5.000000 0.408839
 6.000000 0.387339
 7.000000 0.404213
 8.000000 0.413551
 9.000000 0.412769
 10.000000 0.413167
 11.000000 0.415903
 12.000000 0.384060
 13.000000 0.392401
 14.000000 0.394935
 15.000000 0.390089
 16.000000 0.395132
 17.000000 0.387164
 18.000000 0.392740
 19.000000 0.392470
 20.000000 0.386910
 21.000000 0.378796
 22.000000 0.368236
 23.000000 0.383445
 24.000000 0.367055
 25.000000 0.363607
 26.000000 0.388736
 27.000000 0.379873
 28.000000 0.389484
 29.000000 0.392362
 30.000000 0.394189
 31.000000 0.374292
 32.000000 0.370420
 33.000000 0.372078
 34.000000 0.374484
 35.000000 0.379982
 36.000000 0.374508
 37.000000 0.366496
 38.000000 0.365428
 39.000000 0.373365
 40.000000 0.377432
 41.000000 0.373519
 42.000000 0.381751
 43.000000 0.385268
 44.000000 0.364959
 45.000000 0.366747
 46.000000 0.356551
 47.000000 0.366482
 48.000000 0.378113
 49.000000 0.376765
 50.000000 0.392673
 51.000000 0.363567
 52.000000 0.370015
 53.000000 0.367294
 54.000000 0.373519
 55.000000 0.361892
 56.000000 0.367463
 57.000000 0.375517
 58.000000 0.369529
 59.000000 0.376407
 60.000000 0.365059
 61.000000 0.364028
 62.000000 0.349922
 63.000000 0.376321
 64.000000 0.356177
 65.000000 0.364011
 66.000000 0.353672
 67.000000 0.346330
 68.000000 0.353273
 69.000000 0.342761
 70.000000 0.347321
 71.000000 0.341800
 72.000000 0.339288
 73.000000 0.346754
 74.000000 0.346345
 75.000000 0.328908
 76.000000 0.348320
 77.000000 0.335629
 78.000000 0.350640
 79.000000 0.331131
 80.000000 0.333843
 81.000000 0.338133
 82.000000 0.323957
 83.000000 0.314988
 84.000000 0.322388
 85.000000 0.333509
 86.000000 0.336086
 87.000000 0.342746
 88.000000 0.352239
 89.000000 0.334587
 90.000000 0.332070
 91.000000 0.343240
 92.000000 0.341424
 93.000000 0.339837
 94.000000 0.350543
 95.000000 0.338002
 96.000000 0.345345
 97.000000 0.362371
 98.000000 0.358167
 99.000000 0.346133
 100.000000 0.345472
 101.000000 0.341990
 102.000000 0.337582
 103.000000 0.348771
 104.000000 0.347051
 105.000000 0.344767
 106.000000 0.346975
 107.000000 0.337645
 108.000000 0.324741
 109.000000 0.330489
 110.000000 0.341151
 111.000000 0.340771
 112.000000 0.333474
 113.000000 0.332025
 114.000000 0.350062
 115.000000 0.344724
 116.000000 0.335402
 117.000000 0.338170
 118.000000 0.346457
 119.000000 0.342018
 120.000000 0.339669
 121.000000 0.326779
 122.000000 0.323932
 123.000000 0.338507
 124.000000 0.342117
 125.000000 0.336054
 126.000000 0.337985
 127.000000 0.334494
 128.000000 0.341432
 129.000000 0.338678
 130.000000 0.335259
 131.000000 0.341762
 132.000000 0.333887
 133.000000 0.322663
 134.000000 0.320302
 135.000000 0.317264
 136.000000 0.316213
 137.000000 0.318314
 138.000000 0.308837
 139.000000 0.316580
 140.000000 0.307875
 141.000000 0.334521
 142.000000 0.337511
 143.000000 0.329069
 144.000000 0.324224
 145.000000 0.318925
 146.000000 0.328128
 147.000000 0.315813
 148.000000 0.308215
 149.000000 0.316344
 150.000000 0.315028
 151.000000 0.316426
 152.000000 0.306543
 153.000000 0.294007
 154.000000 0.308484
 155.000000 0.313094
 156.000000 0.313576
 157.000000 0.316881
 158.000000 0.308035
 159.000000 0.298755
 160.000000 0.288972
 161.000000 0.296872
 162.000000 0.291462
 163.000000 0.288774
 164.000000 0.294182
 165.000000 0.276635
 166.000000 0.275836
 167.000000 0.288603
 168.000000 0.284698
 169.000000 0.272268
 170.000000 0.278834
 171.000000 0.272855
 172.000000 0.273683
 173.000000 0.280696
 174.000000 0.269298
 175.000000 0.268338
 176.000000 0.274857
 177.000000 0.286141
 178.000000 0.280317
 179.000000 0.284819
 180.000000 0.290264
 181.000000 0.286285
 182.000000 0.283675
 183.000000 0.282596
 184.000000 0.287249
 185.000000 0.274821
 186.000000 0.282132
 187.000000 0.274017
 188.000000 0.284446
 189.000000 0.293837
 190.000000 0.284046
 191.000000 0.299772
 192.000000 0.299684
 193.000000 0.291540
 194.000000 0.295527
 195.000000 0.292406
 196.000000 0.288536
 197.000000 0.303317
 198.000000 0.302293
 199.000000 0.292082
 200.000000 0.296139
 201.000000 0.289619
 202.000000 0.286211
 203.000000 0.288067
 204.000000 0.287860
 205.000000 0.304642
 206.000000 0.287402
 207.000000 0.287811
 208.000000 0.291309
 209.000000 0.273644
 210.000000 0.291745
 211.000000 0.299211
 212.000000 0.291142
 213.000000 0.285788
 214.000000 0.290207
 215.000000 0.286605
 216.000000 0.281520
 217.000000 0.284926
 218.000000 0.295178
 219.000000 0.280128
 220.000000 0.296395
 221.000000 0.297711
 222.000000 0.292760
 223.000000 0.290872
 224.000000 0.296807
 225.000000 0.289665
 226.000000 0.284414
 227.000000 0.290374
 228.000000 0.287065
 229.000000 0.284703
 230.000000 0.292850
 231.000000 0.300850
 232.000000 0.305994
 233.000000 0.304342
 234.000000 0.300735
 235.000000 0.312777
 236.000000 0.315742
 237.000000 0.320083
 238.000000 0.308943
 239.000000 0.317006
 240.000000 0.317981
 241.000000 0.312828
 242.000000 0.327494
 243.000000 0.307498
 244.000000 0.318464
 245.000000 0.315936
 246.000000 0.306745
 247.000000 0.307903
 248.000000 0.301841
 249.000000 0.305307
 250.000000 0.317417
 251.000000 0.308223
 252.000000 0.330964
 253.000000 0.325529
 254.000000 0.323502
 255.000000 0.315201
 256.000000 0.311666
 257.000000 0.321775
 258.000000 0.326515
 259.000000 0.310766
 260.000000 0.314689
 261.000000 0.316203
 262.000000 0.315455
 263.000000 0.311652
 264.000000 0.301959
 265.000000 0.307226
 266.000000 0.301103
 267.000000 0.305717
 268.000000 0.309870
 269.000000 0.309635
 270.000000 0.311186
 271.000000 0.307067
 272.000000 0.305452
 273.000000 0.281596
 274.000000 0.290554
 275.000000 0.296676
 276.000000 0.293978
 277.000000 0.292767
 278.000000 0.290485
 279.000000 0.282797
 280.000000 0.283270
 281.000000 0.290261
 282.000000 0.289158
 283.000000 0.294105
 284.000000 0.292484
 285.000000 0.286125
 286.000000 0.271838
 287.000000 0.279121
 288.000000 0.279688
 289.000000 0.276909
 290.000000 0.277511
 291.000000 0.275314
 292.000000 0.269346
 293.000000 0.274604
 294.000000 0.280452
 295.000000 0.284121
 296.000000 0.277935
 297.000000 0.290101
 298.000000 0.292175
 299.000000 0.289123
 300.000000 0.290703
 301.000000 0.294480
 302.000000 0.296178
 303.000000 0.288728
 304.000000 0.288245
 305.000000 0.293923
 306.000000 0.289099
 307.000000 0.306027
 308.000000 0.297601
 309.000000 0.297205
 310.000000 0.290363
 311.000000 0.289279
 312.000000 0.287567
 313.000000 0.294135
 314.000000 0.284430
 315.000000 0.296126
 316.000000 0.302207
 317.000000 0.294843
 318.000000 0.300690
 319.000000 0.307587
 320.000000 0.297929
 321.000000 0.304014
 322.000000 0.297242
 323.000000 0.292325
 324.000000 0.294868
 325.000000 0.298910
 326.000000 0.291830
 327.000000 0.314321
 328.000000 0.305623
 329.000000 0.313896
 330.000000 0.315588
 331.000000 0.305832
 332.000000 0.310941
 333.000000 0.310473
 334.000000 0.305368
 335.000000 0.312887
 336.000000 0.314142
 337.000000 0.321610
 338.000000 0.312243
 339.000000 0.309256
 340.000000 0.323889
 341.000000 0.327315
 342.000000 0.323226
 343.000000 0.332131
 344.000000 0.328044
 345.000000 0.320791
 346.000000 0.315767
 347.000000 0.313011
 348.000000 0.306244
 349.000000 0.306597
 350.000000 0.309246
 351.000000 0.304102
 352.000000 0.292601
 353.000000 0.297184
 354.000000 0.304986
 355.000000 0.304591
 356.000000 0.304697
 357.000000 0.307787
 358.000000 0.305165
 359.000000 0.294268
 360.000000 0.306297
 361.000000 0.301259
 362.000000 0.300896
 363.000000 0.307065
 364.000000 0.304723
 365.000000 0.300683
 366.000000 0.294426
 367.000000 0.295273
 368.000000 0.296108
 369.000000 0.286809
 370.000000 0.292891
 371.000000 0.280442
 372.000000 0.283588
 373.000000 0.293892
 374.000000 0.287570
 375.000000 0.281648
 376.000000 0.296882
 377.000000 0.295875
 378.000000 0.289544
 379.000000 0.291078
 380.000000 0.283742
 381.000000 0.297049
 382.000000 0.304319
 383.000000 0.304835
 384.000000 0.305115
 385.000000 0.291640
 386.000000 0.304181
 387.000000 0.313354
 388.000000 0.312586
 389.000000 0.299654
 390.000000 0.297858
 391.000000 0.291078
 392.000000 0.291406
 393.000000 0.293808
 394.000000 0.305418
 395.000000 0.292922
 396.000000 0.289045
 397.000000 0.301897
 398.000000 0.287017
 399.000000 0.287432
