#! FIELDS time s.mean
 0.000000 0.218586
 1.000000 0.208220
 2.000000 0.199635
 3.000000 0.189356
 4.000000 0.192406
 5.000000 0.196998
 6.000000 0.188623
 7.000000 0.195194
 8.000000 0.200895
 9.000000 0.199843
 10.000000 0.206079
 11.000000 0.207434
 12.000000 0.184547
 13.000000 0.192163
 14.000000 0.193568
 15.000000 0.198396
 16.000000 0.199328
 17.000000 0.188736
 18.000000 0.196499
 19.000000 0.197977
 20.000000 0.191893
 21.000000 0.186804
 22.000000 0.184564
 23.000000 0.191134
 24.000000 0.180325
 25.000000 0.177245
 26.000000 0.193376
 27.000000 0.185007
 28.000000 0.190896
 29.000000 0.195209
 30.000000 0.200872
 31.000000 0.182946
 32.000000 0.181790
 33.000000 0.184066
 34.000000 0.185782
 35.000000 0.188119
 36.000000 0.182930
 37.000000 0.178984
 38.000000 0.179693
 39.000000 0.182004
 40.000000 0.186286
 41.000000 0.181620
 42.000000 0.184377
 43.000000 0.194161
 44.000000 0.175073
 45.000000 0.180686
 46.000000 0.173118
 47.000000 0.177520
 48.000000 0.186145
 49.000000 0.186333
 50.000000 0.198188
 51.000000 0.178011
 52.000000 0.183426
 53.000000 0.181505
 54.000000 0.182545
 55.000000 0.176297
 56.000000 0.178748
 57.000000 0.188014
 58.000000 0.184501
 59.000000 0.187204
 60.000000 0.176525
 61.000000 0.181183
 62.000000 0.171014
 63.000000 0.190714
 64.000000 0.174133
 65.000000 0.177232
 66.000000 0.171426
 67.000000 0.167864
 68.000000 0.174073
 69.000000 0.165674
 70.000000 0.168843
 71.000000 0.165843
 72.000000 0.164373
 73.000000 0.171046
 74.000000 0.173256
 75.000000 0.158457
 76.000000 0.170753
 77.000000 0.165045
 78.000000 0.172808
 79.000000 0.162633
 80.000000 0.161760
 81.000000 0.166466
 82.000000 0.157673
 83.000000 0.151072
 84.000000 0.156616
 85.000000 0.163849
 86.000000 0.162088
 87.000000 0.165625
 88.000000 0.173166
 89.000000 0.160514
 90.000000 0.156105
 91.000000 0.165759
 92.000000 0.166552
 93.000000 0.161592
 94.000000 0.171076
 95.000000 0.161697
 96.000000 0.168205
 97.000000 0.177605
 98.000000 0.181931
 99.000000 0.173266
 100.000000 0.170144
 101.000000 0.162317
 102.000000 0.165892
 103.000000 0.172500
 104.000000 0.171835
 105.000000 0.169013
 106.000000 0.170041
 107.000000 0.161767
 108.000000 0.153041
 109.000000 0.158942
 110.000000 0.162114
 111.000000 0.163819
 112.000000 0.164447
 113.000000 0.158571
 114.000000 0.172315
 115.000000 0.165967
 116.000000 0.160392
 117.000000 0.162221
 118.000000 0.175315
 119.000000 0.165565
 120.000000 0.165144
 121.000000 0.159628
 122.000000 0.156942
 123.000000 0.168586
 124.000000 0.169252
 125.000000 0.163878
 126.000000 0.166714
 127.000000 0.164316
 128.000000 0.166550
 129.000000 0.168452
 130.000000 0.164363
 131.000000 0.165124
 132.000000 0.164457
 133.000000 0.154936
 134.000000 0.153679
 135.000000 0.150919
 136.000000 0.153610
 137.000000 0.153546
 138.000000 0.147366
 139.000000 0.153468
 140.000000 0.147841
 141.000000 0.165277
 142.000000 0.164978
 143.000000 0.163104
 144.000000 0.159472
 145.000000 0.154401
 146.000000 0.159840
 147.000000 0.153174
 148.000000 0.149301
 149.000000 0.154917
 150.000000 0.153463
 151.000000 0.155498
 152.000000 0.149694
 153.000000 0.137172
 154.000000 0.148076
 155.000000 0.152051
 156.000000 0.153904
 157.000000 0.156503
 158.000000 0.145049
 159.000000 0.144611
 160.000000 0.136947
 161.000000 0.145783
 162.000000 0.140203
 163.000000 0.139072
 164.000000 0.141538
 165.000000 0.129800
 166.000000 0.131131
 167.000000 0.139894
 168.000000 0.137939
 169.000000 0.129245
 170.000000 0.131666
 171.000000 0.128920
 172.000000 0.129917
 173.000000 0.138336
 174.000000 0.126721
 175.000000 0.126165
 176.000000 0.131616
 177.000000 0.137251
 178.000000 0.133690
 179.000000 0.140827
 180.000000 0.140047
 181.000000 0.136503
 182.000000 0.133910
 183.000000 0.134203
 184.000000 0.136331
 185.000000 0.129071
 186.000000 0.137023
 187.000000 0.128608
 188.000000 0.134332
 189.000000 0.143033
 190.000000 0.135303
 191.000000 0.143728
 192.000000 0.145149
 193.000000 0.143001
 194.000000 0.140232
 195.000000 0.138427
 196.000000 0.136840
 197.000000 0.148133
 198.000000 0.146812
 199.000000 0.141054
 200.000000 0.144058
 201.000000 0.137457
 202.000000 0.135292
 203.000000 0.137106
 204.000000 0.141781
 205.000000 0.151638
 206.000000 0.138289
 207.000000 0.140015
 208.000000 0.143626
 209.000000 0.127412
 210.000000 0.143132
 211.000000 0.150218
 212.000000 0.143055
 213.000000 0.135931
 214.000000 0.142182
 215.000000 0.136980
 216.000000 0.134474
 217.000000 0.136770
 218.000000 0.144158
 219.000000 0.130013
 220.000000 0.141600
 221.000000 0.143037
 222.000000 0.139448
 223.000000 0.138629
 224.000000 0.145343
 225.000000 0.138202
 226.000000 0.139457
 227.000000 0.140048
 228.000000 0.137700
 229.000000 0.138175
 230.000000 0.141915
 231.000000 0.146176
 232.000000 0.150081
 233.000000 0.146015
 234.000000 0.143209
 235.000000 0.153094
 236.000000 0.153924
 237.000000 0.160424
 238.000000 0.149918
 239.000000 0.155098
 240.000000 0.157446
 241.000000 0.153245
 242.000000 0.162099
 243.000000 0.149753
 244.000000 0.154369
 245.000000 0.154371
 246.000000 0.149063
 247.000000 0.148085
 248.000000 0.141043
 249.000000 0.145858
 250.000000 0.159478
 251.000000 0.152546
 252.000000 0.166397
 253.000000 0.159868
 254.000000 0.158906
 255.000000 0.150629
 256.000000 0.149713
 257.000000 0.156000
 258.000000 0.155670
 259.000000 0.148680
 260.000000 0.153394
 261.000000 0.155053
 262.000000 0.153465
 263.000000 0.152516
 264.000000 0.144213
 265.000000 0.147368
 266.000000 0.145203
 267.000000 0.148776
 268.000000 0.148941
 269.000000 0.148297
 270.000000 0.149702
 271.000000 0.146793
 272.000000 0.145749
 273.000000 0.135470
 274.000000 0.141696
 275.000000 0.145377
 276.000000 0.145119
 277.000000 0.144526
 278.000000 0.139950
 279.000000 0.138079
 280.000000 0.137402
 281.000000 0.141038
 282.000000 0.142425
 283.000000 0.144815
 284.000000 0.141544
 285.000000 0.138501
 286.000000 0.127511
 287.000000 0.135839
 288.000000 0.135525
 289.000000 0.133860
 290.000000 0.135559
 291.000000 0.131438
 292.000000 0.129339
 293.000000 0.132147
 294.000000 0.132671
 295.000000 0.140612
 296.000000 0.130873
 297.000000 0.140566
 298.000000 0.144043
 299.000000 0.139452
 300.000000 0.142002
 301.000000 0.143295
 302.000000 0.142209
 303.000000 0.139555
 304.000000 0.138169
 305.000000 0.142380
 306.000000 0.138991
 307.000000 0.147030
 308.000000 0.144717
 309.000000 0.143763
 310.000000 0.138813
 311.000000 0.138700
 312.000000 0.137081
 313.000000 0.139650
 314.000000 0.135743
 315.000000 0.142131
 316.000000 0.150013
 317.000000 0.146053
 318.000000 0.146688
 319.000000 0.150232
 320.000000 0.142497
 321.000000 0.148624
 322.000000 0.146870
 323.000000 0.140327
 324.000000 0.142594
 325.000000 0.142331
 326.000000 0.141444
 327.000000 0.156105
 328.000000 0.146669
 329.000000 0.152382
 330.000000 0.153719
 331.000000 0.150667
 332.000000 0.151290
 333.000000 0.151433
 334.000000 0.145960
 335.000000 0.154314
 336.000000 0.154626
 337.000000 0.157983
 338.000000 0.152147
 339.000000 0.147962
 340.000000 0.157996
 341.000000 0.161830
 342.000000 0.159147
 343.000000 0.165410
 344.000000 0.160873
 345.000000 0.160474
 346.000000 0.154214
 347.000000 0.153095
 348.000000 0.148706
 349.000000 0.148519
 350.000000 0.150071
 351.000000 0.150135
 352.000000 0.140414
 353.000000 0.145427
 354.000000 0.150648
 355.000000 0.147616
 356.000000 0.147762
 357.000000 0.147980
 358.000000 0.148324
 359.000000 0.143137
 360.000000 0.146746
 361.000000 0.147797
 362.000000 0.146191
 363.000000 0.152988
 364.000000 0.148188
 365.000000 0.147811
 366.000000 0.141896
 367.000000 0.142141
 368.000000 0.144798
 369.000000 0.136083
 370.000000 0.140584
 371.000000 0.134463
 372.000000 0.136879
 373.000000 0.142557
 374.000000 0.140061
 375.000000 0.133880
 376.000000 0.140684
 377.000000 0.145037
 378.000000 0.139767
 379.000000 0.143606
 380.000000 0.134976
 381.000000 0.145140
 382.000000 0.149730
 383.000000 0.150503
 384.000000 0.148709
 385.000000 0.137558
 386.000000 0.148478
 387.000000 0.155264
 388.000000 0.153396
 389.000000 0.143542
 390.000000 0.144793
 391.000000 0.141664
 392.000000 0.140827
 393.000000 0.143143
 394.000000 0.149254
 395.000000 0.139583
 396.000000 0.134029
 397.000000 0.148811
 398.000000 0.140179
 399.000000 0.139022
