#! FIELDS time s.mean
 0.000000 0.084474
 1.000000 0.080586
 2.000000 0.075032
 3.000000 0.067568
 4.000000 0.070094
 5.000000 0.072431
 6.000000 0.071190
 7.000000 0.072635
 8.000000 0.076734
 9.000000 0.075851
 10.000000 0.081640
 11.000000 0.081429
 12.000000 0.068089
 13.000000 0.074390
 14.000000 0.074493
 15.000000 0.082359
 16.000000 0.083323
 17.000000 0.071358
 18.000000 0.077275
 19.000000 0.081365
 20.000000 0.075396
 21.000000 0.074969
 22.000000 0.076899
 23.000000 0.076609
 24.000000 0.071865
 25.000000 0.068205
 26.000000 0.074546
 27.000000 0.069810
 28.000000 0.073089
 29.000000 0.077228
 30.000000 0.082264
 31.000000 0.069891
 32.000000 0.070778
 33.000000 0.072328
 34.000000 0.073356
 35.000000 0.073627
 36.000000 0.071056
 37.000000 0.068700
 38.000000 0.070415
 39.000000 0.070389
 40.000000 0.073012
 41.000000 0.069620
 42.000000 0.067572
 43.000000 0.080079
 44.000000 0.064475
 45.000000 0.068900
 46.000000 0.064233
 47.000000 0.067611
 48.000000 0.074499
 49.000000 0.074990
 50.000000 0.081590
 51.000000 0.067495
 52.000000 0.071508
 53.000000 0.072986
 54.000000 0.071076
 55.000000 0.067408
 56.000000 0.068339
 57.000000 0.073607
 58.000000 0.073164
 59.000000 0.074581
 60.000000 0.065651
 61.000000 0.071130
 62.000000 0.065820
 63.000000 0.076736
 64.000000 0.067173
 65.000000 0.067213
 66.000000 0.064748
 67.000000 0.063525
 68.000000 0.070040
 69.000000 0.063482
 70.000000 0.064844
 71.000000 0.062535
 72.000000 0.061500
 73.000000 0.067870
 74.000000 0.071623
 75.000000 0.061022
 76.000000 0.065854
 77.000000 0.065540
 78.000000 0.066749
 79.000000 0.065868
 80.000000 0.063091
 81.000000 0.065234
 82.000000 0.059098
 83.000000 0.058220
 84.000000 0.059503
 85.000000 0.063527
 86.000000 0.060606
 87.000000 0.061727
 88.000000 0.066990
 89.000000 0.059765
 90.000000 0.056821
 91.000000 0.063093
 92.000000 0.065062
 93.000000 0.058947
 94.000000 0.066914
 95.000000 0.060039
 96.000000 0.064526
 97.000000 0.068438
 98.000000 0.073388
 99.000000 0.070432
 100.000000 0.068320
 101.000000 0.057395
 102.000000 0.063912
 103.000000 0.068469
 104.000000 0.070113
 105.000000 0.065819
 106.000000 0.067893
 107.000000 0.060354
 108.000000 0.052958
 109.000000 0.058077
 110.000000 0.057641
 111.000000 0.060796
 112.000000 0.065398
 113.000000 0.056516
 114.000000 0.065278
 115.000000 0.063083
 116.000000 0.059151
 117.000000 0.059492
 118.000000 0.072950
 119.000000 0.060044
 120.000000 0.061916
 121.000000 0.061087
 122.000000 0.058968
 123.000000 0.065529
 124.000000 0.066294
 125.000000 0.061822
 126.000000 0.065092
 127.000000 0.062931
 128.000000 0.064574
 129.000000 0.065941
 130.000000 0.064656
 131.000000 0.060607
 132.000000 0.064959
 133.000000 0.058948
 134.000000 0.058293
 135.000000 0.056318
 136.000000 0.058184
 137.000000 0.058923
 138.000000 0.054527
 139.000000 0.058298
 140.000000 0.057297
 141.000000 0.065456
 142.000000 0.063051
 143.000000 0.064350
 144.000000 0.061532
 145.000000 0.057696
 146.000000 0.060830
 147.000000 0.058326
 148.000000 0.057447
 149.000000 0.060513
 150.000000 0.059860
 151.000000 0.059598
 152.000000 0.058861
 153.000000 0.047060
 154.000000 0.054191
 155.000000 0.056495
 156.000000 0.060456
 157.000000 0.061390
 158.000000 0.049700
 159.000000 0.055420
 160.000000 0.048206
 161.000000 0.057677
 162.000000 0.053638
 163.000000 0.052397
 164.000000 0.053319
 165.000000 0.046967
 166.000000 0.048966
 167.000000 0.053377
 168.000000 0.052066
 169.000000 0.047463
 170.000000 0.045865
 171.000000 0.046165
 172.000000 0.047067
 173.000000 0.055475
 174.000000 0.047992
 175.000000 0.046697
 176.000000 0.049548
 177.000000 0.053278
 178.000000 0.048658
 179.000000 0.057021
 180.000000 0.051786
 181.000000 0.050122
 182.000000 0.049488
 183.000000 0.049815
 184.000000 0.050365
 185.000000 0.045776
 186.000000 0.053018
 187.000000 0.046414
 188.000000 0.048665
 189.000000 0.056386
 190.000000 0.049822
 191.000000 0.054252
 192.000000 0.054851
 193.000000 0.056162
 194.000000 0.051687
 195.000000 0.049572
 196.000000 0.049985
 197.000000 0.055725
 198.000000 0.055496
 199.000000 0.053972
 200.000000 0.056119
 201.000000 0.050272
 202.000000 0.049048
 203.000000 0.049941
 204.000000 0.054826
 205.000000 0.060955
 206.000000 0.052370
 207.000000 0.054341
 208.000000 0.057035
 209.000000 0.044574
 210.000000 0.057165
 211.000000 0.061099
 212.000000 0.055920
 213.000000 0.050573
 214.000000 0.055216
 215.000000 0.050035
 216.000000 0.050369
 217.000000 0.051022
 218.000000 0.055231
 219.000000 0.044122
 220.000000 0.050914
 221.000000 0.051580
 222.000000 0.051080
 223.000000 0.051489
 224.000000 0.056313
 225.000000 0.051241
 226.000000 0.055142
 227.000000 0.052149
 228.000000 0.052085
 229.000000 0.053335
 230.000000 0.053239
 231.000000 0.057104
 232.000000 0.058028
 233.000000 0.054560
 234.000000 0.052136
 235.000000 0.060383
 236.000000 0.058197
 237.000000 0.065141
 238.000000 0.057056
 239.000000 0.059137
 240.000000 0.061901
 241.000000 0.059438
 242.000000 0.064102
 243.000000 0.057564
 244.000000 0.057992
 245.000000 0.060974
 246.000000 0.057443
 247.000000 0.054003
 248.000000 0.050403
 249.000000 0.052174
 250.000000 0.063067
 251.000000 0.060377
 252.000000 0.067848
 253.000000 0.061797
 254.000000 0.060835
 255.000000 0.055268
 256.000000 0.054804
 257.000000 0.058089
 258.000000 0.055820
 259.000000 0.054855
 260.000000 0.058964
 261.000000 0.062448
 262.000000 0.058890
 263.000000 0.058539
 264.000000 0.053777
 265.000000 0.054302
 266.000000 0.056094
 267.000000 0.058481
 268.000000 0.055873
 269.000000 0.055353
 270.000000 0.055649
 271.000000 0.053772
 272.000000 0.054545
 273.000000 0.050988
 274.000000 0.054666
 275.000000 0.055524
 276.000000 0.055508
 277.000000 0.056848
 278.000000 0.051862
 279.000000 0.054863
 280.000000 0.053725
 281.000000 0.052702
 282.000000 0.055848
 283.000000 0.057731
 284.000000 0.052223
 285.000000 0.052711
 286.000000 0.047355
 287.000000 0.052728
 288.000000 0.052057
 289.000000 0.050291
 290.000000 0.053997
 291.000000 0.049975
 292.000000 0.049858
 293.000000 0.050985
 294.000000 0.047065
 295.000000 0.056873
 296.000000 0.047154
 297.000000 0.053196
 298.000000 0.057413
 299.000000 0.054138
 300.000000 0.054867
 301.000000 0.055376
 302.000000 0.053787
 303.000000 0.053325
 304.000000 0.052096
 305.000000 0.054325
 306.000000 0.051142
 307.000000 0.052566
 308.000000 0.053893
 309.000000 0.054647
 310.000000 0.050556
 311.000000 0.050908
 312.000000 0.050240
 313.000000 0.051735
 314.000000 0.049962
 315.000000 0.051082
 316.000000 0.060940
 317.000000 0.060196
 318.000000 0.056700
 319.000000 0.056770
 320.000000 0.052519
 321.000000 0.057957
 322.000000 0.058391
 323.000000 0.052930
 324.000000 0.052751
 325.000000 0.050915
 326.000000 0.054888
 327.000000 0.062857
 328.000000 0.053812
 329.000000 0.057572
 330.000000 0.059772
 331.000000 0.057619
 332.000000 0.057531
 333.000000 0.057387
 334.000000 0.054776
 335.000000 0.062326
 336.000000 0.060803
 337.000000 0.061690
 338.000000 0.057904
 339.000000 0.055422
 340.000000 0.058833
 341.000000 0.064472
 342.000000 0.061584
 343.000000 0.063532
 344.000000 0.061135
 345.000000 0.064601
 346.000000 0.058834
 347.000000 0.058866
 348.000000 0.055217
 349.000000 0.055069
 350.000000 0.057313
 351.000000 0.058981
 352.000000 0.053359
 353.000000 0.056221
 354.000000 0.061356
 355.000000 0.055605
 356.000000 0.055660
 357.000000 0.054089
 358.000000 0.056570
 359.000000 0.054733
 360.000000 0.053226
 361.000000 0.058749
 362.000000 0.056493
 363.000000 0.059493
 364.000000 0.056009
 365.000000 0.057901
 366.000000 0.053875
 367.000000 0.053123
 368.000000 0.056496
 369.000000 0.048720
 370.000000 0.053315
 371.000000 0.051074
 372.000000 0.052237
 373.000000 0.054514
 374.000000 0.054889
 375.000000 0.048447
 376.000000 0.050249
 377.000000 0.057211
 378.000000 0.053709
 379.000000 0.057798
 380.000000 0.049666
 381.000000 0.054901
 382.000000 0.060374
 383.000000 0.059277
 384.000000 0.058944
 385.000000 0.050207
 386.000000 0.058712
 387.000000 0.062028
 388.000000 0.059267
 389.000000 0.053399
 390.000000 0.054976
 391.000000 0.053489
 392.000000 0.053931
 393.000000 0.055376
 394.000000 0.057621
 395.000000 0.050840
 396.000000 0.046571
 397.000000 0.059378
 398.000000 0.054425
 399.000000 0.051436
