#! FIELDS time s.mean
 0.000000 0.650950
 1.000000 0.628335
 2.000000 0.604482
 3.000000 0.596439
 4.000000 0.594778
 5.000000 0.606989
 6.000000 0.574621
 7.000000 0.601721
 8.000000 0.613585
 9.000000 0.612615
 10.000000 0.606703
 11.000000 0.610667
 12.000000 0.572291
 13.000000 0.581053
 14.000000 0.583064
 15.000000 0.569929
 16.000000 0.579427
 17.000000 0.574677
 18.000000 0.576026
 19.000000 0.576463
 20.000000 0.568819
 21.000000 0.560581
 22.000000 0.541442
 23.000000 0.563053
 24.000000 0.543370
 25.000000 0.539690
 26.000000 0.570813
 27.000000 0.561420
 28.000000 0.574039
 29.000000 0.576821
 30.000000 0.575040
 31.000000 0.553457
 32.000000 0.546255
 33.000000 0.548583
 34.000000 0.551465
 35.000000 0.558376
 36.000000 0.555044
 37.000000 0.543162
 38.000000 0.541334
 39.000000 0.553205
 40.000000 0.556790
 41.000000 0.555373
 42.000000 0.566409
 43.000000 0.565148
 44.000000 0.543939
 45.000000 0.541241
 46.000000 0.528131
 47.000000 0.544370
 48.000000 0.559685
 49.000000 0.557661
 50.000000 0.575682
 51.000000 0.538031
 52.000000 0.545213
 53.000000 0.542023
 54.000000 0.553309
 55.000000 0.535954
 56.000000 0.545759
 57.000000 0.550723
 58.000000 0.542584
 59.000000 0.553629
 60.000000 0.541436
 61.000000 0.536710
 62.000000 0.518518
 63.000000 0.549608
 64.000000 0.527814
 65.000000 0.539005
 66.000000 0.524314
 67.000000 0.515687
 68.000000 0.523496
 69.000000 0.510862
 70.000000 0.517182
 71.000000 0.508486
 72.000000 0.505610
 73.000000 0.513884
 74.000000 0.511543
 75.000000 0.492643
 76.000000 0.514556
 77.000000 0.497690
 78.000000 0.517349
 79.000000 0.493146
 80.000000 0.498075
 81.000000 0.500979
 82.000000 0.481664
 83.000000 0.473853
 84.000000 0.480684
 85.000000 0.494909
 86.000000 0.499872
 87.000000 0.509784
 88.000000 0.521169
 89.000000 0.500427
 90.000000 0.499872
 91.000000 0.512050
 92.000000 0.508709
 93.000000 0.508343
 94.000000 0.521693
 95.000000 0.507903
 96.000000 0.512157
 97.000000 0.535927
 98.000000 0.523129
 99.000000 0.510739
 100.000000 0.511430
 101.000000 0.510815
 102.000000 0.500070
 103.000000 0.516491
 104.000000 0.514250
 105.000000 0.511266
 106.000000 0.515364
 107.000000 0.504226
 108.000000 0.486841
 109.000000 0.492821
 110.000000 0.510005
 111.000000 0.507071
 112.000000 0.492754
 113.000000 0.493487
 114.000000 0.516801
 115.000000 0.512034
 116.000000 0.500722
 117.000000 0.503040
 118.000000 0.507766
 119.000000 0.506052
 120.000000 0.501634
 121.000000 0.484385
 122.000000 0.480414
 123.000000 0.498210
 124.000000 0.504588
 125.000000 0.498101
 126.000000 0.499540
 127.000000 0.494480
 128.000000 0.506151
 129.000000 0.499302
 130.000000 0.497380
 131.000000 0.508467
 132.000000 0.493769
 133.000000 0.480367
 134.000000 0.478240
 135.000000 0.474654
 136.000000 0.471570
 137.000000 0.474066
 138.000000 0.461431
 139.000000 0.470826
 140.000000 0.462150
 141.000000 0.494182
 142.000000 0.498653
 143.000000 0.485360
 144.000000 0.480505
 145.000000 0.475457
 146.000000 0.487935
 147.000000 0.470540
 148.000000 0.459644
 149.000000 0.468436
 150.000000 0.469705
 151.000000 0.467408
 152.000000 0.454105
 153.000000 0.442163
 154.000000 0.459908
 155.000000 0.464572
 156.000000 0.464834
 157.000000 0.467088
 158.000000 0.460661
 159.000000 0.443790
 160.000000 0.432245
 161.000000 0.442072
 162.000000 0.436377
 163.000000 0.430720
 164.000000 0.440261
 165.000000 0.416944
 166.000000 0.414358
 167.000000 0.431062
 168.000000 0.424029
 169.000000 0.409167
 170.000000 0.417589
 171.000000 0.410370
 172.000000 0.410773
 173.000000 0.417795
 174.000000 0.406969
 175.000000 0.405062
 176.000000 0.412725
 177.000000 0.429742
 178.000000 0.419662
 179.000000 0.422546
 180.000000 0.433348
 181.000000 0.429286
 182.000000 0.427559
 183.000000 0.424886
 184.000000 0.430344
 185.000000 0.412745
 186.000000 0.420162
 187.000000 0.413305
 188.000000 0.426952
 189.000000 0.437559
 190.000000 0.428343
 191.000000 0.447874
 192.000000 0.445710
 193.000000 0.433618
 194.000000 0.442790
 195.000000 0.439419
 196.000000 0.433272
 197.000000 0.451357
 198.000000 0.449569
 199.000000 0.435251
 200.000000 0.441396
 201.000000 0.435665
 202.000000 0.430411
 203.000000 0.432130
 204.000000 0.427762
 205.000000 0.450124
 206.000000 0.428717
 207.000000 0.429094
 208.000000 0.431626
 209.000000 0.412906
 210.000000 0.433849
 211.000000 0.440244
 212.000000 0.431580
 213.000000 0.426830
 214.000000 0.431127
 215.000000 0.428778
 216.000000 0.421649
 217.000000 0.425806
 218.000000 0.437890
 219.000000 0.422355
 220.000000 0.442037
 221.000000 0.442666
 222.000000 0.437261
 223.000000 0.434239
 224.000000 0.440100
 225.000000 0.432294
 226.000000 0.422755
 227.000000 0.432627
 228.000000 0.429194
 229.000000 0.424183
 230.000000 0.434940
 231.000000 0.446552
 232.000000 0.453104
 233.000000 0.453756
 234.000000 0.450079
 235.000000 0.464332
 236.000000 0.469404
 237.000000 0.470691
 238.000000 0.460060
 239.000000 0.468182
 240.000000 0.471265
 241.000000 0.464981
 242.000000 0.483131
 243.000000 0.457095
 244.000000 0.472296
 245.000000 0.468403
 246.000000 0.457950
 247.000000 0.459186
 248.000000 0.456818
 249.000000 0.457663
 250.000000 0.467435
 251.000000 0.457749
 252.000000 0.485466
 253.000000 0.481830
 254.000000 0.478633
 255.000000 0.470628
 256.000000 0.464860
 257.000000 0.477657
 258.000000 0.487215
 259.000000 0.464946
 260.000000 0.467476
 261.000000 0.468843
 262.000000 0.468579
 263.000000 0.462971
 264.000000 0.451813
 265.000000 0.459862
 266.000000 0.449432
 267.000000 0.455435
 268.000000 0.460991
 269.000000 0.462403
 270.000000 0.463545
 271.000000 0.457741
 272.000000 0.455309
 273.000000 0.422601
 274.000000 0.433014
 275.000000 0.439316
 276.000000 0.433727
 277.000000 0.433184
 278.000000 0.435459
 279.000000 0.422890
 280.000000 0.423500
 281.000000 0.431493
 282.000000 0.428826
 283.000000 0.435782
 284.000000 0.435845
 285.000000 0.427190
 286.000000 0.412941
 287.000000 0.417837
 288.000000 0.416182
 289.000000 0.412398
 290.000000 0.414963
 291.000000 0.412926
 292.000000 0.404050
 293.000000 0.409989
 294.000000 0.419244
 295.000000 0.422245
 296.000000 0.417630
 297.000000 0.431951
 298.000000 0.433797
 299.000000 0.432542
 300.000000 0.433525
 301.000000 0.437522
 302.000000 0.443152
 303.000000 0.429565
 304.000000 0.430138
 305.000000 0.436445
 306.000000 0.429868
 307.000000 0.454187
 308.000000 0.442036
 309.000000 0.442010
 310.000000 0.434143
 311.000000 0.432129
 312.000000 0.430648
 313.000000 0.440232
 314.000000 0.426408
 315.000000 0.440271
 316.000000 0.447687
 317.000000 0.438161
 318.000000 0.447145
 319.000000 0.456738
 320.000000 0.445849
 321.000000 0.451577
 322.000000 0.440943
 323.000000 0.435969
 324.000000 0.440307
 325.000000 0.446302
 326.000000 0.435819
 327.000000 0.465206
 328.000000 0.455761
 329.000000 0.466973
 330.000000 0.468311
 331.000000 0.453169
 332.000000 0.462135
 333.000000 0.462259
 334.000000 0.457784
 335.000000 0.465227
 336.000000 0.464967
 337.000000 0.476973
 338.000000 0.464005
 339.000000 0.460325
 340.000000 0.478829
 341.000000 0.481666
 342.000000 0.477282
 343.000000 0.488582
 344.000000 0.483904
 345.000000 0.470331
 346.000000 0.467152
 347.000000 0.464855
 348.000000 0.453475
 349.000000 0.454811
 350.000000 0.458733
 351.000000 0.450125
 352.000000 0.437162
 353.000000 0.440590
 354.000000 0.451553
 355.000000 0.451697
 356.000000 0.453594
 357.000000 0.457954
 358.000000 0.452820
 359.000000 0.437268
 360.000000 0.455517
 361.000000 0.446341
 362.000000 0.447591
 363.000000 0.451349
 364.000000 0.452805
 365.000000 0.445525
 366.000000 0.438044
 367.000000 0.440982
 368.000000 0.439248
 369.000000 0.431101
 370.000000 0.437873
 371.000000 0.422135
 372.000000 0.424279
 373.000000 0.437276
 374.000000 0.428547
 375.000000 0.422774
 376.000000 0.443590
 377.000000 0.440394
 378.000000 0.432034
 379.000000 0.432229
 380.000000 0.425130
 381.000000 0.440583
 382.000000 0.452276
 383.000000 0.450446
 384.000000 0.453186
 385.000000 0.438570
 386.000000 0.453018
 387.000000 0.463091
 388.000000 0.462498
 389.000000 0.448218
 390.000000 0.442781
 391.000000 0.432724
 392.000000 0.435371
 393.000000 0.437588
 394.000000 0.453528
 395.000000 0.437634
 396.000000 0.435192
 397.000000 0.447333
 398.000000 0.426560
 399.000000 0.426801
