#! FIELDS s hh dhh_s
#! SET normalisation  399.000000
#! SET min_s -0.5
#! SET max_s 1.5
#! SET nbins_s  2000
#! SET periodic_s false
 -0.500000 0.000000 0.000000
 -0.499000 0.000000 0.000000
 -0.498000 0.000000 0.000000
 -0.497000 0.000000 0.000000
 -0.496000 0.000000 0.000000
 -0.495000 0.000000 0.000000
 -0.494000 0.000000 0.000000
 -0.493000 0.000000 0.000000
 -0.492000 0.000000 0.000000
 -0.491000 0.000000 0.000000
 -0.490000 0.000000 0.000000
 -0.489000 0.000000 0.000000
 -0.488000 0.000000 0.000000
 -0.487000 0.000000 0.000000
 -0.486000 0.000000 0.000000
 -0.485000 0.000000 0.000000
 -0.484000 0.000000 0.000000
 -0.483000 0.000000 0.000000
 -0.482000 0.000000 0.000000
 -0.481000 0.000000 0.000000
 -0.480000 0.000000 0.000000
 -0.479000 0.000000 0.000000
 -0.478000 0.000000 0.000000
 -0.477000 0.000000 0.000000
 -0.476000 0.000000 0.000000
 -0.475000 0.000000 0.000000
 -0.474000 0.000000 0.000000
 -0.473000 0.000000 0.000000
 -0.472000 0.000000 0.000000
 -0.471000 0.000000 0.000000
 -0.470000 0.000000 0.000000
 -0.469000 0.000000 0.000000
 -0.468000 0.000000 0.000000
 -0.467000 0.000000 0.000000
 -0.466000 0.000000 0.000000
 -0.465000 0.000000 0.000000
 -0.464000 0.000000 0.000000
 -0.463000 0.000000 0.000000
 -0.462000 0.000000 0.000000
 -0.461000 0.000000 0.000000
 -0.460000 0.000000 0.000000
 -0.459000 0.000000 0.000000
 -0.458000 0.000000 0.000000
 -0.457000 0.000000 0.000000
 -0.456000 0.000000 0.000000
 -0.455000 0.000000 0.000000
 -0.454000 0.000000 0.000000
 -0.453000 0.000000 0.000000
 -0.452000 0.000000 0.000000
 -0.451000 0.000000 0.000000
 -0.450000 0.000000 0.000000
 -0.449000 0.000000 0.000000
 -0.448000 0.000000 0.000000
 -0.447000 0.000000 0.000000
 -0.446000 0.000000 0.000000
 -0.445000 0.000000 0.000000
 -0.444000 0.000000 0.000000
 -0.443000 0.000000 0.000000
 -0.442000 0.000000 0.000000
 -0.441000 0.000000 0.000000
 -0.440000 0.000000 0.000000
 -0.439000 0.000000 0.000000
 -0.438000 0.000000 0.000000
 -0.437000 0.000000 0.000000
 -0.436000 0.000000 0.000000
 -0.435000 0.000000 0.000000
 -0.434000 0.000000 0.000000
 -0.433000 0.000000 0.000000
 -0.432000 0.000000 0.000000
 -0.431000 0.000000 0.000000
 -0.430000 0.000000 0.000000
 -0.429000 0.000000 0.000000
 -0.428000 0.000000 0.000000
 -0.427000 0.000000 0.000000
 -0.426000 0.000000 0.000000
 -0.425000 0.000000 0.000000
 -0.424000 0.000000 0.000000
 -0.423000 0.000000 0.000000
 -0.422000 0.000000 0.000000
 -0.421000 0.000000 0.000000
 -0.420000 0.000000 0.000000
 -0.419000 0.000000 0.000000
 -0.418000 0.000000 0.000000
 -0.417000 0.000000 0.000000
 -0.416000 0.000000 0.000000
 -0.415000 0.000000 0.000000
 -0.414000 0.000000 0.000000
 -0.413000 0.000000 0.000000
 -0.412000 0.000000 0.000000
 -0.411000 0.000000 0.000000
 -0.410000 0.000000 0.000000
 -0.409000 0.000000 0.000000
 -0.408000 0.000000 0.000000
 -0.407000 0.000000 0.000000
 -0.406000 0.000000 0.000000
 -0.405000 0.000000 0.000000
 -0.404000 0.000000 0.000000
 -0.403000 0.000000 0.000000
 -0.402000 0.000000 0.000000
 -0.401000 0.000000 0.000000
 -0.400000 0.000000 0.000000
 -0.399000 0.000000 0.000000
 -0.398000 0.000000 0.000000
 -0.397000 0.000000 0.000000
 -0.396000 0.000000 0.000000
 -0.395000 0.000000 0.000000
 -0.394000 0.000000 0.000000
 -0.393000 0.000000 0.000000
 -0.392000 0.000000 0.000000
 -0.391000 0.000000 0.000000
 -0.390000 0.000000 0.000000
 -0.389000 0.000000 0.000000
 -0.388000 0.000000 0.000000
 -0.387000 0.000000 0.000000
 -0.386000 0.000000 0.000000
 -0.385000 0.000000 0.000000
 -0.384000 0.000000 0.000000
 -0.383000 0.000000 0.000000
 -0.382000 0.000000 0.000000
 -0.381000 0.000000 0.000000
 -0.380000 0.000000 0.000000
 -0.379000 0.000000 0.000000
 -0.378000 0.000000 0.000000
 -0.377000 0.000000 0.000000
 -0.376000 0.000000 0.000000
 -0.375000 0.000000 0.000000
 -0.374000 0.000000 0.000000
 -0.373000 0.000000 0.000000
 -0.372000 0.000000 0.000000
 -0.371000 0.000000 0.000000
 -0.370000 0.000000 0.000000
 -0.369000 0.000000 0.000000
 -0.368000 0.000000 0.000000
 -0.367000 0.000000 0.000000
 -0.366000 0.000000 0.000000
 -0.365000 0.000000 0.000000
 -0.364000 0.000000 0.000000
 -0.363000 0.000000 0.000000
 -0.362000 0.000000 0.000000
 -0.361000 0.000000 0.000000
 -0.360000 0.000000 0.000000
 -0.359000 0.000000 0.000000
 -0.358000 0.000000 0.000000
 -0.357000 0.000000 0.000000
 -0.356000 0.000000 0.000000
 -0.355000 0.000000 0.000000
 -0.354000 0.000000 0.000000
 -0.353000 0.000000 0.000000
 -0.352000 0.000000 0.000000
 -0.351000 0.000000 0.000000
 -0.350000 0.000000 0.000000
 -0.349000 0.000000 0.000000
 -0.348000 0.000000 0.000000
 -0.347000 0.000000 0.000000
 -0.346000 0.000000 0.000000
 -0.345000 0.000000 0.000000
 -0.344000 0.000000 0.000000
 -0.343000 0.000000 0.000000
 -0.342000 0.000000 0.000000
 -0.341000 0.000000 0.000000
 -0.340000 0.000000 0.000000
 -0.339000 0.000000 0.000000
 -0.338000 0.000000 0.000000
 -0.337000 0.000000 0.000000
 -0.336000 0.000000 0.000000
 -0.335000 0.000000 0.000000
 -0.334000 0.000000 0.000000
 -0.333000 0.000000 0.000000
 -0.332000 0.000000 0.000000
 -0.331000 0.000000 0.000000
 -0.330000 0.000000 0.000000
 -0.329000 0.000000 0.000000
 -0.328000 0.000000 0.000000
 -0.327000 0.000000 0.000000
 -0.326000 0.000000 0.000000
 -0.325000 0.000000 0.000000
 -0.324000 0.000000 0.000000
 -0.323000 0.000000 0.000000
 -0.322000 0.000000 0.000000
 -0.321000 0.000000 0.000000
 -0.320000 0.000000 0.000000
 -0.319000 0.000000 0.000000
 -0.318000 0.000000 0.000000
 -0.317000 0.000000 0.000000
 -0.316000 0.000000 0.000000
 -0.315000 0.000000 0.000000
 -0.314000 0.000000 0.000000
 -0.313000 0.000000 0.000000
 -0.312000 0.000000 0.000000
 -0.311000 0.000000 0.000000
 -0.310000 0.000000 0.000000
 -0.309000 0.000000 0.000000
 -0.308000 0.000000 0.000000
 -0.307000 0.000000 0.000000
 -0.306000 0.000000 0.000000
 -0.305000 0.000000 0.000000
 -0.304000 0.000000 0.000000
 -0.303000 0.000000 0.000000
 -0.302000 0.000000 0.000000
 -0.301000 0.000000 0.000000
 -0.300000 0.000000 0.000000
 -0.299000 0.000000 0.000000
 -0.298000 0.000000 0.000000
 -0.297000 0.000000 0.000000
 -0.296000 0.000000 0.000000
 -0.295000 0.000000 0.000000
 -0.294000 0.000000 0.000000
 -0.293000 0.000000 0.000000
 -0.292000 0.000000 0.000000
 -0.291000 0.000000 0.000000
 -0.290000 0.000000 0.000000
 -0.289000 0.000000 0.000000
 -0.288000 0.000000 0.000000
 -0.287000 0.000000 0.000000
 -0.286000 0.000000 0.000000
 -0.285000 0.000000 0.000000
 -0.284000 0.000000 0.000000
 -0.283000 0.000000 0.000000
 -0.282000 0.000000 0.000000
 -0.281000 0.000000 0.000000
 -0.280000 0.000000 0.000000
 -0.279000 0.000000 0.000000
 -0.278000 0.000000 0.000000
 -0.277000 0.000000 0.000000
 -0.276000 0.000000 0.000000
 -0.275000 0.000000 0.000000
 -0.274000 0.000000 0.000000
 -0.273000 0.000000 0.000000
 -0.272000 0.000000 0.000000
 -0.271000 0.000000 0.000000
 -0.270000 0.000000 0.000000
 -0.269000 0.000000 0.000000
 -0.268000 0.000000 0.000000
 -0.267000 0.000000 0.000000
 -0.266000 0.000000 0.000000
 -0.265000 0.000000 0.000000
 -0.264000 0.000000 0.000000
 -0.263000 0.000000 0.000000
 -0.262000 0.000000 0.000000
 -0.261000 0.000000 0.000000
 -0.260000 0.000000 0.000000
 -0.259000 0.000000 0.000000
 -0.258000 0.000000 0.000000
 -0.257000 0.000000 0.000000
 -0.256000 0.000000 0.000000
 -0.255000 0.000000 0.000000
 -0.254000 0.000000 0.000000
 -0.253000 0.000000 0.000000
 -0.252000 0.000000 0.000000
 -0.251000 0.000000 0.000000
 -0.250000 0.000000 0.000000
 -0.249000 0.000000 0.000000
 -0.248000 0.000000 0.000000
 -0.247000 0.000000 0.000000
 -0.246000 0.000000 0.000000
 -0.245000 0.000000 0.000000
 -0.244000 0.000000 0.000000
 -0.243000 0.000000 0.000000
 -0.242000 0.000000 0.000000
 -0.241000 0.000000 0.000000
 -0.240000 0.000000 0.000000
 -0.239000 0.000000 0.000000
 -0.238000 0.000000 0.000000
 -0.237000 0.000000 0.000000
 -0.236000 0.000000 0.000000
 -0.235000 0.000000 0.000000
 -0.234000 0.000000 0.000000
 -0.233000 0.000000 0.000000
 -0.232000 0.000000 0.000000
 -0.231000 0.000000 0.000000
 -0.230000 0.000000 0.000000
 -0.229000 0.000000 0.000000
 -0.228000 0.000000 0.000000
 -0.227000 0.000000 0.000000
 -0.226000 0.000000 0.000000
 -0.225000 0.000000 0.000000
 -0.224000 0.000000 0.000000
 -0.223000 0.000000 0.000000
 -0.222000 0.000000 0.000000
 -0.221000 0.000000 0.000000
 -0.220000 0.000000 0.000000
 -0.219000 0.000000 0.000000
 -0.218000 0.000000 0.000000
 -0.217000 0.000000 0.000000
 -0.216000 0.000000 0.000000
 -0.215000 0.000000 0.000000
 -0.214000 0.000000 0.000000
 -0.213000 0.000000 0.000000
 -0.212000 0.000000 0.000000
 -0.211000 0.000000 0.000000
 -0.210000 0.000000 0.000000
 -0.209000 0.000000 0.000000
 -0.208000 0.000000 0.000000
 -0.207000 0.000000 0.000000
 -0.206000 0.000000 0.000000
 -0.205000 0.000000 0.000000
 -0.204000 0.000000 0.000000
 -0.203000 0.000000 0.000000
 -0.202000 0.000000 0.000000
 -0.201000 0.000000 0.000000
 -0.200000 0.000000 0.000000
 -0.199000 0.000000 0.000000
 -0.198000 0.000000 0.000000
 -0.197000 0.000000 0.000000
 -0.196000 0.000000 0.000000
 -0.195000 0.000000 0.000000
 -0.194000 0.000000 0.000000
 -0.193000 0.000000 0.000000
 -0.192000 0.000000 0.000000
 -0.191000 0.000000 0.000000
 -0.190000 0.000000 0.000000
 -0.189000 0.000000 0.000000
 -0.188000 0.000000 0.000000
 -0.187000 0.000000 0.000000
 -0.186000 0.000000 0.000000
 -0.185000 0.000000 0.000000
 -0.184000 0.000000 0.000000
 -0.183000 0.000000 0.000000
 -0.182000 0.000000 0.000000
 -0.181000 0.000000 0.000000
 -0.180000 0.000000 0.000000
 -0.179000 0.000000 0.000000
 -0.178000 0.000000 0.000000
 -0.177000 0.000000 0.000000
 -0.176000 0.000000 0.000000
 -0.175000 0.000000 0.000000
 -0.174000 0.000000 0.000000
 -0.173000 0.000000 0.000000
 -0.172000 0.000000 0.000000
 -0.171000 0.000000 0.000000
 -0.170000 0.000000 0.000000
 -0.169000 0.000000 0.000000
 -0.168000 0.000000 0.000000
 -0.167000 0.000000 0.000000
 -0.166000 0.000000 0.000000
 -0.165000 0.000000 0.000000
 -0.164000 0.000000 0.000000
 -0.163000 0.000000 0.000000
 -0.162000 0.000000 0.000000
 -0.161000 0.000000 0.000000
 -0.160000 0.000000 0.000000
 -0.159000 0.000000 0.000000
 -0.158000 0.000000 0.000000
 -0.157000 0.000000 0.000000
 -0.156000 0.000000 0.000000
 -0.155000 0.000000 0.000000
 -0.154000 0.000000 0.000000
 -0.153000 0.000000 0.000000
 -0.152000 0.000000 0.000000
 -0.151000 0.000000 0.000000
 -0.150000 0.000000 0.000000
 -0.149000 0.000000 0.000000
 -0.148000 0.000000 0.000000
 -0.147000 0.000000 0.000000
 -0.146000 0.000000 0.000000
 -0.145000 0.000000 0.000000
 -0.144000 0.000000 0.000000
 -0.143000 0.000000 0.000000
 -0.142000 0.000000 0.000000
 -0.141000 0.000000 0.000000
 -0.140000 0.000000 0.000000
 -0.139000 0.000000 0.000000
 -0.138000 0.000000 0.000000
 -0.137000 0.000000 0.000000
 -0.136000 0.000000 0.000000
 -0.135000 0.000000 0.000000
 -0.134000 0.000000 0.000000
 -0.133000 0.000000 0.000000
 -0.132000 0.000000 0.000000
 -0.131000 0.000000 0.000000
 -0.130000 0.000000 0.000000
 -0.129000 0.000000 0.000000
 -0.128000 0.000000 0.000000
 -0.127000 0.000000 0.000000
 -0.126000 0.000000 0.000000
 -0.125000 0.000000 0.000000
 -0.124000 0.000000 0.000000
 -0.123000 0.000000 0.000000
 -0.122000 0.000000 0.000000
 -0.121000 0.000000 0.000000
 -0.120000 0.000000 0.000000
 -0.119000 0.000000 0.000000
 -0.118000 0.000000 0.000000
 -0.117000 0.000000 0.000000
 -0.116000 0.000000 0.000000
 -0.115000 0.000000 0.000000
 -0.114000 0.000000 0.000000
 -0.113000 0.000000 0.000000
 -0.112000 0.000000 0.000000
 -0.111000 0.000000 0.000000
 -0.110000 0.000000 0.000000
 -0.109000 0.000000 0.000000
 -0.108000 0.000000 0.000000
 -0.107000 0.000000 0.000000
 -0.106000 0.000000 0.000000
 -0.105000 0.000000 0.000000
 -0.104000 0.000000 0.000000
 -0.103000 0.000000 0.000000
 -0.102000 0.000000 0.000000
 -0.101000 0.000000 0.000000
 -0.100000 0.000000 0.000000
 -0.099000 0.000000 0.000000
 -0.098000 0.000000 0.000000
 -0.097000 0.000000 0.000000
 -0.096000 0.000000 0.000000
 -0.095000 0.000000 0.000000
 -0.094000 0.000000 0.000000
 -0.093000 0.000000 0.000000
 -0.092000 0.000000 0.000000
 -0.091000 0.000000 0.000000
 -0.090000 0.000000 0.000000
 -0.089000 0.000000 0.000000
 -0.088000 0.000000 0.000000
 -0.087000 0.000000 0.000000
 -0.086000 0.000000 0.000000
 -0.085000 0.000000 0.000000
 -0.084000 0.000000 0.000000
 -0.083000 0.000000 0.000000
 -0.082000 0.000000 0.000000
 -0.081000 0.000000 0.000000
 -0.080000 0.000000 0.000000
 -0.079000 0.000000 0.000000
 -0.078000 0.000000 0.000000
 -0.077000 0.000000 0.000000
 -0.076000 0.000000 0.000000
 -0.075000 0.000000 0.000000
 -0.074000 0.000000 0.000000
 -0.073000 0.000000 0.000000
 -0.072000 0.000000 0.000000
 -0.071000 0.000000 0.000000
 -0.070000 0.000000 0.000000
 -0.069000 0.000000 0.000000
 -0.068000 0.000000 0.000000
 -0.067000 0.000000 0.000000
 -0.066000 0.000000 0.000000
 -0.065000 0.000000 0.000000
 -0.064000 0.000000 0.000000
 -0.063000 0.000000 0.000000
 -0.062000 0.000000 0.000000
 -0.061000 0.000000 0.000000
 -0.060000 0.000000 0.000000
 -0.059000 0.000000 0.000000
 -0.058000 0.000000 0.000000
 -0.057000 0.000000 0.000000
 -0.056000 0.000000 0.000000
 -0.055000 0.000000 0.000000
 -0.054000 0.000000 0.000000
 -0.053000 0.000000 0.000000
 -0.052000 0.000000 0.000000
 -0.051000 0.000000 0.000000
 -0.050000 0.000000 0.000000
 -0.049000 0.000000 0.000000
 -0.048000 0.000000 0.000000
 -0.047000 0.000000 0.000000
 -0.046000 0.000000 0.000000
 -0.045000 0.000000 0.000000
 -0.044000 0.000000 0.000000
 -0.043000 0.000000 0.000000
 -0.042000 0.000000 0.000000
 -0.041000 0.000000 0.000000
 -0.040000 0.000000 0.000000
 -0.039000 0.000000 0.000000
 -0.038000 0.000000 0.000000
 -0.037000 0.000000 0.000000
 -0.036000 0.000001 0.000383
 -0.035000 0.000002 0.000853
 -0.034000 0.000004 0.001518
 -0.033000 0.000007 0.002477
 -0.032000 0.000011 0.003718
 -0.031000 0.000016 0.005404
 -0.030000 0.000023 0.007270
 -0.029000 0.000032 0.010044
 -0.028000 0.000044 0.013255
 -0.027000 0.000060 0.017670
 -0.026000 0.000080 0.022863
 -0.025000 0.000107 0.029591
 -0.024000 0.000142 0.038293
 -0.023000 0.000187 0.048536
 -0.022000 0.000242 0.060768
 -0.021000 0.000310 0.075259
 -0.020000 0.000395 0.092236
 -0.019000 0.000497 0.111941
 -0.018000 0.000623 0.135202
 -0.017000 0.000772 0.160855
 -0.016000 0.000948 0.189519
 -0.015000 0.001153 0.221038
 -0.014000 0.001393 0.255618
 -0.013000 0.001670 0.293233
 -0.012000 0.001985 0.333351
 -0.011000 0.002342 0.375504
 -0.010000 0.002742 0.419405
 -0.009000 0.003185 0.464264
 -0.008000 0.003672 0.508975
 -0.007000 0.004209 0.555770
 -0.006000 0.004790 0.601240
 -0.005000 0.005414 0.645627
 -0.004000 0.006085 0.689999
 -0.003000 0.006800 0.733340
 -0.002000 0.007557 0.775261
 -0.001000 0.008358 0.816774
 0.000000 0.009204 0.859461
 0.001000 0.010087 0.900325
 0.002000 0.011013 0.941979
 0.003000 0.011979 0.984251
 0.004000 0.012987 1.027606
 0.005000 0.014040 1.073018
 0.006000 0.015140 1.121402
 0.007000 0.016289 1.172590
 0.008000 0.017493 1.228089
 0.009000 0.018759 1.288953
 0.010000 0.020087 1.354162
 0.011000 0.021487 1.425627
 0.012000 0.022956 1.500753
 0.013000 0.024507 1.581967
 0.014000 0.026141 1.667673
 0.015000 0.027865 1.758858
 0.016000 0.029678 1.853310
 0.017000 0.031588 1.951649
 0.018000 0.033601 2.054955
 0.019000 0.035722 2.163473
 0.020000 0.037949 2.274508
 0.021000 0.040291 2.389920
 0.022000 0.042754 2.511282
 0.023000 0.045338 2.637043
 0.024000 0.048050 2.768122
 0.025000 0.050902 2.907731
 0.026000 0.053895 3.054248
 0.027000 0.057044 3.211305
 0.028000 0.060346 3.375456
 0.029000 0.063818 3.550074
 0.030000 0.067474 3.736985
 0.031000 0.071324 3.935945
 0.032000 0.075379 4.147161
 0.033000 0.079656 4.372220
 0.034000 0.084166 4.609732
 0.035000 0.088911 4.855205
 0.036000 0.093908 5.110042
 0.037000 0.099167 5.373667
 0.038000 0.104689 5.640517
 0.039000 0.110474 5.906711
 0.040000 0.116521 6.168711
 0.041000 0.122836 6.427145
 0.042000 0.129407 6.676179
 0.043000 0.136225 6.913186
 0.044000 0.143275 7.136320
 0.045000 0.150544 7.342635
 0.046000 0.158003 7.528100
 0.047000 0.165633 7.690554
 0.048000 0.173417 7.832962
 0.049000 0.181337 7.956498
 0.050000 0.189362 8.056814
 0.051000 0.197497 8.145652
 0.052000 0.205697 8.214573
 0.053000 0.213955 8.269856
 0.054000 0.222271 8.317721
 0.055000 0.230636 8.362976
 0.056000 0.239048 8.406299
 0.057000 0.247507 8.453041
 0.058000 0.256010 8.504053
 0.059000 0.264578 8.568094
 0.060000 0.273205 8.640947
 0.061000 0.281918 8.730038
 0.062000 0.290717 8.831301
 0.063000 0.299622 8.947524
 0.064000 0.308658 9.080771
 0.065000 0.317854 9.235118
 0.066000 0.327205 9.407413
 0.067000 0.336740 9.592962
 0.068000 0.346467 9.790360
 0.069000 0.356393 9.998346
 0.070000 0.366527 10.211105
 0.071000 0.376872 10.424274
 0.072000 0.387431 10.636917
 0.073000 0.398199 10.846815
 0.074000 0.409181 11.045857
 0.075000 0.420368 11.237238
 0.076000 0.431729 11.411419
 0.077000 0.443251 11.567609
 0.078000 0.454935 11.711987
 0.079000 0.466746 11.838425
 0.080000 0.478691 11.954826
 0.081000 0.490737 12.058575
 0.082000 0.502889 12.159854
 0.083000 0.515139 12.256560
 0.084000 0.527505 12.364704
 0.085000 0.539963 12.472025
 0.086000 0.552550 12.600704
 0.087000 0.565250 12.739952
 0.088000 0.578116 12.907549
 0.089000 0.591159 13.098394
 0.090000 0.604413 13.322139
 0.091000 0.617895 13.576714
 0.092000 0.631653 13.868788
 0.093000 0.645729 14.195369
 0.094000 0.660159 14.561665
 0.095000 0.674975 14.967780
 0.096000 0.690218 15.407533
 0.097000 0.705906 15.877514
 0.098000 0.722078 16.381339
 0.099000 0.738771 16.911027
 0.100000 0.756002 17.467857
 0.101000 0.773816 18.041501
 0.102000 0.792211 18.633197
 0.103000 0.811186 19.231384
 0.104000 0.830756 19.830024
 0.105000 0.850924 20.425381
 0.106000 0.871697 21.017753
 0.107000 0.893049 21.591992
 0.108000 0.914962 22.132696
 0.109000 0.937408 22.645200
 0.110000 0.960349 23.120856
 0.111000 0.983733 23.542898
 0.112000 1.007517 23.907286
 0.113000 1.031641 24.211143
 0.114000 1.056047 24.460635
 0.115000 1.080647 24.636230
 0.116000 1.105393 24.745609
 0.117000 1.130216 24.788505
 0.118000 1.155027 24.759231
 0.119000 1.179770 24.656046
 0.120000 1.204403 24.492312
 0.121000 1.228828 24.265759
 0.122000 1.253024 23.999171
 0.123000 1.276939 23.684270
 0.124000 1.300466 23.326460
 0.125000 1.323652 22.931010
 0.126000 1.346439 22.511004
 0.127000 1.368791 22.076373
 0.128000 1.390702 21.633857
 0.129000 1.412143 21.178611
 0.130000 1.433147 20.731652
 0.131000 1.453695 20.284725
 0.132000 1.473814 19.862931
 0.133000 1.493538 19.459384
 0.134000 1.512829 19.072608
 0.135000 1.531771 18.714082
 0.136000 1.550395 18.396130
 0.137000 1.568718 18.117334
 0.138000 1.586755 17.879980
 0.139000 1.604572 17.677956
 0.140000 1.622205 17.514043
 0.141000 1.639702 17.389269
 0.142000 1.657110 17.302444
 0.143000 1.674413 17.234397
 0.144000 1.691668 17.192145
 0.145000 1.708893 17.174650
 0.146000 1.726108 17.176910
 0.147000 1.743330 17.194291
 0.148000 1.760559 17.225704
 0.149000 1.777843 17.262246
 0.150000 1.795195 17.310508
 0.151000 1.812553 17.358646
 0.152000 1.829987 17.411141
 0.153000 1.847460 17.469758
 0.154000 1.864992 17.523849
 0.155000 1.882570 17.582548
 0.156000 1.900194 17.632349
 0.157000 1.917854 17.685570
 0.158000 1.935594 17.719645
 0.159000 1.953325 17.740951
 0.160000 1.971098 17.735056
 0.161000 1.988860 17.718759
 0.162000 2.006569 17.662272
 0.163000 2.024212 17.577673
 0.164000 2.041762 17.450978
 0.165000 2.059171 17.290501
 0.166000 2.076394 17.087051
 0.167000 2.093368 16.839102
 0.168000 2.110069 16.548728
 0.169000 2.126454 16.209088
 0.170000 2.142513 15.834143
 0.171000 2.158153 15.421691
 0.172000 2.173369 14.983158
 0.173000 2.188123 14.525433
 0.174000 2.202409 14.051605
 0.175000 2.216216 13.574364
 0.176000 2.229600 13.109951
 0.177000 2.242517 12.655842
 0.178000 2.254988 12.223658
 0.179000 2.266998 11.823747
 0.180000 2.278659 11.468540
 0.181000 2.289981 11.140951
 0.182000 2.300982 10.864414
 0.183000 2.311718 10.628586
 0.184000 2.322268 10.434449
 0.185000 2.332622 10.278875
 0.186000 2.342848 10.168685
 0.187000 2.352984 10.107459
 0.188000 2.363095 10.076989
 0.189000 2.373158 10.074831
 0.190000 2.383214 10.094115
 0.191000 2.393346 10.139511
 0.192000 2.403546 10.203751
 0.193000 2.413795 10.289155
 0.194000 2.424131 10.369977
 0.195000 2.434526 10.469608
 0.196000 2.445018 10.563425
 0.197000 2.455641 10.636373
 0.198000 2.466347 10.719641
 0.199000 2.477094 10.787983
 0.200000 2.487902 10.842819
 0.201000 2.498771 10.887374
 0.202000 2.509705 10.912914
 0.203000 2.520606 10.921919
 0.204000 2.531522 10.907422
 0.205000 2.542392 10.886037
 0.206000 2.553260 10.864236
 0.207000 2.564110 10.814306
 0.208000 2.574897 10.767678
 0.209000 2.585597 10.720394
 0.210000 2.596251 10.674911
 0.211000 2.606872 10.628191
 0.212000 2.617477 10.594577
 0.213000 2.628034 10.565915
 0.214000 2.638549 10.544950
 0.215000 2.649039 10.539788
 0.216000 2.659579 10.531071
 0.217000 2.670096 10.525047
 0.218000 2.680617 10.528008
 0.219000 2.691137 10.526733
 0.220000 2.701657 10.515523
 0.221000 2.712140 10.479624
 0.222000 2.722586 10.424199
 0.223000 2.732909 10.328934
 0.224000 2.743154 10.171084
 0.225000 2.753196 9.962557
 0.226000 2.762999 9.687728
 0.227000 2.772496 9.337525
 0.228000 2.781590 8.910603
 0.229000 2.790261 8.414254
 0.230000 2.798365 7.845207
 0.231000 2.805871 7.218476
 0.232000 2.812728 6.524104
 0.233000 2.818896 5.806077
 0.234000 2.824299 5.070272
 0.235000 2.828999 4.330896
 0.236000 2.832951 3.616589
 0.237000 2.836193 2.948369
 0.238000 2.838815 2.360392
 0.239000 2.840848 1.847377
 0.240000 2.842450 1.439087
 0.241000 2.843713 1.158913
 0.242000 2.844758 1.003164
 0.243000 2.845705 0.991479
 0.244000 2.846714 1.096944
 0.245000 2.847874 1.317737
 0.246000 2.849333 1.644881
 0.247000 2.851160 2.054417
 0.248000 2.853439 2.532007
 0.249000 2.856170 3.063495
 0.250000 2.859464 3.607037
 0.251000 2.863303 4.139434
 0.252000 2.867666 4.632465
 0.253000 2.872496 5.103192
 0.254000 2.877770 5.498897
 0.255000 2.883396 5.822723
 0.256000 2.889318 6.064600
 0.257000 2.895423 6.227555
 0.258000 2.901672 6.300953
 0.259000 2.907949 6.303614
 0.260000 2.914160 6.234119
 0.261000 2.920267 6.101932
 0.262000 2.926233 5.904882
 0.263000 2.932012 5.666001
 0.264000 2.937476 5.401603
 0.265000 2.942671 5.120254
 0.266000 2.947576 4.816592
 0.267000 2.952205 4.499223
 0.268000 2.956503 4.185861
 0.269000 2.960487 3.869181
 0.270000 2.964158 3.556828
 0.271000 2.967468 3.252648
 0.272000 2.970523 2.940159
 0.273000 2.973265 2.629709
 0.274000 2.975663 2.312936
 0.275000 2.977714 1.984811
 0.276000 2.979455 1.622791
 0.277000 2.980841 1.241599
 0.278000 2.981849 0.837935
 0.279000 2.982383 0.407023
 0.280000 2.982483 -0.068249
 0.281000 2.982132 -0.562023
 0.282000 2.981288 -1.092746
 0.283000 2.979900 -1.644434
 0.284000 2.977930 -2.218502
 0.285000 2.975355 -2.794343
 0.286000 2.972205 -3.385759
 0.287000 2.968481 -3.971472
 0.288000 2.964166 -4.542233
 0.289000 2.959280 -5.080882
 0.290000 2.953886 -5.593819
 0.291000 2.947998 -6.054559
 0.292000 2.941644 -6.473777
 0.293000 2.934903 -6.833737
 0.294000 2.927835 -7.148532
 0.295000 2.920481 -7.389985
 0.296000 2.912941 -7.585437
 0.297000 2.905230 -7.722747
 0.298000 2.897368 -7.820911
 0.299000 2.889459 -7.865545
 0.300000 2.881507 -7.882990
 0.301000 2.873564 -7.876840
 0.302000 2.865610 -7.838749
 0.303000 2.857739 -7.791478
 0.304000 2.849904 -7.736391
 0.305000 2.842151 -7.680783
 0.306000 2.834396 -7.621751
 0.307000 2.826713 -7.588231
 0.308000 2.819054 -7.555231
 0.309000 2.811419 -7.546119
 0.310000 2.803818 -7.551075
 0.311000 2.796170 -7.562698
 0.312000 2.788558 -7.600496
 0.313000 2.780879 -7.639479
 0.314000 2.773124 -7.682398
 0.315000 2.765324 -7.736359
 0.316000 2.757460 -7.784758
 0.317000 2.749572 -7.826410
 0.318000 2.741640 -7.876110
 0.319000 2.733650 -7.909095
 0.320000 2.725659 -7.932633
 0.321000 2.717624 -7.947555
 0.322000 2.709610 -7.941861
 0.323000 2.701581 -7.922539
 0.324000 2.693587 -7.891841
 0.325000 2.685655 -7.852434
 0.326000 2.677733 -7.792999
 0.327000 2.669893 -7.729976
 0.328000 2.662120 -7.672332
 0.329000 2.654389 -7.621582
 0.330000 2.646691 -7.586128
 0.331000 2.639047 -7.557983
 0.332000 2.631415 -7.547389
 0.333000 2.623793 -7.570921
 0.334000 2.616110 -7.622874
 0.335000 2.608378 -7.700102
 0.336000 2.600564 -7.792219
 0.337000 2.592662 -7.914821
 0.338000 2.584609 -8.044221
 0.339000 2.576413 -8.191970
 0.340000 2.568093 -8.324482
 0.341000 2.559617 -8.459325
 0.342000 2.551032 -8.571033
 0.343000 2.542328 -8.658199
 0.344000 2.533597 -8.710665
 0.345000 2.524811 -8.706144
 0.346000 2.516038 -8.649543
 0.347000 2.507371 -8.546303
 0.348000 2.498839 -8.384873
 0.349000 2.490499 -8.166802
 0.350000 2.482405 -7.881661
 0.351000 2.474599 -7.549208
 0.352000 2.467168 -7.181151
 0.353000 2.460157 -6.768152
 0.354000 2.453532 -6.311922
 0.355000 2.447364 -5.843136
 0.356000 2.441673 -5.360510
 0.357000 2.436465 -4.894982
 0.358000 2.431715 -4.437216
 0.359000 2.427441 -3.995672
 0.360000 2.423583 -3.574395
 0.361000 2.420156 -3.183561
 0.362000 2.417083 -2.828523
 0.363000 2.414341 -2.518893
 0.364000 2.411886 -2.243682
 0.365000 2.409711 -2.028284
 0.366000 2.407692 -1.860601
 0.367000 2.405836 -1.750784
 0.368000 2.404044 -1.687367
 0.369000 2.402260 -1.690442
 0.370000 2.400463 -1.748186
 0.371000 2.398607 -1.882424
 0.372000 2.396563 -2.063958
 0.373000 2.394313 -2.319056
 0.374000 2.391785 -2.629001
 0.375000 2.388904 -2.997169
 0.376000 2.385609 -3.411988
 0.377000 2.381906 -3.870488
 0.378000 2.377681 -4.369186
 0.379000 2.372985 -4.895655
 0.380000 2.367736 -5.454046
 0.381000 2.361930 -6.012626
 0.382000 2.355550 -6.586349
 0.383000 2.348625 -7.131116
 0.384000 2.341161 -7.667009
 0.385000 2.333162 -8.175582
 0.386000 2.324686 -8.650786
 0.387000 2.315740 -9.105901
 0.388000 2.306367 -9.522639
 0.389000 2.296584 -9.898563
 0.390000 2.286413 -10.227054
 0.391000 2.275965 -10.529797
 0.392000 2.265224 -10.797971
 0.393000 2.254223 -11.033939
 0.394000 2.243013 -11.254943
 0.395000 2.231570 -11.444404
 0.396000 2.219978 -11.627765
 0.397000 2.208195 -11.793985
 0.398000 2.196253 -11.948539
 0.399000 2.184158 -12.097474
 0.400000 2.171890 -12.240327
 0.401000 2.159513 -12.377306
 0.402000 2.146990 -12.518311
 0.403000 2.134358 -12.655088
 0.404000 2.121564 -12.771812
 0.405000 2.108650 -12.883975
 0.406000 2.095660 -12.983722
 0.407000 2.082558 -13.089657
 0.408000 2.069357 -13.173149
 0.409000 2.056053 -13.238762
 0.410000 2.042713 -13.292721
 0.411000 2.029316 -13.332392
 0.412000 2.015907 -13.360486
 0.413000 2.002434 -13.357395
 0.414000 1.989031 -13.343000
 0.415000 1.975625 -13.292531
 0.416000 1.962285 -13.231693
 0.417000 1.949027 -13.122993
 0.418000 1.935871 -12.989878
 0.419000 1.922882 -12.822291
 0.420000 1.910064 -12.617387
 0.421000 1.897481 -12.373619
 0.422000 1.885191 -12.088164
 0.423000 1.873162 -11.770433
 0.424000 1.861490 -11.426974
 0.425000 1.850185 -11.056805
 0.426000 1.839243 -10.659290
 0.427000 1.828707 -10.254544
 0.428000 1.818565 -9.868358
 0.429000 1.808815 -9.486187
 0.430000 1.799430 -9.144752
 0.431000 1.790390 -8.836018
 0.432000 1.781623 -8.565250
 0.433000 1.773097 -8.348980
 0.434000 1.764738 -8.187575
 0.435000 1.756518 -8.094471
 0.436000 1.748371 -8.062965
 0.437000 1.740233 -8.078698
 0.438000 1.732048 -8.143739
 0.439000 1.723788 -8.263064
 0.440000 1.715368 -8.411951
 0.441000 1.706792 -8.583404
 0.442000 1.698062 -8.775826
 0.443000 1.689098 -8.962155
 0.444000 1.679965 -9.147759
 0.445000 1.670646 -9.323530
 0.446000 1.661173 -9.485098
 0.447000 1.651554 -9.617107
 0.448000 1.641817 -9.733360
 0.449000 1.631978 -9.825399
 0.450000 1.622037 -9.887011
 0.451000 1.612069 -9.941117
 0.452000 1.602043 -9.963792
 0.453000 1.592014 -9.990426
 0.454000 1.581947 -10.003025
 0.455000 1.571895 -10.023212
 0.456000 1.561786 -10.030633
 0.457000 1.551662 -10.053509
 0.458000 1.541512 -10.088592
 0.459000 1.531316 -10.127146
 0.460000 1.521107 -10.187139
 0.461000 1.510836 -10.250162
 0.462000 1.500510 -10.314317
 0.463000 1.490119 -10.377133
 0.464000 1.479657 -10.422335
 0.465000 1.469143 -10.459827
 0.466000 1.458616 -10.471982
 0.467000 1.448106 -10.452745
 0.468000 1.437611 -10.405229
 0.469000 1.427185 -10.316676
 0.470000 1.416866 -10.195292
 0.471000 1.406670 -10.032413
 0.472000 1.396667 -9.836009
 0.473000 1.386898 -9.612069
 0.474000 1.377339 -9.355359
 0.475000 1.368058 -9.090793
 0.476000 1.359031 -8.812788
 0.477000 1.350296 -8.535191
 0.478000 1.341829 -8.273850
 0.479000 1.333591 -8.027606
 0.480000 1.325627 -7.825847
 0.481000 1.317826 -7.661212
 0.482000 1.310181 -7.540365
 0.483000 1.302622 -7.462530
 0.484000 1.295117 -7.442860
 0.485000 1.287598 -7.473419
 0.486000 1.280046 -7.547722
 0.487000 1.272385 -7.654535
 0.488000 1.264572 -7.802170
 0.489000 1.256632 -7.981491
 0.490000 1.248489 -8.163608
 0.491000 1.240190 -8.358900
 0.492000 1.231676 -8.550570
 0.493000 1.222997 -8.730584
 0.494000 1.214123 -8.893739
 0.495000 1.205084 -9.025312
 0.496000 1.195960 -9.144555
 0.497000 1.186730 -9.227902
 0.498000 1.177409 -9.283929
 0.499000 1.168045 -9.313937
 0.500000 1.158648 -9.321293
 0.501000 1.149292 -9.316060
 0.502000 1.139922 -9.285190
 0.503000 1.130605 -9.254228
 0.504000 1.121314 -9.208084
 0.505000 1.112076 -9.156785
 0.506000 1.102883 -9.101730
 0.507000 1.093753 -9.050313
 0.508000 1.084693 -8.994817
 0.509000 1.075681 -8.938185
 0.510000 1.066706 -8.876747
 0.511000 1.057814 -8.810410
 0.512000 1.048992 -8.742710
 0.513000 1.040239 -8.675821
 0.514000 1.031554 -8.599134
 0.515000 1.022944 -8.514777
 0.516000 1.014427 -8.434186
 0.517000 1.005996 -8.339338
 0.518000 0.997656 -8.248339
 0.519000 0.989409 -8.155840
 0.520000 0.981243 -8.059965
 0.521000 0.973173 -7.974801
 0.522000 0.965180 -7.900840
 0.523000 0.957268 -7.834820
 0.524000 0.949421 -7.776238
 0.525000 0.941603 -7.725975
 0.526000 0.933840 -7.693586
 0.527000 0.926105 -7.673882
 0.528000 0.918375 -7.664436
 0.529000 0.910649 -7.662942
 0.530000 0.902934 -7.674077
 0.531000 0.895212 -7.688332
 0.532000 0.887476 -7.700367
 0.533000 0.879723 -7.712567
 0.534000 0.871967 -7.721439
 0.535000 0.864191 -7.725492
 0.536000 0.856417 -7.730140
 0.537000 0.848646 -7.726331
 0.538000 0.840891 -7.727011
 0.539000 0.833127 -7.713424
 0.540000 0.825364 -7.696311
 0.541000 0.817626 -7.691211
 0.542000 0.809889 -7.683887
 0.543000 0.802156 -7.685758
 0.544000 0.794435 -7.692501
 0.545000 0.786686 -7.707504
 0.546000 0.778918 -7.730121
 0.547000 0.771115 -7.769711
 0.548000 0.763291 -7.814242
 0.549000 0.755417 -7.867128
 0.550000 0.747482 -7.916600
 0.551000 0.739494 -7.973466
 0.552000 0.731457 -8.025149
 0.553000 0.723363 -8.067342
 0.554000 0.715232 -8.104911
 0.555000 0.707067 -8.123093
 0.556000 0.698899 -8.120854
 0.557000 0.690750 -8.101119
 0.558000 0.682638 -8.058614
 0.559000 0.674561 -7.987975
 0.560000 0.666568 -7.895038
 0.561000 0.658702 -7.792896
 0.562000 0.650939 -7.666082
 0.563000 0.643298 -7.522792
 0.564000 0.635802 -7.370476
 0.565000 0.628475 -7.220834
 0.566000 0.621277 -7.070394
 0.567000 0.614245 -6.933411
 0.568000 0.607333 -6.809694
 0.569000 0.600532 -6.702623
 0.570000 0.593829 -6.610256
 0.571000 0.587231 -6.540128
 0.572000 0.580679 -6.495847
 0.573000 0.574161 -6.476128
 0.574000 0.567641 -6.472859
 0.575000 0.561123 -6.487177
 0.576000 0.554593 -6.516963
 0.577000 0.548020 -6.554731
 0.578000 0.541409 -6.598075
 0.579000 0.534755 -6.643886
 0.580000 0.528055 -6.689426
 0.581000 0.521309 -6.720311
 0.582000 0.514545 -6.742722
 0.583000 0.507768 -6.757935
 0.584000 0.500973 -6.748835
 0.585000 0.494189 -6.728945
 0.586000 0.487448 -6.696058
 0.587000 0.480743 -6.643983
 0.588000 0.474096 -6.579907
 0.589000 0.467532 -6.505384
 0.590000 0.461030 -6.414621
 0.591000 0.454633 -6.320825
 0.592000 0.448329 -6.218235
 0.593000 0.442118 -6.115393
 0.594000 0.436019 -6.012503
 0.595000 0.430040 -5.909598
 0.596000 0.424150 -5.804859
 0.597000 0.418360 -5.696858
 0.598000 0.412684 -5.596008
 0.599000 0.407111 -5.494733
 0.600000 0.401642 -5.392646
 0.601000 0.396276 -5.296201
 0.602000 0.391003 -5.198170
 0.603000 0.385834 -5.099735
 0.604000 0.380760 -4.999117
 0.605000 0.375781 -4.898459
 0.606000 0.370901 -4.803112
 0.607000 0.366116 -4.707224
 0.608000 0.361426 -4.621289
 0.609000 0.356826 -4.540165
 0.610000 0.352294 -4.465609
 0.611000 0.347835 -4.401086
 0.612000 0.343436 -4.342092
 0.613000 0.339089 -4.295375
 0.614000 0.334794 -4.262667
 0.615000 0.330521 -4.233954
 0.616000 0.326282 -4.214993
 0.617000 0.322049 -4.194933
 0.618000 0.317839 -4.185854
 0.619000 0.313629 -4.178893
 0.620000 0.309446 -4.174190
 0.621000 0.305249 -4.158565
 0.622000 0.301074 -4.139807
 0.623000 0.296914 -4.109380
 0.624000 0.292809 -4.071839
 0.625000 0.288737 -4.019899
 0.626000 0.284732 -3.954178
 0.627000 0.280809 -3.875533
 0.628000 0.276964 -3.781130
 0.629000 0.273218 -3.669435
 0.630000 0.269584 -3.548667
 0.631000 0.266076 -3.417423
 0.632000 0.262706 -3.280849
 0.633000 0.259477 -3.139396
 0.634000 0.256389 -2.999858
 0.635000 0.253438 -2.863291
 0.636000 0.250622 -2.734971
 0.637000 0.247924 -2.616019
 0.638000 0.245342 -2.510587
 0.639000 0.242857 -2.427330
 0.640000 0.240448 -2.359939
 0.641000 0.238110 -2.314771
 0.642000 0.235798 -2.291799
 0.643000 0.233499 -2.284960
 0.644000 0.231176 -2.296021
 0.645000 0.228843 -2.333942
 0.646000 0.226468 -2.390913
 0.647000 0.224031 -2.462862
 0.648000 0.221511 -2.544168
 0.649000 0.218906 -2.630455
 0.650000 0.216212 -2.723237
 0.651000 0.213427 -2.814056
 0.652000 0.210548 -2.905492
 0.653000 0.207591 -2.991189
 0.654000 0.204547 -3.063441
 0.655000 0.201435 -3.120738
 0.656000 0.198276 -3.167990
 0.657000 0.195073 -3.196714
 0.658000 0.191861 -3.210810
 0.659000 0.188631 -3.207194
 0.660000 0.185418 -3.186883
 0.661000 0.182233 -3.154468
 0.662000 0.179080 -3.109754
 0.663000 0.175982 -3.056388
 0.664000 0.172938 -3.000080
 0.665000 0.169954 -2.939113
 0.666000 0.167039 -2.884980
 0.667000 0.164176 -2.830979
 0.668000 0.161357 -2.779066
 0.669000 0.158591 -2.738806
 0.670000 0.155851 -2.705725
 0.671000 0.153152 -2.682170
 0.672000 0.150465 -2.665573
 0.673000 0.147789 -2.656818
 0.674000 0.145125 -2.657424
 0.675000 0.142460 -2.660619
 0.676000 0.139784 -2.662355
 0.677000 0.137107 -2.662484
 0.678000 0.134432 -2.658989
 0.679000 0.131767 -2.650844
 0.680000 0.129106 -2.632145
 0.681000 0.126478 -2.606019
 0.682000 0.123875 -2.567967
 0.683000 0.121323 -2.520156
 0.684000 0.118820 -2.461598
 0.685000 0.116381 -2.390796
 0.686000 0.114017 -2.312335
 0.687000 0.111737 -2.226675
 0.688000 0.109545 -2.133415
 0.689000 0.107445 -2.037240
 0.690000 0.105439 -1.938503
 0.691000 0.103537 -1.844125
 0.692000 0.101730 -1.756427
 0.693000 0.100004 -1.671855
 0.694000 0.098361 -1.597961
 0.695000 0.096792 -1.532795
 0.696000 0.095286 -1.478018
 0.697000 0.093819 -1.433680
 0.698000 0.092394 -1.403640
 0.699000 0.090993 -1.384478
 0.700000 0.089601 -1.377155
 0.701000 0.088215 -1.381625
 0.702000 0.086820 -1.392179
 0.703000 0.085413 -1.414273
 0.704000 0.083980 -1.440027
 0.705000 0.082519 -1.468315
 0.706000 0.081026 -1.495933
 0.707000 0.079509 -1.522533
 0.708000 0.077966 -1.546061
 0.709000 0.076402 -1.564849
 0.710000 0.074824 -1.575908
 0.711000 0.073235 -1.578909
 0.712000 0.071654 -1.577239
 0.713000 0.070073 -1.563655
 0.714000 0.068506 -1.540696
 0.715000 0.066974 -1.512794
 0.716000 0.065468 -1.475198
 0.717000 0.064008 -1.433793
 0.718000 0.062594 -1.387864
 0.719000 0.061228 -1.337830
 0.720000 0.059917 -1.283875
 0.721000 0.058659 -1.229066
 0.722000 0.057449 -1.172840
 0.723000 0.056298 -1.118847
 0.724000 0.055194 -1.066303
 0.725000 0.054150 -1.019957
 0.726000 0.053145 -0.975769
 0.727000 0.052183 -0.936135
 0.728000 0.051257 -0.899879
 0.729000 0.050372 -0.869149
 0.730000 0.049513 -0.843235
 0.731000 0.048676 -0.819890
 0.732000 0.047866 -0.801863
 0.733000 0.047068 -0.784157
 0.734000 0.046286 -0.771235
 0.735000 0.045517 -0.760655
 0.736000 0.044754 -0.749937
 0.737000 0.044007 -0.742257
 0.738000 0.043260 -0.733184
 0.739000 0.042525 -0.727140
 0.740000 0.041794 -0.720911
 0.741000 0.041068 -0.715223
 0.742000 0.040352 -0.710908
 0.743000 0.039641 -0.708597
 0.744000 0.038928 -0.703955
 0.745000 0.038219 -0.701053
 0.746000 0.037515 -0.699483
 0.747000 0.036814 -0.698475
 0.748000 0.036114 -0.696958
 0.749000 0.035414 -0.695556
 0.750000 0.034715 -0.693981
 0.751000 0.034017 -0.691702
 0.752000 0.033325 -0.687712
 0.753000 0.032638 -0.684211
 0.754000 0.031951 -0.678453
 0.755000 0.031271 -0.672909
 0.756000 0.030597 -0.666365
 0.757000 0.029934 -0.659803
 0.758000 0.029276 -0.652080
 0.759000 0.028626 -0.645555
 0.760000 0.027982 -0.638721
 0.761000 0.027342 -0.632447
 0.762000 0.026709 -0.628425
 0.763000 0.026079 -0.624670
 0.764000 0.025452 -0.623832
 0.765000 0.024828 -0.624710
 0.766000 0.024201 -0.626585
 0.767000 0.023574 -0.630042
 0.768000 0.022939 -0.632046
 0.769000 0.022300 -0.632904
 0.770000 0.021664 -0.634429
 0.771000 0.021030 -0.632749
 0.772000 0.020396 -0.627870
 0.773000 0.019770 -0.619586
 0.774000 0.019155 -0.606062
 0.775000 0.018552 -0.586273
 0.776000 0.017977 -0.563056
 0.777000 0.017428 -0.533404
 0.778000 0.016912 -0.498103
 0.779000 0.016431 -0.458254
 0.780000 0.015991 -0.414358
 0.781000 0.015598 -0.367856
 0.782000 0.015254 -0.320000
 0.783000 0.014956 -0.269855
 0.784000 0.014710 -0.221147
 0.785000 0.014511 -0.175016
 0.786000 0.014357 -0.130893
 0.787000 0.014245 -0.091127
 0.788000 0.014171 -0.055194
 0.789000 0.014129 -0.024562
 0.790000 0.014115 0.000631
 0.791000 0.014125 0.019996
 0.792000 0.014153 0.033898
 0.793000 0.014187 0.043340
 0.794000 0.014230 0.046708
 0.795000 0.014276 0.045677
 0.796000 0.014319 0.040551
 0.797000 0.014355 0.032043
 0.798000 0.014381 0.021683
 0.799000 0.014396 0.009248
 0.800000 0.014399 -0.004026
 0.801000 0.014387 -0.017127
 0.802000 0.014359 -0.028995
 0.803000 0.014323 -0.041545
 0.804000 0.014275 -0.051906
 0.805000 0.014218 -0.061112
 0.806000 0.014149 -0.069314
 0.807000 0.014075 -0.077691
 0.808000 0.013994 -0.084799
 0.809000 0.013905 -0.091179
 0.810000 0.013809 -0.097449
 0.811000 0.013706 -0.104695
 0.812000 0.013598 -0.113374
 0.813000 0.013478 -0.123039
 0.814000 0.013349 -0.134952
 0.815000 0.013207 -0.147528
 0.816000 0.013051 -0.163321
 0.817000 0.012879 -0.180420
 0.818000 0.012689 -0.199269
 0.819000 0.012481 -0.218586
 0.820000 0.012252 -0.238241
 0.821000 0.012003 -0.256921
 0.822000 0.011737 -0.274704
 0.823000 0.011455 -0.290343
 0.824000 0.011158 -0.303179
 0.825000 0.010846 -0.311634
 0.826000 0.010531 -0.317375
 0.827000 0.010211 -0.319244
 0.828000 0.009892 -0.317640
 0.829000 0.009577 -0.312348
 0.830000 0.009266 -0.303038
 0.831000 0.008969 -0.291433
 0.832000 0.008683 -0.278615
 0.833000 0.008411 -0.264272
 0.834000 0.008153 -0.250123
 0.835000 0.007910 -0.236450
 0.836000 0.007678 -0.223210
 0.837000 0.007460 -0.212753
 0.838000 0.007250 -0.203724
 0.839000 0.007048 -0.197680
 0.840000 0.006851 -0.194220
 0.841000 0.006656 -0.193299
 0.842000 0.006461 -0.194655
 0.843000 0.006265 -0.198141
 0.844000 0.006062 -0.202119
 0.845000 0.005857 -0.207847
 0.846000 0.005647 -0.213755
 0.847000 0.005430 -0.219349
 0.848000 0.005209 -0.223789
 0.849000 0.004984 -0.227329
 0.850000 0.004755 -0.228711
 0.851000 0.004524 -0.228291
 0.852000 0.004296 -0.226985
 0.853000 0.004071 -0.223746
 0.854000 0.003848 -0.218300
 0.855000 0.003632 -0.211184
 0.856000 0.003423 -0.202385
 0.857000 0.003223 -0.192383
 0.858000 0.003036 -0.182170
 0.859000 0.002858 -0.170610
 0.860000 0.002693 -0.158848
 0.861000 0.002539 -0.146174
 0.862000 0.002400 -0.133684
 0.863000 0.002272 -0.120996
 0.864000 0.002157 -0.107907
 0.865000 0.002054 -0.094912
 0.866000 0.001965 -0.082502
 0.867000 0.001889 -0.070245
 0.868000 0.001824 -0.057823
 0.869000 0.001772 -0.046282
 0.870000 0.001731 -0.035179
 0.871000 0.001701 -0.024665
 0.872000 0.001681 -0.014911
 0.873000 0.001671 -0.006110
 0.874000 0.001669 0.001532
 0.875000 0.001673 0.007805
 0.876000 0.001684 0.012509
 0.877000 0.001696 0.016177
 0.878000 0.001711 0.017776
 0.879000 0.001728 0.016538
 0.880000 0.001743 0.013425
 0.881000 0.001753 0.008902
 0.882000 0.001759 0.002112
 0.883000 0.001757 -0.006157
 0.884000 0.001746 -0.015636
 0.885000 0.001725 -0.025991
 0.886000 0.001694 -0.036842
 0.887000 0.001652 -0.047785
 0.888000 0.001598 -0.058104
 0.889000 0.001534 -0.068116
 0.890000 0.001462 -0.077048
 0.891000 0.001381 -0.084612
 0.892000 0.001292 -0.090161
 0.893000 0.001199 -0.094530
 0.894000 0.001103 -0.097073
 0.895000 0.001006 -0.097813
 0.896000 0.000908 -0.096844
 0.897000 0.000813 -0.094319
 0.898000 0.000720 -0.090439
 0.899000 0.000632 -0.085439
 0.900000 0.000550 -0.079568
 0.901000 0.000473 -0.073086
 0.902000 0.000404 -0.066238
 0.903000 0.000341 -0.059253
 0.904000 0.000284 -0.052001
 0.905000 0.000235 -0.045414
 0.906000 0.000193 -0.039169
 0.907000 0.000157 -0.033372
 0.908000 0.000126 -0.028093
 0.909000 0.000101 -0.023371
 0.910000 0.000079 -0.019217
 0.911000 0.000063 -0.015260
 0.912000 0.000049 -0.012050
 0.913000 0.000039 -0.009281
 0.914000 0.000031 -0.006891
 0.915000 0.000025 -0.004813
 0.916000 0.000021 -0.002975
 0.917000 0.000019 -0.001306
 0.918000 0.000018 0.000266
 0.919000 0.000019 0.001810
 0.920000 0.000022 0.003389
 0.921000 0.000025 0.005401
 0.922000 0.000031 0.007124
 0.923000 0.000038 0.009444
 0.924000 0.000049 0.011521
 0.925000 0.000062 0.013890
 0.926000 0.000077 0.016546
 0.927000 0.000095 0.019472
 0.928000 0.000116 0.022633
 0.929000 0.000140 0.025978
 0.930000 0.000168 0.029434
 0.931000 0.000199 0.032911
 0.932000 0.000234 0.036300
 0.933000 0.000272 0.039474
 0.934000 0.000312 0.042298
 0.935000 0.000356 0.044629
 0.936000 0.000402 0.046322
 0.937000 0.000448 0.047244
 0.938000 0.000496 0.047275
 0.939000 0.000543 0.046321
 0.940000 0.000588 0.044317
 0.941000 0.000631 0.041240
 0.942000 0.000670 0.037105
 0.943000 0.000705 0.031975
 0.944000 0.000734 0.025954
 0.945000 0.000756 0.019190
 0.946000 0.000772 0.011866
 0.947000 0.000780 0.004189
 0.948000 0.000780 -0.003612
 0.949000 0.000773 -0.011306
 0.950000 0.000758 -0.018664
 0.951000 0.000736 -0.025476
 0.952000 0.000707 -0.031557
 0.953000 0.000673 -0.036758
 0.954000 0.000634 -0.040969
 0.955000 0.000591 -0.044126
 0.956000 0.000546 -0.046209
 0.957000 0.000499 -0.047239
 0.958000 0.000452 -0.047278
 0.959000 0.000405 -0.046419
 0.960000 0.000359 -0.044778
 0.961000 0.000316 -0.042490
 0.962000 0.000274 -0.039698
 0.963000 0.000236 -0.036544
 0.964000 0.000201 -0.033167
 0.965000 0.000170 -0.029692
 0.966000 0.000142 -0.026231
 0.967000 0.000118 -0.022875
 0.968000 0.000096 -0.019698
 0.969000 0.000078 -0.016754
 0.970000 0.000063 -0.014077
 0.971000 0.000050 -0.011687
 0.972000 0.000039 -0.009589
 0.973000 0.000031 -0.007776
 0.974000 0.000024 -0.006233
 0.975000 0.000018 -0.004940
 0.976000 0.000014 -0.003871
 0.977000 0.000010 -0.002999
 0.978000 0.000008 -0.002298
 0.979000 0.000006 -0.001742
 0.980000 0.000004 -0.001305
 0.981000 0.000003 -0.000968
 0.982000 0.000002 -0.000710
 0.983000 0.000001 -0.000515
 0.984000 0.000000 0.000000
 0.985000 0.000000 0.000000
 0.986000 0.000000 0.000000
 0.987000 0.000000 0.000000
 0.988000 0.000000 0.000000
 0.989000 0.000000 0.000000
 0.990000 0.000000 0.000000
 0.991000 0.000000 0.000000
 0.992000 0.000000 0.000000
 0.993000 0.000000 0.000000
 0.994000 0.000000 0.000000
 0.995000 0.000000 0.000000
 0.996000 0.000000 0.000000
 0.997000 0.000000 0.000000
 0.998000 0.000000 0.000000
 0.999000 0.000000 0.000000
 1.000000 0.000000 0.000000
 1.001000 0.000000 0.000000
 1.002000 0.000000 0.000000
 1.003000 0.000000 0.000000
 1.004000 0.000000 0.000000
 1.005000 0.000000 0.000000
 1.006000 0.000000 0.000000
 1.007000 0.000000 0.000000
 1.008000 0.000000 0.000000
 1.009000 0.000000 0.000000
 1.010000 0.000000 0.000000
 1.011000 0.000000 0.000000
 1.012000 0.000000 0.000000
 1.013000 0.000000 0.000000
 1.014000 0.000000 0.000000
 1.015000 0.000000 0.000000
 1.016000 0.000000 0.000000
 1.017000 0.000000 0.000000
 1.018000 0.000000 0.000000
 1.019000 0.000000 0.000000
 1.020000 0.000000 0.000000
 1.021000 0.000000 0.000000
 1.022000 0.000000 0.000000
 1.023000 0.000000 0.000000
 1.024000 0.000000 0.000000
 1.025000 0.000000 0.000000
 1.026000 0.000000 0.000000
 1.027000 0.000000 0.000000
 1.028000 0.000000 0.000000
 1.029000 0.000000 0.000000
 1.030000 0.000000 0.000000
 1.031000 0.000000 0.000000
 1.032000 0.000000 0.000000
 1.033000 0.000000 0.000000
 1.034000 0.000000 0.000000
 1.035000 0.000000 0.000000
 1.036000 0.000000 0.000000
 1.037000 0.000000 0.000000
 1.038000 0.000000 0.000000
 1.039000 0.000000 0.000000
 1.040000 0.000000 0.000000
 1.041000 0.000000 0.000000
 1.042000 0.000000 0.000000
 1.043000 0.000000 0.000000
 1.044000 0.000000 0.000000
 1.045000 0.000000 0.000000
 1.046000 0.000000 0.000000
 1.047000 0.000000 0.000000
 1.048000 0.000000 0.000000
 1.049000 0.000000 0.000000
 1.050000 0.000000 0.000000
 1.051000 0.000000 0.000000
 1.052000 0.000000 0.000000
 1.053000 0.000000 0.000000
 1.054000 0.000000 0.000000
 1.055000 0.000000 0.000000
 1.056000 0.000000 0.000000
 1.057000 0.000000 0.000000
 1.058000 0.000000 0.000000
 1.059000 0.000000 0.000000
 1.060000 0.000000 0.000000
 1.061000 0.000000 0.000000
 1.062000 0.000000 0.000000
 1.063000 0.000000 0.000000
 1.064000 0.000000 0.000000
 1.065000 0.000000 0.000000
 1.066000 0.000000 0.000000
 1.067000 0.000000 0.000000
 1.068000 0.000000 0.000000
 1.069000 0.000000 0.000000
 1.070000 0.000000 0.000000
 1.071000 0.000000 0.000000
 1.072000 0.000000 0.000000
 1.073000 0.000000 0.000000
 1.074000 0.000000 0.000000
 1.075000 0.000000 0.000000
 1.076000 0.000000 0.000000
 1.077000 0.000000 0.000000
 1.078000 0.000000 0.000000
 1.079000 0.000000 0.000000
 1.080000 0.000000 0.000000
 1.081000 0.000000 0.000000
 1.082000 0.000000 0.000000
 1.083000 0.000000 0.000000
 1.084000 0.000000 0.000000
 1.085000 0.000000 0.000000
 1.086000 0.000000 0.000000
 1.087000 0.000000 0.000000
 1.088000 0.000000 0.000000
 1.089000 0.000000 0.000000
 1.090000 0.000000 0.000000
 1.091000 0.000000 0.000000
 1.092000 0.000000 0.000000
 1.093000 0.000000 0.000000
 1.094000 0.000000 0.000000
 1.095000 0.000000 0.000000
 1.096000 0.000000 0.000000
 1.097000 0.000000 0.000000
 1.098000 0.000000 0.000000
 1.099000 0.000000 0.000000
 1.100000 0.000000 0.000000
 1.101000 0.000000 0.000000
 1.102000 0.000000 0.000000
 1.103000 0.000000 0.000000
 1.104000 0.000000 0.000000
 1.105000 0.000000 0.000000
 1.106000 0.000000 0.000000
 1.107000 0.000000 0.000000
 1.108000 0.000000 0.000000
 1.109000 0.000000 0.000000
 1.110000 0.000000 0.000000
 1.111000 0.000000 0.000000
 1.112000 0.000000 0.000000
 1.113000 0.000000 0.000000
 1.114000 0.000000 0.000000
 1.115000 0.000000 0.000000
 1.116000 0.000000 0.000000
 1.117000 0.000000 0.000000
 1.118000 0.000000 0.000000
 1.119000 0.000000 0.000000
 1.120000 0.000000 0.000000
 1.121000 0.000000 0.000000
 1.122000 0.000000 0.000000
 1.123000 0.000000 0.000000
 1.124000 0.000000 0.000000
 1.125000 0.000000 0.000000
 1.126000 0.000000 0.000000
 1.127000 0.000000 0.000000
 1.128000 0.000000 0.000000
 1.129000 0.000000 0.000000
 1.130000 0.000000 0.000000
 1.131000 0.000000 0.000000
 1.132000 0.000000 0.000000
 1.133000 0.000000 0.000000
 1.134000 0.000000 0.000000
 1.135000 0.000000 0.000000
 1.136000 0.000000 0.000000
 1.137000 0.000000 0.000000
 1.138000 0.000000 0.000000
 1.139000 0.000000 0.000000
 1.140000 0.000000 0.000000
 1.141000 0.000000 0.000000
 1.142000 0.000000 0.000000
 1.143000 0.000000 0.000000
 1.144000 0.000000 0.000000
 1.145000 0.000000 0.000000
 1.146000 0.000000 0.000000
 1.147000 0.000000 0.000000
 1.148000 0.000000 0.000000
 1.149000 0.000000 0.000000
 1.150000 0.000000 0.000000
 1.151000 0.000000 0.000000
 1.152000 0.000000 0.000000
 1.153000 0.000000 0.000000
 1.154000 0.000000 0.000000
 1.155000 0.000000 0.000000
 1.156000 0.000000 0.000000
 1.157000 0.000000 0.000000
 1.158000 0.000000 0.000000
 1.159000 0.000000 0.000000
 1.160000 0.000000 0.000000
 1.161000 0.000000 0.000000
 1.162000 0.000000 0.000000
 1.163000 0.000000 0.000000
 1.164000 0.000000 0.000000
 1.165000 0.000000 0.000000
 1.166000 0.000000 0.000000
 1.167000 0.000000 0.000000
 1.168000 0.000000 0.000000
 1.169000 0.000000 0.000000
 1.170000 0.000000 0.000000
 1.171000 0.000000 0.000000
 1.172000 0.000000 0.000000
 1.173000 0.000000 0.000000
 1.174000 0.000000 0.000000
 1.175000 0.000000 0.000000
 1.176000 0.000000 0.000000
 1.177000 0.000000 0.000000
 1.178000 0.000000 0.000000
 1.179000 0.000000 0.000000
 1.180000 0.000000 0.000000
 1.181000 0.000000 0.000000
 1.182000 0.000000 0.000000
 1.183000 0.000000 0.000000
 1.184000 0.000000 0.000000
 1.185000 0.000000 0.000000
 1.186000 0.000000 0.000000
 1.187000 0.000000 0.000000
 1.188000 0.000000 0.000000
 1.189000 0.000000 0.000000
 1.190000 0.000000 0.000000
 1.191000 0.000000 0.000000
 1.192000 0.000000 0.000000
 1.193000 0.000000 0.000000
 1.194000 0.000000 0.000000
 1.195000 0.000000 0.000000
 1.196000 0.000000 0.000000
 1.197000 0.000000 0.000000
 1.198000 0.000000 0.000000
 1.199000 0.000000 0.000000
 1.200000 0.000000 0.000000
 1.201000 0.000000 0.000000
 1.202000 0.000000 0.000000
 1.203000 0.000000 0.000000
 1.204000 0.000000 0.000000
 1.205000 0.000000 0.000000
 1.206000 0.000000 0.000000
 1.207000 0.000000 0.000000
 1.208000 0.000000 0.000000
 1.209000 0.000000 0.000000
 1.210000 0.000000 0.000000
 1.211000 0.000000 0.000000
 1.212000 0.000000 0.000000
 1.213000 0.000000 0.000000
 1.214000 0.000000 0.000000
 1.215000 0.000000 0.000000
 1.216000 0.000000 0.000000
 1.217000 0.000000 0.000000
 1.218000 0.000000 0.000000
 1.219000 0.000000 0.000000
 1.220000 0.000000 0.000000
 1.221000 0.000000 0.000000
 1.222000 0.000000 0.000000
 1.223000 0.000000 0.000000
 1.224000 0.000000 0.000000
 1.225000 0.000000 0.000000
 1.226000 0.000000 0.000000
 1.227000 0.000000 0.000000
 1.228000 0.000000 0.000000
 1.229000 0.000000 0.000000
 1.230000 0.000000 0.000000
 1.231000 0.000000 0.000000
 1.232000 0.000000 0.000000
 1.233000 0.000000 0.000000
 1.234000 0.000000 0.000000
 1.235000 0.000000 0.000000
 1.236000 0.000000 0.000000
 1.237000 0.000000 0.000000
 1.238000 0.000000 0.000000
 1.239000 0.000000 0.000000
 1.240000 0.000000 0.000000
 1.241000 0.000000 0.000000
 1.242000 0.000000 0.000000
 1.243000 0.000000 0.000000
 1.244000 0.000000 0.000000
 1.245000 0.000000 0.000000
 1.246000 0.000000 0.000000
 1.247000 0.000000 0.000000
 1.248000 0.000000 0.000000
 1.249000 0.000000 0.000000
 1.250000 0.000000 0.000000
 1.251000 0.000000 0.000000
 1.252000 0.000000 0.000000
 1.253000 0.000000 0.000000
 1.254000 0.000000 0.000000
 1.255000 0.000000 0.000000
 1.256000 0.000000 0.000000
 1.257000 0.000000 0.000000
 1.258000 0.000000 0.000000
 1.259000 0.000000 0.000000
 1.260000 0.000000 0.000000
 1.261000 0.000000 0.000000
 1.262000 0.000000 0.000000
 1.263000 0.000000 0.000000
 1.264000 0.000000 0.000000
 1.265000 0.000000 0.000000
 1.266000 0.000000 0.000000
 1.267000 0.000000 0.000000
 1.268000 0.000000 0.000000
 1.269000 0.000000 0.000000
 1.270000 0.000000 0.000000
 1.271000 0.000000 0.000000
 1.272000 0.000000 0.000000
 1.273000 0.000000 0.000000
 1.274000 0.000000 0.000000
 1.275000 0.000000 0.000000
 1.276000 0.000000 0.000000
 1.277000 0.000000 0.000000
 1.278000 0.000000 0.000000
 1.279000 0.000000 0.000000
 1.280000 0.000000 0.000000
 1.281000 0.000000 0.000000
 1.282000 0.000000 0.000000
 1.283000 0.000000 0.000000
 1.284000 0.000000 0.000000
 1.285000 0.000000 0.000000
 1.286000 0.000000 0.000000
 1.287000 0.000000 0.000000
 1.288000 0.000000 0.000000
 1.289000 0.000000 0.000000
 1.290000 0.000000 0.000000
 1.291000 0.000000 0.000000
 1.292000 0.000000 0.000000
 1.293000 0.000000 0.000000
 1.294000 0.000000 0.000000
 1.295000 0.000000 0.000000
 1.296000 0.000000 0.000000
 1.297000 0.000000 0.000000
 1.298000 0.000000 0.000000
 1.299000 0.000000 0.000000
 1.300000 0.000000 0.000000
 1.301000 0.000000 0.000000
 1.302000 0.000000 0.000000
 1.303000 0.000000 0.000000
 1.304000 0.000000 0.000000
 1.305000 0.000000 0.000000
 1.306000 0.000000 0.000000
 1.307000 0.000000 0.000000
 1.308000 0.000000 0.000000
 1.309000 0.000000 0.000000
 1.310000 0.000000 0.000000
 1.311000 0.000000 0.000000
 1.312000 0.000000 0.000000
 1.313000 0.000000 0.000000
 1.314000 0.000000 0.000000
 1.315000 0.000000 0.000000
 1.316000 0.000000 0.000000
 1.317000 0.000000 0.000000
 1.318000 0.000000 0.000000
 1.319000 0.000000 0.000000
 1.320000 0.000000 0.000000
 1.321000 0.000000 0.000000
 1.322000 0.000000 0.000000
 1.323000 0.000000 0.000000
 1.324000 0.000000 0.000000
 1.325000 0.000000 0.000000
 1.326000 0.000000 0.000000
 1.327000 0.000000 0.000000
 1.328000 0.000000 0.000000
 1.329000 0.000000 0.000000
 1.330000 0.000000 0.000000
 1.331000 0.000000 0.000000
 1.332000 0.000000 0.000000
 1.333000 0.000000 0.000000
 1.334000 0.000000 0.000000
 1.335000 0.000000 0.000000
 1.336000 0.000000 0.000000
 1.337000 0.000000 0.000000
 1.338000 0.000000 0.000000
 1.339000 0.000000 0.000000
 1.340000 0.000000 0.000000
 1.341000 0.000000 0.000000
 1.342000 0.000000 0.000000
 1.343000 0.000000 0.000000
 1.344000 0.000000 0.000000
 1.345000 0.000000 0.000000
 1.346000 0.000000 0.000000
 1.347000 0.000000 0.000000
 1.348000 0.000000 0.000000
 1.349000 0.000000 0.000000
 1.350000 0.000000 0.000000
 1.351000 0.000000 0.000000
 1.352000 0.000000 0.000000
 1.353000 0.000000 0.000000
 1.354000 0.000000 0.000000
 1.355000 0.000000 0.000000
 1.356000 0.000000 0.000000
 1.357000 0.000000 0.000000
 1.358000 0.000000 0.000000
 1.359000 0.000000 0.000000
 1.360000 0.000000 0.000000
 1.361000 0.000000 0.000000
 1.362000 0.000000 0.000000
 1.363000 0.000000 0.000000
 1.364000 0.000000 0.000000
 1.365000 0.000000 0.000000
 1.366000 0.000000 0.000000
 1.367000 0.000000 0.000000
 1.368000 0.000000 0.000000
 1.369000 0.000000 0.000000
 1.370000 0.000000 0.000000
 1.371000 0.000000 0.000000
 1.372000 0.000000 0.000000
 1.373000 0.000000 0.000000
 1.374000 0.000000 0.000000
 1.375000 0.000000 0.000000
 1.376000 0.000000 0.000000
 1.377000 0.000000 0.000000
 1.378000 0.000000 0.000000
 1.379000 0.000000 0.000000
 1.380000 0.000000 0.000000
 1.381000 0.000000 0.000000
 1.382000 0.000000 0.000000
 1.383000 0.000000 0.000000
 1.384000 0.000000 0.000000
 1.385000 0.000000 0.000000
 1.386000 0.000000 0.000000
 1.387000 0.000000 0.000000
 1.388000 0.000000 0.000000
 1.389000 0.000000 0.000000
 1.390000 0.000000 0.000000
 1.391000 0.000000 0.000000
 1.392000 0.000000 0.000000
 1.393000 0.000000 0.000000
 1.394000 0.000000 0.000000
 1.395000 0.000000 0.000000
 1.396000 0.000000 0.000000
 1.397000 0.000000 0.000000
 1.398000 0.000000 0.000000
 1.399000 0.000000 0.000000
 1.400000 0.000000 0.000000
 1.401000 0.000000 0.000000
 1.402000 0.000000 0.000000
 1.403000 0.000000 0.000000
 1.404000 0.000000 0.000000
 1.405000 0.000000 0.000000
 1.406000 0.000000 0.000000
 1.407000 0.000000 0.000000
 1.408000 0.000000 0.000000
 1.409000 0.000000 0.000000
 1.410000 0.000000 0.000000
 1.411000 0.000000 0.000000
 1.412000 0.000000 0.000000
 1.413000 0.000000 0.000000
 1.414000 0.000000 0.000000
 1.415000 0.000000 0.000000
 1.416000 0.000000 0.000000
 1.417000 0.000000 0.000000
 1.418000 0.000000 0.000000
 1.419000 0.000000 0.000000
 1.420000 0.000000 0.000000
 1.421000 0.000000 0.000000
 1.422000 0.000000 0.000000
 1.423000 0.000000 0.000000
 1.424000 0.000000 0.000000
 1.425000 0.000000 0.000000
 1.426000 0.000000 0.000000
 1.427000 0.000000 0.000000
 1.428000 0.000000 0.000000
 1.429000 0.000000 0.000000
 1.430000 0.000000 0.000000
 1.431000 0.000000 0.000000
 1.432000 0.000000 0.000000
 1.433000 0.000000 0.000000
 1.434000 0.000000 0.000000
 1.435000 0.000000 0.000000
 1.436000 0.000000 0.000000
 1.437000 0.000000 0.000000
 1.438000 0.000000 0.000000
 1.439000 0.000000 0.000000
 1.440000 0.000000 0.000000
 1.441000 0.000000 0.000000
 1.442000 0.000000 0.000000
 1.443000 0.000000 0.000000
 1.444000 0.000000 0.000000
 1.445000 0.000000 0.000000
 1.446000 0.000000 0.000000
 1.447000 0.000000 0.000000
 1.448000 0.000000 0.000000
 1.449000 0.000000 0.000000
 1.450000 0.000000 0.000000
 1.451000 0.000000 0.000000
 1.452000 0.000000 0.000000
 1.453000 0.000000 0.000000
 1.454000 0.000000 0.000000
 1.455000 0.000000 0.000000
 1.456000 0.000000 0.000000
 1.457000 0.000000 0.000000
 1.458000 0.000000 0.000000
 1.459000 0.000000 0.000000
 1.460000 0.000000 0.000000
 1.461000 0.000000 0.000000
 1.462000 0.000000 0.000000
 1.463000 0.000000 0.000000
 1.464000 0.000000 0.000000
 1.465000 0.000000 0.000000
 1.466000 0.000000 0.000000
 1.467000 0.000000 0.000000
 1.468000 0.000000 0.000000
 1.469000 0.000000 0.000000
 1.470000 0.000000 0.000000
 1.471000 0.000000 0.000000
 1.472000 0.000000 0.000000
 1.473000 0.000000 0.000000
 1.474000 0.000000 0.000000
 1.475000 0.000000 0.000000
 1.476000 0.000000 0.000000
 1.477000 0.000000 0.000000
 1.478000 0.000000 0.000000
 1.479000 0.000000 0.000000
 1.480000 0.000000 0.000000
 1.481000 0.000000 0.000000
 1.482000 0.000000 0.000000
 1.483000 0.000000 0.000000
 1.484000 0.000000 0.000000
 1.485000 0.000000 0.000000
 1.486000 0.000000 0.000000
 1.487000 0.000000 0.000000
 1.488000 0.000000 0.000000
 1.489000 0.000000 0.000000
 1.490000 0.000000 0.000000
 1.491000 0.000000 0.000000
 1.492000 0.000000 0.000000
 1.493000 0.000000 0.000000
 1.494000 0.000000 0.000000
 1.495000 0.000000 0.000000
 1.496000 0.000000 0.000000
 1.497000 0.000000 0.000000
 1.498000 0.000000 0.000000
 1.499000 0.000000 0.000000
 1.500000 0.000000 0.000000
