#! FIELDS s hh dhh_s
#! SET normalisation  399.000000
#! SET min_s -0.5
#! SET max_s 1.5
#! SET nbins_s  2000
#! SET periodic_s false
 -0.500000 0.000000 0.000000
 -0.499000 0.000000 0.000000
 -0.498000 0.000000 0.000000
 -0.497000 0.000000 0.000000
 -0.496000 0.000000 0.000000
 -0.495000 0.000000 0.000000
 -0.494000 0.000000 0.000000
 -0.493000 0.000000 0.000000
 -0.492000 0.000000 0.000000
 -0.491000 0.000000 0.000000
 -0.490000 0.000000 0.000000
 -0.489000 0.000000 0.000000
 -0.488000 0.000000 0.000000
 -0.487000 0.000000 0.000000
 -0.486000 0.000000 0.000000
 -0.485000 0.000000 0.000000
 -0.484000 0.000000 0.000000
 -0.483000 0.000000 0.000000
 -0.482000 0.000000 0.000000
 -0.481000 0.000000 0.000000
 -0.480000 0.000000 0.000000
 -0.479000 0.000000 0.000000
 -0.478000 0.000000 0.000000
 -0.477000 0.000000 0.000000
 -0.476000 0.000000 0.000000
 -0.475000 0.000000 0.000000
 -0.474000 0.000000 0.000000
 -0.473000 0.000000 0.000000
 -0.472000 0.000000 0.000000
 -0.471000 0.000000 0.000000
 -0.470000 0.000000 0.000000
 -0.469000 0.000000 0.000000
 -0.468000 0.000000 0.000000
 -0.467000 0.000000 0.000000
 -0.466000 0.000000 0.000000
 -0.465000 0.000000 0.000000
 -0.464000 0.000000 0.000000
 -0.463000 0.000000 0.000000
 -0.462000 0.000000 0.000000
 -0.461000 0.000000 0.000000
 -0.460000 0.000000 0.000000
 -0.459000 0.000000 0.000000
 -0.458000 0.000000 0.000000
 -0.457000 0.000000 0.000000
 -0.456000 0.000000 0.000000
 -0.455000 0.000000 0.000000
 -0.454000 0.000000 0.000000
 -0.453000 0.000000 0.000000
 -0.452000 0.000000 0.000000
 -0.451000 0.000000 0.000000
 -0.450000 0.000000 0.000000
 -0.449000 0.000000 0.000000
 -0.448000 0.000000 0.000000
 -0.447000 0.000000 0.000000
 -0.446000 0.000000 0.000000
 -0.445000 0.000000 0.000000
 -0.444000 0.000000 0.000000
 -0.443000 0.000000 0.000000
 -0.442000 0.000000 0.000000
 -0.441000 0.000000 0.000000
 -0.440000 0.000000 0.000000
 -0.439000 0.000000 0.000000
 -0.438000 0.000000 0.000000
 -0.437000 0.000000 0.000000
 -0.436000 0.000000 0.000000
 -0.435000 0.000000 0.000000
 -0.434000 0.000000 0.000000
 -0.433000 0.000000 0.000000
 -0.432000 0.000000 0.000000
 -0.431000 0.000000 0.000000
 -0.430000 0.000000 0.000000
 -0.429000 0.000000 0.000000
 -0.428000 0.000000 0.000000
 -0.427000 0.000000 0.000000
 -0.426000 0.000000 0.000000
 -0.425000 0.000000 0.000000
 -0.424000 0.000000 0.000000
 -0.423000 0.000000 0.000000
 -0.422000 0.000000 0.000000
 -0.421000 0.000000 0.000000
 -0.420000 0.000000 0.000000
 -0.419000 0.000000 0.000000
 -0.418000 0.000000 0.000000
 -0.417000 0.000000 0.000000
 -0.416000 0.000000 0.000000
 -0.415000 0.000000 0.000000
 -0.414000 0.000000 0.000000
 -0.413000 0.000000 0.000000
 -0.412000 0.000000 0.000000
 -0.411000 0.000000 0.000000
 -0.410000 0.000000 0.000000
 -0.409000 0.000000 0.000000
 -0.408000 0.000000 0.000000
 -0.407000 0.000000 0.000000
 -0.406000 0.000000 0.000000
 -0.405000 0.000000 0.000000
 -0.404000 0.000000 0.000000
 -0.403000 0.000000 0.000000
 -0.402000 0.000000 0.000000
 -0.401000 0.000000 0.000000
 -0.400000 0.000000 0.000000
 -0.399000 0.000000 0.000000
 -0.398000 0.000000 0.000000
 -0.397000 0.000000 0.000000
 -0.396000 0.000000 0.000000
 -0.395000 0.000000 0.000000
 -0.394000 0.000000 0.000000
 -0.393000 0.000000 0.000000
 -0.392000 0.000000 0.000000
 -0.391000 0.000000 0.000000
 -0.390000 0.000000 0.000000
 -0.389000 0.000000 0.000000
 -0.388000 0.000000 0.000000
 -0.387000 0.000000 0.000000
 -0.386000 0.000000 0.000000
 -0.385000 0.000000 0.000000
 -0.384000 0.000000 0.000000
 -0.383000 0.000000 0.000000
 -0.382000 0.000000 0.000000
 -0.381000 0.000000 0.000000
 -0.380000 0.000000 0.000000
 -0.379000 0.000000 0.000000
 -0.378000 0.000000 0.000000
 -0.377000 0.000000 0.000000
 -0.376000 0.000000 0.000000
 -0.375000 0.000000 0.000000
 -0.374000 0.000000 0.000000
 -0.373000 0.000000 0.000000
 -0.372000 0.000000 0.000000
 -0.371000 0.000000 0.000000
 -0.370000 0.000000 0.000000
 -0.369000 0.000000 0.000000
 -0.368000 0.000000 0.000000
 -0.367000 0.000000 0.000000
 -0.366000 0.000000 0.000000
 -0.365000 0.000000 0.000000
 -0.364000 0.000000 0.000000
 -0.363000 0.000000 0.000000
 -0.362000 0.000000 0.000000
 -0.361000 0.000000 0.000000
 -0.360000 0.000000 0.000000
 -0.359000 0.000000 0.000000
 -0.358000 0.000000 0.000000
 -0.357000 0.000000 0.000000
 -0.356000 0.000000 0.000000
 -0.355000 0.000000 0.000000
 -0.354000 0.000000 0.000000
 -0.353000 0.000000 0.000000
 -0.352000 0.000000 0.000000
 -0.351000 0.000000 0.000000
 -0.350000 0.000000 0.000000
 -0.349000 0.000000 0.000000
 -0.348000 0.000000 0.000000
 -0.347000 0.000000 0.000000
 -0.346000 0.000000 0.000000
 -0.345000 0.000000 0.000000
 -0.344000 0.000000 0.000000
 -0.343000 0.000000 0.000000
 -0.342000 0.000000 0.000000
 -0.341000 0.000000 0.000000
 -0.340000 0.000000 0.000000
 -0.339000 0.000000 0.000000
 -0.338000 0.000000 0.000000
 -0.337000 0.000000 0.000000
 -0.336000 0.000000 0.000000
 -0.335000 0.000000 0.000000
 -0.334000 0.000000 0.000000
 -0.333000 0.000000 0.000000
 -0.332000 0.000000 0.000000
 -0.331000 0.000000 0.000000
 -0.330000 0.000000 0.000000
 -0.329000 0.000000 0.000000
 -0.328000 0.000000 0.000000
 -0.327000 0.000000 0.000000
 -0.326000 0.000000 0.000000
 -0.325000 0.000000 0.000000
 -0.324000 0.000000 0.000000
 -0.323000 0.000000 0.000000
 -0.322000 0.000000 0.000000
 -0.321000 0.000000 0.000000
 -0.320000 0.000000 0.000000
 -0.319000 0.000000 0.000000
 -0.318000 0.000000 0.000000
 -0.317000 0.000000 0.000000
 -0.316000 0.000000 0.000000
 -0.315000 0.000000 0.000000
 -0.314000 0.000000 0.000000
 -0.313000 0.000000 0.000000
 -0.312000 0.000000 0.000000
 -0.311000 0.000000 0.000000
 -0.310000 0.000000 0.000000
 -0.309000 0.000000 0.000000
 -0.308000 0.000000 0.000000
 -0.307000 0.000000 0.000000
 -0.306000 0.000000 0.000000
 -0.305000 0.000000 0.000000
 -0.304000 0.000000 0.000000
 -0.303000 0.000000 0.000000
 -0.302000 0.000000 0.000000
 -0.301000 0.000000 0.000000
 -0.300000 0.000000 0.000000
 -0.299000 0.000000 0.000000
 -0.298000 0.000000 0.000000
 -0.297000 0.000000 0.000000
 -0.296000 0.000000 0.000000
 -0.295000 0.000000 0.000000
 -0.294000 0.000000 0.000000
 -0.293000 0.000000 0.000000
 -0.292000 0.000000 0.000000
 -0.291000 0.000000 0.000000
 -0.290000 0.000000 0.000000
 -0.289000 0.000000 0.000000
 -0.288000 0.000000 0.000000
 -0.287000 0.000000 0.000000
 -0.286000 0.000000 0.000000
 -0.285000 0.000000 0.000000
 -0.284000 0.000000 0.000000
 -0.283000 0.000000 0.000000
 -0.282000 0.000000 0.000000
 -0.281000 0.000000 0.000000
 -0.280000 0.000000 0.000000
 -0.279000 0.000000 0.000000
 -0.278000 0.000000 0.000000
 -0.277000 0.000000 0.000000
 -0.276000 0.000000 0.000000
 -0.275000 0.000000 0.000000
 -0.274000 0.000000 0.000000
 -0.273000 0.000000 0.000000
 -0.272000 0.000000 0.000000
 -0.271000 0.000000 0.000000
 -0.270000 0.000000 0.000000
 -0.269000 0.000000 0.000000
 -0.268000 0.000000 0.000000
 -0.267000 0.000000 0.000000
 -0.266000 0.000000 0.000000
 -0.265000 0.000000 0.000000
 -0.264000 0.000000 0.000000
 -0.263000 0.000000 0.000000
 -0.262000 0.000000 0.000000
 -0.261000 0.000000 0.000000
 -0.260000 0.000000 0.000000
 -0.259000 0.000000 0.000000
 -0.258000 0.000000 0.000000
 -0.257000 0.000000 0.000000
 -0.256000 0.000000 0.000000
 -0.255000 0.000000 0.000000
 -0.254000 0.000000 0.000000
 -0.253000 0.000000 0.000000
 -0.252000 0.000000 0.000000
 -0.251000 0.000000 0.000000
 -0.250000 0.000000 0.000000
 -0.249000 0.000000 0.000000
 -0.248000 0.000000 0.000000
 -0.247000 0.000000 0.000000
 -0.246000 0.000000 0.000000
 -0.245000 0.000000 0.000000
 -0.244000 0.000000 0.000000
 -0.243000 0.000000 0.000000
 -0.242000 0.000000 0.000000
 -0.241000 0.000000 0.000000
 -0.240000 0.000000 0.000000
 -0.239000 0.000000 0.000000
 -0.238000 0.000000 0.000000
 -0.237000 0.000000 0.000000
 -0.236000 0.000000 0.000000
 -0.235000 0.000000 0.000000
 -0.234000 0.000000 0.000000
 -0.233000 0.000000 0.000000
 -0.232000 0.000000 0.000000
 -0.231000 0.000000 0.000000
 -0.230000 0.000000 0.000000
 -0.229000 0.000000 0.000000
 -0.228000 0.000000 0.000000
 -0.227000 0.000000 0.000000
 -0.226000 0.000000 0.000000
 -0.225000 0.000000 0.000000
 -0.224000 0.000000 0.000000
 -0.223000 0.000000 0.000000
 -0.222000 0.000000 0.000000
 -0.221000 0.000000 0.000000
 -0.220000 0.000000 0.000000
 -0.219000 0.000000 0.000000
 -0.218000 0.000000 0.000000
 -0.217000 0.000000 0.000000
 -0.216000 0.000000 0.000000
 -0.215000 0.000000 0.000000
 -0.214000 0.000000 0.000000
 -0.213000 0.000000 0.000000
 -0.212000 0.000000 0.000000
 -0.211000 0.000000 0.000000
 -0.210000 0.000000 0.000000
 -0.209000 0.000000 0.000000
 -0.208000 0.000000 0.000000
 -0.207000 0.000000 0.000000
 -0.206000 0.000000 0.000000
 -0.205000 0.000000 0.000000
 -0.204000 0.000000 0.000000
 -0.203000 0.000000 0.000000
 -0.202000 0.000000 0.000000
 -0.201000 0.000000 0.000000
 -0.200000 0.000000 0.000000
 -0.199000 0.000000 0.000000
 -0.198000 0.000000 0.000000
 -0.197000 0.000000 0.000000
 -0.196000 0.000000 0.000000
 -0.195000 0.000000 0.000000
 -0.194000 0.000000 0.000000
 -0.193000 0.000000 0.000000
 -0.192000 0.000000 0.000000
 -0.191000 0.000000 0.000000
 -0.190000 0.000000 0.000000
 -0.189000 0.000000 0.000000
 -0.188000 0.000000 0.000000
 -0.187000 0.000000 0.000000
 -0.186000 0.000000 0.000000
 -0.185000 0.000000 0.000000
 -0.184000 0.000000 0.000000
 -0.183000 0.000000 0.000000
 -0.182000 0.000000 0.000000
 -0.181000 0.000000 0.000000
 -0.180000 0.000000 0.000000
 -0.179000 0.000000 0.000000
 -0.178000 0.000000 0.000000
 -0.177000 0.000000 0.000000
 -0.176000 0.000000 0.000000
 -0.175000 0.000000 0.000000
 -0.174000 0.000000 0.000000
 -0.173000 0.000000 0.000000
 -0.172000 0.000000 0.000000
 -0.171000 0.000000 0.000000
 -0.170000 0.000000 0.000000
 -0.169000 0.000000 0.000000
 -0.168000 0.000000 0.000000
 -0.167000 0.000000 0.000000
 -0.166000 0.000000 0.000000
 -0.165000 0.000000 0.000000
 -0.164000 0.000000 0.000000
 -0.163000 0.000000 0.000000
 -0.162000 0.000000 0.000000
 -0.161000 0.000000 0.000000
 -0.160000 0.000000 0.000000
 -0.159000 0.000000 0.000000
 -0.158000 0.000000 0.000000
 -0.157000 0.000000 0.000000
 -0.156000 0.000000 0.000000
 -0.155000 0.000000 0.000000
 -0.154000 0.000000 0.000000
 -0.153000 0.000000 0.000000
 -0.152000 0.000000 0.000000
 -0.151000 0.000000 0.000000
 -0.150000 0.000000 0.000000
 -0.149000 0.000000 0.000000
 -0.148000 0.000000 0.000000
 -0.147000 0.000000 0.000000
 -0.146000 0.000000 0.000000
 -0.145000 0.000000 0.000000
 -0.144000 0.000000 0.000000
 -0.143000 0.000000 0.000000
 -0.142000 0.000000 0.000000
 -0.141000 0.000000 0.000000
 -0.140000 0.000000 0.000000
 -0.139000 0.000000 0.000000
 -0.138000 0.000000 0.000000
 -0.137000 0.000000 0.000000
 -0.136000 0.000000 0.000000
 -0.135000 0.000000 0.000000
 -0.134000 0.000000 0.000000
 -0.133000 0.000000 0.000000
 -0.132000 0.000000 0.000000
 -0.131000 0.000000 0.000000
 -0.130000 0.000000 0.000000
 -0.129000 0.000000 0.000000
 -0.128000 0.000000 0.000000
 -0.127000 0.000000 0.000000
 -0.126000 0.000000 0.000000
 -0.125000 0.000000 0.000000
 -0.124000 0.000000 0.000000
 -0.123000 0.000000 0.000000
 -0.122000 0.000000 0.000000
 -0.121000 0.000000 0.000000
 -0.120000 0.000000 0.000000
 -0.119000 0.000000 0.000000
 -0.118000 0.000000 0.000000
 -0.117000 0.000000 0.000000
 -0.116000 0.000000 0.000000
 -0.115000 0.000000 0.000000
 -0.114000 0.000000 0.000000
 -0.113000 0.000000 0.000000
 -0.112000 0.000000 0.000000
 -0.111000 0.000000 0.000000
 -0.110000 0.000000 0.000000
 -0.109000 0.000000 0.000000
 -0.108000 0.000000 0.000000
 -0.107000 0.000000 0.000000
 -0.106000 0.000000 0.000000
 -0.105000 0.000000 0.000000
 -0.104000 0.000000 0.000000
 -0.103000 0.000000 0.000000
 -0.102000 0.000000 0.000000
 -0.101000 0.000000 0.000000
 -0.100000 0.000000 0.000000
 -0.099000 0.000000 0.000000
 -0.098000 0.000000 0.000000
 -0.097000 0.000000 0.000000
 -0.096000 0.000000 0.000000
 -0.095000 0.000000 0.000000
 -0.094000 0.000000 0.000000
 -0.093000 0.000000 0.000000
 -0.092000 0.000000 0.000000
 -0.091000 0.000000 0.000000
 -0.090000 0.000000 0.000000
 -0.089000 0.000000 0.000000
 -0.088000 0.000000 0.000000
 -0.087000 0.000000 0.000000
 -0.086000 0.000000 0.000000
 -0.085000 0.000000 0.000000
 -0.084000 0.000000 0.000000
 -0.083000 0.000000 0.000000
 -0.082000 0.000000 0.000000
 -0.081000 0.000000 0.000000
 -0.080000 0.000000 0.000000
 -0.079000 0.000000 0.000000
 -0.078000 0.000000 0.000000
 -0.077000 0.000000 0.000000
 -0.076000 0.000000 0.000000
 -0.075000 0.000000 0.000000
 -0.074000 0.000000 0.000000
 -0.073000 0.000000 0.000000
 -0.072000 0.000000 0.000000
 -0.071000 0.000000 0.000000
 -0.070000 0.000000 0.000000
 -0.069000 0.000000 0.000000
 -0.068000 0.000000 0.000000
 -0.067000 0.000000 0.000000
 -0.066000 0.000000 0.000000
 -0.065000 0.000000 0.000000
 -0.064000 0.000000 0.000000
 -0.063000 0.000000 0.000000
 -0.062000 0.000000 0.000000
 -0.061000 0.000000 0.000000
 -0.060000 0.000000 0.000000
 -0.059000 0.000000 0.000000
 -0.058000 0.000000 0.000000
 -0.057000 0.000000 0.000000
 -0.056000 0.000000 0.000000
 -0.055000 0.000000 0.000000
 -0.054000 0.000000 0.000000
 -0.053000 0.000000 0.000000
 -0.052000 0.000000 0.000000
 -0.051000 0.000000 0.000000
 -0.050000 0.000000 0.000000
 -0.049000 0.000000 0.000000
 -0.048000 0.000000 0.000000
 -0.047000 0.000000 0.000000
 -0.046000 0.000000 0.000000
 -0.045000 0.000000 0.000000
 -0.044000 0.000000 0.000000
 -0.043000 0.000000 0.000000
 -0.042000 0.000000 0.000000
 -0.041000 0.000000 0.000000
 -0.040000 0.000000 0.000000
 -0.039000 0.000000 0.000000
 -0.038000 0.000000 0.000000
 -0.037000 0.000000 0.000000
 -0.036000 0.000013 0.004555
 -0.035000 0.000025 0.008980
 -0.034000 0.000043 0.015030
 -0.033000 0.000067 0.022718
 -0.032000 0.000100 0.033396
 -0.031000 0.000145 0.047009
 -0.030000 0.000208 0.065992
 -0.029000 0.000295 0.091458
 -0.028000 0.000413 0.124563
 -0.027000 0.000574 0.169089
 -0.026000 0.000788 0.226490
 -0.025000 0.001081 0.304045
 -0.024000 0.001448 0.396711
 -0.023000 0.001936 0.517366
 -0.022000 0.002555 0.664963
 -0.021000 0.003344 0.847640
 -0.020000 0.004332 1.068060
 -0.019000 0.005555 1.329851
 -0.018000 0.007076 1.645134
 -0.017000 0.008935 2.015825
 -0.016000 0.011199 2.450078
 -0.015000 0.013929 2.953087
 -0.014000 0.017211 3.535697
 -0.013000 0.021124 4.203689
 -0.012000 0.025755 4.963018
 -0.011000 0.031187 5.815449
 -0.010000 0.037511 6.762962
 -0.009000 0.044847 7.816085
 -0.008000 0.053312 8.980955
 -0.007000 0.062982 10.247513
 -0.006000 0.073969 11.617249
 -0.005000 0.086385 13.090013
 -0.004000 0.100306 14.652629
 -0.003000 0.115849 16.307043
 -0.002000 0.133098 18.044113
 -0.001000 0.152119 19.848991
 0.000000 0.172966 21.706695
 0.001000 0.195704 23.608381
 0.002000 0.220357 25.535187
 0.003000 0.246944 27.471997
 0.004000 0.275454 29.397352
 0.005000 0.305915 31.310766
 0.006000 0.338284 33.191975
 0.007000 0.372484 35.014933
 0.008000 0.408484 36.777155
 0.009000 0.446221 38.470060
 0.010000 0.485601 40.078647
 0.011000 0.526560 41.604937
 0.012000 0.569012 43.046055
 0.013000 0.612859 44.397301
 0.014000 0.658004 45.656908
 0.015000 0.704380 46.834496
 0.016000 0.751880 47.925273
 0.017000 0.800441 48.940560
 0.018000 0.849994 49.887318
 0.019000 0.900445 50.761692
 0.020000 0.951765 51.582179
 0.021000 1.003873 52.345182
 0.022000 1.056697 53.049307
 0.023000 1.110231 53.714935
 0.024000 1.164382 54.327803
 0.025000 1.219158 54.909665
 0.026000 1.274517 55.462154
 0.027000 1.330390 55.975398
 0.028000 1.386753 56.455293
 0.029000 1.443577 56.903685
 0.030000 1.500848 57.328252
 0.031000 1.558534 57.727421
 0.032000 1.616622 58.107362
 0.033000 1.675078 58.464069
 0.034000 1.733860 58.790908
 0.035000 1.792958 59.092289
 0.036000 1.852357 59.371346
 0.037000 1.911999 59.620724
 0.038000 1.971899 59.843791
 0.039000 2.032002 60.031959
 0.040000 2.092280 60.184444
 0.041000 2.152695 60.298942
 0.042000 2.213219 60.374755
 0.043000 2.273777 60.402696
 0.044000 2.334354 60.388236
 0.045000 2.394886 60.322879
 0.046000 2.455342 60.213590
 0.047000 2.515647 60.050719
 0.048000 2.575738 59.835111
 0.049000 2.635615 59.565440
 0.050000 2.695166 59.245716
 0.051000 2.754355 58.862006
 0.052000 2.813150 58.438587
 0.053000 2.871462 57.951541
 0.054000 2.929342 57.438347
 0.055000 2.986639 56.880751
 0.056000 3.043374 56.289756
 0.057000 3.099502 55.673769
 0.058000 3.155032 55.043460
 0.059000 3.209906 54.406975
 0.060000 3.264103 53.757547
 0.061000 3.317684 53.126803
 0.062000 3.370624 52.493614
 0.063000 3.422948 51.872273
 0.064000 3.474646 51.272330
 0.065000 3.525754 50.706851
 0.066000 3.576314 50.149156
 0.067000 3.626333 49.609309
 0.068000 3.675799 49.079212
 0.069000 3.724721 48.533618
 0.070000 3.773113 47.999538
 0.071000 3.820936 47.450197
 0.072000 3.868206 46.876490
 0.073000 3.914912 46.278237
 0.074000 3.960948 45.636154
 0.075000 4.006345 44.963939
 0.076000 4.051044 44.255532
 0.077000 4.095057 43.522736
 0.078000 4.138291 42.777213
 0.079000 4.180762 42.020144
 0.080000 4.222506 41.251261
 0.081000 4.263482 40.499183
 0.082000 4.303672 39.763155
 0.083000 4.343168 39.055113
 0.084000 4.381947 38.388053
 0.085000 4.420043 37.754428
 0.086000 4.457555 37.170138
 0.087000 4.494510 36.623849
 0.088000 4.530927 36.108786
 0.089000 4.566857 35.612181
 0.090000 4.602286 35.125841
 0.091000 4.637188 34.626422
 0.092000 4.671583 34.089249
 0.093000 4.705423 33.526102
 0.094000 4.738680 32.900115
 0.095000 4.771273 32.187910
 0.096000 4.803074 31.405425
 0.097000 4.834071 30.519314
 0.098000 4.864130 29.565413
 0.099000 4.893158 28.521674
 0.100000 4.921130 27.394178
 0.101000 4.947958 26.199195
 0.102000 4.973553 24.941231
 0.103000 4.997836 23.638813
 0.104000 5.020829 22.318802
 0.105000 5.042463 20.986156
 0.106000 5.062766 19.646121
 0.107000 5.081724 18.299350
 0.108000 5.099351 16.976834
 0.109000 5.115644 15.675099
 0.110000 5.130637 14.379983
 0.111000 5.144361 13.135305
 0.112000 5.156846 11.910365
 0.113000 5.168151 10.722843
 0.114000 5.178257 9.565832
 0.115000 5.187171 8.427011
 0.116000 5.194983 7.316802
 0.117000 5.201683 6.233465
 0.118000 5.207310 5.176690
 0.119000 5.211864 4.152460
 0.120000 5.215444 3.158561
 0.121000 5.218032 2.183439
 0.122000 5.219650 1.246799
 0.123000 5.220376 0.338745
 0.124000 5.220211 -0.553366
 0.125000 5.219166 -1.403739
 0.126000 5.217297 -2.253074
 0.127000 5.214511 -3.066997
 0.128000 5.210937 -3.901632
 0.129000 5.206536 -4.734691
 0.130000 5.201298 -5.580669
 0.131000 5.195133 -6.456908
 0.132000 5.188106 -7.363192
 0.133000 5.180189 -8.320701
 0.134000 5.171266 -9.298087
 0.135000 5.161338 -10.338621
 0.136000 5.150353 -11.415493
 0.137000 5.138248 -12.545966
 0.138000 5.124989 -13.691495
 0.139000 5.110538 -14.878504
 0.140000 5.094906 -16.066641
 0.141000 5.078113 -17.257707
 0.142000 5.060148 -18.444819
 0.143000 5.040988 -19.580443
 0.144000 5.020728 -20.674619
 0.145000 4.999377 -21.711511
 0.146000 4.977037 -22.657166
 0.147000 4.953865 -23.517504
 0.148000 4.929839 -24.266185
 0.149000 4.905120 -24.905958
 0.150000 4.879795 -25.411613
 0.151000 4.854005 -25.803465
 0.152000 4.827886 -26.076440
 0.153000 4.801549 -26.228177
 0.154000 4.775083 -26.284989
 0.155000 4.748679 -26.235145
 0.156000 4.722342 -26.093246
 0.157000 4.696176 -25.886485
 0.158000 4.670296 -25.622007
 0.159000 4.644675 -25.289001
 0.160000 4.619427 -24.907694
 0.161000 4.594580 -24.504245
 0.162000 4.570081 -24.099722
 0.163000 4.546019 -23.680883
 0.164000 4.522372 -23.289331
 0.165000 4.499148 -22.901869
 0.166000 4.476282 -22.516867
 0.167000 4.453732 -22.171505
 0.168000 4.431548 -21.870450
 0.169000 4.409645 -21.607004
 0.170000 4.388011 -21.379472
 0.171000 4.366552 -21.191994
 0.172000 4.345263 -21.064556
 0.173000 4.324070 -20.979416
 0.174000 4.302895 -20.956776
 0.175000 4.281739 -20.991658
 0.176000 4.260541 -21.088905
 0.177000 4.239209 -21.226473
 0.178000 4.217727 -21.410149
 0.179000 4.196032 -21.641878
 0.180000 4.174080 -21.928545
 0.181000 4.151811 -22.240542
 0.182000 4.129233 -22.584733
 0.183000 4.106312 -22.963588
 0.184000 4.082981 -23.324821
 0.185000 4.059302 -23.696585
 0.186000 4.035227 -24.052380
 0.187000 4.010824 -24.395033
 0.188000 3.986097 -24.741775
 0.189000 3.961003 -25.062781
 0.190000 3.935620 -25.356787
 0.191000 3.909977 -25.624397
 0.192000 3.884068 -25.870077
 0.193000 3.857925 -26.070920
 0.194000 3.831598 -26.259023
 0.195000 3.805097 -26.418982
 0.196000 3.778443 -26.545292
 0.197000 3.751661 -26.662108
 0.198000 3.724774 -26.749683
 0.199000 3.697823 -26.826656
 0.200000 3.670792 -26.901203
 0.201000 3.643699 -26.966190
 0.202000 3.616541 -27.012207
 0.203000 3.589308 -27.065525
 0.204000 3.562073 -27.142739
 0.205000 3.534717 -27.222375
 0.206000 3.507273 -27.318804
 0.207000 3.479710 -27.439674
 0.208000 3.452018 -27.597650
 0.209000 3.424143 -27.787116
 0.210000 3.396096 -28.024391
 0.211000 3.367775 -28.291442
 0.212000 3.339170 -28.619940
 0.213000 3.310234 -28.962607
 0.214000 3.280900 -29.341631
 0.215000 3.251159 -29.761529
 0.216000 3.221013 -30.192584
 0.217000 3.190418 -30.638830
 0.218000 3.159406 -31.095350
 0.219000 3.127920 -31.527935
 0.220000 3.095979 -31.936376
 0.221000 3.063670 -32.324195
 0.222000 3.031008 -32.671703
 0.223000 2.998010 -32.967058
 0.224000 2.964749 -33.216907
 0.225000 2.931265 -33.407192
 0.226000 2.897623 -33.528009
 0.227000 2.863899 -33.612110
 0.228000 2.830086 -33.615009
 0.229000 2.796326 -33.571601
 0.230000 2.762648 -33.489613
 0.231000 2.729051 -33.362859
 0.232000 2.695594 -33.203683
 0.233000 2.662306 -33.005099
 0.234000 2.629210 -32.797173
 0.235000 2.596391 -32.596317
 0.236000 2.563746 -32.375147
 0.237000 2.531359 -32.160782
 0.238000 2.499132 -31.940444
 0.239000 2.467116 -31.721260
 0.240000 2.435351 -31.536039
 0.241000 2.403756 -31.354206
 0.242000 2.372333 -31.189282
 0.243000 2.341064 -31.020509
 0.244000 2.309967 -30.861248
 0.245000 2.279034 -30.715731
 0.246000 2.248246 -30.559450
 0.247000 2.217644 -30.411789
 0.248000 2.187174 -30.251130
 0.249000 2.156860 -30.075397
 0.250000 2.126717 -29.873763
 0.251000 2.096775 -29.644643
 0.252000 2.067096 -29.386409
 0.253000 2.037713 -29.097459
 0.254000 2.008629 -28.767306
 0.255000 1.979897 -28.391706
 0.256000 1.951588 -27.972547
 0.257000 1.923698 -27.499326
 0.258000 1.896303 -26.988386
 0.259000 1.869438 -26.439563
 0.260000 1.843129 -25.852876
 0.261000 1.817447 -25.258304
 0.262000 1.792380 -24.661282
 0.263000 1.767898 -24.058697
 0.264000 1.743998 -23.474332
 0.265000 1.720689 -22.925166
 0.266000 1.697873 -22.410710
 0.267000 1.675592 -21.948636
 0.268000 1.653727 -21.552190
 0.269000 1.632209 -21.216639
 0.270000 1.611024 -20.953735
 0.271000 1.590043 -20.752643
 0.272000 1.569230 -20.616421
 0.273000 1.548546 -20.543511
 0.274000 1.527906 -20.514036
 0.275000 1.507245 -20.518372
 0.276000 1.486596 -20.557032
 0.277000 1.465886 -20.606466
 0.278000 1.445140 -20.662902
 0.279000 1.424350 -20.705984
 0.280000 1.403518 -20.734484
 0.281000 1.382691 -20.730472
 0.282000 1.361873 -20.693600
 0.283000 1.341100 -20.621789
 0.284000 1.320405 -20.515836
 0.285000 1.299873 -20.386535
 0.286000 1.279443 -20.211589
 0.287000 1.259215 -20.029704
 0.288000 1.239197 -19.839022
 0.289000 1.219352 -19.629650
 0.290000 1.199736 -19.423922
 0.291000 1.180302 -19.227872
 0.292000 1.161055 -19.045984
 0.293000 1.141998 -18.892495
 0.294000 1.123085 -18.757218
 0.295000 1.104287 -18.643414
 0.296000 1.085594 -18.553660
 0.297000 1.067000 -18.489793
 0.298000 1.048460 -18.439162
 0.299000 1.029949 -18.393310
 0.300000 1.011508 -18.361517
 0.301000 0.993099 -18.312709
 0.302000 0.974728 -18.247137
 0.303000 0.956436 -18.165384
 0.304000 0.938247 -18.059943
 0.305000 0.920182 -17.924324
 0.306000 0.902248 -17.747247
 0.307000 0.884519 -17.545487
 0.308000 0.867003 -17.307868
 0.309000 0.849738 -17.044032
 0.310000 0.832743 -16.752093
 0.311000 0.816068 -16.447162
 0.312000 0.799704 -16.118106
 0.313000 0.783688 -15.786449
 0.314000 0.768000 -15.445485
 0.315000 0.752668 -15.108497
 0.316000 0.737662 -14.765620
 0.317000 0.722994 -14.427606
 0.318000 0.708666 -14.098153
 0.319000 0.694646 -13.773193
 0.320000 0.680953 -13.456400
 0.321000 0.667582 -13.150504
 0.322000 0.654520 -12.855807
 0.323000 0.641750 -12.562953
 0.324000 0.629271 -12.275927
 0.325000 0.617070 -11.987773
 0.326000 0.605151 -11.704785
 0.327000 0.593532 -11.430051
 0.328000 0.582185 -11.158621
 0.329000 0.571098 -10.892026
 0.330000 0.560284 -10.632141
 0.331000 0.549724 -10.387485
 0.332000 0.539407 -10.153048
 0.333000 0.529300 -9.934491
 0.334000 0.519397 -9.735922
 0.335000 0.509685 -9.560540
 0.336000 0.500141 -9.406168
 0.337000 0.490744 -9.282653
 0.338000 0.481463 -9.182768
 0.339000 0.472282 -9.111515
 0.340000 0.463127 -9.057170
 0.341000 0.454034 -9.035555
 0.342000 0.444957 -9.039390
 0.343000 0.435856 -9.059469
 0.344000 0.426732 -9.099462
 0.345000 0.417565 -9.152154
 0.346000 0.408337 -9.213307
 0.347000 0.399053 -9.272729
 0.348000 0.389722 -9.331628
 0.349000 0.380328 -9.378664
 0.350000 0.370898 -9.412522
 0.351000 0.361439 -9.428172
 0.352000 0.351969 -9.415334
 0.353000 0.342533 -9.381041
 0.354000 0.333135 -9.308934
 0.355000 0.323832 -9.208153
 0.356000 0.314650 -9.079383
 0.357000 0.305614 -8.920713
 0.358000 0.296744 -8.731546
 0.359000 0.288080 -8.517051
 0.360000 0.279651 -8.284268
 0.361000 0.271466 -8.033336
 0.362000 0.263535 -7.766832
 0.363000 0.255866 -7.490290
 0.364000 0.248490 -7.214241
 0.365000 0.241389 -6.934104
 0.366000 0.234567 -6.656509
 0.367000 0.228016 -6.382098
 0.368000 0.221738 -6.115809
 0.369000 0.215721 -5.855533
 0.370000 0.209958 -5.605618
 0.371000 0.204440 -5.366614
 0.372000 0.199161 -5.139732
 0.373000 0.194110 -4.923775
 0.374000 0.189260 -4.715762
 0.375000 0.184617 -4.520295
 0.376000 0.180169 -4.337927
 0.377000 0.175892 -4.168349
 0.378000 0.171775 -4.013537
 0.379000 0.167804 -3.873074
 0.380000 0.163972 -3.749423
 0.381000 0.160249 -3.643230
 0.382000 0.156627 -3.556790
 0.383000 0.153085 -3.488841
 0.384000 0.149605 -3.436331
 0.385000 0.146162 -3.397423
 0.386000 0.142752 -3.376419
 0.387000 0.139360 -3.369979
 0.388000 0.135969 -3.372951
 0.389000 0.132567 -3.385452
 0.390000 0.129153 -3.404019
 0.391000 0.125715 -3.425715
 0.392000 0.122264 -3.449481
 0.393000 0.118786 -3.468988
 0.394000 0.115291 -3.482283
 0.395000 0.111795 -3.490024
 0.396000 0.108295 -3.484985
 0.397000 0.104808 -3.469772
 0.398000 0.101339 -3.439105
 0.399000 0.097912 -3.395137
 0.400000 0.094532 -3.335342
 0.401000 0.091217 -3.259914
 0.402000 0.087988 -3.172080
 0.403000 0.084843 -3.068594
 0.404000 0.081815 -2.958051
 0.405000 0.078902 -2.834914
 0.406000 0.076122 -2.708633
 0.407000 0.073473 -2.578300
 0.408000 0.070958 -2.444284
 0.409000 0.068569 -2.307957
 0.410000 0.066320 -2.177559
 0.411000 0.064194 -2.049679
 0.412000 0.062191 -1.927946
 0.413000 0.060311 -1.818555
 0.414000 0.058532 -1.718944
 0.415000 0.056850 -1.630608
 0.416000 0.055252 -1.554819
 0.417000 0.053725 -1.490826
 0.418000 0.052256 -1.437591
 0.419000 0.050840 -1.395496
 0.420000 0.049450 -1.359137
 0.421000 0.048090 -1.331489
 0.422000 0.046756 -1.311171
 0.423000 0.045440 -1.296056
 0.424000 0.044143 -1.285337
 0.425000 0.042858 -1.274076
 0.426000 0.041588 -1.262172
 0.427000 0.040324 -1.246224
 0.428000 0.039077 -1.226071
 0.429000 0.037855 -1.203017
 0.430000 0.036658 -1.174692
 0.431000 0.035495 -1.142258
 0.432000 0.034365 -1.103185
 0.433000 0.033277 -1.059345
 0.434000 0.032236 -1.011729
 0.435000 0.031242 -0.961428
 0.436000 0.030304 -0.910016
 0.437000 0.029416 -0.857829
 0.438000 0.028577 -0.805904
 0.439000 0.027790 -0.756514
 0.440000 0.027053 -0.710718
 0.441000 0.026359 -0.669205
 0.442000 0.025705 -0.631319
 0.443000 0.025089 -0.599487
 0.444000 0.024501 -0.573397
 0.445000 0.023939 -0.551976
 0.446000 0.023393 -0.534676
 0.447000 0.022863 -0.522432
 0.448000 0.022340 -0.513572
 0.449000 0.021823 -0.507316
 0.450000 0.021314 -0.504874
 0.451000 0.020809 -0.504836
 0.452000 0.020301 -0.505172
 0.453000 0.019788 -0.504811
 0.454000 0.019281 -0.506532
 0.455000 0.018773 -0.507361
 0.456000 0.018265 -0.507350
 0.457000 0.017754 -0.504228
 0.458000 0.017247 -0.499870
 0.459000 0.016748 -0.494367
 0.460000 0.016255 -0.487456
 0.461000 0.015766 -0.477706
 0.462000 0.015292 -0.468164
 0.463000 0.014826 -0.456507
 0.464000 0.014374 -0.444564
 0.465000 0.013934 -0.431300
 0.466000 0.013508 -0.417927
 0.467000 0.013096 -0.403692
 0.468000 0.012697 -0.389904
 0.469000 0.012310 -0.376312
 0.470000 0.011938 -0.364462
 0.471000 0.011578 -0.353584
 0.472000 0.011230 -0.343385
 0.473000 0.010891 -0.335433
 0.474000 0.010558 -0.328602
 0.475000 0.010231 -0.323323
 0.476000 0.009910 -0.319908
 0.477000 0.009591 -0.317771
 0.478000 0.009270 -0.315295
 0.479000 0.008953 -0.314270
 0.480000 0.008639 -0.314187
 0.481000 0.008321 -0.313489
 0.482000 0.008008 -0.313023
 0.483000 0.007695 -0.312078
 0.484000 0.007383 -0.309270
 0.485000 0.007074 -0.304290
 0.486000 0.006773 -0.296911
 0.487000 0.006482 -0.287545
 0.488000 0.006199 -0.275247
 0.489000 0.005930 -0.260224
 0.490000 0.005677 -0.242465
 0.491000 0.005444 -0.222024
 0.492000 0.005230 -0.198408
 0.493000 0.005042 -0.173470
 0.494000 0.004883 -0.146809
 0.495000 0.004750 -0.118949
 0.496000 0.004645 -0.090185
 0.497000 0.004570 -0.061087
 0.498000 0.004521 -0.031465
 0.499000 0.004501 -0.002529
 0.500000 0.004511 0.023712
 0.501000 0.004546 0.048580
 0.502000 0.004606 0.070833
 0.503000 0.004688 0.090874
 0.504000 0.004788 0.107729
 0.505000 0.004903 0.121369
 0.506000 0.005029 0.131888
 0.507000 0.005163 0.138729
 0.508000 0.005303 0.141408
 0.509000 0.005443 0.141058
 0.510000 0.005580 0.136504
 0.511000 0.005713 0.127803
 0.512000 0.005835 0.115642
 0.513000 0.005943 0.100200
 0.514000 0.006034 0.081726
 0.515000 0.006105 0.060928
 0.516000 0.006153 0.037636
 0.517000 0.006178 0.012122
 0.518000 0.006176 -0.014279
 0.519000 0.006147 -0.041513
 0.520000 0.006091 -0.069412
 0.521000 0.006008 -0.096820
 0.522000 0.005898 -0.123173
 0.523000 0.005761 -0.147616
 0.524000 0.005601 -0.169994
 0.525000 0.005420 -0.190369
 0.526000 0.005221 -0.207883
 0.527000 0.005006 -0.222327
 0.528000 0.004778 -0.233595
 0.529000 0.004540 -0.241686
 0.530000 0.004295 -0.246695
 0.531000 0.004047 -0.248804
 0.532000 0.003797 -0.247876
 0.533000 0.003551 -0.245113
 0.534000 0.003308 -0.240318
 0.535000 0.003071 -0.233848
 0.536000 0.002841 -0.226054
 0.537000 0.002619 -0.217261
 0.538000 0.002407 -0.207452
 0.539000 0.002205 -0.197369
 0.540000 0.002011 -0.186577
 0.541000 0.001830 -0.176155
 0.542000 0.001659 -0.165643
 0.543000 0.001499 -0.155106
 0.544000 0.001349 -0.144581
 0.545000 0.001208 -0.133341
 0.546000 0.001079 -0.123064
 0.547000 0.000961 -0.112733
 0.548000 0.000854 -0.102348
 0.549000 0.000757 -0.091916
 0.550000 0.000670 -0.081446
 0.551000 0.000594 -0.070961
 0.552000 0.000527 -0.060142
 0.553000 0.000471 -0.049448
 0.554000 0.000427 -0.039343
 0.555000 0.000391 -0.028974
 0.556000 0.000367 -0.019356
 0.557000 0.000352 -0.010042
 0.558000 0.000347 -0.001150
 0.559000 0.000348 0.008008
 0.560000 0.000359 0.015777
 0.561000 0.000378 0.022393
 0.562000 0.000403 0.028161
 0.563000 0.000434 0.032945
 0.564000 0.000469 0.036624
 0.565000 0.000507 0.039096
 0.566000 0.000546 0.040290
 0.567000 0.000586 0.040537
 0.568000 0.000626 0.038972
 0.569000 0.000663 0.036143
 0.570000 0.000697 0.032119
 0.571000 0.000727 0.027012
 0.572000 0.000751 0.020975
 0.573000 0.000769 0.014198
 0.574000 0.000779 0.006897
 0.575000 0.000783 -0.000691
 0.576000 0.000777 -0.007967
 0.577000 0.000765 -0.015499
 0.578000 0.000746 -0.022574
 0.579000 0.000720 -0.028996
 0.580000 0.000688 -0.034598
 0.581000 0.000651 -0.039253
 0.582000 0.000610 -0.042876
 0.583000 0.000566 -0.045429
 0.584000 0.000520 -0.046915
 0.585000 0.000473 -0.047378
 0.586000 0.000425 -0.046899
 0.587000 0.000379 -0.045584
 0.588000 0.000334 -0.043562
 0.589000 0.000292 -0.040973
 0.590000 0.000253 -0.037960
 0.591000 0.000216 -0.034664
 0.592000 0.000183 -0.031218
 0.593000 0.000154 -0.027738
 0.594000 0.000128 -0.024326
 0.595000 0.000105 -0.021063
 0.596000 0.000086 -0.018011
 0.597000 0.000069 -0.015214
 0.598000 0.000055 -0.012697
 0.599000 0.000044 -0.010471
 0.600000 0.000034 -0.008535
 0.601000 0.000026 -0.006876
 0.602000 0.000020 -0.005477
 0.603000 0.000015 -0.004313
 0.604000 0.000012 -0.003358
 0.605000 0.000009 -0.002586
 0.606000 0.000006 -0.001969
 0.607000 0.000005 -0.001483
 0.608000 0.000003 -0.001105
 0.609000 0.000002 -0.000814
 0.610000 0.000002 -0.000593
 0.611000 0.000000 0.000000
 0.612000 0.000000 0.000000
 0.613000 0.000000 0.000000
 0.614000 0.000000 0.000000
 0.615000 0.000000 0.000000
 0.616000 0.000000 0.000000
 0.617000 0.000000 0.000000
 0.618000 0.000000 0.000000
 0.619000 0.000000 0.000000
 0.620000 0.000000 0.000000
 0.621000 0.000000 0.000000
 0.622000 0.000000 0.000000
 0.623000 0.000000 0.000000
 0.624000 0.000000 0.000000
 0.625000 0.000000 0.000000
 0.626000 0.000000 0.000000
 0.627000 0.000000 0.000000
 0.628000 0.000000 0.000000
 0.629000 0.000000 0.000000
 0.630000 0.000000 0.000000
 0.631000 0.000000 0.000000
 0.632000 0.000000 0.000000
 0.633000 0.000000 0.000000
 0.634000 0.000000 0.000000
 0.635000 0.000000 0.000000
 0.636000 0.000000 0.000000
 0.637000 0.000000 0.000000
 0.638000 0.000000 0.000000
 0.639000 0.000000 0.000000
 0.640000 0.000000 0.000000
 0.641000 0.000000 0.000000
 0.642000 0.000000 0.000000
 0.643000 0.000000 0.000000
 0.644000 0.000000 0.000000
 0.645000 0.000000 0.000000
 0.646000 0.000000 0.000000
 0.647000 0.000000 0.000000
 0.648000 0.000000 0.000000
 0.649000 0.000000 0.000000
 0.650000 0.000000 0.000000
 0.651000 0.000000 0.000000
 0.652000 0.000000 0.000000
 0.653000 0.000000 0.000000
 0.654000 0.000000 0.000000
 0.655000 0.000000 0.000000
 0.656000 0.000000 0.000000
 0.657000 0.000000 0.000000
 0.658000 0.000000 0.000000
 0.659000 0.000000 0.000000
 0.660000 0.000000 0.000000
 0.661000 0.000000 0.000000
 0.662000 0.000000 0.000000
 0.663000 0.000000 0.000000
 0.664000 0.000000 0.000000
 0.665000 0.000000 0.000000
 0.666000 0.000000 0.000000
 0.667000 0.000000 0.000000
 0.668000 0.000000 0.000000
 0.669000 0.000000 0.000000
 0.670000 0.000000 0.000000
 0.671000 0.000000 0.000000
 0.672000 0.000000 0.000000
 0.673000 0.000000 0.000000
 0.674000 0.000000 0.000000
 0.675000 0.000000 0.000000
 0.676000 0.000000 0.000000
 0.677000 0.000000 0.000000
 0.678000 0.000000 0.000000
 0.679000 0.000000 0.000000
 0.680000 0.000000 0.000000
 0.681000 0.000000 0.000000
 0.682000 0.000000 0.000000
 0.683000 0.000000 0.000000
 0.684000 0.000000 0.000000
 0.685000 0.000000 0.000000
 0.686000 0.000000 0.000000
 0.687000 0.000000 0.000000
 0.688000 0.000000 0.000000
 0.689000 0.000000 0.000000
 0.690000 0.000000 0.000000
 0.691000 0.000000 0.000000
 0.692000 0.000000 0.000000
 0.693000 0.000000 0.000000
 0.694000 0.000000 0.000000
 0.695000 0.000000 0.000000
 0.696000 0.000000 0.000000
 0.697000 0.000000 0.000000
 0.698000 0.000000 0.000000
 0.699000 0.000000 0.000000
 0.700000 0.000000 0.000000
 0.701000 0.000000 0.000000
 0.702000 0.000000 0.000000
 0.703000 0.000000 0.000000
 0.704000 0.000000 0.000000
 0.705000 0.000000 0.000000
 0.706000 0.000000 0.000000
 0.707000 0.000000 0.000000
 0.708000 0.000000 0.000000
 0.709000 0.000000 0.000000
 0.710000 0.000000 0.000000
 0.711000 0.000000 0.000000
 0.712000 0.000000 0.000000
 0.713000 0.000000 0.000000
 0.714000 0.000000 0.000000
 0.715000 0.000000 0.000000
 0.716000 0.000000 0.000000
 0.717000 0.000000 0.000000
 0.718000 0.000000 0.000000
 0.719000 0.000000 0.000000
 0.720000 0.000000 0.000000
 0.721000 0.000000 0.000000
 0.722000 0.000000 0.000000
 0.723000 0.000000 0.000000
 0.724000 0.000000 0.000000
 0.725000 0.000000 0.000000
 0.726000 0.000000 0.000000
 0.727000 0.000000 0.000000
 0.728000 0.000000 0.000000
 0.729000 0.000000 0.000000
 0.730000 0.000000 0.000000
 0.731000 0.000000 0.000000
 0.732000 0.000000 0.000000
 0.733000 0.000000 0.000000
 0.734000 0.000000 0.000000
 0.735000 0.000000 0.000000
 0.736000 0.000000 0.000000
 0.737000 0.000000 0.000000
 0.738000 0.000000 0.000000
 0.739000 0.000000 0.000000
 0.740000 0.000000 0.000000
 0.741000 0.000000 0.000000
 0.742000 0.000000 0.000000
 0.743000 0.000000 0.000000
 0.744000 0.000000 0.000000
 0.745000 0.000000 0.000000
 0.746000 0.000000 0.000000
 0.747000 0.000000 0.000000
 0.748000 0.000000 0.000000
 0.749000 0.000000 0.000000
 0.750000 0.000000 0.000000
 0.751000 0.000000 0.000000
 0.752000 0.000000 0.000000
 0.753000 0.000000 0.000000
 0.754000 0.000000 0.000000
 0.755000 0.000000 0.000000
 0.756000 0.000000 0.000000
 0.757000 0.000000 0.000000
 0.758000 0.000000 0.000000
 0.759000 0.000000 0.000000
 0.760000 0.000000 0.000000
 0.761000 0.000000 0.000000
 0.762000 0.000000 0.000000
 0.763000 0.000000 0.000000
 0.764000 0.000000 0.000000
 0.765000 0.000000 0.000000
 0.766000 0.000000 0.000000
 0.767000 0.000000 0.000000
 0.768000 0.000000 0.000000
 0.769000 0.000000 0.000000
 0.770000 0.000000 0.000000
 0.771000 0.000000 0.000000
 0.772000 0.000000 0.000000
 0.773000 0.000000 0.000000
 0.774000 0.000000 0.000000
 0.775000 0.000000 0.000000
 0.776000 0.000000 0.000000
 0.777000 0.000000 0.000000
 0.778000 0.000000 0.000000
 0.779000 0.000000 0.000000
 0.780000 0.000000 0.000000
 0.781000 0.000000 0.000000
 0.782000 0.000000 0.000000
 0.783000 0.000000 0.000000
 0.784000 0.000000 0.000000
 0.785000 0.000000 0.000000
 0.786000 0.000000 0.000000
 0.787000 0.000000 0.000000
 0.788000 0.000000 0.000000
 0.789000 0.000000 0.000000
 0.790000 0.000000 0.000000
 0.791000 0.000000 0.000000
 0.792000 0.000000 0.000000
 0.793000 0.000000 0.000000
 0.794000 0.000000 0.000000
 0.795000 0.000000 0.000000
 0.796000 0.000000 0.000000
 0.797000 0.000000 0.000000
 0.798000 0.000000 0.000000
 0.799000 0.000000 0.000000
 0.800000 0.000000 0.000000
 0.801000 0.000000 0.000000
 0.802000 0.000000 0.000000
 0.803000 0.000000 0.000000
 0.804000 0.000000 0.000000
 0.805000 0.000000 0.000000
 0.806000 0.000000 0.000000
 0.807000 0.000000 0.000000
 0.808000 0.000000 0.000000
 0.809000 0.000000 0.000000
 0.810000 0.000000 0.000000
 0.811000 0.000000 0.000000
 0.812000 0.000000 0.000000
 0.813000 0.000000 0.000000
 0.814000 0.000000 0.000000
 0.815000 0.000000 0.000000
 0.816000 0.000000 0.000000
 0.817000 0.000000 0.000000
 0.818000 0.000000 0.000000
 0.819000 0.000000 0.000000
 0.820000 0.000000 0.000000
 0.821000 0.000000 0.000000
 0.822000 0.000000 0.000000
 0.823000 0.000000 0.000000
 0.824000 0.000000 0.000000
 0.825000 0.000000 0.000000
 0.826000 0.000000 0.000000
 0.827000 0.000000 0.000000
 0.828000 0.000000 0.000000
 0.829000 0.000000 0.000000
 0.830000 0.000000 0.000000
 0.831000 0.000000 0.000000
 0.832000 0.000000 0.000000
 0.833000 0.000000 0.000000
 0.834000 0.000000 0.000000
 0.835000 0.000000 0.000000
 0.836000 0.000000 0.000000
 0.837000 0.000000 0.000000
 0.838000 0.000000 0.000000
 0.839000 0.000000 0.000000
 0.840000 0.000000 0.000000
 0.841000 0.000000 0.000000
 0.842000 0.000000 0.000000
 0.843000 0.000000 0.000000
 0.844000 0.000000 0.000000
 0.845000 0.000000 0.000000
 0.846000 0.000000 0.000000
 0.847000 0.000000 0.000000
 0.848000 0.000000 0.000000
 0.849000 0.000000 0.000000
 0.850000 0.000000 0.000000
 0.851000 0.000000 0.000000
 0.852000 0.000000 0.000000
 0.853000 0.000000 0.000000
 0.854000 0.000000 0.000000
 0.855000 0.000000 0.000000
 0.856000 0.000000 0.000000
 0.857000 0.000000 0.000000
 0.858000 0.000000 0.000000
 0.859000 0.000000 0.000000
 0.860000 0.000000 0.000000
 0.861000 0.000000 0.000000
 0.862000 0.000000 0.000000
 0.863000 0.000000 0.000000
 0.864000 0.000000 0.000000
 0.865000 0.000000 0.000000
 0.866000 0.000000 0.000000
 0.867000 0.000000 0.000000
 0.868000 0.000000 0.000000
 0.869000 0.000000 0.000000
 0.870000 0.000000 0.000000
 0.871000 0.000000 0.000000
 0.872000 0.000000 0.000000
 0.873000 0.000000 0.000000
 0.874000 0.000000 0.000000
 0.875000 0.000000 0.000000
 0.876000 0.000000 0.000000
 0.877000 0.000000 0.000000
 0.878000 0.000000 0.000000
 0.879000 0.000000 0.000000
 0.880000 0.000000 0.000000
 0.881000 0.000000 0.000000
 0.882000 0.000000 0.000000
 0.883000 0.000000 0.000000
 0.884000 0.000000 0.000000
 0.885000 0.000000 0.000000
 0.886000 0.000000 0.000000
 0.887000 0.000000 0.000000
 0.888000 0.000000 0.000000
 0.889000 0.000000 0.000000
 0.890000 0.000000 0.000000
 0.891000 0.000000 0.000000
 0.892000 0.000000 0.000000
 0.893000 0.000000 0.000000
 0.894000 0.000000 0.000000
 0.895000 0.000000 0.000000
 0.896000 0.000000 0.000000
 0.897000 0.000000 0.000000
 0.898000 0.000000 0.000000
 0.899000 0.000000 0.000000
 0.900000 0.000000 0.000000
 0.901000 0.000000 0.000000
 0.902000 0.000000 0.000000
 0.903000 0.000000 0.000000
 0.904000 0.000000 0.000000
 0.905000 0.000000 0.000000
 0.906000 0.000000 0.000000
 0.907000 0.000000 0.000000
 0.908000 0.000000 0.000000
 0.909000 0.000000 0.000000
 0.910000 0.000000 0.000000
 0.911000 0.000000 0.000000
 0.912000 0.000000 0.000000
 0.913000 0.000000 0.000000
 0.914000 0.000000 0.000000
 0.915000 0.000000 0.000000
 0.916000 0.000000 0.000000
 0.917000 0.000000 0.000000
 0.918000 0.000000 0.000000
 0.919000 0.000000 0.000000
 0.920000 0.000000 0.000000
 0.921000 0.000000 0.000000
 0.922000 0.000000 0.000000
 0.923000 0.000000 0.000000
 0.924000 0.000000 0.000000
 0.925000 0.000000 0.000000
 0.926000 0.000000 0.000000
 0.927000 0.000000 0.000000
 0.928000 0.000000 0.000000
 0.929000 0.000000 0.000000
 0.930000 0.000000 0.000000
 0.931000 0.000000 0.000000
 0.932000 0.000000 0.000000
 0.933000 0.000000 0.000000
 0.934000 0.000000 0.000000
 0.935000 0.000000 0.000000
 0.936000 0.000000 0.000000
 0.937000 0.000000 0.000000
 0.938000 0.000000 0.000000
 0.939000 0.000000 0.000000
 0.940000 0.000000 0.000000
 0.941000 0.000000 0.000000
 0.942000 0.000000 0.000000
 0.943000 0.000000 0.000000
 0.944000 0.000000 0.000000
 0.945000 0.000000 0.000000
 0.946000 0.000000 0.000000
 0.947000 0.000000 0.000000
 0.948000 0.000000 0.000000
 0.949000 0.000000 0.000000
 0.950000 0.000000 0.000000
 0.951000 0.000000 0.000000
 0.952000 0.000000 0.000000
 0.953000 0.000000 0.000000
 0.954000 0.000000 0.000000
 0.955000 0.000000 0.000000
 0.956000 0.000000 0.000000
 0.957000 0.000000 0.000000
 0.958000 0.000000 0.000000
 0.959000 0.000000 0.000000
 0.960000 0.000000 0.000000
 0.961000 0.000000 0.000000
 0.962000 0.000000 0.000000
 0.963000 0.000000 0.000000
 0.964000 0.000000 0.000000
 0.965000 0.000000 0.000000
 0.966000 0.000000 0.000000
 0.967000 0.000000 0.000000
 0.968000 0.000000 0.000000
 0.969000 0.000000 0.000000
 0.970000 0.000000 0.000000
 0.971000 0.000000 0.000000
 0.972000 0.000000 0.000000
 0.973000 0.000000 0.000000
 0.974000 0.000000 0.000000
 0.975000 0.000000 0.000000
 0.976000 0.000000 0.000000
 0.977000 0.000000 0.000000
 0.978000 0.000000 0.000000
 0.979000 0.000000 0.000000
 0.980000 0.000000 0.000000
 0.981000 0.000000 0.000000
 0.982000 0.000000 0.000000
 0.983000 0.000000 0.000000
 0.984000 0.000000 0.000000
 0.985000 0.000000 0.000000
 0.986000 0.000000 0.000000
 0.987000 0.000000 0.000000
 0.988000 0.000000 0.000000
 0.989000 0.000000 0.000000
 0.990000 0.000000 0.000000
 0.991000 0.000000 0.000000
 0.992000 0.000000 0.000000
 0.993000 0.000000 0.000000
 0.994000 0.000000 0.000000
 0.995000 0.000000 0.000000
 0.996000 0.000000 0.000000
 0.997000 0.000000 0.000000
 0.998000 0.000000 0.000000
 0.999000 0.000000 0.000000
 1.000000 0.000000 0.000000
 1.001000 0.000000 0.000000
 1.002000 0.000000 0.000000
 1.003000 0.000000 0.000000
 1.004000 0.000000 0.000000
 1.005000 0.000000 0.000000
 1.006000 0.000000 0.000000
 1.007000 0.000000 0.000000
 1.008000 0.000000 0.000000
 1.009000 0.000000 0.000000
 1.010000 0.000000 0.000000
 1.011000 0.000000 0.000000
 1.012000 0.000000 0.000000
 1.013000 0.000000 0.000000
 1.014000 0.000000 0.000000
 1.015000 0.000000 0.000000
 1.016000 0.000000 0.000000
 1.017000 0.000000 0.000000
 1.018000 0.000000 0.000000
 1.019000 0.000000 0.000000
 1.020000 0.000000 0.000000
 1.021000 0.000000 0.000000
 1.022000 0.000000 0.000000
 1.023000 0.000000 0.000000
 1.024000 0.000000 0.000000
 1.025000 0.000000 0.000000
 1.026000 0.000000 0.000000
 1.027000 0.000000 0.000000
 1.028000 0.000000 0.000000
 1.029000 0.000000 0.000000
 1.030000 0.000000 0.000000
 1.031000 0.000000 0.000000
 1.032000 0.000000 0.000000
 1.033000 0.000000 0.000000
 1.034000 0.000000 0.000000
 1.035000 0.000000 0.000000
 1.036000 0.000000 0.000000
 1.037000 0.000000 0.000000
 1.038000 0.000000 0.000000
 1.039000 0.000000 0.000000
 1.040000 0.000000 0.000000
 1.041000 0.000000 0.000000
 1.042000 0.000000 0.000000
 1.043000 0.000000 0.000000
 1.044000 0.000000 0.000000
 1.045000 0.000000 0.000000
 1.046000 0.000000 0.000000
 1.047000 0.000000 0.000000
 1.048000 0.000000 0.000000
 1.049000 0.000000 0.000000
 1.050000 0.000000 0.000000
 1.051000 0.000000 0.000000
 1.052000 0.000000 0.000000
 1.053000 0.000000 0.000000
 1.054000 0.000000 0.000000
 1.055000 0.000000 0.000000
 1.056000 0.000000 0.000000
 1.057000 0.000000 0.000000
 1.058000 0.000000 0.000000
 1.059000 0.000000 0.000000
 1.060000 0.000000 0.000000
 1.061000 0.000000 0.000000
 1.062000 0.000000 0.000000
 1.063000 0.000000 0.000000
 1.064000 0.000000 0.000000
 1.065000 0.000000 0.000000
 1.066000 0.000000 0.000000
 1.067000 0.000000 0.000000
 1.068000 0.000000 0.000000
 1.069000 0.000000 0.000000
 1.070000 0.000000 0.000000
 1.071000 0.000000 0.000000
 1.072000 0.000000 0.000000
 1.073000 0.000000 0.000000
 1.074000 0.000000 0.000000
 1.075000 0.000000 0.000000
 1.076000 0.000000 0.000000
 1.077000 0.000000 0.000000
 1.078000 0.000000 0.000000
 1.079000 0.000000 0.000000
 1.080000 0.000000 0.000000
 1.081000 0.000000 0.000000
 1.082000 0.000000 0.000000
 1.083000 0.000000 0.000000
 1.084000 0.000000 0.000000
 1.085000 0.000000 0.000000
 1.086000 0.000000 0.000000
 1.087000 0.000000 0.000000
 1.088000 0.000000 0.000000
 1.089000 0.000000 0.000000
 1.090000 0.000000 0.000000
 1.091000 0.000000 0.000000
 1.092000 0.000000 0.000000
 1.093000 0.000000 0.000000
 1.094000 0.000000 0.000000
 1.095000 0.000000 0.000000
 1.096000 0.000000 0.000000
 1.097000 0.000000 0.000000
 1.098000 0.000000 0.000000
 1.099000 0.000000 0.000000
 1.100000 0.000000 0.000000
 1.101000 0.000000 0.000000
 1.102000 0.000000 0.000000
 1.103000 0.000000 0.000000
 1.104000 0.000000 0.000000
 1.105000 0.000000 0.000000
 1.106000 0.000000 0.000000
 1.107000 0.000000 0.000000
 1.108000 0.000000 0.000000
 1.109000 0.000000 0.000000
 1.110000 0.000000 0.000000
 1.111000 0.000000 0.000000
 1.112000 0.000000 0.000000
 1.113000 0.000000 0.000000
 1.114000 0.000000 0.000000
 1.115000 0.000000 0.000000
 1.116000 0.000000 0.000000
 1.117000 0.000000 0.000000
 1.118000 0.000000 0.000000
 1.119000 0.000000 0.000000
 1.120000 0.000000 0.000000
 1.121000 0.000000 0.000000
 1.122000 0.000000 0.000000
 1.123000 0.000000 0.000000
 1.124000 0.000000 0.000000
 1.125000 0.000000 0.000000
 1.126000 0.000000 0.000000
 1.127000 0.000000 0.000000
 1.128000 0.000000 0.000000
 1.129000 0.000000 0.000000
 1.130000 0.000000 0.000000
 1.131000 0.000000 0.000000
 1.132000 0.000000 0.000000
 1.133000 0.000000 0.000000
 1.134000 0.000000 0.000000
 1.135000 0.000000 0.000000
 1.136000 0.000000 0.000000
 1.137000 0.000000 0.000000
 1.138000 0.000000 0.000000
 1.139000 0.000000 0.000000
 1.140000 0.000000 0.000000
 1.141000 0.000000 0.000000
 1.142000 0.000000 0.000000
 1.143000 0.000000 0.000000
 1.144000 0.000000 0.000000
 1.145000 0.000000 0.000000
 1.146000 0.000000 0.000000
 1.147000 0.000000 0.000000
 1.148000 0.000000 0.000000
 1.149000 0.000000 0.000000
 1.150000 0.000000 0.000000
 1.151000 0.000000 0.000000
 1.152000 0.000000 0.000000
 1.153000 0.000000 0.000000
 1.154000 0.000000 0.000000
 1.155000 0.000000 0.000000
 1.156000 0.000000 0.000000
 1.157000 0.000000 0.000000
 1.158000 0.000000 0.000000
 1.159000 0.000000 0.000000
 1.160000 0.000000 0.000000
 1.161000 0.000000 0.000000
 1.162000 0.000000 0.000000
 1.163000 0.000000 0.000000
 1.164000 0.000000 0.000000
 1.165000 0.000000 0.000000
 1.166000 0.000000 0.000000
 1.167000 0.000000 0.000000
 1.168000 0.000000 0.000000
 1.169000 0.000000 0.000000
 1.170000 0.000000 0.000000
 1.171000 0.000000 0.000000
 1.172000 0.000000 0.000000
 1.173000 0.000000 0.000000
 1.174000 0.000000 0.000000
 1.175000 0.000000 0.000000
 1.176000 0.000000 0.000000
 1.177000 0.000000 0.000000
 1.178000 0.000000 0.000000
 1.179000 0.000000 0.000000
 1.180000 0.000000 0.000000
 1.181000 0.000000 0.000000
 1.182000 0.000000 0.000000
 1.183000 0.000000 0.000000
 1.184000 0.000000 0.000000
 1.185000 0.000000 0.000000
 1.186000 0.000000 0.000000
 1.187000 0.000000 0.000000
 1.188000 0.000000 0.000000
 1.189000 0.000000 0.000000
 1.190000 0.000000 0.000000
 1.191000 0.000000 0.000000
 1.192000 0.000000 0.000000
 1.193000 0.000000 0.000000
 1.194000 0.000000 0.000000
 1.195000 0.000000 0.000000
 1.196000 0.000000 0.000000
 1.197000 0.000000 0.000000
 1.198000 0.000000 0.000000
 1.199000 0.000000 0.000000
 1.200000 0.000000 0.000000
 1.201000 0.000000 0.000000
 1.202000 0.000000 0.000000
 1.203000 0.000000 0.000000
 1.204000 0.000000 0.000000
 1.205000 0.000000 0.000000
 1.206000 0.000000 0.000000
 1.207000 0.000000 0.000000
 1.208000 0.000000 0.000000
 1.209000 0.000000 0.000000
 1.210000 0.000000 0.000000
 1.211000 0.000000 0.000000
 1.212000 0.000000 0.000000
 1.213000 0.000000 0.000000
 1.214000 0.000000 0.000000
 1.215000 0.000000 0.000000
 1.216000 0.000000 0.000000
 1.217000 0.000000 0.000000
 1.218000 0.000000 0.000000
 1.219000 0.000000 0.000000
 1.220000 0.000000 0.000000
 1.221000 0.000000 0.000000
 1.222000 0.000000 0.000000
 1.223000 0.000000 0.000000
 1.224000 0.000000 0.000000
 1.225000 0.000000 0.000000
 1.226000 0.000000 0.000000
 1.227000 0.000000 0.000000
 1.228000 0.000000 0.000000
 1.229000 0.000000 0.000000
 1.230000 0.000000 0.000000
 1.231000 0.000000 0.000000
 1.232000 0.000000 0.000000
 1.233000 0.000000 0.000000
 1.234000 0.000000 0.000000
 1.235000 0.000000 0.000000
 1.236000 0.000000 0.000000
 1.237000 0.000000 0.000000
 1.238000 0.000000 0.000000
 1.239000 0.000000 0.000000
 1.240000 0.000000 0.000000
 1.241000 0.000000 0.000000
 1.242000 0.000000 0.000000
 1.243000 0.000000 0.000000
 1.244000 0.000000 0.000000
 1.245000 0.000000 0.000000
 1.246000 0.000000 0.000000
 1.247000 0.000000 0.000000
 1.248000 0.000000 0.000000
 1.249000 0.000000 0.000000
 1.250000 0.000000 0.000000
 1.251000 0.000000 0.000000
 1.252000 0.000000 0.000000
 1.253000 0.000000 0.000000
 1.254000 0.000000 0.000000
 1.255000 0.000000 0.000000
 1.256000 0.000000 0.000000
 1.257000 0.000000 0.000000
 1.258000 0.000000 0.000000
 1.259000 0.000000 0.000000
 1.260000 0.000000 0.000000
 1.261000 0.000000 0.000000
 1.262000 0.000000 0.000000
 1.263000 0.000000 0.000000
 1.264000 0.000000 0.000000
 1.265000 0.000000 0.000000
 1.266000 0.000000 0.000000
 1.267000 0.000000 0.000000
 1.268000 0.000000 0.000000
 1.269000 0.000000 0.000000
 1.270000 0.000000 0.000000
 1.271000 0.000000 0.000000
 1.272000 0.000000 0.000000
 1.273000 0.000000 0.000000
 1.274000 0.000000 0.000000
 1.275000 0.000000 0.000000
 1.276000 0.000000 0.000000
 1.277000 0.000000 0.000000
 1.278000 0.000000 0.000000
 1.279000 0.000000 0.000000
 1.280000 0.000000 0.000000
 1.281000 0.000000 0.000000
 1.282000 0.000000 0.000000
 1.283000 0.000000 0.000000
 1.284000 0.000000 0.000000
 1.285000 0.000000 0.000000
 1.286000 0.000000 0.000000
 1.287000 0.000000 0.000000
 1.288000 0.000000 0.000000
 1.289000 0.000000 0.000000
 1.290000 0.000000 0.000000
 1.291000 0.000000 0.000000
 1.292000 0.000000 0.000000
 1.293000 0.000000 0.000000
 1.294000 0.000000 0.000000
 1.295000 0.000000 0.000000
 1.296000 0.000000 0.000000
 1.297000 0.000000 0.000000
 1.298000 0.000000 0.000000
 1.299000 0.000000 0.000000
 1.300000 0.000000 0.000000
 1.301000 0.000000 0.000000
 1.302000 0.000000 0.000000
 1.303000 0.000000 0.000000
 1.304000 0.000000 0.000000
 1.305000 0.000000 0.000000
 1.306000 0.000000 0.000000
 1.307000 0.000000 0.000000
 1.308000 0.000000 0.000000
 1.309000 0.000000 0.000000
 1.310000 0.000000 0.000000
 1.311000 0.000000 0.000000
 1.312000 0.000000 0.000000
 1.313000 0.000000 0.000000
 1.314000 0.000000 0.000000
 1.315000 0.000000 0.000000
 1.316000 0.000000 0.000000
 1.317000 0.000000 0.000000
 1.318000 0.000000 0.000000
 1.319000 0.000000 0.000000
 1.320000 0.000000 0.000000
 1.321000 0.000000 0.000000
 1.322000 0.000000 0.000000
 1.323000 0.000000 0.000000
 1.324000 0.000000 0.000000
 1.325000 0.000000 0.000000
 1.326000 0.000000 0.000000
 1.327000 0.000000 0.000000
 1.328000 0.000000 0.000000
 1.329000 0.000000 0.000000
 1.330000 0.000000 0.000000
 1.331000 0.000000 0.000000
 1.332000 0.000000 0.000000
 1.333000 0.000000 0.000000
 1.334000 0.000000 0.000000
 1.335000 0.000000 0.000000
 1.336000 0.000000 0.000000
 1.337000 0.000000 0.000000
 1.338000 0.000000 0.000000
 1.339000 0.000000 0.000000
 1.340000 0.000000 0.000000
 1.341000 0.000000 0.000000
 1.342000 0.000000 0.000000
 1.343000 0.000000 0.000000
 1.344000 0.000000 0.000000
 1.345000 0.000000 0.000000
 1.346000 0.000000 0.000000
 1.347000 0.000000 0.000000
 1.348000 0.000000 0.000000
 1.349000 0.000000 0.000000
 1.350000 0.000000 0.000000
 1.351000 0.000000 0.000000
 1.352000 0.000000 0.000000
 1.353000 0.000000 0.000000
 1.354000 0.000000 0.000000
 1.355000 0.000000 0.000000
 1.356000 0.000000 0.000000
 1.357000 0.000000 0.000000
 1.358000 0.000000 0.000000
 1.359000 0.000000 0.000000
 1.360000 0.000000 0.000000
 1.361000 0.000000 0.000000
 1.362000 0.000000 0.000000
 1.363000 0.000000 0.000000
 1.364000 0.000000 0.000000
 1.365000 0.000000 0.000000
 1.366000 0.000000 0.000000
 1.367000 0.000000 0.000000
 1.368000 0.000000 0.000000
 1.369000 0.000000 0.000000
 1.370000 0.000000 0.000000
 1.371000 0.000000 0.000000
 1.372000 0.000000 0.000000
 1.373000 0.000000 0.000000
 1.374000 0.000000 0.000000
 1.375000 0.000000 0.000000
 1.376000 0.000000 0.000000
 1.377000 0.000000 0.000000
 1.378000 0.000000 0.000000
 1.379000 0.000000 0.000000
 1.380000 0.000000 0.000000
 1.381000 0.000000 0.000000
 1.382000 0.000000 0.000000
 1.383000 0.000000 0.000000
 1.384000 0.000000 0.000000
 1.385000 0.000000 0.000000
 1.386000 0.000000 0.000000
 1.387000 0.000000 0.000000
 1.388000 0.000000 0.000000
 1.389000 0.000000 0.000000
 1.390000 0.000000 0.000000
 1.391000 0.000000 0.000000
 1.392000 0.000000 0.000000
 1.393000 0.000000 0.000000
 1.394000 0.000000 0.000000
 1.395000 0.000000 0.000000
 1.396000 0.000000 0.000000
 1.397000 0.000000 0.000000
 1.398000 0.000000 0.000000
 1.399000 0.000000 0.000000
 1.400000 0.000000 0.000000
 1.401000 0.000000 0.000000
 1.402000 0.000000 0.000000
 1.403000 0.000000 0.000000
 1.404000 0.000000 0.000000
 1.405000 0.000000 0.000000
 1.406000 0.000000 0.000000
 1.407000 0.000000 0.000000
 1.408000 0.000000 0.000000
 1.409000 0.000000 0.000000
 1.410000 0.000000 0.000000
 1.411000 0.000000 0.000000
 1.412000 0.000000 0.000000
 1.413000 0.000000 0.000000
 1.414000 0.000000 0.000000
 1.415000 0.000000 0.000000
 1.416000 0.000000 0.000000
 1.417000 0.000000 0.000000
 1.418000 0.000000 0.000000
 1.419000 0.000000 0.000000
 1.420000 0.000000 0.000000
 1.421000 0.000000 0.000000
 1.422000 0.000000 0.000000
 1.423000 0.000000 0.000000
 1.424000 0.000000 0.000000
 1.425000 0.000000 0.000000
 1.426000 0.000000 0.000000
 1.427000 0.000000 0.000000
 1.428000 0.000000 0.000000
 1.429000 0.000000 0.000000
 1.430000 0.000000 0.000000
 1.431000 0.000000 0.000000
 1.432000 0.000000 0.000000
 1.433000 0.000000 0.000000
 1.434000 0.000000 0.000000
 1.435000 0.000000 0.000000
 1.436000 0.000000 0.000000
 1.437000 0.000000 0.000000
 1.438000 0.000000 0.000000
 1.439000 0.000000 0.000000
 1.440000 0.000000 0.000000
 1.441000 0.000000 0.000000
 1.442000 0.000000 0.000000
 1.443000 0.000000 0.000000
 1.444000 0.000000 0.000000
 1.445000 0.000000 0.000000
 1.446000 0.000000 0.000000
 1.447000 0.000000 0.000000
 1.448000 0.000000 0.000000
 1.449000 0.000000 0.000000
 1.450000 0.000000 0.000000
 1.451000 0.000000 0.000000
 1.452000 0.000000 0.000000
 1.453000 0.000000 0.000000
 1.454000 0.000000 0.000000
 1.455000 0.000000 0.000000
 1.456000 0.000000 0.000000
 1.457000 0.000000 0.000000
 1.458000 0.000000 0.000000
 1.459000 0.000000 0.000000
 1.460000 0.000000 0.000000
 1.461000 0.000000 0.000000
 1.462000 0.000000 0.000000
 1.463000 0.000000 0.000000
 1.464000 0.000000 0.000000
 1.465000 0.000000 0.000000
 1.466000 0.000000 0.000000
 1.467000 0.000000 0.000000
 1.468000 0.000000 0.000000
 1.469000 0.000000 0.000000
 1.470000 0.000000 0.000000
 1.471000 0.000000 0.000000
 1.472000 0.000000 0.000000
 1.473000 0.000000 0.000000
 1.474000 0.000000 0.000000
 1.475000 0.000000 0.000000
 1.476000 0.000000 0.000000
 1.477000 0.000000 0.000000
 1.478000 0.000000 0.000000
 1.479000 0.000000 0.000000
 1.480000 0.000000 0.000000
 1.481000 0.000000 0.000000
 1.482000 0.000000 0.000000
 1.483000 0.000000 0.000000
 1.484000 0.000000 0.000000
 1.485000 0.000000 0.000000
 1.486000 0.000000 0.000000
 1.487000 0.000000 0.000000
 1.488000 0.000000 0.000000
 1.489000 0.000000 0.000000
 1.490000 0.000000 0.000000
 1.491000 0.000000 0.000000
 1.492000 0.000000 0.000000
 1.493000 0.000000 0.000000
 1.494000 0.000000 0.000000
 1.495000 0.000000 0.000000
 1.496000 0.000000 0.000000
 1.497000 0.000000 0.000000
 1.498000 0.000000 0.000000
 1.499000 0.000000 0.000000
 1.500000 0.000000 0.000000
