#! FIELDS s hh dhh_s
#! SET normalisation  399.000000
#! SET min_s -0.5
#! SET max_s 1.5
#! SET nbins_s  2000
#! SET periodic_s false
 -0.500000 0.000000 0.000000
 -0.499000 0.000000 0.000000
 -0.498000 0.000000 0.000000
 -0.497000 0.000000 0.000000
 -0.496000 0.000000 0.000000
 -0.495000 0.000000 0.000000
 -0.494000 0.000000 0.000000
 -0.493000 0.000000 0.000000
 -0.492000 0.000000 0.000000
 -0.491000 0.000000 0.000000
 -0.490000 0.000000 0.000000
 -0.489000 0.000000 0.000000
 -0.488000 0.000000 0.000000
 -0.487000 0.000000 0.000000
 -0.486000 0.000000 0.000000
 -0.485000 0.000000 0.000000
 -0.484000 0.000000 0.000000
 -0.483000 0.000000 0.000000
 -0.482000 0.000000 0.000000
 -0.481000 0.000000 0.000000
 -0.480000 0.000000 0.000000
 -0.479000 0.000000 0.000000
 -0.478000 0.000000 0.000000
 -0.477000 0.000000 0.000000
 -0.476000 0.000000 0.000000
 -0.475000 0.000000 0.000000
 -0.474000 0.000000 0.000000
 -0.473000 0.000000 0.000000
 -0.472000 0.000000 0.000000
 -0.471000 0.000000 0.000000
 -0.470000 0.000000 0.000000
 -0.469000 0.000000 0.000000
 -0.468000 0.000000 0.000000
 -0.467000 0.000000 0.000000
 -0.466000 0.000000 0.000000
 -0.465000 0.000000 0.000000
 -0.464000 0.000000 0.000000
 -0.463000 0.000000 0.000000
 -0.462000 0.000000 0.000000
 -0.461000 0.000000 0.000000
 -0.460000 0.000000 0.000000
 -0.459000 0.000000 0.000000
 -0.458000 0.000000 0.000000
 -0.457000 0.000000 0.000000
 -0.456000 0.000000 0.000000
 -0.455000 0.000000 0.000000
 -0.454000 0.000000 0.000000
 -0.453000 0.000000 0.000000
 -0.452000 0.000000 0.000000
 -0.451000 0.000000 0.000000
 -0.450000 0.000000 0.000000
 -0.449000 0.000000 0.000000
 -0.448000 0.000000 0.000000
 -0.447000 0.000000 0.000000
 -0.446000 0.000000 0.000000
 -0.445000 0.000000 0.000000
 -0.444000 0.000000 0.000000
 -0.443000 0.000000 0.000000
 -0.442000 0.000000 0.000000
 -0.441000 0.000000 0.000000
 -0.440000 0.000000 0.000000
 -0.439000 0.000000 0.000000
 -0.438000 0.000000 0.000000
 -0.437000 0.000000 0.000000
 -0.436000 0.000000 0.000000
 -0.435000 0.000000 0.000000
 -0.434000 0.000000 0.000000
 -0.433000 0.000000 0.000000
 -0.432000 0.000000 0.000000
 -0.431000 0.000000 0.000000
 -0.430000 0.000000 0.000000
 -0.429000 0.000000 0.000000
 -0.428000 0.000000 0.000000
 -0.427000 0.000000 0.000000
 -0.426000 0.000000 0.000000
 -0.425000 0.000000 0.000000
 -0.424000 0.000000 0.000000
 -0.423000 0.000000 0.000000
 -0.422000 0.000000 0.000000
 -0.421000 0.000000 0.000000
 -0.420000 0.000000 0.000000
 -0.419000 0.000000 0.000000
 -0.418000 0.000000 0.000000
 -0.417000 0.000000 0.000000
 -0.416000 0.000000 0.000000
 -0.415000 0.000000 0.000000
 -0.414000 0.000000 0.000000
 -0.413000 0.000000 0.000000
 -0.412000 0.000000 0.000000
 -0.411000 0.000000 0.000000
 -0.410000 0.000000 0.000000
 -0.409000 0.000000 0.000000
 -0.408000 0.000000 0.000000
 -0.407000 0.000000 0.000000
 -0.406000 0.000000 0.000000
 -0.405000 0.000000 0.000000
 -0.404000 0.000000 0.000000
 -0.403000 0.000000 0.000000
 -0.402000 0.000000 0.000000
 -0.401000 0.000000 0.000000
 -0.400000 0.000000 0.000000
 -0.399000 0.000000 0.000000
 -0.398000 0.000000 0.000000
 -0.397000 0.000000 0.000000
 -0.396000 0.000000 0.000000
 -0.395000 0.000000 0.000000
 -0.394000 0.000000 0.000000
 -0.393000 0.000000 0.000000
 -0.392000 0.000000 0.000000
 -0.391000 0.000000 0.000000
 -0.390000 0.000000 0.000000
 -0.389000 0.000000 0.000000
 -0.388000 0.000000 0.000000
 -0.387000 0.000000 0.000000
 -0.386000 0.000000 0.000000
 -0.385000 0.000000 0.000000
 -0.384000 0.000000 0.000000
 -0.383000 0.000000 0.000000
 -0.382000 0.000000 0.000000
 -0.381000 0.000000 0.000000
 -0.380000 0.000000 0.000000
 -0.379000 0.000000 0.000000
 -0.378000 0.000000 0.000000
 -0.377000 0.000000 0.000000
 -0.376000 0.000000 0.000000
 -0.375000 0.000000 0.000000
 -0.374000 0.000000 0.000000
 -0.373000 0.000000 0.000000
 -0.372000 0.000000 0.000000
 -0.371000 0.000000 0.000000
 -0.370000 0.000000 0.000000
 -0.369000 0.000000 0.000000
 -0.368000 0.000000 0.000000
 -0.367000 0.000000 0.000000
 -0.366000 0.000000 0.000000
 -0.365000 0.000000 0.000000
 -0.364000 0.000000 0.000000
 -0.363000 0.000000 0.000000
 -0.362000 0.000000 0.000000
 -0.361000 0.000000 0.000000
 -0.360000 0.000000 0.000000
 -0.359000 0.000000 0.000000
 -0.358000 0.000000 0.000000
 -0.357000 0.000000 0.000000
 -0.356000 0.000000 0.000000
 -0.355000 0.000000 0.000000
 -0.354000 0.000000 0.000000
 -0.353000 0.000000 0.000000
 -0.352000 0.000000 0.000000
 -0.351000 0.000000 0.000000
 -0.350000 0.000000 0.000000
 -0.349000 0.000000 0.000000
 -0.348000 0.000000 0.000000
 -0.347000 0.000000 0.000000
 -0.346000 0.000000 0.000000
 -0.345000 0.000000 0.000000
 -0.344000 0.000000 0.000000
 -0.343000 0.000000 0.000000
 -0.342000 0.000000 0.000000
 -0.341000 0.000000 0.000000
 -0.340000 0.000000 0.000000
 -0.339000 0.000000 0.000000
 -0.338000 0.000000 0.000000
 -0.337000 0.000000 0.000000
 -0.336000 0.000000 0.000000
 -0.335000 0.000000 0.000000
 -0.334000 0.000000 0.000000
 -0.333000 0.000000 0.000000
 -0.332000 0.000000 0.000000
 -0.331000 0.000000 0.000000
 -0.330000 0.000000 0.000000
 -0.329000 0.000000 0.000000
 -0.328000 0.000000 0.000000
 -0.327000 0.000000 0.000000
 -0.326000 0.000000 0.000000
 -0.325000 0.000000 0.000000
 -0.324000 0.000000 0.000000
 -0.323000 0.000000 0.000000
 -0.322000 0.000000 0.000000
 -0.321000 0.000000 0.000000
 -0.320000 0.000000 0.000000
 -0.319000 0.000000 0.000000
 -0.318000 0.000000 0.000000
 -0.317000 0.000000 0.000000
 -0.316000 0.000000 0.000000
 -0.315000 0.000000 0.000000
 -0.314000 0.000000 0.000000
 -0.313000 0.000000 0.000000
 -0.312000 0.000000 0.000000
 -0.311000 0.000000 0.000000
 -0.310000 0.000000 0.000000
 -0.309000 0.000000 0.000000
 -0.308000 0.000000 0.000000
 -0.307000 0.000000 0.000000
 -0.306000 0.000000 0.000000
 -0.305000 0.000000 0.000000
 -0.304000 0.000000 0.000000
 -0.303000 0.000000 0.000000
 -0.302000 0.000000 0.000000
 -0.301000 0.000000 0.000000
 -0.300000 0.000000 0.000000
 -0.299000 0.000000 0.000000
 -0.298000 0.000000 0.000000
 -0.297000 0.000000 0.000000
 -0.296000 0.000000 0.000000
 -0.295000 0.000000 0.000000
 -0.294000 0.000000 0.000000
 -0.293000 0.000000 0.000000
 -0.292000 0.000000 0.000000
 -0.291000 0.000000 0.000000
 -0.290000 0.000000 0.000000
 -0.289000 0.000000 0.000000
 -0.288000 0.000000 0.000000
 -0.287000 0.000000 0.000000
 -0.286000 0.000000 0.000000
 -0.285000 0.000000 0.000000
 -0.284000 0.000000 0.000000
 -0.283000 0.000000 0.000000
 -0.282000 0.000000 0.000000
 -0.281000 0.000000 0.000000
 -0.280000 0.000000 0.000000
 -0.279000 0.000000 0.000000
 -0.278000 0.000000 0.000000
 -0.277000 0.000000 0.000000
 -0.276000 0.000000 0.000000
 -0.275000 0.000000 0.000000
 -0.274000 0.000000 0.000000
 -0.273000 0.000000 0.000000
 -0.272000 0.000000 0.000000
 -0.271000 0.000000 0.000000
 -0.270000 0.000000 0.000000
 -0.269000 0.000000 0.000000
 -0.268000 0.000000 0.000000
 -0.267000 0.000000 0.000000
 -0.266000 0.000000 0.000000
 -0.265000 0.000000 0.000000
 -0.264000 0.000000 0.000000
 -0.263000 0.000000 0.000000
 -0.262000 0.000000 0.000000
 -0.261000 0.000000 0.000000
 -0.260000 0.000000 0.000000
 -0.259000 0.000000 0.000000
 -0.258000 0.000000 0.000000
 -0.257000 0.000000 0.000000
 -0.256000 0.000000 0.000000
 -0.255000 0.000000 0.000000
 -0.254000 0.000000 0.000000
 -0.253000 0.000000 0.000000
 -0.252000 0.000000 0.000000
 -0.251000 0.000000 0.000000
 -0.250000 0.000000 0.000000
 -0.249000 0.000000 0.000000
 -0.248000 0.000000 0.000000
 -0.247000 0.000000 0.000000
 -0.246000 0.000000 0.000000
 -0.245000 0.000000 0.000000
 -0.244000 0.000000 0.000000
 -0.243000 0.000000 0.000000
 -0.242000 0.000000 0.000000
 -0.241000 0.000000 0.000000
 -0.240000 0.000000 0.000000
 -0.239000 0.000000 0.000000
 -0.238000 0.000000 0.000000
 -0.237000 0.000000 0.000000
 -0.236000 0.000000 0.000000
 -0.235000 0.000000 0.000000
 -0.234000 0.000000 0.000000
 -0.233000 0.000000 0.000000
 -0.232000 0.000000 0.000000
 -0.231000 0.000000 0.000000
 -0.230000 0.000000 0.000000
 -0.229000 0.000000 0.000000
 -0.228000 0.000000 0.000000
 -0.227000 0.000000 0.000000
 -0.226000 0.000000 0.000000
 -0.225000 0.000000 0.000000
 -0.224000 0.000000 0.000000
 -0.223000 0.000000 0.000000
 -0.222000 0.000000 0.000000
 -0.221000 0.000000 0.000000
 -0.220000 0.000000 0.000000
 -0.219000 0.000000 0.000000
 -0.218000 0.000000 0.000000
 -0.217000 0.000000 0.000000
 -0.216000 0.000000 0.000000
 -0.215000 0.000000 0.000000
 -0.214000 0.000000 0.000000
 -0.213000 0.000000 0.000000
 -0.212000 0.000000 0.000000
 -0.211000 0.000000 0.000000
 -0.210000 0.000000 0.000000
 -0.209000 0.000000 0.000000
 -0.208000 0.000000 0.000000
 -0.207000 0.000000 0.000000
 -0.206000 0.000000 0.000000
 -0.205000 0.000000 0.000000
 -0.204000 0.000000 0.000000
 -0.203000 0.000000 0.000000
 -0.202000 0.000000 0.000000
 -0.201000 0.000000 0.000000
 -0.200000 0.000000 0.000000
 -0.199000 0.000000 0.000000
 -0.198000 0.000000 0.000000
 -0.197000 0.000000 0.000000
 -0.196000 0.000000 0.000000
 -0.195000 0.000000 0.000000
 -0.194000 0.000000 0.000000
 -0.193000 0.000000 0.000000
 -0.192000 0.000000 0.000000
 -0.191000 0.000000 0.000000
 -0.190000 0.000000 0.000000
 -0.189000 0.000000 0.000000
 -0.188000 0.000000 0.000000
 -0.187000 0.000000 0.000000
 -0.186000 0.000000 0.000000
 -0.185000 0.000000 0.000000
 -0.184000 0.000000 0.000000
 -0.183000 0.000000 0.000000
 -0.182000 0.000000 0.000000
 -0.181000 0.000000 0.000000
 -0.180000 0.000000 0.000000
 -0.179000 0.000000 0.000000
 -0.178000 0.000000 0.000000
 -0.177000 0.000000 0.000000
 -0.176000 0.000000 0.000000
 -0.175000 0.000000 0.000000
 -0.174000 0.000000 0.000000
 -0.173000 0.000000 0.000000
 -0.172000 0.000000 0.000000
 -0.171000 0.000000 0.000000
 -0.170000 0.000000 0.000000
 -0.169000 0.000000 0.000000
 -0.168000 0.000000 0.000000
 -0.167000 0.000000 0.000000
 -0.166000 0.000000 0.000000
 -0.165000 0.000000 0.000000
 -0.164000 0.000000 0.000000
 -0.163000 0.000000 0.000000
 -0.162000 0.000000 0.000000
 -0.161000 0.000000 0.000000
 -0.160000 0.000000 0.000000
 -0.159000 0.000000 0.000000
 -0.158000 0.000000 0.000000
 -0.157000 0.000000 0.000000
 -0.156000 0.000000 0.000000
 -0.155000 0.000000 0.000000
 -0.154000 0.000000 0.000000
 -0.153000 0.000000 0.000000
 -0.152000 0.000000 0.000000
 -0.151000 0.000000 0.000000
 -0.150000 0.000000 0.000000
 -0.149000 0.000000 0.000000
 -0.148000 0.000000 0.000000
 -0.147000 0.000000 0.000000
 -0.146000 0.000000 0.000000
 -0.145000 0.000000 0.000000
 -0.144000 0.000000 0.000000
 -0.143000 0.000000 0.000000
 -0.142000 0.000000 0.000000
 -0.141000 0.000000 0.000000
 -0.140000 0.000000 0.000000
 -0.139000 0.000000 0.000000
 -0.138000 0.000000 0.000000
 -0.137000 0.000000 0.000000
 -0.136000 0.000000 0.000000
 -0.135000 0.000000 0.000000
 -0.134000 0.000000 0.000000
 -0.133000 0.000000 0.000000
 -0.132000 0.000000 0.000000
 -0.131000 0.000000 0.000000
 -0.130000 0.000000 0.000000
 -0.129000 0.000000 0.000000
 -0.128000 0.000000 0.000000
 -0.127000 0.000000 0.000000
 -0.126000 0.000000 0.000000
 -0.125000 0.000000 0.000000
 -0.124000 0.000000 0.000000
 -0.123000 0.000000 0.000000
 -0.122000 0.000000 0.000000
 -0.121000 0.000000 0.000000
 -0.120000 0.000000 0.000000
 -0.119000 0.000000 0.000000
 -0.118000 0.000000 0.000000
 -0.117000 0.000000 0.000000
 -0.116000 0.000000 0.000000
 -0.115000 0.000000 0.000000
 -0.114000 0.000000 0.000000
 -0.113000 0.000000 0.000000
 -0.112000 0.000000 0.000000
 -0.111000 0.000000 0.000000
 -0.110000 0.000000 0.000000
 -0.109000 0.000000 0.000000
 -0.108000 0.000000 0.000000
 -0.107000 0.000000 0.000000
 -0.106000 0.000000 0.000000
 -0.105000 0.000000 0.000000
 -0.104000 0.000000 0.000000
 -0.103000 0.000000 0.000000
 -0.102000 0.000000 0.000000
 -0.101000 0.000000 0.000000
 -0.100000 0.000000 0.000000
 -0.099000 0.000000 0.000000
 -0.098000 0.000000 0.000000
 -0.097000 0.000000 0.000000
 -0.096000 0.000000 0.000000
 -0.095000 0.000000 0.000000
 -0.094000 0.000000 0.000000
 -0.093000 0.000000 0.000000
 -0.092000 0.000000 0.000000
 -0.091000 0.000000 0.000000
 -0.090000 0.000000 0.000000
 -0.089000 0.000000 0.000000
 -0.088000 0.000000 0.000000
 -0.087000 0.000000 0.000000
 -0.086000 0.000000 0.000000
 -0.085000 0.000000 0.000000
 -0.084000 0.000000 0.000000
 -0.083000 0.000000 0.000000
 -0.082000 0.000000 0.000000
 -0.081000 0.000000 0.000000
 -0.080000 0.000000 0.000000
 -0.079000 0.000000 0.000000
 -0.078000 0.000000 0.000000
 -0.077000 0.000000 0.000000
 -0.076000 0.000000 0.000000
 -0.075000 0.000000 0.000000
 -0.074000 0.000000 0.000000
 -0.073000 0.000000 0.000000
 -0.072000 0.000000 0.000000
 -0.071000 0.000000 0.000000
 -0.070000 0.000000 0.000000
 -0.069000 0.000000 0.000000
 -0.068000 0.000000 0.000000
 -0.067000 0.000000 0.000000
 -0.066000 0.000000 0.000000
 -0.065000 0.000000 0.000000
 -0.064000 0.000000 0.000000
 -0.063000 0.000000 0.000000
 -0.062000 0.000000 0.000000
 -0.061000 0.000000 0.000000
 -0.060000 0.000000 0.000000
 -0.059000 0.000000 0.000000
 -0.058000 0.000000 0.000000
 -0.057000 0.000000 0.000000
 -0.056000 0.000000 0.000000
 -0.055000 0.000000 0.000000
 -0.054000 0.000000 0.000000
 -0.053000 0.000000 0.000000
 -0.052000 0.000000 0.000000
 -0.051000 0.000000 0.000000
 -0.050000 0.000000 0.000000
 -0.049000 0.000000 0.000000
 -0.048000 0.000000 0.000000
 -0.047000 0.000000 0.000000
 -0.046000 0.000000 0.000000
 -0.045000 0.000000 0.000000
 -0.044000 0.000000 0.000000
 -0.043000 0.000000 0.000000
 -0.042000 0.000000 0.000000
 -0.041000 0.000000 0.000000
 -0.040000 0.000000 0.000000
 -0.039000 0.000000 0.000000
 -0.038000 0.000000 0.000000
 -0.037000 0.000000 0.000000
 -0.036000 0.000057 0.020569
 -0.035000 0.000163 0.058728
 -0.034000 0.000333 0.118054
 -0.033000 0.000592 0.206441
 -0.032000 0.000953 0.325796
 -0.031000 0.001498 0.502677
 -0.030000 0.002263 0.744265
 -0.029000 0.003310 1.065009
 -0.028000 0.004730 1.486673
 -0.027000 0.006629 2.031764
 -0.026000 0.009163 2.735678
 -0.025000 0.012512 3.636238
 -0.024000 0.016896 4.775448
 -0.023000 0.022547 6.189489
 -0.022000 0.029804 7.940855
 -0.021000 0.038972 10.064098
 -0.020000 0.050481 12.621645
 -0.019000 0.064840 15.686570
 -0.018000 0.082500 19.287345
 -0.017000 0.104048 23.480594
 -0.016000 0.130137 28.322773
 -0.015000 0.161384 33.833095
 -0.014000 0.198535 40.055664
 -0.013000 0.242266 46.986992
 -0.012000 0.293260 54.609972
 -0.011000 0.352230 62.904985
 -0.010000 0.419845 71.829722
 -0.009000 0.496612 81.282775
 -0.008000 0.583081 91.188151
 -0.007000 0.679629 101.424080
 -0.006000 0.786502 111.848357
 -0.005000 0.903879 122.331471
 -0.004000 1.031713 132.707192
 -0.003000 1.169834 142.817237
 -0.002000 1.317819 152.472813
 -0.001000 1.475156 161.517593
 0.000000 1.641184 169.808755
 0.001000 1.815098 177.219717
 0.002000 1.995915 183.624207
 0.003000 2.182599 188.938479
 0.004000 2.374039 193.105771
 0.005000 2.569034 196.081546
 0.006000 2.766444 197.880371
 0.007000 2.965071 198.518048
 0.008000 3.163749 198.034417
 0.009000 3.361399 196.501664
 0.010000 3.557073 194.028243
 0.011000 3.749836 190.706299
 0.012000 3.938906 186.653262
 0.013000 4.123594 181.982608
 0.014000 4.303387 176.830471
 0.015000 4.477815 171.300756
 0.016000 4.646591 165.516584
 0.017000 4.809475 159.570155
 0.018000 4.966394 153.568068
 0.019000 5.117328 147.591076
 0.020000 5.262290 141.693210
 0.021000 5.401464 135.954716
 0.022000 5.534981 130.404916
 0.023000 5.663026 125.067338
 0.024000 5.785857 119.972179
 0.025000 5.903760 115.144257
 0.026000 6.016908 110.554901
 0.027000 6.125640 106.231074
 0.028000 6.230165 102.148374
 0.029000 6.330712 98.289852
 0.030000 6.427521 94.646258
 0.031000 6.520798 91.200252
 0.032000 6.610657 87.907266
 0.033000 6.697331 84.774236
 0.034000 6.780946 81.775669
 0.035000 6.861618 78.891267
 0.036000 6.939421 76.093218
 0.037000 7.014428 73.396115
 0.038000 7.086725 70.772882
 0.039000 7.156423 68.202116
 0.040000 7.223540 65.666116
 0.041000 7.288106 63.140218
 0.042000 7.350145 60.649344
 0.043000 7.409666 58.156720
 0.044000 7.466681 55.644117
 0.045000 7.521159 53.099264
 0.046000 7.573057 50.507035
 0.047000 7.622295 47.860350
 0.048000 7.668863 45.164637
 0.049000 7.712679 42.398058
 0.050000 7.753674 39.539142
 0.051000 7.791734 36.598483
 0.052000 7.826829 33.547405
 0.053000 7.858817 30.400759
 0.054000 7.887546 27.170897
 0.055000 7.912974 23.815433
 0.056000 7.935041 20.374175
 0.057000 7.953587 16.860909
 0.058000 7.968642 13.279171
 0.059000 7.980039 9.659888
 0.060000 7.987754 5.987233
 0.061000 7.991819 2.284039
 0.062000 7.992148 -1.423193
 0.063000 7.988717 -5.112015
 0.064000 7.981660 -8.794450
 0.065000 7.970925 -12.421149
 0.066000 7.956592 -15.981374
 0.067000 7.938744 -19.467469
 0.068000 7.917449 -22.820610
 0.069000 7.892824 -26.054192
 0.070000 7.864980 -29.153297
 0.071000 7.834120 -32.134676
 0.072000 7.800385 -34.960125
 0.073000 7.763913 -37.611983
 0.074000 7.724815 -40.094451
 0.075000 7.683330 -42.413188
 0.076000 7.639609 -44.559242
 0.077000 7.593796 -46.541786
 0.078000 7.546106 -48.364869
 0.079000 7.496658 -50.009282
 0.080000 7.445602 -51.515509
 0.081000 7.393120 -52.898099
 0.082000 7.339383 -54.143641
 0.083000 7.284414 -55.254047
 0.084000 7.228385 -56.268320
 0.085000 7.171360 -57.198763
 0.086000 7.113448 -58.071604
 0.087000 7.054663 -58.872742
 0.088000 6.995113 -59.645242
 0.089000 6.934773 -60.393127
 0.090000 6.873718 -61.143281
 0.091000 6.811868 -61.889609
 0.092000 6.749254 -62.650043
 0.093000 6.685932 -63.435629
 0.094000 6.621750 -64.221183
 0.095000 6.556793 -65.022891
 0.096000 6.491058 -65.847554
 0.097000 6.424487 -66.670884
 0.098000 6.357033 -67.462234
 0.099000 6.288877 -68.245830
 0.100000 6.219935 -68.963633
 0.101000 6.150272 -69.636120
 0.102000 6.079984 -70.230942
 0.103000 6.009120 -70.732423
 0.104000 5.937789 -71.135274
 0.105000 5.866169 -71.452364
 0.106000 5.794258 -71.639243
 0.107000 5.722213 -71.711027
 0.108000 5.650143 -71.676817
 0.109000 5.578207 -71.548404
 0.110000 5.506429 -71.319196
 0.111000 5.434938 -70.999316
 0.112000 5.363770 -70.606658
 0.113000 5.293049 -70.163179
 0.114000 5.222806 -69.686518
 0.115000 5.152996 -69.177774
 0.116000 5.083712 -68.658849
 0.117000 5.014967 -68.141695
 0.118000 4.946728 -67.646774
 0.119000 4.879003 -67.178254
 0.120000 4.811742 -66.744791
 0.121000 4.744864 -66.330169
 0.122000 4.678373 -65.953535
 0.123000 4.612254 -65.612464
 0.124000 4.546459 -65.303543
 0.125000 4.480968 -65.018759
 0.126000 4.415738 -64.762006
 0.127000 4.350779 -64.514508
 0.128000 4.286139 -64.280672
 0.129000 4.221668 -64.028922
 0.130000 4.157479 -63.761155
 0.131000 4.093512 -63.466058
 0.132000 4.029845 -63.153413
 0.133000 3.966523 -62.827720
 0.134000 3.903531 -62.467596
 0.135000 3.840945 -62.079796
 0.136000 3.778754 -61.678874
 0.137000 3.716987 -61.246651
 0.138000 3.655658 -60.793949
 0.139000 3.594799 -60.323118
 0.140000 3.534441 -59.839521
 0.141000 3.474523 -59.338056
 0.142000 3.415138 -58.838285
 0.143000 3.356267 -58.347835
 0.144000 3.297895 -57.874484
 0.145000 3.239980 -57.390718
 0.146000 3.182527 -56.908821
 0.147000 3.125578 -56.443907
 0.148000 3.069090 -56.002904
 0.149000 3.013040 -55.563959
 0.150000 2.957430 -55.143300
 0.151000 2.902221 -54.735191
 0.152000 2.847408 -54.325894
 0.153000 2.793037 -53.938039
 0.154000 2.739065 -53.555958
 0.155000 2.685434 -53.155092
 0.156000 2.632203 -52.765393
 0.157000 2.579366 -52.380258
 0.158000 2.526943 -51.995329
 0.159000 2.474908 -51.608048
 0.160000 2.423247 -51.210687
 0.161000 2.371986 -50.802945
 0.162000 2.321139 -50.393768
 0.163000 2.270733 -49.968764
 0.164000 2.220766 -49.533079
 0.165000 2.171253 -49.077674
 0.166000 2.122186 -48.588086
 0.167000 2.073636 -48.083237
 0.168000 2.025589 -47.547929
 0.169000 1.978084 -46.991141
 0.170000 1.931160 -46.413196
 0.171000 1.884856 -45.812140
 0.172000 1.839156 -45.174766
 0.173000 1.794092 -44.506891
 0.174000 1.749741 -43.826781
 0.175000 1.706086 -43.119954
 0.176000 1.663156 -42.391283
 0.177000 1.620970 -41.637955
 0.178000 1.579533 -40.862986
 0.179000 1.538872 -40.073912
 0.180000 1.499021 -39.263707
 0.181000 1.459996 -38.446962
 0.182000 1.421784 -37.611574
 0.183000 1.384425 -36.764144
 0.184000 1.347906 -35.904352
 0.185000 1.312266 -35.041160
 0.186000 1.277497 -34.165139
 0.187000 1.243611 -33.284628
 0.188000 1.210636 -32.408624
 0.189000 1.178525 -31.526019
 0.190000 1.147282 -30.642324
 0.191000 1.116927 -29.773388
 0.192000 1.087420 -28.913238
 0.193000 1.058773 -28.075841
 0.194000 1.030966 -27.258282
 0.195000 1.003984 -26.464059
 0.196000 0.977773 -25.693958
 0.197000 0.952326 -24.957910
 0.198000 0.927591 -24.249958
 0.199000 0.903575 -23.579806
 0.200000 0.880199 -22.933396
 0.201000 0.857425 -22.318544
 0.202000 0.835286 -21.746620
 0.203000 0.813676 -21.203205
 0.204000 0.792609 -20.700064
 0.205000 0.772042 -20.229458
 0.206000 0.751932 -19.791827
 0.207000 0.732248 -19.379848
 0.208000 0.712943 -18.987517
 0.209000 0.694051 -18.634554
 0.210000 0.675493 -18.297085
 0.211000 0.657263 -17.984623
 0.212000 0.639341 -17.685518
 0.213000 0.621704 -17.392158
 0.214000 0.604369 -17.118891
 0.215000 0.587290 -16.845541
 0.216000 0.570489 -16.581711
 0.217000 0.553970 -16.324896
 0.218000 0.537697 -16.061303
 0.219000 0.521688 -15.792186
 0.220000 0.505940 -15.518062
 0.221000 0.490488 -15.248923
 0.222000 0.475300 -14.967802
 0.223000 0.460401 -14.690121
 0.224000 0.445803 -14.412257
 0.225000 0.431471 -14.128402
 0.226000 0.417424 -13.843866
 0.227000 0.403666 -13.554042
 0.228000 0.390194 -13.260009
 0.229000 0.377022 -12.966585
 0.230000 0.364151 -12.669439
 0.231000 0.351563 -12.362224
 0.232000 0.339302 -12.051913
 0.233000 0.327356 -11.735570
 0.234000 0.315733 -11.406324
 0.235000 0.304449 -11.072409
 0.236000 0.293494 -10.720710
 0.237000 0.282903 -10.361299
 0.238000 0.272682 -9.990360
 0.239000 0.262829 -9.607203
 0.240000 0.253365 -9.218191
 0.241000 0.244294 -8.826311
 0.242000 0.235630 -8.437302
 0.243000 0.227356 -8.050489
 0.244000 0.219462 -7.666396
 0.245000 0.211944 -7.292639
 0.246000 0.204796 -6.931878
 0.247000 0.197996 -6.589042
 0.248000 0.191527 -6.266486
 0.249000 0.185374 -5.968171
 0.250000 0.179502 -5.691753
 0.251000 0.173899 -5.442481
 0.252000 0.168542 -5.223162
 0.253000 0.163380 -5.022214
 0.254000 0.158420 -4.847492
 0.255000 0.153624 -4.694611
 0.256000 0.148966 -4.558474
 0.257000 0.144448 -4.441966
 0.258000 0.140040 -4.339050
 0.259000 0.135722 -4.244362
 0.260000 0.131495 -4.159313
 0.261000 0.127346 -4.080140
 0.262000 0.123274 -4.006438
 0.263000 0.119275 -3.937923
 0.264000 0.115350 -3.872739
 0.265000 0.111491 -3.809450
 0.266000 0.107700 -3.748303
 0.267000 0.103961 -3.683925
 0.268000 0.100282 -3.616562
 0.269000 0.096676 -3.552258
 0.270000 0.093136 -3.491074
 0.271000 0.089661 -3.431104
 0.272000 0.086240 -3.368871
 0.273000 0.082880 -3.307395
 0.274000 0.079592 -3.251665
 0.275000 0.076353 -3.192625
 0.276000 0.073182 -3.135994
 0.277000 0.070067 -3.078955
 0.278000 0.067006 -3.018371
 0.279000 0.064010 -2.958467
 0.280000 0.061072 -2.894334
 0.281000 0.058198 -2.827443
 0.282000 0.055395 -2.755103
 0.283000 0.052665 -2.678253
 0.284000 0.050022 -2.598500
 0.285000 0.047456 -2.510136
 0.286000 0.044976 -2.412903
 0.287000 0.042604 -2.312137
 0.288000 0.040335 -2.203813
 0.289000 0.038183 -2.089936
 0.290000 0.036146 -1.969789
 0.291000 0.034231 -1.844153
 0.292000 0.032440 -1.713591
 0.293000 0.030783 -1.582093
 0.294000 0.029263 -1.448537
 0.295000 0.027867 -1.314715
 0.296000 0.026611 -1.185368
 0.297000 0.025477 -1.057884
 0.298000 0.024475 -0.938256
 0.299000 0.023592 -0.826258
 0.300000 0.022813 -0.719687
 0.301000 0.022135 -0.622010
 0.302000 0.021553 -0.535231
 0.303000 0.021050 -0.457389
 0.304000 0.020623 -0.392185
 0.305000 0.020250 -0.335982
 0.306000 0.019932 -0.292404
 0.307000 0.019647 -0.257448
 0.308000 0.019399 -0.235610
 0.309000 0.019167 -0.222511
 0.310000 0.018945 -0.218251
 0.311000 0.018722 -0.219595
 0.312000 0.018494 -0.228535
 0.313000 0.018254 -0.242573
 0.314000 0.018000 -0.261871
 0.315000 0.017723 -0.283239
 0.316000 0.017425 -0.307514
 0.317000 0.017101 -0.331694
 0.318000 0.016754 -0.356778
 0.319000 0.016380 -0.379923
 0.320000 0.015985 -0.402820
 0.321000 0.015571 -0.423322
 0.322000 0.015136 -0.441655
 0.323000 0.014683 -0.456747
 0.324000 0.014216 -0.469187
 0.325000 0.013743 -0.479318
 0.326000 0.013260 -0.486732
 0.327000 0.012769 -0.489711
 0.328000 0.012278 -0.491231
 0.329000 0.011787 -0.489739
 0.330000 0.011297 -0.484642
 0.331000 0.010815 -0.477237
 0.332000 0.010341 -0.466998
 0.333000 0.009881 -0.453814
 0.334000 0.009433 -0.438120
 0.335000 0.009003 -0.419998
 0.336000 0.008593 -0.399786
 0.337000 0.008202 -0.376543
 0.338000 0.007836 -0.351897
 0.339000 0.007497 -0.326126
 0.340000 0.007184 -0.299114
 0.341000 0.006897 -0.270667
 0.342000 0.006637 -0.241733
 0.343000 0.006409 -0.214500
 0.344000 0.006208 -0.187945
 0.345000 0.006032 -0.162238
 0.346000 0.005881 -0.138351
 0.347000 0.005754 -0.116611
 0.348000 0.005647 -0.097492
 0.349000 0.005556 -0.079598
 0.350000 0.005483 -0.065815
 0.351000 0.005420 -0.054713
 0.352000 0.005368 -0.047160
 0.353000 0.005322 -0.042585
 0.354000 0.005281 -0.041351
 0.355000 0.005236 -0.041772
 0.356000 0.005191 -0.045648
 0.357000 0.005141 -0.051859
 0.358000 0.005085 -0.060365
 0.359000 0.005020 -0.070329
 0.360000 0.004944 -0.081341
 0.361000 0.004857 -0.092949
 0.362000 0.004756 -0.103836
 0.363000 0.004647 -0.115415
 0.364000 0.004525 -0.125646
 0.365000 0.004394 -0.135080
 0.366000 0.004255 -0.142767
 0.367000 0.004106 -0.147421
 0.368000 0.003957 -0.151167
 0.369000 0.003804 -0.152135
 0.370000 0.003652 -0.151338
 0.371000 0.003501 -0.148060
 0.372000 0.003355 -0.143332
 0.373000 0.003215 -0.137083
 0.374000 0.003081 -0.129760
 0.375000 0.002955 -0.121849
 0.376000 0.002837 -0.113503
 0.377000 0.002727 -0.105977
 0.378000 0.002624 -0.099226
 0.379000 0.002528 -0.093606
 0.380000 0.002437 -0.089375
 0.381000 0.002349 -0.086684
 0.382000 0.002263 -0.085567
 0.383000 0.002177 -0.085952
 0.384000 0.002088 -0.086902
 0.385000 0.002000 -0.089898
 0.386000 0.001907 -0.093182
 0.387000 0.001812 -0.097320
 0.388000 0.001713 -0.101409
 0.389000 0.001609 -0.105110
 0.390000 0.001503 -0.108113
 0.391000 0.001393 -0.110161
 0.392000 0.001283 -0.111061
 0.393000 0.001172 -0.110691
 0.394000 0.001061 -0.108694
 0.395000 0.000954 -0.105811
 0.396000 0.000850 -0.101703
 0.397000 0.000751 -0.096519
 0.398000 0.000655 -0.089645
 0.399000 0.000568 -0.083126
 0.400000 0.000488 -0.075692
 0.401000 0.000416 -0.068485
 0.402000 0.000351 -0.061180
 0.403000 0.000293 -0.053975
 0.404000 0.000243 -0.047037
 0.405000 0.000199 -0.040498
 0.406000 0.000160 -0.034070
 0.407000 0.000129 -0.028697
 0.408000 0.000103 -0.023885
 0.409000 0.000081 -0.019648
 0.410000 0.000063 -0.015976
 0.411000 0.000049 -0.012842
 0.412000 0.000038 -0.010206
 0.413000 0.000028 -0.008020
 0.414000 0.000021 -0.006233
 0.415000 0.000016 -0.004790
 0.416000 0.000012 -0.003641
 0.417000 0.000009 -0.002738
 0.418000 0.000006 -0.002036
 0.419000 0.000004 -0.001498
 0.420000 0.000002 -0.000698
 0.421000 0.000001 -0.000506
 0.422000 0.000000 0.000000
 0.423000 0.000000 0.000000
 0.424000 0.000000 0.000000
 0.425000 0.000000 0.000000
 0.426000 0.000000 0.000000
 0.427000 0.000000 0.000000
 0.428000 0.000000 0.000000
 0.429000 0.000000 0.000000
 0.430000 0.000000 0.000000
 0.431000 0.000000 0.000000
 0.432000 0.000000 0.000000
 0.433000 0.000000 0.000000
 0.434000 0.000000 0.000000
 0.435000 0.000000 0.000000
 0.436000 0.000000 0.000000
 0.437000 0.000000 0.000000
 0.438000 0.000000 0.000000
 0.439000 0.000000 0.000000
 0.440000 0.000000 0.000000
 0.441000 0.000000 0.000000
 0.442000 0.000000 0.000000
 0.443000 0.000000 0.000000
 0.444000 0.000000 0.000000
 0.445000 0.000000 0.000000
 0.446000 0.000000 0.000000
 0.447000 0.000000 0.000000
 0.448000 0.000000 0.000000
 0.449000 0.000000 0.000000
 0.450000 0.000000 0.000000
 0.451000 0.000000 0.000000
 0.452000 0.000000 0.000000
 0.453000 0.000000 0.000000
 0.454000 0.000000 0.000000
 0.455000 0.000000 0.000000
 0.456000 0.000000 0.000000
 0.457000 0.000000 0.000000
 0.458000 0.000000 0.000000
 0.459000 0.000000 0.000000
 0.460000 0.000000 0.000000
 0.461000 0.000000 0.000000
 0.462000 0.000000 0.000000
 0.463000 0.000000 0.000000
 0.464000 0.000000 0.000000
 0.465000 0.000000 0.000000
 0.466000 0.000000 0.000000
 0.467000 0.000000 0.000000
 0.468000 0.000000 0.000000
 0.469000 0.000000 0.000000
 0.470000 0.000000 0.000000
 0.471000 0.000000 0.000000
 0.472000 0.000000 0.000000
 0.473000 0.000000 0.000000
 0.474000 0.000000 0.000000
 0.475000 0.000000 0.000000
 0.476000 0.000000 0.000000
 0.477000 0.000000 0.000000
 0.478000 0.000000 0.000000
 0.479000 0.000000 0.000000
 0.480000 0.000000 0.000000
 0.481000 0.000000 0.000000
 0.482000 0.000000 0.000000
 0.483000 0.000000 0.000000
 0.484000 0.000000 0.000000
 0.485000 0.000000 0.000000
 0.486000 0.000000 0.000000
 0.487000 0.000000 0.000000
 0.488000 0.000000 0.000000
 0.489000 0.000000 0.000000
 0.490000 0.000000 0.000000
 0.491000 0.000000 0.000000
 0.492000 0.000000 0.000000
 0.493000 0.000000 0.000000
 0.494000 0.000000 0.000000
 0.495000 0.000000 0.000000
 0.496000 0.000000 0.000000
 0.497000 0.000000 0.000000
 0.498000 0.000000 0.000000
 0.499000 0.000000 0.000000
 0.500000 0.000000 0.000000
 0.501000 0.000000 0.000000
 0.502000 0.000000 0.000000
 0.503000 0.000000 0.000000
 0.504000 0.000000 0.000000
 0.505000 0.000000 0.000000
 0.506000 0.000000 0.000000
 0.507000 0.000000 0.000000
 0.508000 0.000000 0.000000
 0.509000 0.000000 0.000000
 0.510000 0.000000 0.000000
 0.511000 0.000000 0.000000
 0.512000 0.000000 0.000000
 0.513000 0.000000 0.000000
 0.514000 0.000000 0.000000
 0.515000 0.000000 0.000000
 0.516000 0.000000 0.000000
 0.517000 0.000000 0.000000
 0.518000 0.000000 0.000000
 0.519000 0.000000 0.000000
 0.520000 0.000000 0.000000
 0.521000 0.000000 0.000000
 0.522000 0.000000 0.000000
 0.523000 0.000000 0.000000
 0.524000 0.000000 0.000000
 0.525000 0.000000 0.000000
 0.526000 0.000000 0.000000
 0.527000 0.000000 0.000000
 0.528000 0.000000 0.000000
 0.529000 0.000000 0.000000
 0.530000 0.000000 0.000000
 0.531000 0.000000 0.000000
 0.532000 0.000000 0.000000
 0.533000 0.000000 0.000000
 0.534000 0.000000 0.000000
 0.535000 0.000000 0.000000
 0.536000 0.000000 0.000000
 0.537000 0.000000 0.000000
 0.538000 0.000000 0.000000
 0.539000 0.000000 0.000000
 0.540000 0.000000 0.000000
 0.541000 0.000000 0.000000
 0.542000 0.000000 0.000000
 0.543000 0.000000 0.000000
 0.544000 0.000000 0.000000
 0.545000 0.000000 0.000000
 0.546000 0.000000 0.000000
 0.547000 0.000000 0.000000
 0.548000 0.000000 0.000000
 0.549000 0.000000 0.000000
 0.550000 0.000000 0.000000
 0.551000 0.000000 0.000000
 0.552000 0.000000 0.000000
 0.553000 0.000000 0.000000
 0.554000 0.000000 0.000000
 0.555000 0.000000 0.000000
 0.556000 0.000000 0.000000
 0.557000 0.000000 0.000000
 0.558000 0.000000 0.000000
 0.559000 0.000000 0.000000
 0.560000 0.000000 0.000000
 0.561000 0.000000 0.000000
 0.562000 0.000000 0.000000
 0.563000 0.000000 0.000000
 0.564000 0.000000 0.000000
 0.565000 0.000000 0.000000
 0.566000 0.000000 0.000000
 0.567000 0.000000 0.000000
 0.568000 0.000000 0.000000
 0.569000 0.000000 0.000000
 0.570000 0.000000 0.000000
 0.571000 0.000000 0.000000
 0.572000 0.000000 0.000000
 0.573000 0.000000 0.000000
 0.574000 0.000000 0.000000
 0.575000 0.000000 0.000000
 0.576000 0.000000 0.000000
 0.577000 0.000000 0.000000
 0.578000 0.000000 0.000000
 0.579000 0.000000 0.000000
 0.580000 0.000000 0.000000
 0.581000 0.000000 0.000000
 0.582000 0.000000 0.000000
 0.583000 0.000000 0.000000
 0.584000 0.000000 0.000000
 0.585000 0.000000 0.000000
 0.586000 0.000000 0.000000
 0.587000 0.000000 0.000000
 0.588000 0.000000 0.000000
 0.589000 0.000000 0.000000
 0.590000 0.000000 0.000000
 0.591000 0.000000 0.000000
 0.592000 0.000000 0.000000
 0.593000 0.000000 0.000000
 0.594000 0.000000 0.000000
 0.595000 0.000000 0.000000
 0.596000 0.000000 0.000000
 0.597000 0.000000 0.000000
 0.598000 0.000000 0.000000
 0.599000 0.000000 0.000000
 0.600000 0.000000 0.000000
 0.601000 0.000000 0.000000
 0.602000 0.000000 0.000000
 0.603000 0.000000 0.000000
 0.604000 0.000000 0.000000
 0.605000 0.000000 0.000000
 0.606000 0.000000 0.000000
 0.607000 0.000000 0.000000
 0.608000 0.000000 0.000000
 0.609000 0.000000 0.000000
 0.610000 0.000000 0.000000
 0.611000 0.000000 0.000000
 0.612000 0.000000 0.000000
 0.613000 0.000000 0.000000
 0.614000 0.000000 0.000000
 0.615000 0.000000 0.000000
 0.616000 0.000000 0.000000
 0.617000 0.000000 0.000000
 0.618000 0.000000 0.000000
 0.619000 0.000000 0.000000
 0.620000 0.000000 0.000000
 0.621000 0.000000 0.000000
 0.622000 0.000000 0.000000
 0.623000 0.000000 0.000000
 0.624000 0.000000 0.000000
 0.625000 0.000000 0.000000
 0.626000 0.000000 0.000000
 0.627000 0.000000 0.000000
 0.628000 0.000000 0.000000
 0.629000 0.000000 0.000000
 0.630000 0.000000 0.000000
 0.631000 0.000000 0.000000
 0.632000 0.000000 0.000000
 0.633000 0.000000 0.000000
 0.634000 0.000000 0.000000
 0.635000 0.000000 0.000000
 0.636000 0.000000 0.000000
 0.637000 0.000000 0.000000
 0.638000 0.000000 0.000000
 0.639000 0.000000 0.000000
 0.640000 0.000000 0.000000
 0.641000 0.000000 0.000000
 0.642000 0.000000 0.000000
 0.643000 0.000000 0.000000
 0.644000 0.000000 0.000000
 0.645000 0.000000 0.000000
 0.646000 0.000000 0.000000
 0.647000 0.000000 0.000000
 0.648000 0.000000 0.000000
 0.649000 0.000000 0.000000
 0.650000 0.000000 0.000000
 0.651000 0.000000 0.000000
 0.652000 0.000000 0.000000
 0.653000 0.000000 0.000000
 0.654000 0.000000 0.000000
 0.655000 0.000000 0.000000
 0.656000 0.000000 0.000000
 0.657000 0.000000 0.000000
 0.658000 0.000000 0.000000
 0.659000 0.000000 0.000000
 0.660000 0.000000 0.000000
 0.661000 0.000000 0.000000
 0.662000 0.000000 0.000000
 0.663000 0.000000 0.000000
 0.664000 0.000000 0.000000
 0.665000 0.000000 0.000000
 0.666000 0.000000 0.000000
 0.667000 0.000000 0.000000
 0.668000 0.000000 0.000000
 0.669000 0.000000 0.000000
 0.670000 0.000000 0.000000
 0.671000 0.000000 0.000000
 0.672000 0.000000 0.000000
 0.673000 0.000000 0.000000
 0.674000 0.000000 0.000000
 0.675000 0.000000 0.000000
 0.676000 0.000000 0.000000
 0.677000 0.000000 0.000000
 0.678000 0.000000 0.000000
 0.679000 0.000000 0.000000
 0.680000 0.000000 0.000000
 0.681000 0.000000 0.000000
 0.682000 0.000000 0.000000
 0.683000 0.000000 0.000000
 0.684000 0.000000 0.000000
 0.685000 0.000000 0.000000
 0.686000 0.000000 0.000000
 0.687000 0.000000 0.000000
 0.688000 0.000000 0.000000
 0.689000 0.000000 0.000000
 0.690000 0.000000 0.000000
 0.691000 0.000000 0.000000
 0.692000 0.000000 0.000000
 0.693000 0.000000 0.000000
 0.694000 0.000000 0.000000
 0.695000 0.000000 0.000000
 0.696000 0.000000 0.000000
 0.697000 0.000000 0.000000
 0.698000 0.000000 0.000000
 0.699000 0.000000 0.000000
 0.700000 0.000000 0.000000
 0.701000 0.000000 0.000000
 0.702000 0.000000 0.000000
 0.703000 0.000000 0.000000
 0.704000 0.000000 0.000000
 0.705000 0.000000 0.000000
 0.706000 0.000000 0.000000
 0.707000 0.000000 0.000000
 0.708000 0.000000 0.000000
 0.709000 0.000000 0.000000
 0.710000 0.000000 0.000000
 0.711000 0.000000 0.000000
 0.712000 0.000000 0.000000
 0.713000 0.000000 0.000000
 0.714000 0.000000 0.000000
 0.715000 0.000000 0.000000
 0.716000 0.000000 0.000000
 0.717000 0.000000 0.000000
 0.718000 0.000000 0.000000
 0.719000 0.000000 0.000000
 0.720000 0.000000 0.000000
 0.721000 0.000000 0.000000
 0.722000 0.000000 0.000000
 0.723000 0.000000 0.000000
 0.724000 0.000000 0.000000
 0.725000 0.000000 0.000000
 0.726000 0.000000 0.000000
 0.727000 0.000000 0.000000
 0.728000 0.000000 0.000000
 0.729000 0.000000 0.000000
 0.730000 0.000000 0.000000
 0.731000 0.000000 0.000000
 0.732000 0.000000 0.000000
 0.733000 0.000000 0.000000
 0.734000 0.000000 0.000000
 0.735000 0.000000 0.000000
 0.736000 0.000000 0.000000
 0.737000 0.000000 0.000000
 0.738000 0.000000 0.000000
 0.739000 0.000000 0.000000
 0.740000 0.000000 0.000000
 0.741000 0.000000 0.000000
 0.742000 0.000000 0.000000
 0.743000 0.000000 0.000000
 0.744000 0.000000 0.000000
 0.745000 0.000000 0.000000
 0.746000 0.000000 0.000000
 0.747000 0.000000 0.000000
 0.748000 0.000000 0.000000
 0.749000 0.000000 0.000000
 0.750000 0.000000 0.000000
 0.751000 0.000000 0.000000
 0.752000 0.000000 0.000000
 0.753000 0.000000 0.000000
 0.754000 0.000000 0.000000
 0.755000 0.000000 0.000000
 0.756000 0.000000 0.000000
 0.757000 0.000000 0.000000
 0.758000 0.000000 0.000000
 0.759000 0.000000 0.000000
 0.760000 0.000000 0.000000
 0.761000 0.000000 0.000000
 0.762000 0.000000 0.000000
 0.763000 0.000000 0.000000
 0.764000 0.000000 0.000000
 0.765000 0.000000 0.000000
 0.766000 0.000000 0.000000
 0.767000 0.000000 0.000000
 0.768000 0.000000 0.000000
 0.769000 0.000000 0.000000
 0.770000 0.000000 0.000000
 0.771000 0.000000 0.000000
 0.772000 0.000000 0.000000
 0.773000 0.000000 0.000000
 0.774000 0.000000 0.000000
 0.775000 0.000000 0.000000
 0.776000 0.000000 0.000000
 0.777000 0.000000 0.000000
 0.778000 0.000000 0.000000
 0.779000 0.000000 0.000000
 0.780000 0.000000 0.000000
 0.781000 0.000000 0.000000
 0.782000 0.000000 0.000000
 0.783000 0.000000 0.000000
 0.784000 0.000000 0.000000
 0.785000 0.000000 0.000000
 0.786000 0.000000 0.000000
 0.787000 0.000000 0.000000
 0.788000 0.000000 0.000000
 0.789000 0.000000 0.000000
 0.790000 0.000000 0.000000
 0.791000 0.000000 0.000000
 0.792000 0.000000 0.000000
 0.793000 0.000000 0.000000
 0.794000 0.000000 0.000000
 0.795000 0.000000 0.000000
 0.796000 0.000000 0.000000
 0.797000 0.000000 0.000000
 0.798000 0.000000 0.000000
 0.799000 0.000000 0.000000
 0.800000 0.000000 0.000000
 0.801000 0.000000 0.000000
 0.802000 0.000000 0.000000
 0.803000 0.000000 0.000000
 0.804000 0.000000 0.000000
 0.805000 0.000000 0.000000
 0.806000 0.000000 0.000000
 0.807000 0.000000 0.000000
 0.808000 0.000000 0.000000
 0.809000 0.000000 0.000000
 0.810000 0.000000 0.000000
 0.811000 0.000000 0.000000
 0.812000 0.000000 0.000000
 0.813000 0.000000 0.000000
 0.814000 0.000000 0.000000
 0.815000 0.000000 0.000000
 0.816000 0.000000 0.000000
 0.817000 0.000000 0.000000
 0.818000 0.000000 0.000000
 0.819000 0.000000 0.000000
 0.820000 0.000000 0.000000
 0.821000 0.000000 0.000000
 0.822000 0.000000 0.000000
 0.823000 0.000000 0.000000
 0.824000 0.000000 0.000000
 0.825000 0.000000 0.000000
 0.826000 0.000000 0.000000
 0.827000 0.000000 0.000000
 0.828000 0.000000 0.000000
 0.829000 0.000000 0.000000
 0.830000 0.000000 0.000000
 0.831000 0.000000 0.000000
 0.832000 0.000000 0.000000
 0.833000 0.000000 0.000000
 0.834000 0.000000 0.000000
 0.835000 0.000000 0.000000
 0.836000 0.000000 0.000000
 0.837000 0.000000 0.000000
 0.838000 0.000000 0.000000
 0.839000 0.000000 0.000000
 0.840000 0.000000 0.000000
 0.841000 0.000000 0.000000
 0.842000 0.000000 0.000000
 0.843000 0.000000 0.000000
 0.844000 0.000000 0.000000
 0.845000 0.000000 0.000000
 0.846000 0.000000 0.000000
 0.847000 0.000000 0.000000
 0.848000 0.000000 0.000000
 0.849000 0.000000 0.000000
 0.850000 0.000000 0.000000
 0.851000 0.000000 0.000000
 0.852000 0.000000 0.000000
 0.853000 0.000000 0.000000
 0.854000 0.000000 0.000000
 0.855000 0.000000 0.000000
 0.856000 0.000000 0.000000
 0.857000 0.000000 0.000000
 0.858000 0.000000 0.000000
 0.859000 0.000000 0.000000
 0.860000 0.000000 0.000000
 0.861000 0.000000 0.000000
 0.862000 0.000000 0.000000
 0.863000 0.000000 0.000000
 0.864000 0.000000 0.000000
 0.865000 0.000000 0.000000
 0.866000 0.000000 0.000000
 0.867000 0.000000 0.000000
 0.868000 0.000000 0.000000
 0.869000 0.000000 0.000000
 0.870000 0.000000 0.000000
 0.871000 0.000000 0.000000
 0.872000 0.000000 0.000000
 0.873000 0.000000 0.000000
 0.874000 0.000000 0.000000
 0.875000 0.000000 0.000000
 0.876000 0.000000 0.000000
 0.877000 0.000000 0.000000
 0.878000 0.000000 0.000000
 0.879000 0.000000 0.000000
 0.880000 0.000000 0.000000
 0.881000 0.000000 0.000000
 0.882000 0.000000 0.000000
 0.883000 0.000000 0.000000
 0.884000 0.000000 0.000000
 0.885000 0.000000 0.000000
 0.886000 0.000000 0.000000
 0.887000 0.000000 0.000000
 0.888000 0.000000 0.000000
 0.889000 0.000000 0.000000
 0.890000 0.000000 0.000000
 0.891000 0.000000 0.000000
 0.892000 0.000000 0.000000
 0.893000 0.000000 0.000000
 0.894000 0.000000 0.000000
 0.895000 0.000000 0.000000
 0.896000 0.000000 0.000000
 0.897000 0.000000 0.000000
 0.898000 0.000000 0.000000
 0.899000 0.000000 0.000000
 0.900000 0.000000 0.000000
 0.901000 0.000000 0.000000
 0.902000 0.000000 0.000000
 0.903000 0.000000 0.000000
 0.904000 0.000000 0.000000
 0.905000 0.000000 0.000000
 0.906000 0.000000 0.000000
 0.907000 0.000000 0.000000
 0.908000 0.000000 0.000000
 0.909000 0.000000 0.000000
 0.910000 0.000000 0.000000
 0.911000 0.000000 0.000000
 0.912000 0.000000 0.000000
 0.913000 0.000000 0.000000
 0.914000 0.000000 0.000000
 0.915000 0.000000 0.000000
 0.916000 0.000000 0.000000
 0.917000 0.000000 0.000000
 0.918000 0.000000 0.000000
 0.919000 0.000000 0.000000
 0.920000 0.000000 0.000000
 0.921000 0.000000 0.000000
 0.922000 0.000000 0.000000
 0.923000 0.000000 0.000000
 0.924000 0.000000 0.000000
 0.925000 0.000000 0.000000
 0.926000 0.000000 0.000000
 0.927000 0.000000 0.000000
 0.928000 0.000000 0.000000
 0.929000 0.000000 0.000000
 0.930000 0.000000 0.000000
 0.931000 0.000000 0.000000
 0.932000 0.000000 0.000000
 0.933000 0.000000 0.000000
 0.934000 0.000000 0.000000
 0.935000 0.000000 0.000000
 0.936000 0.000000 0.000000
 0.937000 0.000000 0.000000
 0.938000 0.000000 0.000000
 0.939000 0.000000 0.000000
 0.940000 0.000000 0.000000
 0.941000 0.000000 0.000000
 0.942000 0.000000 0.000000
 0.943000 0.000000 0.000000
 0.944000 0.000000 0.000000
 0.945000 0.000000 0.000000
 0.946000 0.000000 0.000000
 0.947000 0.000000 0.000000
 0.948000 0.000000 0.000000
 0.949000 0.000000 0.000000
 0.950000 0.000000 0.000000
 0.951000 0.000000 0.000000
 0.952000 0.000000 0.000000
 0.953000 0.000000 0.000000
 0.954000 0.000000 0.000000
 0.955000 0.000000 0.000000
 0.956000 0.000000 0.000000
 0.957000 0.000000 0.000000
 0.958000 0.000000 0.000000
 0.959000 0.000000 0.000000
 0.960000 0.000000 0.000000
 0.961000 0.000000 0.000000
 0.962000 0.000000 0.000000
 0.963000 0.000000 0.000000
 0.964000 0.000000 0.000000
 0.965000 0.000000 0.000000
 0.966000 0.000000 0.000000
 0.967000 0.000000 0.000000
 0.968000 0.000000 0.000000
 0.969000 0.000000 0.000000
 0.970000 0.000000 0.000000
 0.971000 0.000000 0.000000
 0.972000 0.000000 0.000000
 0.973000 0.000000 0.000000
 0.974000 0.000000 0.000000
 0.975000 0.000000 0.000000
 0.976000 0.000000 0.000000
 0.977000 0.000000 0.000000
 0.978000 0.000000 0.000000
 0.979000 0.000000 0.000000
 0.980000 0.000000 0.000000
 0.981000 0.000000 0.000000
 0.982000 0.000000 0.000000
 0.983000 0.000000 0.000000
 0.984000 0.000000 0.000000
 0.985000 0.000000 0.000000
 0.986000 0.000000 0.000000
 0.987000 0.000000 0.000000
 0.988000 0.000000 0.000000
 0.989000 0.000000 0.000000
 0.990000 0.000000 0.000000
 0.991000 0.000000 0.000000
 0.992000 0.000000 0.000000
 0.993000 0.000000 0.000000
 0.994000 0.000000 0.000000
 0.995000 0.000000 0.000000
 0.996000 0.000000 0.000000
 0.997000 0.000000 0.000000
 0.998000 0.000000 0.000000
 0.999000 0.000000 0.000000
 1.000000 0.000000 0.000000
 1.001000 0.000000 0.000000
 1.002000 0.000000 0.000000
 1.003000 0.000000 0.000000
 1.004000 0.000000 0.000000
 1.005000 0.000000 0.000000
 1.006000 0.000000 0.000000
 1.007000 0.000000 0.000000
 1.008000 0.000000 0.000000
 1.009000 0.000000 0.000000
 1.010000 0.000000 0.000000
 1.011000 0.000000 0.000000
 1.012000 0.000000 0.000000
 1.013000 0.000000 0.000000
 1.014000 0.000000 0.000000
 1.015000 0.000000 0.000000
 1.016000 0.000000 0.000000
 1.017000 0.000000 0.000000
 1.018000 0.000000 0.000000
 1.019000 0.000000 0.000000
 1.020000 0.000000 0.000000
 1.021000 0.000000 0.000000
 1.022000 0.000000 0.000000
 1.023000 0.000000 0.000000
 1.024000 0.000000 0.000000
 1.025000 0.000000 0.000000
 1.026000 0.000000 0.000000
 1.027000 0.000000 0.000000
 1.028000 0.000000 0.000000
 1.029000 0.000000 0.000000
 1.030000 0.000000 0.000000
 1.031000 0.000000 0.000000
 1.032000 0.000000 0.000000
 1.033000 0.000000 0.000000
 1.034000 0.000000 0.000000
 1.035000 0.000000 0.000000
 1.036000 0.000000 0.000000
 1.037000 0.000000 0.000000
 1.038000 0.000000 0.000000
 1.039000 0.000000 0.000000
 1.040000 0.000000 0.000000
 1.041000 0.000000 0.000000
 1.042000 0.000000 0.000000
 1.043000 0.000000 0.000000
 1.044000 0.000000 0.000000
 1.045000 0.000000 0.000000
 1.046000 0.000000 0.000000
 1.047000 0.000000 0.000000
 1.048000 0.000000 0.000000
 1.049000 0.000000 0.000000
 1.050000 0.000000 0.000000
 1.051000 0.000000 0.000000
 1.052000 0.000000 0.000000
 1.053000 0.000000 0.000000
 1.054000 0.000000 0.000000
 1.055000 0.000000 0.000000
 1.056000 0.000000 0.000000
 1.057000 0.000000 0.000000
 1.058000 0.000000 0.000000
 1.059000 0.000000 0.000000
 1.060000 0.000000 0.000000
 1.061000 0.000000 0.000000
 1.062000 0.000000 0.000000
 1.063000 0.000000 0.000000
 1.064000 0.000000 0.000000
 1.065000 0.000000 0.000000
 1.066000 0.000000 0.000000
 1.067000 0.000000 0.000000
 1.068000 0.000000 0.000000
 1.069000 0.000000 0.000000
 1.070000 0.000000 0.000000
 1.071000 0.000000 0.000000
 1.072000 0.000000 0.000000
 1.073000 0.000000 0.000000
 1.074000 0.000000 0.000000
 1.075000 0.000000 0.000000
 1.076000 0.000000 0.000000
 1.077000 0.000000 0.000000
 1.078000 0.000000 0.000000
 1.079000 0.000000 0.000000
 1.080000 0.000000 0.000000
 1.081000 0.000000 0.000000
 1.082000 0.000000 0.000000
 1.083000 0.000000 0.000000
 1.084000 0.000000 0.000000
 1.085000 0.000000 0.000000
 1.086000 0.000000 0.000000
 1.087000 0.000000 0.000000
 1.088000 0.000000 0.000000
 1.089000 0.000000 0.000000
 1.090000 0.000000 0.000000
 1.091000 0.000000 0.000000
 1.092000 0.000000 0.000000
 1.093000 0.000000 0.000000
 1.094000 0.000000 0.000000
 1.095000 0.000000 0.000000
 1.096000 0.000000 0.000000
 1.097000 0.000000 0.000000
 1.098000 0.000000 0.000000
 1.099000 0.000000 0.000000
 1.100000 0.000000 0.000000
 1.101000 0.000000 0.000000
 1.102000 0.000000 0.000000
 1.103000 0.000000 0.000000
 1.104000 0.000000 0.000000
 1.105000 0.000000 0.000000
 1.106000 0.000000 0.000000
 1.107000 0.000000 0.000000
 1.108000 0.000000 0.000000
 1.109000 0.000000 0.000000
 1.110000 0.000000 0.000000
 1.111000 0.000000 0.000000
 1.112000 0.000000 0.000000
 1.113000 0.000000 0.000000
 1.114000 0.000000 0.000000
 1.115000 0.000000 0.000000
 1.116000 0.000000 0.000000
 1.117000 0.000000 0.000000
 1.118000 0.000000 0.000000
 1.119000 0.000000 0.000000
 1.120000 0.000000 0.000000
 1.121000 0.000000 0.000000
 1.122000 0.000000 0.000000
 1.123000 0.000000 0.000000
 1.124000 0.000000 0.000000
 1.125000 0.000000 0.000000
 1.126000 0.000000 0.000000
 1.127000 0.000000 0.000000
 1.128000 0.000000 0.000000
 1.129000 0.000000 0.000000
 1.130000 0.000000 0.000000
 1.131000 0.000000 0.000000
 1.132000 0.000000 0.000000
 1.133000 0.000000 0.000000
 1.134000 0.000000 0.000000
 1.135000 0.000000 0.000000
 1.136000 0.000000 0.000000
 1.137000 0.000000 0.000000
 1.138000 0.000000 0.000000
 1.139000 0.000000 0.000000
 1.140000 0.000000 0.000000
 1.141000 0.000000 0.000000
 1.142000 0.000000 0.000000
 1.143000 0.000000 0.000000
 1.144000 0.000000 0.000000
 1.145000 0.000000 0.000000
 1.146000 0.000000 0.000000
 1.147000 0.000000 0.000000
 1.148000 0.000000 0.000000
 1.149000 0.000000 0.000000
 1.150000 0.000000 0.000000
 1.151000 0.000000 0.000000
 1.152000 0.000000 0.000000
 1.153000 0.000000 0.000000
 1.154000 0.000000 0.000000
 1.155000 0.000000 0.000000
 1.156000 0.000000 0.000000
 1.157000 0.000000 0.000000
 1.158000 0.000000 0.000000
 1.159000 0.000000 0.000000
 1.160000 0.000000 0.000000
 1.161000 0.000000 0.000000
 1.162000 0.000000 0.000000
 1.163000 0.000000 0.000000
 1.164000 0.000000 0.000000
 1.165000 0.000000 0.000000
 1.166000 0.000000 0.000000
 1.167000 0.000000 0.000000
 1.168000 0.000000 0.000000
 1.169000 0.000000 0.000000
 1.170000 0.000000 0.000000
 1.171000 0.000000 0.000000
 1.172000 0.000000 0.000000
 1.173000 0.000000 0.000000
 1.174000 0.000000 0.000000
 1.175000 0.000000 0.000000
 1.176000 0.000000 0.000000
 1.177000 0.000000 0.000000
 1.178000 0.000000 0.000000
 1.179000 0.000000 0.000000
 1.180000 0.000000 0.000000
 1.181000 0.000000 0.000000
 1.182000 0.000000 0.000000
 1.183000 0.000000 0.000000
 1.184000 0.000000 0.000000
 1.185000 0.000000 0.000000
 1.186000 0.000000 0.000000
 1.187000 0.000000 0.000000
 1.188000 0.000000 0.000000
 1.189000 0.000000 0.000000
 1.190000 0.000000 0.000000
 1.191000 0.000000 0.000000
 1.192000 0.000000 0.000000
 1.193000 0.000000 0.000000
 1.194000 0.000000 0.000000
 1.195000 0.000000 0.000000
 1.196000 0.000000 0.000000
 1.197000 0.000000 0.000000
 1.198000 0.000000 0.000000
 1.199000 0.000000 0.000000
 1.200000 0.000000 0.000000
 1.201000 0.000000 0.000000
 1.202000 0.000000 0.000000
 1.203000 0.000000 0.000000
 1.204000 0.000000 0.000000
 1.205000 0.000000 0.000000
 1.206000 0.000000 0.000000
 1.207000 0.000000 0.000000
 1.208000 0.000000 0.000000
 1.209000 0.000000 0.000000
 1.210000 0.000000 0.000000
 1.211000 0.000000 0.000000
 1.212000 0.000000 0.000000
 1.213000 0.000000 0.000000
 1.214000 0.000000 0.000000
 1.215000 0.000000 0.000000
 1.216000 0.000000 0.000000
 1.217000 0.000000 0.000000
 1.218000 0.000000 0.000000
 1.219000 0.000000 0.000000
 1.220000 0.000000 0.000000
 1.221000 0.000000 0.000000
 1.222000 0.000000 0.000000
 1.223000 0.000000 0.000000
 1.224000 0.000000 0.000000
 1.225000 0.000000 0.000000
 1.226000 0.000000 0.000000
 1.227000 0.000000 0.000000
 1.228000 0.000000 0.000000
 1.229000 0.000000 0.000000
 1.230000 0.000000 0.000000
 1.231000 0.000000 0.000000
 1.232000 0.000000 0.000000
 1.233000 0.000000 0.000000
 1.234000 0.000000 0.000000
 1.235000 0.000000 0.000000
 1.236000 0.000000 0.000000
 1.237000 0.000000 0.000000
 1.238000 0.000000 0.000000
 1.239000 0.000000 0.000000
 1.240000 0.000000 0.000000
 1.241000 0.000000 0.000000
 1.242000 0.000000 0.000000
 1.243000 0.000000 0.000000
 1.244000 0.000000 0.000000
 1.245000 0.000000 0.000000
 1.246000 0.000000 0.000000
 1.247000 0.000000 0.000000
 1.248000 0.000000 0.000000
 1.249000 0.000000 0.000000
 1.250000 0.000000 0.000000
 1.251000 0.000000 0.000000
 1.252000 0.000000 0.000000
 1.253000 0.000000 0.000000
 1.254000 0.000000 0.000000
 1.255000 0.000000 0.000000
 1.256000 0.000000 0.000000
 1.257000 0.000000 0.000000
 1.258000 0.000000 0.000000
 1.259000 0.000000 0.000000
 1.260000 0.000000 0.000000
 1.261000 0.000000 0.000000
 1.262000 0.000000 0.000000
 1.263000 0.000000 0.000000
 1.264000 0.000000 0.000000
 1.265000 0.000000 0.000000
 1.266000 0.000000 0.000000
 1.267000 0.000000 0.000000
 1.268000 0.000000 0.000000
 1.269000 0.000000 0.000000
 1.270000 0.000000 0.000000
 1.271000 0.000000 0.000000
 1.272000 0.000000 0.000000
 1.273000 0.000000 0.000000
 1.274000 0.000000 0.000000
 1.275000 0.000000 0.000000
 1.276000 0.000000 0.000000
 1.277000 0.000000 0.000000
 1.278000 0.000000 0.000000
 1.279000 0.000000 0.000000
 1.280000 0.000000 0.000000
 1.281000 0.000000 0.000000
 1.282000 0.000000 0.000000
 1.283000 0.000000 0.000000
 1.284000 0.000000 0.000000
 1.285000 0.000000 0.000000
 1.286000 0.000000 0.000000
 1.287000 0.000000 0.000000
 1.288000 0.000000 0.000000
 1.289000 0.000000 0.000000
 1.290000 0.000000 0.000000
 1.291000 0.000000 0.000000
 1.292000 0.000000 0.000000
 1.293000 0.000000 0.000000
 1.294000 0.000000 0.000000
 1.295000 0.000000 0.000000
 1.296000 0.000000 0.000000
 1.297000 0.000000 0.000000
 1.298000 0.000000 0.000000
 1.299000 0.000000 0.000000
 1.300000 0.000000 0.000000
 1.301000 0.000000 0.000000
 1.302000 0.000000 0.000000
 1.303000 0.000000 0.000000
 1.304000 0.000000 0.000000
 1.305000 0.000000 0.000000
 1.306000 0.000000 0.000000
 1.307000 0.000000 0.000000
 1.308000 0.000000 0.000000
 1.309000 0.000000 0.000000
 1.310000 0.000000 0.000000
 1.311000 0.000000 0.000000
 1.312000 0.000000 0.000000
 1.313000 0.000000 0.000000
 1.314000 0.000000 0.000000
 1.315000 0.000000 0.000000
 1.316000 0.000000 0.000000
 1.317000 0.000000 0.000000
 1.318000 0.000000 0.000000
 1.319000 0.000000 0.000000
 1.320000 0.000000 0.000000
 1.321000 0.000000 0.000000
 1.322000 0.000000 0.000000
 1.323000 0.000000 0.000000
 1.324000 0.000000 0.000000
 1.325000 0.000000 0.000000
 1.326000 0.000000 0.000000
 1.327000 0.000000 0.000000
 1.328000 0.000000 0.000000
 1.329000 0.000000 0.000000
 1.330000 0.000000 0.000000
 1.331000 0.000000 0.000000
 1.332000 0.000000 0.000000
 1.333000 0.000000 0.000000
 1.334000 0.000000 0.000000
 1.335000 0.000000 0.000000
 1.336000 0.000000 0.000000
 1.337000 0.000000 0.000000
 1.338000 0.000000 0.000000
 1.339000 0.000000 0.000000
 1.340000 0.000000 0.000000
 1.341000 0.000000 0.000000
 1.342000 0.000000 0.000000
 1.343000 0.000000 0.000000
 1.344000 0.000000 0.000000
 1.345000 0.000000 0.000000
 1.346000 0.000000 0.000000
 1.347000 0.000000 0.000000
 1.348000 0.000000 0.000000
 1.349000 0.000000 0.000000
 1.350000 0.000000 0.000000
 1.351000 0.000000 0.000000
 1.352000 0.000000 0.000000
 1.353000 0.000000 0.000000
 1.354000 0.000000 0.000000
 1.355000 0.000000 0.000000
 1.356000 0.000000 0.000000
 1.357000 0.000000 0.000000
 1.358000 0.000000 0.000000
 1.359000 0.000000 0.000000
 1.360000 0.000000 0.000000
 1.361000 0.000000 0.000000
 1.362000 0.000000 0.000000
 1.363000 0.000000 0.000000
 1.364000 0.000000 0.000000
 1.365000 0.000000 0.000000
 1.366000 0.000000 0.000000
 1.367000 0.000000 0.000000
 1.368000 0.000000 0.000000
 1.369000 0.000000 0.000000
 1.370000 0.000000 0.000000
 1.371000 0.000000 0.000000
 1.372000 0.000000 0.000000
 1.373000 0.000000 0.000000
 1.374000 0.000000 0.000000
 1.375000 0.000000 0.000000
 1.376000 0.000000 0.000000
 1.377000 0.000000 0.000000
 1.378000 0.000000 0.000000
 1.379000 0.000000 0.000000
 1.380000 0.000000 0.000000
 1.381000 0.000000 0.000000
 1.382000 0.000000 0.000000
 1.383000 0.000000 0.000000
 1.384000 0.000000 0.000000
 1.385000 0.000000 0.000000
 1.386000 0.000000 0.000000
 1.387000 0.000000 0.000000
 1.388000 0.000000 0.000000
 1.389000 0.000000 0.000000
 1.390000 0.000000 0.000000
 1.391000 0.000000 0.000000
 1.392000 0.000000 0.000000
 1.393000 0.000000 0.000000
 1.394000 0.000000 0.000000
 1.395000 0.000000 0.000000
 1.396000 0.000000 0.000000
 1.397000 0.000000 0.000000
 1.398000 0.000000 0.000000
 1.399000 0.000000 0.000000
 1.400000 0.000000 0.000000
 1.401000 0.000000 0.000000
 1.402000 0.000000 0.000000
 1.403000 0.000000 0.000000
 1.404000 0.000000 0.000000
 1.405000 0.000000 0.000000
 1.406000 0.000000 0.000000
 1.407000 0.000000 0.000000
 1.408000 0.000000 0.000000
 1.409000 0.000000 0.000000
 1.410000 0.000000 0.000000
 1.411000 0.000000 0.000000
 1.412000 0.000000 0.000000
 1.413000 0.000000 0.000000
 1.414000 0.000000 0.000000
 1.415000 0.000000 0.000000
 1.416000 0.000000 0.000000
 1.417000 0.000000 0.000000
 1.418000 0.000000 0.000000
 1.419000 0.000000 0.000000
 1.420000 0.000000 0.000000
 1.421000 0.000000 0.000000
 1.422000 0.000000 0.000000
 1.423000 0.000000 0.000000
 1.424000 0.000000 0.000000
 1.425000 0.000000 0.000000
 1.426000 0.000000 0.000000
 1.427000 0.000000 0.000000
 1.428000 0.000000 0.000000
 1.429000 0.000000 0.000000
 1.430000 0.000000 0.000000
 1.431000 0.000000 0.000000
 1.432000 0.000000 0.000000
 1.433000 0.000000 0.000000
 1.434000 0.000000 0.000000
 1.435000 0.000000 0.000000
 1.436000 0.000000 0.000000
 1.437000 0.000000 0.000000
 1.438000 0.000000 0.000000
 1.439000 0.000000 0.000000
 1.440000 0.000000 0.000000
 1.441000 0.000000 0.000000
 1.442000 0.000000 0.000000
 1.443000 0.000000 0.000000
 1.444000 0.000000 0.000000
 1.445000 0.000000 0.000000
 1.446000 0.000000 0.000000
 1.447000 0.000000 0.000000
 1.448000 0.000000 0.000000
 1.449000 0.000000 0.000000
 1.450000 0.000000 0.000000
 1.451000 0.000000 0.000000
 1.452000 0.000000 0.000000
 1.453000 0.000000 0.000000
 1.454000 0.000000 0.000000
 1.455000 0.000000 0.000000
 1.456000 0.000000 0.000000
 1.457000 0.000000 0.000000
 1.458000 0.000000 0.000000
 1.459000 0.000000 0.000000
 1.460000 0.000000 0.000000
 1.461000 0.000000 0.000000
 1.462000 0.000000 0.000000
 1.463000 0.000000 0.000000
 1.464000 0.000000 0.000000
 1.465000 0.000000 0.000000
 1.466000 0.000000 0.000000
 1.467000 0.000000 0.000000
 1.468000 0.000000 0.000000
 1.469000 0.000000 0.000000
 1.470000 0.000000 0.000000
 1.471000 0.000000 0.000000
 1.472000 0.000000 0.000000
 1.473000 0.000000 0.000000
 1.474000 0.000000 0.000000
 1.475000 0.000000 0.000000
 1.476000 0.000000 0.000000
 1.477000 0.000000 0.000000
 1.478000 0.000000 0.000000
 1.479000 0.000000 0.000000
 1.480000 0.000000 0.000000
 1.481000 0.000000 0.000000
 1.482000 0.000000 0.000000
 1.483000 0.000000 0.000000
 1.484000 0.000000 0.000000
 1.485000 0.000000 0.000000
 1.486000 0.000000 0.000000
 1.487000 0.000000 0.000000
 1.488000 0.000000 0.000000
 1.489000 0.000000 0.000000
 1.490000 0.000000 0.000000
 1.491000 0.000000 0.000000
 1.492000 0.000000 0.000000
 1.493000 0.000000 0.000000
 1.494000 0.000000 0.000000
 1.495000 0.000000 0.000000
 1.496000 0.000000 0.000000
 1.497000 0.000000 0.000000
 1.498000 0.000000 0.000000
 1.499000 0.000000 0.000000
 1.500000 0.000000 0.000000
