#! FIELDS s hh dhh_s
#! SET normalisation  399.000000
#! SET min_s -0.5
#! SET max_s 1.5
#! SET nbins_s  2000
#! SET periodic_s false
 -0.500000 0.000000 0.000000
 -0.499000 0.000000 0.000000
 -0.498000 0.000000 0.000000
 -0.497000 0.000000 0.000000
 -0.496000 0.000000 0.000000
 -0.495000 0.000000 0.000000
 -0.494000 0.000000 0.000000
 -0.493000 0.000000 0.000000
 -0.492000 0.000000 0.000000
 -0.491000 0.000000 0.000000
 -0.490000 0.000000 0.000000
 -0.489000 0.000000 0.000000
 -0.488000 0.000000 0.000000
 -0.487000 0.000000 0.000000
 -0.486000 0.000000 0.000000
 -0.485000 0.000000 0.000000
 -0.484000 0.000000 0.000000
 -0.483000 0.000000 0.000000
 -0.482000 0.000000 0.000000
 -0.481000 0.000000 0.000000
 -0.480000 0.000000 0.000000
 -0.479000 0.000000 0.000000
 -0.478000 0.000000 0.000000
 -0.477000 0.000000 0.000000
 -0.476000 0.000000 0.000000
 -0.475000 0.000000 0.000000
 -0.474000 0.000000 0.000000
 -0.473000 0.000000 0.000000
 -0.472000 0.000000 0.000000
 -0.471000 0.000000 0.000000
 -0.470000 0.000000 0.000000
 -0.469000 0.000000 0.000000
 -0.468000 0.000000 0.000000
 -0.467000 0.000000 0.000000
 -0.466000 0.000000 0.000000
 -0.465000 0.000000 0.000000
 -0.464000 0.000000 0.000000
 -0.463000 0.000000 0.000000
 -0.462000 0.000000 0.000000
 -0.461000 0.000000 0.000000
 -0.460000 0.000000 0.000000
 -0.459000 0.000000 0.000000
 -0.458000 0.000000 0.000000
 -0.457000 0.000000 0.000000
 -0.456000 0.000000 0.000000
 -0.455000 0.000000 0.000000
 -0.454000 0.000000 0.000000
 -0.453000 0.000000 0.000000
 -0.452000 0.000000 0.000000
 -0.451000 0.000000 0.000000
 -0.450000 0.000000 0.000000
 -0.449000 0.000000 0.000000
 -0.448000 0.000000 0.000000
 -0.447000 0.000000 0.000000
 -0.446000 0.000000 0.000000
 -0.445000 0.000000 0.000000
 -0.444000 0.000000 0.000000
 -0.443000 0.000000 0.000000
 -0.442000 0.000000 0.000000
 -0.441000 0.000000 0.000000
 -0.440000 0.000000 0.000000
 -0.439000 0.000000 0.000000
 -0.438000 0.000000 0.000000
 -0.437000 0.000000 0.000000
 -0.436000 0.000000 0.000000
 -0.435000 0.000000 0.000000
 -0.434000 0.000000 0.000000
 -0.433000 0.000000 0.000000
 -0.432000 0.000000 0.000000
 -0.431000 0.000000 0.000000
 -0.430000 0.000000 0.000000
 -0.429000 0.000000 0.000000
 -0.428000 0.000000 0.000000
 -0.427000 0.000000 0.000000
 -0.426000 0.000000 0.000000
 -0.425000 0.000000 0.000000
 -0.424000 0.000000 0.000000
 -0.423000 0.000000 0.000000
 -0.422000 0.000000 0.000000
 -0.421000 0.000000 0.000000
 -0.420000 0.000000 0.000000
 -0.419000 0.000000 0.000000
 -0.418000 0.000000 0.000000
 -0.417000 0.000000 0.000000
 -0.416000 0.000000 0.000000
 -0.415000 0.000000 0.000000
 -0.414000 0.000000 0.000000
 -0.413000 0.000000 0.000000
 -0.412000 0.000000 0.000000
 -0.411000 0.000000 0.000000
 -0.410000 0.000000 0.000000
 -0.409000 0.000000 0.000000
 -0.408000 0.000000 0.000000
 -0.407000 0.000000 0.000000
 -0.406000 0.000000 0.000000
 -0.405000 0.000000 0.000000
 -0.404000 0.000000 0.000000
 -0.403000 0.000000 0.000000
 -0.402000 0.000000 0.000000
 -0.401000 0.000000 0.000000
 -0.400000 0.000000 0.000000
 -0.399000 0.000000 0.000000
 -0.398000 0.000000 0.000000
 -0.397000 0.000000 0.000000
 -0.396000 0.000000 0.000000
 -0.395000 0.000000 0.000000
 -0.394000 0.000000 0.000000
 -0.393000 0.000000 0.000000
 -0.392000 0.000000 0.000000
 -0.391000 0.000000 0.000000
 -0.390000 0.000000 0.000000
 -0.389000 0.000000 0.000000
 -0.388000 0.000000 0.000000
 -0.387000 0.000000 0.000000
 -0.386000 0.000000 0.000000
 -0.385000 0.000000 0.000000
 -0.384000 0.000000 0.000000
 -0.383000 0.000000 0.000000
 -0.382000 0.000000 0.000000
 -0.381000 0.000000 0.000000
 -0.380000 0.000000 0.000000
 -0.379000 0.000000 0.000000
 -0.378000 0.000000 0.000000
 -0.377000 0.000000 0.000000
 -0.376000 0.000000 0.000000
 -0.375000 0.000000 0.000000
 -0.374000 0.000000 0.000000
 -0.373000 0.000000 0.000000
 -0.372000 0.000000 0.000000
 -0.371000 0.000000 0.000000
 -0.370000 0.000000 0.000000
 -0.369000 0.000000 0.000000
 -0.368000 0.000000 0.000000
 -0.367000 0.000000 0.000000
 -0.366000 0.000000 0.000000
 -0.365000 0.000000 0.000000
 -0.364000 0.000000 0.000000
 -0.363000 0.000000 0.000000
 -0.362000 0.000000 0.000000
 -0.361000 0.000000 0.000000
 -0.360000 0.000000 0.000000
 -0.359000 0.000000 0.000000
 -0.358000 0.000000 0.000000
 -0.357000 0.000000 0.000000
 -0.356000 0.000000 0.000000
 -0.355000 0.000000 0.000000
 -0.354000 0.000000 0.000000
 -0.353000 0.000000 0.000000
 -0.352000 0.000000 0.000000
 -0.351000 0.000000 0.000000
 -0.350000 0.000000 0.000000
 -0.349000 0.000000 0.000000
 -0.348000 0.000000 0.000000
 -0.347000 0.000000 0.000000
 -0.346000 0.000000 0.000000
 -0.345000 0.000000 0.000000
 -0.344000 0.000000 0.000000
 -0.343000 0.000000 0.000000
 -0.342000 0.000000 0.000000
 -0.341000 0.000000 0.000000
 -0.340000 0.000000 0.000000
 -0.339000 0.000000 0.000000
 -0.338000 0.000000 0.000000
 -0.337000 0.000000 0.000000
 -0.336000 0.000000 0.000000
 -0.335000 0.000000 0.000000
 -0.334000 0.000000 0.000000
 -0.333000 0.000000 0.000000
 -0.332000 0.000000 0.000000
 -0.331000 0.000000 0.000000
 -0.330000 0.000000 0.000000
 -0.329000 0.000000 0.000000
 -0.328000 0.000000 0.000000
 -0.327000 0.000000 0.000000
 -0.326000 0.000000 0.000000
 -0.325000 0.000000 0.000000
 -0.324000 0.000000 0.000000
 -0.323000 0.000000 0.000000
 -0.322000 0.000000 0.000000
 -0.321000 0.000000 0.000000
 -0.320000 0.000000 0.000000
 -0.319000 0.000000 0.000000
 -0.318000 0.000000 0.000000
 -0.317000 0.000000 0.000000
 -0.316000 0.000000 0.000000
 -0.315000 0.000000 0.000000
 -0.314000 0.000000 0.000000
 -0.313000 0.000000 0.000000
 -0.312000 0.000000 0.000000
 -0.311000 0.000000 0.000000
 -0.310000 0.000000 0.000000
 -0.309000 0.000000 0.000000
 -0.308000 0.000000 0.000000
 -0.307000 0.000000 0.000000
 -0.306000 0.000000 0.000000
 -0.305000 0.000000 0.000000
 -0.304000 0.000000 0.000000
 -0.303000 0.000000 0.000000
 -0.302000 0.000000 0.000000
 -0.301000 0.000000 0.000000
 -0.300000 0.000000 0.000000
 -0.299000 0.000000 0.000000
 -0.298000 0.000000 0.000000
 -0.297000 0.000000 0.000000
 -0.296000 0.000000 0.000000
 -0.295000 0.000000 0.000000
 -0.294000 0.000000 0.000000
 -0.293000 0.000000 0.000000
 -0.292000 0.000000 0.000000
 -0.291000 0.000000 0.000000
 -0.290000 0.000000 0.000000
 -0.289000 0.000000 0.000000
 -0.288000 0.000000 0.000000
 -0.287000 0.000000 0.000000
 -0.286000 0.000000 0.000000
 -0.285000 0.000000 0.000000
 -0.284000 0.000000 0.000000
 -0.283000 0.000000 0.000000
 -0.282000 0.000000 0.000000
 -0.281000 0.000000 0.000000
 -0.280000 0.000000 0.000000
 -0.279000 0.000000 0.000000
 -0.278000 0.000000 0.000000
 -0.277000 0.000000 0.000000
 -0.276000 0.000000 0.000000
 -0.275000 0.000000 0.000000
 -0.274000 0.000000 0.000000
 -0.273000 0.000000 0.000000
 -0.272000 0.000000 0.000000
 -0.271000 0.000000 0.000000
 -0.270000 0.000000 0.000000
 -0.269000 0.000000 0.000000
 -0.268000 0.000000 0.000000
 -0.267000 0.000000 0.000000
 -0.266000 0.000000 0.000000
 -0.265000 0.000000 0.000000
 -0.264000 0.000000 0.000000
 -0.263000 0.000000 0.000000
 -0.262000 0.000000 0.000000
 -0.261000 0.000000 0.000000
 -0.260000 0.000000 0.000000
 -0.259000 0.000000 0.000000
 -0.258000 0.000000 0.000000
 -0.257000 0.000000 0.000000
 -0.256000 0.000000 0.000000
 -0.255000 0.000000 0.000000
 -0.254000 0.000000 0.000000
 -0.253000 0.000000 0.000000
 -0.252000 0.000000 0.000000
 -0.251000 0.000000 0.000000
 -0.250000 0.000000 0.000000
 -0.249000 0.000000 0.000000
 -0.248000 0.000000 0.000000
 -0.247000 0.000000 0.000000
 -0.246000 0.000000 0.000000
 -0.245000 0.000000 0.000000
 -0.244000 0.000000 0.000000
 -0.243000 0.000000 0.000000
 -0.242000 0.000000 0.000000
 -0.241000 0.000000 0.000000
 -0.240000 0.000000 0.000000
 -0.239000 0.000000 0.000000
 -0.238000 0.000000 0.000000
 -0.237000 0.000000 0.000000
 -0.236000 0.000000 0.000000
 -0.235000 0.000000 0.000000
 -0.234000 0.000000 0.000000
 -0.233000 0.000000 0.000000
 -0.232000 0.000000 0.000000
 -0.231000 0.000000 0.000000
 -0.230000 0.000000 0.000000
 -0.229000 0.000000 0.000000
 -0.228000 0.000000 0.000000
 -0.227000 0.000000 0.000000
 -0.226000 0.000000 0.000000
 -0.225000 0.000000 0.000000
 -0.224000 0.000000 0.000000
 -0.223000 0.000000 0.000000
 -0.222000 0.000000 0.000000
 -0.221000 0.000000 0.000000
 -0.220000 0.000000 0.000000
 -0.219000 0.000000 0.000000
 -0.218000 0.000000 0.000000
 -0.217000 0.000000 0.000000
 -0.216000 0.000000 0.000000
 -0.215000 0.000000 0.000000
 -0.214000 0.000000 0.000000
 -0.213000 0.000000 0.000000
 -0.212000 0.000000 0.000000
 -0.211000 0.000000 0.000000
 -0.210000 0.000000 0.000000
 -0.209000 0.000000 0.000000
 -0.208000 0.000000 0.000000
 -0.207000 0.000000 0.000000
 -0.206000 0.000000 0.000000
 -0.205000 0.000000 0.000000
 -0.204000 0.000000 0.000000
 -0.203000 0.000000 0.000000
 -0.202000 0.000000 0.000000
 -0.201000 0.000000 0.000000
 -0.200000 0.000000 0.000000
 -0.199000 0.000000 0.000000
 -0.198000 0.000000 0.000000
 -0.197000 0.000000 0.000000
 -0.196000 0.000000 0.000000
 -0.195000 0.000000 0.000000
 -0.194000 0.000000 0.000000
 -0.193000 0.000000 0.000000
 -0.192000 0.000000 0.000000
 -0.191000 0.000000 0.000000
 -0.190000 0.000000 0.000000
 -0.189000 0.000000 0.000000
 -0.188000 0.000000 0.000000
 -0.187000 0.000000 0.000000
 -0.186000 0.000000 0.000000
 -0.185000 0.000000 0.000000
 -0.184000 0.000000 0.000000
 -0.183000 0.000000 0.000000
 -0.182000 0.000000 0.000000
 -0.181000 0.000000 0.000000
 -0.180000 0.000000 0.000000
 -0.179000 0.000000 0.000000
 -0.178000 0.000000 0.000000
 -0.177000 0.000000 0.000000
 -0.176000 0.000000 0.000000
 -0.175000 0.000000 0.000000
 -0.174000 0.000000 0.000000
 -0.173000 0.000000 0.000000
 -0.172000 0.000000 0.000000
 -0.171000 0.000000 0.000000
 -0.170000 0.000000 0.000000
 -0.169000 0.000000 0.000000
 -0.168000 0.000000 0.000000
 -0.167000 0.000000 0.000000
 -0.166000 0.000000 0.000000
 -0.165000 0.000000 0.000000
 -0.164000 0.000000 0.000000
 -0.163000 0.000000 0.000000
 -0.162000 0.000000 0.000000
 -0.161000 0.000000 0.000000
 -0.160000 0.000000 0.000000
 -0.159000 0.000000 0.000000
 -0.158000 0.000000 0.000000
 -0.157000 0.000000 0.000000
 -0.156000 0.000000 0.000000
 -0.155000 0.000000 0.000000
 -0.154000 0.000000 0.000000
 -0.153000 0.000000 0.000000
 -0.152000 0.000000 0.000000
 -0.151000 0.000000 0.000000
 -0.150000 0.000000 0.000000
 -0.149000 0.000000 0.000000
 -0.148000 0.000000 0.000000
 -0.147000 0.000000 0.000000
 -0.146000 0.000000 0.000000
 -0.145000 0.000000 0.000000
 -0.144000 0.000000 0.000000
 -0.143000 0.000000 0.000000
 -0.142000 0.000000 0.000000
 -0.141000 0.000000 0.000000
 -0.140000 0.000000 0.000000
 -0.139000 0.000000 0.000000
 -0.138000 0.000000 0.000000
 -0.137000 0.000000 0.000000
 -0.136000 0.000000 0.000000
 -0.135000 0.000000 0.000000
 -0.134000 0.000000 0.000000
 -0.133000 0.000000 0.000000
 -0.132000 0.000000 0.000000
 -0.131000 0.000000 0.000000
 -0.130000 0.000000 0.000000
 -0.129000 0.000000 0.000000
 -0.128000 0.000000 0.000000
 -0.127000 0.000000 0.000000
 -0.126000 0.000000 0.000000
 -0.125000 0.000000 0.000000
 -0.124000 0.000000 0.000000
 -0.123000 0.000000 0.000000
 -0.122000 0.000000 0.000000
 -0.121000 0.000000 0.000000
 -0.120000 0.000000 0.000000
 -0.119000 0.000000 0.000000
 -0.118000 0.000000 0.000000
 -0.117000 0.000000 0.000000
 -0.116000 0.000000 0.000000
 -0.115000 0.000000 0.000000
 -0.114000 0.000000 0.000000
 -0.113000 0.000000 0.000000
 -0.112000 0.000000 0.000000
 -0.111000 0.000000 0.000000
 -0.110000 0.000000 0.000000
 -0.109000 0.000000 0.000000
 -0.108000 0.000000 0.000000
 -0.107000 0.000000 0.000000
 -0.106000 0.000000 0.000000
 -0.105000 0.000000 0.000000
 -0.104000 0.000000 0.000000
 -0.103000 0.000000 0.000000
 -0.102000 0.000000 0.000000
 -0.101000 0.000000 0.000000
 -0.100000 0.000000 0.000000
 -0.099000 0.000000 0.000000
 -0.098000 0.000000 0.000000
 -0.097000 0.000000 0.000000
 -0.096000 0.000000 0.000000
 -0.095000 0.000000 0.000000
 -0.094000 0.000000 0.000000
 -0.093000 0.000000 0.000000
 -0.092000 0.000000 0.000000
 -0.091000 0.000000 0.000000
 -0.090000 0.000000 0.000000
 -0.089000 0.000000 0.000000
 -0.088000 0.000000 0.000000
 -0.087000 0.000000 0.000000
 -0.086000 0.000000 0.000000
 -0.085000 0.000000 0.000000
 -0.084000 0.000000 0.000000
 -0.083000 0.000000 0.000000
 -0.082000 0.000000 0.000000
 -0.081000 0.000000 0.000000
 -0.080000 0.000000 0.000000
 -0.079000 0.000000 0.000000
 -0.078000 0.000000 0.000000
 -0.077000 0.000000 0.000000
 -0.076000 0.000000 0.000000
 -0.075000 0.000000 0.000000
 -0.074000 0.000000 0.000000
 -0.073000 0.000000 0.000000
 -0.072000 0.000000 0.000000
 -0.071000 0.000000 0.000000
 -0.070000 0.000000 0.000000
 -0.069000 0.000000 0.000000
 -0.068000 0.000000 0.000000
 -0.067000 0.000000 0.000000
 -0.066000 0.000000 0.000000
 -0.065000 0.000000 0.000000
 -0.064000 0.000000 0.000000
 -0.063000 0.000000 0.000000
 -0.062000 0.000000 0.000000
 -0.061000 0.000000 0.000000
 -0.060000 0.000000 0.000000
 -0.059000 0.000000 0.000000
 -0.058000 0.000000 0.000000
 -0.057000 0.000000 0.000000
 -0.056000 0.000000 0.000000
 -0.055000 0.000000 0.000000
 -0.054000 0.000000 0.000000
 -0.053000 0.000000 0.000000
 -0.052000 0.000000 0.000000
 -0.051000 0.000000 0.000000
 -0.050000 0.000000 0.000000
 -0.049000 0.000000 0.000000
 -0.048000 0.000000 0.000000
 -0.047000 0.000000 0.000000
 -0.046000 0.000000 0.000000
 -0.045000 0.000000 0.000000
 -0.044000 0.000000 0.000000
 -0.043000 0.000000 0.000000
 -0.042000 0.000000 0.000000
 -0.041000 0.000000 0.000000
 -0.040000 0.000000 0.000000
 -0.039000 0.000000 0.000000
 -0.038000 0.000000 0.000000
 -0.037000 0.000000 0.000000
 -0.036000 0.000283 0.103282
 -0.035000 0.000743 0.266994
 -0.034000 0.001410 0.498082
 -0.033000 0.002384 0.826582
 -0.032000 0.003774 1.283133
 -0.031000 0.005703 1.897851
 -0.030000 0.008374 2.724082
 -0.029000 0.011986 3.805329
 -0.028000 0.016871 5.222142
 -0.027000 0.023331 7.029013
 -0.026000 0.031857 9.331939
 -0.025000 0.042960 12.220512
 -0.024000 0.057355 15.831256
 -0.023000 0.075703 20.246719
 -0.022000 0.098977 25.625277
 -0.021000 0.128123 32.071188
 -0.020000 0.164341 39.732026
 -0.019000 0.208879 48.719254
 -0.018000 0.263102 59.131540
 -0.017000 0.328461 71.042002
 -0.016000 0.406559 84.525214
 -0.015000 0.498914 99.572944
 -0.014000 0.607097 116.155235
 -0.013000 0.732572 134.173605
 -0.012000 0.876732 153.487978
 -0.011000 1.040758 173.886085
 -0.010000 1.225623 195.106393
 -0.009000 1.432030 216.839652
 -0.008000 1.660204 238.679847
 -0.007000 1.910166 260.250711
 -0.006000 2.181368 281.095954
 -0.005000 2.472840 300.757543
 -0.004000 2.783223 318.804247
 -0.003000 3.110678 334.811274
 -0.002000 3.452968 348.396861
 -0.001000 3.807459 359.220885
 0.000000 4.171266 367.029138
 0.001000 4.541308 371.655592
 0.002000 4.914331 373.008682
 0.003000 5.287111 371.112275
 0.004000 5.656359 366.038082
 0.005000 6.019068 357.995209
 0.006000 6.372375 347.238874
 0.007000 6.713588 334.042465
 0.008000 7.040573 318.807256
 0.009000 7.351509 301.938355
 0.010000 7.644884 283.819301
 0.011000 7.919721 264.878620
 0.012000 8.175340 245.488163
 0.013000 8.411459 225.999949
 0.014000 8.628218 206.755567
 0.015000 8.825905 187.995050
 0.016000 9.005208 169.964576
 0.017000 9.166897 152.816128
 0.018000 9.311944 136.673044
 0.019000 9.441393 121.603501
 0.020000 9.556316 107.627020
 0.021000 9.657817 94.735667
 0.022000 9.746904 82.867351
 0.023000 9.824587 71.958743
 0.024000 9.891845 61.946284
 0.025000 9.949508 52.734526
 0.026000 9.998299 44.219345
 0.027000 10.038882 36.311481
 0.028000 10.071832 28.928038
 0.029000 10.097625 21.988122
 0.030000 10.116632 15.410882
 0.031000 10.129246 9.157636
 0.032000 10.135738 3.176619
 0.033000 10.136353 -2.568397
 0.034000 10.131349 -8.087923
 0.035000 10.120908 -13.403705
 0.036000 10.105276 -18.504506
 0.037000 10.084327 -23.299410
 0.038000 10.058626 -27.883648
 0.039000 10.028392 -32.272325
 0.040000 9.993877 -36.419255
 0.041000 9.955266 -40.317520
 0.042000 9.912864 -43.979759
 0.043000 9.866914 -47.372462
 0.044000 9.817707 -50.518400
 0.045000 9.765372 -53.419942
 0.046000 9.710322 -56.092263
 0.047000 9.652709 -58.524451
 0.048000 9.592771 -60.769037
 0.049000 9.530567 -62.829600
 0.050000 9.466443 -64.781042
 0.051000 9.400380 -66.603760
 0.052000 9.332574 -68.372811
 0.053000 9.262960 -70.104997
 0.054000 9.191600 -71.842894
 0.055000 9.118492 -73.626130
 0.056000 9.043595 -75.484773
 0.057000 8.966720 -77.408121
 0.058000 8.887888 -79.442849
 0.059000 8.806946 -81.589362
 0.060000 8.723829 -83.845252
 0.061000 8.638361 -86.216524
 0.062000 8.550539 -88.660219
 0.063000 8.460223 -91.165412
 0.064000 8.367321 -93.694187
 0.065000 8.271965 -96.244064
 0.066000 8.173977 -98.746787
 0.067000 8.073511 -101.186105
 0.068000 7.970722 -103.523360
 0.069000 7.865598 -105.719754
 0.070000 7.758389 -107.720177
 0.071000 7.649252 -109.514278
 0.072000 7.538464 -111.091176
 0.073000 7.426255 -112.410993
 0.074000 7.312824 -113.463365
 0.075000 7.198489 -114.245806
 0.076000 7.083480 -114.729499
 0.077000 6.968154 -114.961991
 0.078000 6.852677 -114.907798
 0.079000 6.737363 -114.592716
 0.080000 6.622577 -114.095822
 0.081000 6.508365 -113.370506
 0.082000 6.394943 -112.439577
 0.083000 6.282553 -111.371801
 0.084000 6.171244 -110.165576
 0.085000 6.061247 -108.857638
 0.086000 5.952614 -107.493501
 0.087000 5.845350 -106.050552
 0.088000 5.739616 -104.592635
 0.089000 5.635302 -103.116291
 0.090000 5.532453 -101.656731
 0.091000 5.431048 -100.215001
 0.092000 5.331062 -98.815690
 0.093000 5.232454 -97.469164
 0.094000 5.135124 -96.186321
 0.095000 5.039101 -94.999590
 0.096000 4.944222 -93.916861
 0.097000 4.850371 -92.896944
 0.098000 4.757464 -91.977603
 0.099000 4.665449 -91.158706
 0.100000 4.574218 -90.435211
 0.101000 4.483645 -89.796312
 0.102000 4.393665 -89.239281
 0.103000 4.304263 -88.755222
 0.104000 4.215298 -88.309321
 0.105000 4.126767 -87.898605
 0.106000 4.038652 -87.509546
 0.107000 3.950921 -87.100973
 0.108000 3.863609 -86.673284
 0.109000 3.776748 -86.183028
 0.110000 3.690422 -85.642556
 0.111000 3.604691 -85.014311
 0.112000 3.519682 -84.302360
 0.113000 3.435385 -83.465432
 0.114000 3.352012 -82.527937
 0.115000 3.269635 -81.482845
 0.116000 3.188335 -80.323773
 0.117000 3.108271 -79.065446
 0.118000 3.029576 -77.743305
 0.119000 2.952193 -76.329984
 0.120000 2.876232 -74.846644
 0.121000 2.801802 -73.327046
 0.122000 2.728945 -71.796688
 0.123000 2.657621 -70.247959
 0.124000 2.587828 -68.695042
 0.125000 2.519568 -67.153056
 0.126000 2.452867 -65.647494
 0.127000 2.387654 -64.172786
 0.128000 2.323888 -62.748825
 0.129000 2.261541 -61.369079
 0.130000 2.200568 -60.047829
 0.131000 2.140879 -58.779108
 0.132000 2.082444 -57.559429
 0.133000 2.025206 -56.382242
 0.134000 1.969166 -55.267933
 0.135000 1.914162 -54.169867
 0.136000 1.860260 -53.108525
 0.137000 1.807422 -52.081850
 0.138000 1.755580 -51.073130
 0.139000 1.704758 -50.091972
 0.140000 1.654929 -49.120293
 0.141000 1.606031 -48.134612
 0.142000 1.558170 -47.167532
 0.143000 1.511244 -46.171593
 0.144000 1.465335 -45.182194
 0.145000 1.420426 -44.184513
 0.146000 1.376511 -43.163899
 0.147000 1.333648 -42.147185
 0.148000 1.291828 -41.123193
 0.149000 1.251022 -40.088067
 0.150000 1.211275 -39.054162
 0.151000 1.172559 -38.019943
 0.152000 1.134868 -36.983364
 0.153000 1.098221 -35.963558
 0.154000 1.062592 -34.960241
 0.155000 1.027943 -33.975403
 0.156000 0.994288 -33.022419
 0.157000 0.961595 -32.105808
 0.158000 0.929767 -31.211794
 0.159000 0.898848 -30.362587
 0.160000 0.868748 -29.542956
 0.161000 0.839433 -28.752577
 0.162000 0.810920 -28.009453
 0.163000 0.783152 -27.304798
 0.164000 0.756072 -26.620846
 0.165000 0.729659 -25.960383
 0.166000 0.703889 -25.316223
 0.167000 0.678769 -24.686364
 0.168000 0.654267 -24.056491
 0.169000 0.630422 -23.440875
 0.170000 0.607161 -22.804701
 0.171000 0.584570 -22.168068
 0.172000 0.562622 -21.511776
 0.173000 0.541339 -20.835779
 0.174000 0.520758 -20.141457
 0.175000 0.500884 -19.427606
 0.176000 0.481719 -18.688541
 0.177000 0.463303 -17.933428
 0.178000 0.445661 -17.167875
 0.179000 0.428789 -16.396569
 0.180000 0.412693 -15.619656
 0.181000 0.397381 -14.855806
 0.182000 0.382818 -14.098471
 0.183000 0.369024 -13.365740
 0.184000 0.355944 -12.655965
 0.185000 0.343555 -11.979301
 0.186000 0.331832 -11.345538
 0.187000 0.320717 -10.753059
 0.188000 0.310173 -10.214876
 0.189000 0.300150 -9.729132
 0.190000 0.290570 -9.293865
 0.191000 0.281398 -8.914406
 0.192000 0.272601 -8.596328
 0.193000 0.264092 -8.328763
 0.194000 0.255821 -8.107358
 0.195000 0.247757 -7.931896
 0.196000 0.239851 -7.794250
 0.197000 0.232071 -7.688914
 0.198000 0.224383 -7.606328
 0.199000 0.216764 -7.539305
 0.200000 0.209204 -7.481497
 0.201000 0.201713 -7.432345
 0.202000 0.194257 -7.374780
 0.203000 0.186869 -7.311288
 0.204000 0.179562 -7.240082
 0.205000 0.172328 -7.150084
 0.206000 0.165188 -7.038594
 0.207000 0.158175 -6.910583
 0.208000 0.151309 -6.764423
 0.209000 0.144589 -6.593742
 0.210000 0.138053 -6.404904
 0.211000 0.131724 -6.202704
 0.212000 0.125613 -5.986701
 0.213000 0.119721 -5.755815
 0.214000 0.114066 -5.512630
 0.215000 0.108656 -5.261650
 0.216000 0.103490 -5.001949
 0.217000 0.098598 -4.745744
 0.218000 0.093963 -4.490034
 0.219000 0.089574 -4.232501
 0.220000 0.085447 -3.984551
 0.221000 0.081561 -3.743816
 0.222000 0.077921 -3.516522
 0.223000 0.074498 -3.300227
 0.224000 0.071288 -3.099954
 0.225000 0.068271 -2.912517
 0.226000 0.065429 -2.743890
 0.227000 0.062744 -2.593551
 0.228000 0.060203 -2.462273
 0.229000 0.057782 -2.348029
 0.230000 0.055467 -2.251515
 0.231000 0.053248 -2.172957
 0.232000 0.051096 -2.104502
 0.233000 0.049006 -2.047238
 0.234000 0.046965 -1.998016
 0.235000 0.044971 -1.954424
 0.236000 0.043022 -1.914802
 0.237000 0.041111 -1.873780
 0.238000 0.039244 -1.831029
 0.239000 0.037431 -1.784697
 0.240000 0.035664 -1.728813
 0.241000 0.033952 -1.663964
 0.242000 0.032316 -1.593283
 0.243000 0.030758 -1.513718
 0.244000 0.029283 -1.425046
 0.245000 0.027897 -1.327662
 0.246000 0.026614 -1.224990
 0.247000 0.025432 -1.117139
 0.248000 0.024360 -1.009376
 0.249000 0.023399 -0.903016
 0.250000 0.022542 -0.800056
 0.251000 0.021782 -0.701495
 0.252000 0.021122 -0.612999
 0.253000 0.020539 -0.531637
 0.254000 0.020041 -0.464795
 0.255000 0.019604 -0.409682
 0.256000 0.019212 -0.365311
 0.257000 0.018858 -0.334588
 0.258000 0.018531 -0.317142
 0.259000 0.018216 -0.311283
 0.260000 0.017898 -0.314509
 0.261000 0.017578 -0.328383
 0.262000 0.017238 -0.346974
 0.263000 0.016877 -0.372468
 0.264000 0.016488 -0.399673
 0.265000 0.016069 -0.427664
 0.266000 0.015623 -0.455713
 0.267000 0.015152 -0.481863
 0.268000 0.014655 -0.503899
 0.269000 0.014138 -0.521061
 0.270000 0.013607 -0.532907
 0.271000 0.013067 -0.538896
 0.272000 0.012524 -0.538921
 0.273000 0.011984 -0.533050
 0.274000 0.011453 -0.521923
 0.275000 0.010937 -0.506577
 0.276000 0.010436 -0.486074
 0.277000 0.009960 -0.463034
 0.278000 0.009510 -0.437464
 0.279000 0.009085 -0.409336
 0.280000 0.008690 -0.380455
 0.281000 0.008323 -0.350603
 0.282000 0.007986 -0.320988
 0.283000 0.007677 -0.291917
 0.284000 0.007398 -0.264744
 0.285000 0.007145 -0.239554
 0.286000 0.006917 -0.217042
 0.287000 0.006708 -0.196518
 0.288000 0.006521 -0.179592
 0.289000 0.006348 -0.166243
 0.290000 0.006187 -0.156407
 0.291000 0.006034 -0.150197
 0.292000 0.005885 -0.147239
 0.293000 0.005736 -0.147909
 0.294000 0.005586 -0.152218
 0.295000 0.005429 -0.158623
 0.296000 0.005265 -0.167842
 0.297000 0.005090 -0.178789
 0.298000 0.004901 -0.189417
 0.299000 0.004704 -0.202042
 0.300000 0.004496 -0.214347
 0.301000 0.004275 -0.224833
 0.302000 0.004045 -0.233415
 0.303000 0.003808 -0.239841
 0.304000 0.003565 -0.242806
 0.305000 0.003320 -0.242315
 0.306000 0.003078 -0.238896
 0.307000 0.002842 -0.232513
 0.308000 0.002614 -0.222912
 0.309000 0.002397 -0.210470
 0.310000 0.002194 -0.195680
 0.311000 0.002006 -0.179115
 0.312000 0.001835 -0.161071
 0.313000 0.001681 -0.142154
 0.314000 0.001547 -0.124365
 0.315000 0.001432 -0.107205
 0.316000 0.001333 -0.091205
 0.317000 0.001249 -0.076801
 0.318000 0.001178 -0.064317
 0.319000 0.001118 -0.053632
 0.320000 0.001068 -0.045261
 0.321000 0.001026 -0.039476
 0.322000 0.000988 -0.035380
 0.323000 0.000953 -0.033548
 0.324000 0.000920 -0.033258
 0.325000 0.000886 -0.034209
 0.326000 0.000851 -0.036071
 0.327000 0.000814 -0.038512
 0.328000 0.000774 -0.041210
 0.329000 0.000730 -0.043457
 0.330000 0.000686 -0.045959
 0.331000 0.000639 -0.047945
 0.332000 0.000590 -0.049280
 0.333000 0.000540 -0.049879
 0.334000 0.000490 -0.049353
 0.335000 0.000439 -0.047902
 0.336000 0.000392 -0.046552
 0.337000 0.000345 -0.044093
 0.338000 0.000302 -0.041624
 0.339000 0.000262 -0.038697
 0.340000 0.000225 -0.035456
 0.341000 0.000191 -0.032034
 0.342000 0.000160 -0.028552
 0.343000 0.000134 -0.025116
 0.344000 0.000110 -0.021812
 0.345000 0.000090 -0.018706
 0.346000 0.000073 -0.015846
 0.347000 0.000058 -0.013262
 0.348000 0.000046 -0.010967
 0.349000 0.000036 -0.008964
 0.350000 0.000028 -0.007242
 0.351000 0.000022 -0.005783
 0.352000 0.000016 -0.004566
 0.353000 0.000012 -0.003565
 0.354000 0.000009 -0.002752
 0.355000 0.000007 -0.002101
 0.356000 0.000005 -0.001587
 0.357000 0.000004 -0.001185
 0.358000 0.000003 -0.000875
 0.359000 0.000002 -0.000640
 0.360000 0.000001 -0.000462
 0.361000 0.000000 0.000000
 0.362000 0.000000 0.000000
 0.363000 0.000000 0.000000
 0.364000 0.000000 0.000000
 0.365000 0.000000 0.000000
 0.366000 0.000000 0.000000
 0.367000 0.000000 0.000000
 0.368000 0.000000 0.000000
 0.369000 0.000000 0.000000
 0.370000 0.000000 0.000000
 0.371000 0.000000 0.000000
 0.372000 0.000000 0.000000
 0.373000 0.000000 0.000000
 0.374000 0.000000 0.000000
 0.375000 0.000000 0.000000
 0.376000 0.000000 0.000000
 0.377000 0.000000 0.000000
 0.378000 0.000000 0.000000
 0.379000 0.000000 0.000000
 0.380000 0.000000 0.000000
 0.381000 0.000000 0.000000
 0.382000 0.000000 0.000000
 0.383000 0.000000 0.000000
 0.384000 0.000000 0.000000
 0.385000 0.000000 0.000000
 0.386000 0.000000 0.000000
 0.387000 0.000000 0.000000
 0.388000 0.000000 0.000000
 0.389000 0.000000 0.000000
 0.390000 0.000000 0.000000
 0.391000 0.000000 0.000000
 0.392000 0.000000 0.000000
 0.393000 0.000000 0.000000
 0.394000 0.000000 0.000000
 0.395000 0.000000 0.000000
 0.396000 0.000000 0.000000
 0.397000 0.000000 0.000000
 0.398000 0.000000 0.000000
 0.399000 0.000000 0.000000
 0.400000 0.000000 0.000000
 0.401000 0.000000 0.000000
 0.402000 0.000000 0.000000
 0.403000 0.000000 0.000000
 0.404000 0.000000 0.000000
 0.405000 0.000000 0.000000
 0.406000 0.000000 0.000000
 0.407000 0.000000 0.000000
 0.408000 0.000000 0.000000
 0.409000 0.000000 0.000000
 0.410000 0.000000 0.000000
 0.411000 0.000000 0.000000
 0.412000 0.000000 0.000000
 0.413000 0.000000 0.000000
 0.414000 0.000000 0.000000
 0.415000 0.000000 0.000000
 0.416000 0.000000 0.000000
 0.417000 0.000000 0.000000
 0.418000 0.000000 0.000000
 0.419000 0.000000 0.000000
 0.420000 0.000000 0.000000
 0.421000 0.000000 0.000000
 0.422000 0.000000 0.000000
 0.423000 0.000000 0.000000
 0.424000 0.000000 0.000000
 0.425000 0.000000 0.000000
 0.426000 0.000000 0.000000
 0.427000 0.000000 0.000000
 0.428000 0.000000 0.000000
 0.429000 0.000000 0.000000
 0.430000 0.000000 0.000000
 0.431000 0.000000 0.000000
 0.432000 0.000000 0.000000
 0.433000 0.000000 0.000000
 0.434000 0.000000 0.000000
 0.435000 0.000000 0.000000
 0.436000 0.000000 0.000000
 0.437000 0.000000 0.000000
 0.438000 0.000000 0.000000
 0.439000 0.000000 0.000000
 0.440000 0.000000 0.000000
 0.441000 0.000000 0.000000
 0.442000 0.000000 0.000000
 0.443000 0.000000 0.000000
 0.444000 0.000000 0.000000
 0.445000 0.000000 0.000000
 0.446000 0.000000 0.000000
 0.447000 0.000000 0.000000
 0.448000 0.000000 0.000000
 0.449000 0.000000 0.000000
 0.450000 0.000000 0.000000
 0.451000 0.000000 0.000000
 0.452000 0.000000 0.000000
 0.453000 0.000000 0.000000
 0.454000 0.000000 0.000000
 0.455000 0.000000 0.000000
 0.456000 0.000000 0.000000
 0.457000 0.000000 0.000000
 0.458000 0.000000 0.000000
 0.459000 0.000000 0.000000
 0.460000 0.000000 0.000000
 0.461000 0.000000 0.000000
 0.462000 0.000000 0.000000
 0.463000 0.000000 0.000000
 0.464000 0.000000 0.000000
 0.465000 0.000000 0.000000
 0.466000 0.000000 0.000000
 0.467000 0.000000 0.000000
 0.468000 0.000000 0.000000
 0.469000 0.000000 0.000000
 0.470000 0.000000 0.000000
 0.471000 0.000000 0.000000
 0.472000 0.000000 0.000000
 0.473000 0.000000 0.000000
 0.474000 0.000000 0.000000
 0.475000 0.000000 0.000000
 0.476000 0.000000 0.000000
 0.477000 0.000000 0.000000
 0.478000 0.000000 0.000000
 0.479000 0.000000 0.000000
 0.480000 0.000000 0.000000
 0.481000 0.000000 0.000000
 0.482000 0.000000 0.000000
 0.483000 0.000000 0.000000
 0.484000 0.000000 0.000000
 0.485000 0.000000 0.000000
 0.486000 0.000000 0.000000
 0.487000 0.000000 0.000000
 0.488000 0.000000 0.000000
 0.489000 0.000000 0.000000
 0.490000 0.000000 0.000000
 0.491000 0.000000 0.000000
 0.492000 0.000000 0.000000
 0.493000 0.000000 0.000000
 0.494000 0.000000 0.000000
 0.495000 0.000000 0.000000
 0.496000 0.000000 0.000000
 0.497000 0.000000 0.000000
 0.498000 0.000000 0.000000
 0.499000 0.000000 0.000000
 0.500000 0.000000 0.000000
 0.501000 0.000000 0.000000
 0.502000 0.000000 0.000000
 0.503000 0.000000 0.000000
 0.504000 0.000000 0.000000
 0.505000 0.000000 0.000000
 0.506000 0.000000 0.000000
 0.507000 0.000000 0.000000
 0.508000 0.000000 0.000000
 0.509000 0.000000 0.000000
 0.510000 0.000000 0.000000
 0.511000 0.000000 0.000000
 0.512000 0.000000 0.000000
 0.513000 0.000000 0.000000
 0.514000 0.000000 0.000000
 0.515000 0.000000 0.000000
 0.516000 0.000000 0.000000
 0.517000 0.000000 0.000000
 0.518000 0.000000 0.000000
 0.519000 0.000000 0.000000
 0.520000 0.000000 0.000000
 0.521000 0.000000 0.000000
 0.522000 0.000000 0.000000
 0.523000 0.000000 0.000000
 0.524000 0.000000 0.000000
 0.525000 0.000000 0.000000
 0.526000 0.000000 0.000000
 0.527000 0.000000 0.000000
 0.528000 0.000000 0.000000
 0.529000 0.000000 0.000000
 0.530000 0.000000 0.000000
 0.531000 0.000000 0.000000
 0.532000 0.000000 0.000000
 0.533000 0.000000 0.000000
 0.534000 0.000000 0.000000
 0.535000 0.000000 0.000000
 0.536000 0.000000 0.000000
 0.537000 0.000000 0.000000
 0.538000 0.000000 0.000000
 0.539000 0.000000 0.000000
 0.540000 0.000000 0.000000
 0.541000 0.000000 0.000000
 0.542000 0.000000 0.000000
 0.543000 0.000000 0.000000
 0.544000 0.000000 0.000000
 0.545000 0.000000 0.000000
 0.546000 0.000000 0.000000
 0.547000 0.000000 0.000000
 0.548000 0.000000 0.000000
 0.549000 0.000000 0.000000
 0.550000 0.000000 0.000000
 0.551000 0.000000 0.000000
 0.552000 0.000000 0.000000
 0.553000 0.000000 0.000000
 0.554000 0.000000 0.000000
 0.555000 0.000000 0.000000
 0.556000 0.000000 0.000000
 0.557000 0.000000 0.000000
 0.558000 0.000000 0.000000
 0.559000 0.000000 0.000000
 0.560000 0.000000 0.000000
 0.561000 0.000000 0.000000
 0.562000 0.000000 0.000000
 0.563000 0.000000 0.000000
 0.564000 0.000000 0.000000
 0.565000 0.000000 0.000000
 0.566000 0.000000 0.000000
 0.567000 0.000000 0.000000
 0.568000 0.000000 0.000000
 0.569000 0.000000 0.000000
 0.570000 0.000000 0.000000
 0.571000 0.000000 0.000000
 0.572000 0.000000 0.000000
 0.573000 0.000000 0.000000
 0.574000 0.000000 0.000000
 0.575000 0.000000 0.000000
 0.576000 0.000000 0.000000
 0.577000 0.000000 0.000000
 0.578000 0.000000 0.000000
 0.579000 0.000000 0.000000
 0.580000 0.000000 0.000000
 0.581000 0.000000 0.000000
 0.582000 0.000000 0.000000
 0.583000 0.000000 0.000000
 0.584000 0.000000 0.000000
 0.585000 0.000000 0.000000
 0.586000 0.000000 0.000000
 0.587000 0.000000 0.000000
 0.588000 0.000000 0.000000
 0.589000 0.000000 0.000000
 0.590000 0.000000 0.000000
 0.591000 0.000000 0.000000
 0.592000 0.000000 0.000000
 0.593000 0.000000 0.000000
 0.594000 0.000000 0.000000
 0.595000 0.000000 0.000000
 0.596000 0.000000 0.000000
 0.597000 0.000000 0.000000
 0.598000 0.000000 0.000000
 0.599000 0.000000 0.000000
 0.600000 0.000000 0.000000
 0.601000 0.000000 0.000000
 0.602000 0.000000 0.000000
 0.603000 0.000000 0.000000
 0.604000 0.000000 0.000000
 0.605000 0.000000 0.000000
 0.606000 0.000000 0.000000
 0.607000 0.000000 0.000000
 0.608000 0.000000 0.000000
 0.609000 0.000000 0.000000
 0.610000 0.000000 0.000000
 0.611000 0.000000 0.000000
 0.612000 0.000000 0.000000
 0.613000 0.000000 0.000000
 0.614000 0.000000 0.000000
 0.615000 0.000000 0.000000
 0.616000 0.000000 0.000000
 0.617000 0.000000 0.000000
 0.618000 0.000000 0.000000
 0.619000 0.000000 0.000000
 0.620000 0.000000 0.000000
 0.621000 0.000000 0.000000
 0.622000 0.000000 0.000000
 0.623000 0.000000 0.000000
 0.624000 0.000000 0.000000
 0.625000 0.000000 0.000000
 0.626000 0.000000 0.000000
 0.627000 0.000000 0.000000
 0.628000 0.000000 0.000000
 0.629000 0.000000 0.000000
 0.630000 0.000000 0.000000
 0.631000 0.000000 0.000000
 0.632000 0.000000 0.000000
 0.633000 0.000000 0.000000
 0.634000 0.000000 0.000000
 0.635000 0.000000 0.000000
 0.636000 0.000000 0.000000
 0.637000 0.000000 0.000000
 0.638000 0.000000 0.000000
 0.639000 0.000000 0.000000
 0.640000 0.000000 0.000000
 0.641000 0.000000 0.000000
 0.642000 0.000000 0.000000
 0.643000 0.000000 0.000000
 0.644000 0.000000 0.000000
 0.645000 0.000000 0.000000
 0.646000 0.000000 0.000000
 0.647000 0.000000 0.000000
 0.648000 0.000000 0.000000
 0.649000 0.000000 0.000000
 0.650000 0.000000 0.000000
 0.651000 0.000000 0.000000
 0.652000 0.000000 0.000000
 0.653000 0.000000 0.000000
 0.654000 0.000000 0.000000
 0.655000 0.000000 0.000000
 0.656000 0.000000 0.000000
 0.657000 0.000000 0.000000
 0.658000 0.000000 0.000000
 0.659000 0.000000 0.000000
 0.660000 0.000000 0.000000
 0.661000 0.000000 0.000000
 0.662000 0.000000 0.000000
 0.663000 0.000000 0.000000
 0.664000 0.000000 0.000000
 0.665000 0.000000 0.000000
 0.666000 0.000000 0.000000
 0.667000 0.000000 0.000000
 0.668000 0.000000 0.000000
 0.669000 0.000000 0.000000
 0.670000 0.000000 0.000000
 0.671000 0.000000 0.000000
 0.672000 0.000000 0.000000
 0.673000 0.000000 0.000000
 0.674000 0.000000 0.000000
 0.675000 0.000000 0.000000
 0.676000 0.000000 0.000000
 0.677000 0.000000 0.000000
 0.678000 0.000000 0.000000
 0.679000 0.000000 0.000000
 0.680000 0.000000 0.000000
 0.681000 0.000000 0.000000
 0.682000 0.000000 0.000000
 0.683000 0.000000 0.000000
 0.684000 0.000000 0.000000
 0.685000 0.000000 0.000000
 0.686000 0.000000 0.000000
 0.687000 0.000000 0.000000
 0.688000 0.000000 0.000000
 0.689000 0.000000 0.000000
 0.690000 0.000000 0.000000
 0.691000 0.000000 0.000000
 0.692000 0.000000 0.000000
 0.693000 0.000000 0.000000
 0.694000 0.000000 0.000000
 0.695000 0.000000 0.000000
 0.696000 0.000000 0.000000
 0.697000 0.000000 0.000000
 0.698000 0.000000 0.000000
 0.699000 0.000000 0.000000
 0.700000 0.000000 0.000000
 0.701000 0.000000 0.000000
 0.702000 0.000000 0.000000
 0.703000 0.000000 0.000000
 0.704000 0.000000 0.000000
 0.705000 0.000000 0.000000
 0.706000 0.000000 0.000000
 0.707000 0.000000 0.000000
 0.708000 0.000000 0.000000
 0.709000 0.000000 0.000000
 0.710000 0.000000 0.000000
 0.711000 0.000000 0.000000
 0.712000 0.000000 0.000000
 0.713000 0.000000 0.000000
 0.714000 0.000000 0.000000
 0.715000 0.000000 0.000000
 0.716000 0.000000 0.000000
 0.717000 0.000000 0.000000
 0.718000 0.000000 0.000000
 0.719000 0.000000 0.000000
 0.720000 0.000000 0.000000
 0.721000 0.000000 0.000000
 0.722000 0.000000 0.000000
 0.723000 0.000000 0.000000
 0.724000 0.000000 0.000000
 0.725000 0.000000 0.000000
 0.726000 0.000000 0.000000
 0.727000 0.000000 0.000000
 0.728000 0.000000 0.000000
 0.729000 0.000000 0.000000
 0.730000 0.000000 0.000000
 0.731000 0.000000 0.000000
 0.732000 0.000000 0.000000
 0.733000 0.000000 0.000000
 0.734000 0.000000 0.000000
 0.735000 0.000000 0.000000
 0.736000 0.000000 0.000000
 0.737000 0.000000 0.000000
 0.738000 0.000000 0.000000
 0.739000 0.000000 0.000000
 0.740000 0.000000 0.000000
 0.741000 0.000000 0.000000
 0.742000 0.000000 0.000000
 0.743000 0.000000 0.000000
 0.744000 0.000000 0.000000
 0.745000 0.000000 0.000000
 0.746000 0.000000 0.000000
 0.747000 0.000000 0.000000
 0.748000 0.000000 0.000000
 0.749000 0.000000 0.000000
 0.750000 0.000000 0.000000
 0.751000 0.000000 0.000000
 0.752000 0.000000 0.000000
 0.753000 0.000000 0.000000
 0.754000 0.000000 0.000000
 0.755000 0.000000 0.000000
 0.756000 0.000000 0.000000
 0.757000 0.000000 0.000000
 0.758000 0.000000 0.000000
 0.759000 0.000000 0.000000
 0.760000 0.000000 0.000000
 0.761000 0.000000 0.000000
 0.762000 0.000000 0.000000
 0.763000 0.000000 0.000000
 0.764000 0.000000 0.000000
 0.765000 0.000000 0.000000
 0.766000 0.000000 0.000000
 0.767000 0.000000 0.000000
 0.768000 0.000000 0.000000
 0.769000 0.000000 0.000000
 0.770000 0.000000 0.000000
 0.771000 0.000000 0.000000
 0.772000 0.000000 0.000000
 0.773000 0.000000 0.000000
 0.774000 0.000000 0.000000
 0.775000 0.000000 0.000000
 0.776000 0.000000 0.000000
 0.777000 0.000000 0.000000
 0.778000 0.000000 0.000000
 0.779000 0.000000 0.000000
 0.780000 0.000000 0.000000
 0.781000 0.000000 0.000000
 0.782000 0.000000 0.000000
 0.783000 0.000000 0.000000
 0.784000 0.000000 0.000000
 0.785000 0.000000 0.000000
 0.786000 0.000000 0.000000
 0.787000 0.000000 0.000000
 0.788000 0.000000 0.000000
 0.789000 0.000000 0.000000
 0.790000 0.000000 0.000000
 0.791000 0.000000 0.000000
 0.792000 0.000000 0.000000
 0.793000 0.000000 0.000000
 0.794000 0.000000 0.000000
 0.795000 0.000000 0.000000
 0.796000 0.000000 0.000000
 0.797000 0.000000 0.000000
 0.798000 0.000000 0.000000
 0.799000 0.000000 0.000000
 0.800000 0.000000 0.000000
 0.801000 0.000000 0.000000
 0.802000 0.000000 0.000000
 0.803000 0.000000 0.000000
 0.804000 0.000000 0.000000
 0.805000 0.000000 0.000000
 0.806000 0.000000 0.000000
 0.807000 0.000000 0.000000
 0.808000 0.000000 0.000000
 0.809000 0.000000 0.000000
 0.810000 0.000000 0.000000
 0.811000 0.000000 0.000000
 0.812000 0.000000 0.000000
 0.813000 0.000000 0.000000
 0.814000 0.000000 0.000000
 0.815000 0.000000 0.000000
 0.816000 0.000000 0.000000
 0.817000 0.000000 0.000000
 0.818000 0.000000 0.000000
 0.819000 0.000000 0.000000
 0.820000 0.000000 0.000000
 0.821000 0.000000 0.000000
 0.822000 0.000000 0.000000
 0.823000 0.000000 0.000000
 0.824000 0.000000 0.000000
 0.825000 0.000000 0.000000
 0.826000 0.000000 0.000000
 0.827000 0.000000 0.000000
 0.828000 0.000000 0.000000
 0.829000 0.000000 0.000000
 0.830000 0.000000 0.000000
 0.831000 0.000000 0.000000
 0.832000 0.000000 0.000000
 0.833000 0.000000 0.000000
 0.834000 0.000000 0.000000
 0.835000 0.000000 0.000000
 0.836000 0.000000 0.000000
 0.837000 0.000000 0.000000
 0.838000 0.000000 0.000000
 0.839000 0.000000 0.000000
 0.840000 0.000000 0.000000
 0.841000 0.000000 0.000000
 0.842000 0.000000 0.000000
 0.843000 0.000000 0.000000
 0.844000 0.000000 0.000000
 0.845000 0.000000 0.000000
 0.846000 0.000000 0.000000
 0.847000 0.000000 0.000000
 0.848000 0.000000 0.000000
 0.849000 0.000000 0.000000
 0.850000 0.000000 0.000000
 0.851000 0.000000 0.000000
 0.852000 0.000000 0.000000
 0.853000 0.000000 0.000000
 0.854000 0.000000 0.000000
 0.855000 0.000000 0.000000
 0.856000 0.000000 0.000000
 0.857000 0.000000 0.000000
 0.858000 0.000000 0.000000
 0.859000 0.000000 0.000000
 0.860000 0.000000 0.000000
 0.861000 0.000000 0.000000
 0.862000 0.000000 0.000000
 0.863000 0.000000 0.000000
 0.864000 0.000000 0.000000
 0.865000 0.000000 0.000000
 0.866000 0.000000 0.000000
 0.867000 0.000000 0.000000
 0.868000 0.000000 0.000000
 0.869000 0.000000 0.000000
 0.870000 0.000000 0.000000
 0.871000 0.000000 0.000000
 0.872000 0.000000 0.000000
 0.873000 0.000000 0.000000
 0.874000 0.000000 0.000000
 0.875000 0.000000 0.000000
 0.876000 0.000000 0.000000
 0.877000 0.000000 0.000000
 0.878000 0.000000 0.000000
 0.879000 0.000000 0.000000
 0.880000 0.000000 0.000000
 0.881000 0.000000 0.000000
 0.882000 0.000000 0.000000
 0.883000 0.000000 0.000000
 0.884000 0.000000 0.000000
 0.885000 0.000000 0.000000
 0.886000 0.000000 0.000000
 0.887000 0.000000 0.000000
 0.888000 0.000000 0.000000
 0.889000 0.000000 0.000000
 0.890000 0.000000 0.000000
 0.891000 0.000000 0.000000
 0.892000 0.000000 0.000000
 0.893000 0.000000 0.000000
 0.894000 0.000000 0.000000
 0.895000 0.000000 0.000000
 0.896000 0.000000 0.000000
 0.897000 0.000000 0.000000
 0.898000 0.000000 0.000000
 0.899000 0.000000 0.000000
 0.900000 0.000000 0.000000
 0.901000 0.000000 0.000000
 0.902000 0.000000 0.000000
 0.903000 0.000000 0.000000
 0.904000 0.000000 0.000000
 0.905000 0.000000 0.000000
 0.906000 0.000000 0.000000
 0.907000 0.000000 0.000000
 0.908000 0.000000 0.000000
 0.909000 0.000000 0.000000
 0.910000 0.000000 0.000000
 0.911000 0.000000 0.000000
 0.912000 0.000000 0.000000
 0.913000 0.000000 0.000000
 0.914000 0.000000 0.000000
 0.915000 0.000000 0.000000
 0.916000 0.000000 0.000000
 0.917000 0.000000 0.000000
 0.918000 0.000000 0.000000
 0.919000 0.000000 0.000000
 0.920000 0.000000 0.000000
 0.921000 0.000000 0.000000
 0.922000 0.000000 0.000000
 0.923000 0.000000 0.000000
 0.924000 0.000000 0.000000
 0.925000 0.000000 0.000000
 0.926000 0.000000 0.000000
 0.927000 0.000000 0.000000
 0.928000 0.000000 0.000000
 0.929000 0.000000 0.000000
 0.930000 0.000000 0.000000
 0.931000 0.000000 0.000000
 0.932000 0.000000 0.000000
 0.933000 0.000000 0.000000
 0.934000 0.000000 0.000000
 0.935000 0.000000 0.000000
 0.936000 0.000000 0.000000
 0.937000 0.000000 0.000000
 0.938000 0.000000 0.000000
 0.939000 0.000000 0.000000
 0.940000 0.000000 0.000000
 0.941000 0.000000 0.000000
 0.942000 0.000000 0.000000
 0.943000 0.000000 0.000000
 0.944000 0.000000 0.000000
 0.945000 0.000000 0.000000
 0.946000 0.000000 0.000000
 0.947000 0.000000 0.000000
 0.948000 0.000000 0.000000
 0.949000 0.000000 0.000000
 0.950000 0.000000 0.000000
 0.951000 0.000000 0.000000
 0.952000 0.000000 0.000000
 0.953000 0.000000 0.000000
 0.954000 0.000000 0.000000
 0.955000 0.000000 0.000000
 0.956000 0.000000 0.000000
 0.957000 0.000000 0.000000
 0.958000 0.000000 0.000000
 0.959000 0.000000 0.000000
 0.960000 0.000000 0.000000
 0.961000 0.000000 0.000000
 0.962000 0.000000 0.000000
 0.963000 0.000000 0.000000
 0.964000 0.000000 0.000000
 0.965000 0.000000 0.000000
 0.966000 0.000000 0.000000
 0.967000 0.000000 0.000000
 0.968000 0.000000 0.000000
 0.969000 0.000000 0.000000
 0.970000 0.000000 0.000000
 0.971000 0.000000 0.000000
 0.972000 0.000000 0.000000
 0.973000 0.000000 0.000000
 0.974000 0.000000 0.000000
 0.975000 0.000000 0.000000
 0.976000 0.000000 0.000000
 0.977000 0.000000 0.000000
 0.978000 0.000000 0.000000
 0.979000 0.000000 0.000000
 0.980000 0.000000 0.000000
 0.981000 0.000000 0.000000
 0.982000 0.000000 0.000000
 0.983000 0.000000 0.000000
 0.984000 0.000000 0.000000
 0.985000 0.000000 0.000000
 0.986000 0.000000 0.000000
 0.987000 0.000000 0.000000
 0.988000 0.000000 0.000000
 0.989000 0.000000 0.000000
 0.990000 0.000000 0.000000
 0.991000 0.000000 0.000000
 0.992000 0.000000 0.000000
 0.993000 0.000000 0.000000
 0.994000 0.000000 0.000000
 0.995000 0.000000 0.000000
 0.996000 0.000000 0.000000
 0.997000 0.000000 0.000000
 0.998000 0.000000 0.000000
 0.999000 0.000000 0.000000
 1.000000 0.000000 0.000000
 1.001000 0.000000 0.000000
 1.002000 0.000000 0.000000
 1.003000 0.000000 0.000000
 1.004000 0.000000 0.000000
 1.005000 0.000000 0.000000
 1.006000 0.000000 0.000000
 1.007000 0.000000 0.000000
 1.008000 0.000000 0.000000
 1.009000 0.000000 0.000000
 1.010000 0.000000 0.000000
 1.011000 0.000000 0.000000
 1.012000 0.000000 0.000000
 1.013000 0.000000 0.000000
 1.014000 0.000000 0.000000
 1.015000 0.000000 0.000000
 1.016000 0.000000 0.000000
 1.017000 0.000000 0.000000
 1.018000 0.000000 0.000000
 1.019000 0.000000 0.000000
 1.020000 0.000000 0.000000
 1.021000 0.000000 0.000000
 1.022000 0.000000 0.000000
 1.023000 0.000000 0.000000
 1.024000 0.000000 0.000000
 1.025000 0.000000 0.000000
 1.026000 0.000000 0.000000
 1.027000 0.000000 0.000000
 1.028000 0.000000 0.000000
 1.029000 0.000000 0.000000
 1.030000 0.000000 0.000000
 1.031000 0.000000 0.000000
 1.032000 0.000000 0.000000
 1.033000 0.000000 0.000000
 1.034000 0.000000 0.000000
 1.035000 0.000000 0.000000
 1.036000 0.000000 0.000000
 1.037000 0.000000 0.000000
 1.038000 0.000000 0.000000
 1.039000 0.000000 0.000000
 1.040000 0.000000 0.000000
 1.041000 0.000000 0.000000
 1.042000 0.000000 0.000000
 1.043000 0.000000 0.000000
 1.044000 0.000000 0.000000
 1.045000 0.000000 0.000000
 1.046000 0.000000 0.000000
 1.047000 0.000000 0.000000
 1.048000 0.000000 0.000000
 1.049000 0.000000 0.000000
 1.050000 0.000000 0.000000
 1.051000 0.000000 0.000000
 1.052000 0.000000 0.000000
 1.053000 0.000000 0.000000
 1.054000 0.000000 0.000000
 1.055000 0.000000 0.000000
 1.056000 0.000000 0.000000
 1.057000 0.000000 0.000000
 1.058000 0.000000 0.000000
 1.059000 0.000000 0.000000
 1.060000 0.000000 0.000000
 1.061000 0.000000 0.000000
 1.062000 0.000000 0.000000
 1.063000 0.000000 0.000000
 1.064000 0.000000 0.000000
 1.065000 0.000000 0.000000
 1.066000 0.000000 0.000000
 1.067000 0.000000 0.000000
 1.068000 0.000000 0.000000
 1.069000 0.000000 0.000000
 1.070000 0.000000 0.000000
 1.071000 0.000000 0.000000
 1.072000 0.000000 0.000000
 1.073000 0.000000 0.000000
 1.074000 0.000000 0.000000
 1.075000 0.000000 0.000000
 1.076000 0.000000 0.000000
 1.077000 0.000000 0.000000
 1.078000 0.000000 0.000000
 1.079000 0.000000 0.000000
 1.080000 0.000000 0.000000
 1.081000 0.000000 0.000000
 1.082000 0.000000 0.000000
 1.083000 0.000000 0.000000
 1.084000 0.000000 0.000000
 1.085000 0.000000 0.000000
 1.086000 0.000000 0.000000
 1.087000 0.000000 0.000000
 1.088000 0.000000 0.000000
 1.089000 0.000000 0.000000
 1.090000 0.000000 0.000000
 1.091000 0.000000 0.000000
 1.092000 0.000000 0.000000
 1.093000 0.000000 0.000000
 1.094000 0.000000 0.000000
 1.095000 0.000000 0.000000
 1.096000 0.000000 0.000000
 1.097000 0.000000 0.000000
 1.098000 0.000000 0.000000
 1.099000 0.000000 0.000000
 1.100000 0.000000 0.000000
 1.101000 0.000000 0.000000
 1.102000 0.000000 0.000000
 1.103000 0.000000 0.000000
 1.104000 0.000000 0.000000
 1.105000 0.000000 0.000000
 1.106000 0.000000 0.000000
 1.107000 0.000000 0.000000
 1.108000 0.000000 0.000000
 1.109000 0.000000 0.000000
 1.110000 0.000000 0.000000
 1.111000 0.000000 0.000000
 1.112000 0.000000 0.000000
 1.113000 0.000000 0.000000
 1.114000 0.000000 0.000000
 1.115000 0.000000 0.000000
 1.116000 0.000000 0.000000
 1.117000 0.000000 0.000000
 1.118000 0.000000 0.000000
 1.119000 0.000000 0.000000
 1.120000 0.000000 0.000000
 1.121000 0.000000 0.000000
 1.122000 0.000000 0.000000
 1.123000 0.000000 0.000000
 1.124000 0.000000 0.000000
 1.125000 0.000000 0.000000
 1.126000 0.000000 0.000000
 1.127000 0.000000 0.000000
 1.128000 0.000000 0.000000
 1.129000 0.000000 0.000000
 1.130000 0.000000 0.000000
 1.131000 0.000000 0.000000
 1.132000 0.000000 0.000000
 1.133000 0.000000 0.000000
 1.134000 0.000000 0.000000
 1.135000 0.000000 0.000000
 1.136000 0.000000 0.000000
 1.137000 0.000000 0.000000
 1.138000 0.000000 0.000000
 1.139000 0.000000 0.000000
 1.140000 0.000000 0.000000
 1.141000 0.000000 0.000000
 1.142000 0.000000 0.000000
 1.143000 0.000000 0.000000
 1.144000 0.000000 0.000000
 1.145000 0.000000 0.000000
 1.146000 0.000000 0.000000
 1.147000 0.000000 0.000000
 1.148000 0.000000 0.000000
 1.149000 0.000000 0.000000
 1.150000 0.000000 0.000000
 1.151000 0.000000 0.000000
 1.152000 0.000000 0.000000
 1.153000 0.000000 0.000000
 1.154000 0.000000 0.000000
 1.155000 0.000000 0.000000
 1.156000 0.000000 0.000000
 1.157000 0.000000 0.000000
 1.158000 0.000000 0.000000
 1.159000 0.000000 0.000000
 1.160000 0.000000 0.000000
 1.161000 0.000000 0.000000
 1.162000 0.000000 0.000000
 1.163000 0.000000 0.000000
 1.164000 0.000000 0.000000
 1.165000 0.000000 0.000000
 1.166000 0.000000 0.000000
 1.167000 0.000000 0.000000
 1.168000 0.000000 0.000000
 1.169000 0.000000 0.000000
 1.170000 0.000000 0.000000
 1.171000 0.000000 0.000000
 1.172000 0.000000 0.000000
 1.173000 0.000000 0.000000
 1.174000 0.000000 0.000000
 1.175000 0.000000 0.000000
 1.176000 0.000000 0.000000
 1.177000 0.000000 0.000000
 1.178000 0.000000 0.000000
 1.179000 0.000000 0.000000
 1.180000 0.000000 0.000000
 1.181000 0.000000 0.000000
 1.182000 0.000000 0.000000
 1.183000 0.000000 0.000000
 1.184000 0.000000 0.000000
 1.185000 0.000000 0.000000
 1.186000 0.000000 0.000000
 1.187000 0.000000 0.000000
 1.188000 0.000000 0.000000
 1.189000 0.000000 0.000000
 1.190000 0.000000 0.000000
 1.191000 0.000000 0.000000
 1.192000 0.000000 0.000000
 1.193000 0.000000 0.000000
 1.194000 0.000000 0.000000
 1.195000 0.000000 0.000000
 1.196000 0.000000 0.000000
 1.197000 0.000000 0.000000
 1.198000 0.000000 0.000000
 1.199000 0.000000 0.000000
 1.200000 0.000000 0.000000
 1.201000 0.000000 0.000000
 1.202000 0.000000 0.000000
 1.203000 0.000000 0.000000
 1.204000 0.000000 0.000000
 1.205000 0.000000 0.000000
 1.206000 0.000000 0.000000
 1.207000 0.000000 0.000000
 1.208000 0.000000 0.000000
 1.209000 0.000000 0.000000
 1.210000 0.000000 0.000000
 1.211000 0.000000 0.000000
 1.212000 0.000000 0.000000
 1.213000 0.000000 0.000000
 1.214000 0.000000 0.000000
 1.215000 0.000000 0.000000
 1.216000 0.000000 0.000000
 1.217000 0.000000 0.000000
 1.218000 0.000000 0.000000
 1.219000 0.000000 0.000000
 1.220000 0.000000 0.000000
 1.221000 0.000000 0.000000
 1.222000 0.000000 0.000000
 1.223000 0.000000 0.000000
 1.224000 0.000000 0.000000
 1.225000 0.000000 0.000000
 1.226000 0.000000 0.000000
 1.227000 0.000000 0.000000
 1.228000 0.000000 0.000000
 1.229000 0.000000 0.000000
 1.230000 0.000000 0.000000
 1.231000 0.000000 0.000000
 1.232000 0.000000 0.000000
 1.233000 0.000000 0.000000
 1.234000 0.000000 0.000000
 1.235000 0.000000 0.000000
 1.236000 0.000000 0.000000
 1.237000 0.000000 0.000000
 1.238000 0.000000 0.000000
 1.239000 0.000000 0.000000
 1.240000 0.000000 0.000000
 1.241000 0.000000 0.000000
 1.242000 0.000000 0.000000
 1.243000 0.000000 0.000000
 1.244000 0.000000 0.000000
 1.245000 0.000000 0.000000
 1.246000 0.000000 0.000000
 1.247000 0.000000 0.000000
 1.248000 0.000000 0.000000
 1.249000 0.000000 0.000000
 1.250000 0.000000 0.000000
 1.251000 0.000000 0.000000
 1.252000 0.000000 0.000000
 1.253000 0.000000 0.000000
 1.254000 0.000000 0.000000
 1.255000 0.000000 0.000000
 1.256000 0.000000 0.000000
 1.257000 0.000000 0.000000
 1.258000 0.000000 0.000000
 1.259000 0.000000 0.000000
 1.260000 0.000000 0.000000
 1.261000 0.000000 0.000000
 1.262000 0.000000 0.000000
 1.263000 0.000000 0.000000
 1.264000 0.000000 0.000000
 1.265000 0.000000 0.000000
 1.266000 0.000000 0.000000
 1.267000 0.000000 0.000000
 1.268000 0.000000 0.000000
 1.269000 0.000000 0.000000
 1.270000 0.000000 0.000000
 1.271000 0.000000 0.000000
 1.272000 0.000000 0.000000
 1.273000 0.000000 0.000000
 1.274000 0.000000 0.000000
 1.275000 0.000000 0.000000
 1.276000 0.000000 0.000000
 1.277000 0.000000 0.000000
 1.278000 0.000000 0.000000
 1.279000 0.000000 0.000000
 1.280000 0.000000 0.000000
 1.281000 0.000000 0.000000
 1.282000 0.000000 0.000000
 1.283000 0.000000 0.000000
 1.284000 0.000000 0.000000
 1.285000 0.000000 0.000000
 1.286000 0.000000 0.000000
 1.287000 0.000000 0.000000
 1.288000 0.000000 0.000000
 1.289000 0.000000 0.000000
 1.290000 0.000000 0.000000
 1.291000 0.000000 0.000000
 1.292000 0.000000 0.000000
 1.293000 0.000000 0.000000
 1.294000 0.000000 0.000000
 1.295000 0.000000 0.000000
 1.296000 0.000000 0.000000
 1.297000 0.000000 0.000000
 1.298000 0.000000 0.000000
 1.299000 0.000000 0.000000
 1.300000 0.000000 0.000000
 1.301000 0.000000 0.000000
 1.302000 0.000000 0.000000
 1.303000 0.000000 0.000000
 1.304000 0.000000 0.000000
 1.305000 0.000000 0.000000
 1.306000 0.000000 0.000000
 1.307000 0.000000 0.000000
 1.308000 0.000000 0.000000
 1.309000 0.000000 0.000000
 1.310000 0.000000 0.000000
 1.311000 0.000000 0.000000
 1.312000 0.000000 0.000000
 1.313000 0.000000 0.000000
 1.314000 0.000000 0.000000
 1.315000 0.000000 0.000000
 1.316000 0.000000 0.000000
 1.317000 0.000000 0.000000
 1.318000 0.000000 0.000000
 1.319000 0.000000 0.000000
 1.320000 0.000000 0.000000
 1.321000 0.000000 0.000000
 1.322000 0.000000 0.000000
 1.323000 0.000000 0.000000
 1.324000 0.000000 0.000000
 1.325000 0.000000 0.000000
 1.326000 0.000000 0.000000
 1.327000 0.000000 0.000000
 1.328000 0.000000 0.000000
 1.329000 0.000000 0.000000
 1.330000 0.000000 0.000000
 1.331000 0.000000 0.000000
 1.332000 0.000000 0.000000
 1.333000 0.000000 0.000000
 1.334000 0.000000 0.000000
 1.335000 0.000000 0.000000
 1.336000 0.000000 0.000000
 1.337000 0.000000 0.000000
 1.338000 0.000000 0.000000
 1.339000 0.000000 0.000000
 1.340000 0.000000 0.000000
 1.341000 0.000000 0.000000
 1.342000 0.000000 0.000000
 1.343000 0.000000 0.000000
 1.344000 0.000000 0.000000
 1.345000 0.000000 0.000000
 1.346000 0.000000 0.000000
 1.347000 0.000000 0.000000
 1.348000 0.000000 0.000000
 1.349000 0.000000 0.000000
 1.350000 0.000000 0.000000
 1.351000 0.000000 0.000000
 1.352000 0.000000 0.000000
 1.353000 0.000000 0.000000
 1.354000 0.000000 0.000000
 1.355000 0.000000 0.000000
 1.356000 0.000000 0.000000
 1.357000 0.000000 0.000000
 1.358000 0.000000 0.000000
 1.359000 0.000000 0.000000
 1.360000 0.000000 0.000000
 1.361000 0.000000 0.000000
 1.362000 0.000000 0.000000
 1.363000 0.000000 0.000000
 1.364000 0.000000 0.000000
 1.365000 0.000000 0.000000
 1.366000 0.000000 0.000000
 1.367000 0.000000 0.000000
 1.368000 0.000000 0.000000
 1.369000 0.000000 0.000000
 1.370000 0.000000 0.000000
 1.371000 0.000000 0.000000
 1.372000 0.000000 0.000000
 1.373000 0.000000 0.000000
 1.374000 0.000000 0.000000
 1.375000 0.000000 0.000000
 1.376000 0.000000 0.000000
 1.377000 0.000000 0.000000
 1.378000 0.000000 0.000000
 1.379000 0.000000 0.000000
 1.380000 0.000000 0.000000
 1.381000 0.000000 0.000000
 1.382000 0.000000 0.000000
 1.383000 0.000000 0.000000
 1.384000 0.000000 0.000000
 1.385000 0.000000 0.000000
 1.386000 0.000000 0.000000
 1.387000 0.000000 0.000000
 1.388000 0.000000 0.000000
 1.389000 0.000000 0.000000
 1.390000 0.000000 0.000000
 1.391000 0.000000 0.000000
 1.392000 0.000000 0.000000
 1.393000 0.000000 0.000000
 1.394000 0.000000 0.000000
 1.395000 0.000000 0.000000
 1.396000 0.000000 0.000000
 1.397000 0.000000 0.000000
 1.398000 0.000000 0.000000
 1.399000 0.000000 0.000000
 1.400000 0.000000 0.000000
 1.401000 0.000000 0.000000
 1.402000 0.000000 0.000000
 1.403000 0.000000 0.000000
 1.404000 0.000000 0.000000
 1.405000 0.000000 0.000000
 1.406000 0.000000 0.000000
 1.407000 0.000000 0.000000
 1.408000 0.000000 0.000000
 1.409000 0.000000 0.000000
 1.410000 0.000000 0.000000
 1.411000 0.000000 0.000000
 1.412000 0.000000 0.000000
 1.413000 0.000000 0.000000
 1.414000 0.000000 0.000000
 1.415000 0.000000 0.000000
 1.416000 0.000000 0.000000
 1.417000 0.000000 0.000000
 1.418000 0.000000 0.000000
 1.419000 0.000000 0.000000
 1.420000 0.000000 0.000000
 1.421000 0.000000 0.000000
 1.422000 0.000000 0.000000
 1.423000 0.000000 0.000000
 1.424000 0.000000 0.000000
 1.425000 0.000000 0.000000
 1.426000 0.000000 0.000000
 1.427000 0.000000 0.000000
 1.428000 0.000000 0.000000
 1.429000 0.000000 0.000000
 1.430000 0.000000 0.000000
 1.431000 0.000000 0.000000
 1.432000 0.000000 0.000000
 1.433000 0.000000 0.000000
 1.434000 0.000000 0.000000
 1.435000 0.000000 0.000000
 1.436000 0.000000 0.000000
 1.437000 0.000000 0.000000
 1.438000 0.000000 0.000000
 1.439000 0.000000 0.000000
 1.440000 0.000000 0.000000
 1.441000 0.000000 0.000000
 1.442000 0.000000 0.000000
 1.443000 0.000000 0.000000
 1.444000 0.000000 0.000000
 1.445000 0.000000 0.000000
 1.446000 0.000000 0.000000
 1.447000 0.000000 0.000000
 1.448000 0.000000 0.000000
 1.449000 0.000000 0.000000
 1.450000 0.000000 0.000000
 1.451000 0.000000 0.000000
 1.452000 0.000000 0.000000
 1.453000 0.000000 0.000000
 1.454000 0.000000 0.000000
 1.455000 0.000000 0.000000
 1.456000 0.000000 0.000000
 1.457000 0.000000 0.000000
 1.458000 0.000000 0.000000
 1.459000 0.000000 0.000000
 1.460000 0.000000 0.000000
 1.461000 0.000000 0.000000
 1.462000 0.000000 0.000000
 1.463000 0.000000 0.000000
 1.464000 0.000000 0.000000
 1.465000 0.000000 0.000000
 1.466000 0.000000 0.000000
 1.467000 0.000000 0.000000
 1.468000 0.000000 0.000000
 1.469000 0.000000 0.000000
 1.470000 0.000000 0.000000
 1.471000 0.000000 0.000000
 1.472000 0.000000 0.000000
 1.473000 0.000000 0.000000
 1.474000 0.000000 0.000000
 1.475000 0.000000 0.000000
 1.476000 0.000000 0.000000
 1.477000 0.000000 0.000000
 1.478000 0.000000 0.000000
 1.479000 0.000000 0.000000
 1.480000 0.000000 0.000000
 1.481000 0.000000 0.000000
 1.482000 0.000000 0.000000
 1.483000 0.000000 0.000000
 1.484000 0.000000 0.000000
 1.485000 0.000000 0.000000
 1.486000 0.000000 0.000000
 1.487000 0.000000 0.000000
 1.488000 0.000000 0.000000
 1.489000 0.000000 0.000000
 1.490000 0.000000 0.000000
 1.491000 0.000000 0.000000
 1.492000 0.000000 0.000000
 1.493000 0.000000 0.000000
 1.494000 0.000000 0.000000
 1.495000 0.000000 0.000000
 1.496000 0.000000 0.000000
 1.497000 0.000000 0.000000
 1.498000 0.000000 0.000000
 1.499000 0.000000 0.000000
 1.500000 0.000000 0.000000
