#! FIELDS s hh dhh_s
#! SET normalisation  399.000000
#! SET min_s -0.5
#! SET max_s 1.5
#! SET nbins_s  2000
#! SET periodic_s false
 -0.500000 0.000000 0.000000
 -0.499000 0.000000 0.000000
 -0.498000 0.000000 0.000000
 -0.497000 0.000000 0.000000
 -0.496000 0.000000 0.000000
 -0.495000 0.000000 0.000000
 -0.494000 0.000000 0.000000
 -0.493000 0.000000 0.000000
 -0.492000 0.000000 0.000000
 -0.491000 0.000000 0.000000
 -0.490000 0.000000 0.000000
 -0.489000 0.000000 0.000000
 -0.488000 0.000000 0.000000
 -0.487000 0.000000 0.000000
 -0.486000 0.000000 0.000000
 -0.485000 0.000000 0.000000
 -0.484000 0.000000 0.000000
 -0.483000 0.000000 0.000000
 -0.482000 0.000000 0.000000
 -0.481000 0.000000 0.000000
 -0.480000 0.000000 0.000000
 -0.479000 0.000000 0.000000
 -0.478000 0.000000 0.000000
 -0.477000 0.000000 0.000000
 -0.476000 0.000000 0.000000
 -0.475000 0.000000 0.000000
 -0.474000 0.000000 0.000000
 -0.473000 0.000000 0.000000
 -0.472000 0.000000 0.000000
 -0.471000 0.000000 0.000000
 -0.470000 0.000000 0.000000
 -0.469000 0.000000 0.000000
 -0.468000 0.000000 0.000000
 -0.467000 0.000000 0.000000
 -0.466000 0.000000 0.000000
 -0.465000 0.000000 0.000000
 -0.464000 0.000000 0.000000
 -0.463000 0.000000 0.000000
 -0.462000 0.000000 0.000000
 -0.461000 0.000000 0.000000
 -0.460000 0.000000 0.000000
 -0.459000 0.000000 0.000000
 -0.458000 0.000000 0.000000
 -0.457000 0.000000 0.000000
 -0.456000 0.000000 0.000000
 -0.455000 0.000000 0.000000
 -0.454000 0.000000 0.000000
 -0.453000 0.000000 0.000000
 -0.452000 0.000000 0.000000
 -0.451000 0.000000 0.000000
 -0.450000 0.000000 0.000000
 -0.449000 0.000000 0.000000
 -0.448000 0.000000 0.000000
 -0.447000 0.000000 0.000000
 -0.446000 0.000000 0.000000
 -0.445000 0.000000 0.000000
 -0.444000 0.000000 0.000000
 -0.443000 0.000000 0.000000
 -0.442000 0.000000 0.000000
 -0.441000 0.000000 0.000000
 -0.440000 0.000000 0.000000
 -0.439000 0.000000 0.000000
 -0.438000 0.000000 0.000000
 -0.437000 0.000000 0.000000
 -0.436000 0.000000 0.000000
 -0.435000 0.000000 0.000000
 -0.434000 0.000000 0.000000
 -0.433000 0.000000 0.000000
 -0.432000 0.000000 0.000000
 -0.431000 0.000000 0.000000
 -0.430000 0.000000 0.000000
 -0.429000 0.000000 0.000000
 -0.428000 0.000000 0.000000
 -0.427000 0.000000 0.000000
 -0.426000 0.000000 0.000000
 -0.425000 0.000000 0.000000
 -0.424000 0.000000 0.000000
 -0.423000 0.000000 0.000000
 -0.422000 0.000000 0.000000
 -0.421000 0.000000 0.000000
 -0.420000 0.000000 0.000000
 -0.419000 0.000000 0.000000
 -0.418000 0.000000 0.000000
 -0.417000 0.000000 0.000000
 -0.416000 0.000000 0.000000
 -0.415000 0.000000 0.000000
 -0.414000 0.000000 0.000000
 -0.413000 0.000000 0.000000
 -0.412000 0.000000 0.000000
 -0.411000 0.000000 0.000000
 -0.410000 0.000000 0.000000
 -0.409000 0.000000 0.000000
 -0.408000 0.000000 0.000000
 -0.407000 0.000000 0.000000
 -0.406000 0.000000 0.000000
 -0.405000 0.000000 0.000000
 -0.404000 0.000000 0.000000
 -0.403000 0.000000 0.000000
 -0.402000 0.000000 0.000000
 -0.401000 0.000000 0.000000
 -0.400000 0.000000 0.000000
 -0.399000 0.000000 0.000000
 -0.398000 0.000000 0.000000
 -0.397000 0.000000 0.000000
 -0.396000 0.000000 0.000000
 -0.395000 0.000000 0.000000
 -0.394000 0.000000 0.000000
 -0.393000 0.000000 0.000000
 -0.392000 0.000000 0.000000
 -0.391000 0.000000 0.000000
 -0.390000 0.000000 0.000000
 -0.389000 0.000000 0.000000
 -0.388000 0.000000 0.000000
 -0.387000 0.000000 0.000000
 -0.386000 0.000000 0.000000
 -0.385000 0.000000 0.000000
 -0.384000 0.000000 0.000000
 -0.383000 0.000000 0.000000
 -0.382000 0.000000 0.000000
 -0.381000 0.000000 0.000000
 -0.380000 0.000000 0.000000
 -0.379000 0.000000 0.000000
 -0.378000 0.000000 0.000000
 -0.377000 0.000000 0.000000
 -0.376000 0.000000 0.000000
 -0.375000 0.000000 0.000000
 -0.374000 0.000000 0.000000
 -0.373000 0.000000 0.000000
 -0.372000 0.000000 0.000000
 -0.371000 0.000000 0.000000
 -0.370000 0.000000 0.000000
 -0.369000 0.000000 0.000000
 -0.368000 0.000000 0.000000
 -0.367000 0.000000 0.000000
 -0.366000 0.000000 0.000000
 -0.365000 0.000000 0.000000
 -0.364000 0.000000 0.000000
 -0.363000 0.000000 0.000000
 -0.362000 0.000000 0.000000
 -0.361000 0.000000 0.000000
 -0.360000 0.000000 0.000000
 -0.359000 0.000000 0.000000
 -0.358000 0.000000 0.000000
 -0.357000 0.000000 0.000000
 -0.356000 0.000000 0.000000
 -0.355000 0.000000 0.000000
 -0.354000 0.000000 0.000000
 -0.353000 0.000000 0.000000
 -0.352000 0.000000 0.000000
 -0.351000 0.000000 0.000000
 -0.350000 0.000000 0.000000
 -0.349000 0.000000 0.000000
 -0.348000 0.000000 0.000000
 -0.347000 0.000000 0.000000
 -0.346000 0.000000 0.000000
 -0.345000 0.000000 0.000000
 -0.344000 0.000000 0.000000
 -0.343000 0.000000 0.000000
 -0.342000 0.000000 0.000000
 -0.341000 0.000000 0.000000
 -0.340000 0.000000 0.000000
 -0.339000 0.000000 0.000000
 -0.338000 0.000000 0.000000
 -0.337000 0.000000 0.000000
 -0.336000 0.000000 0.000000
 -0.335000 0.000000 0.000000
 -0.334000 0.000000 0.000000
 -0.333000 0.000000 0.000000
 -0.332000 0.000000 0.000000
 -0.331000 0.000000 0.000000
 -0.330000 0.000000 0.000000
 -0.329000 0.000000 0.000000
 -0.328000 0.000000 0.000000
 -0.327000 0.000000 0.000000
 -0.326000 0.000000 0.000000
 -0.325000 0.000000 0.000000
 -0.324000 0.000000 0.000000
 -0.323000 0.000000 0.000000
 -0.322000 0.000000 0.000000
 -0.321000 0.000000 0.000000
 -0.320000 0.000000 0.000000
 -0.319000 0.000000 0.000000
 -0.318000 0.000000 0.000000
 -0.317000 0.000000 0.000000
 -0.316000 0.000000 0.000000
 -0.315000 0.000000 0.000000
 -0.314000 0.000000 0.000000
 -0.313000 0.000000 0.000000
 -0.312000 0.000000 0.000000
 -0.311000 0.000000 0.000000
 -0.310000 0.000000 0.000000
 -0.309000 0.000000 0.000000
 -0.308000 0.000000 0.000000
 -0.307000 0.000000 0.000000
 -0.306000 0.000000 0.000000
 -0.305000 0.000000 0.000000
 -0.304000 0.000000 0.000000
 -0.303000 0.000000 0.000000
 -0.302000 0.000000 0.000000
 -0.301000 0.000000 0.000000
 -0.300000 0.000000 0.000000
 -0.299000 0.000000 0.000000
 -0.298000 0.000000 0.000000
 -0.297000 0.000000 0.000000
 -0.296000 0.000000 0.000000
 -0.295000 0.000000 0.000000
 -0.294000 0.000000 0.000000
 -0.293000 0.000000 0.000000
 -0.292000 0.000000 0.000000
 -0.291000 0.000000 0.000000
 -0.290000 0.000000 0.000000
 -0.289000 0.000000 0.000000
 -0.288000 0.000000 0.000000
 -0.287000 0.000000 0.000000
 -0.286000 0.000000 0.000000
 -0.285000 0.000000 0.000000
 -0.284000 0.000000 0.000000
 -0.283000 0.000000 0.000000
 -0.282000 0.000000 0.000000
 -0.281000 0.000000 0.000000
 -0.280000 0.000000 0.000000
 -0.279000 0.000000 0.000000
 -0.278000 0.000000 0.000000
 -0.277000 0.000000 0.000000
 -0.276000 0.000000 0.000000
 -0.275000 0.000000 0.000000
 -0.274000 0.000000 0.000000
 -0.273000 0.000000 0.000000
 -0.272000 0.000000 0.000000
 -0.271000 0.000000 0.000000
 -0.270000 0.000000 0.000000
 -0.269000 0.000000 0.000000
 -0.268000 0.000000 0.000000
 -0.267000 0.000000 0.000000
 -0.266000 0.000000 0.000000
 -0.265000 0.000000 0.000000
 -0.264000 0.000000 0.000000
 -0.263000 0.000000 0.000000
 -0.262000 0.000000 0.000000
 -0.261000 0.000000 0.000000
 -0.260000 0.000000 0.000000
 -0.259000 0.000000 0.000000
 -0.258000 0.000000 0.000000
 -0.257000 0.000000 0.000000
 -0.256000 0.000000 0.000000
 -0.255000 0.000000 0.000000
 -0.254000 0.000000 0.000000
 -0.253000 0.000000 0.000000
 -0.252000 0.000000 0.000000
 -0.251000 0.000000 0.000000
 -0.250000 0.000000 0.000000
 -0.249000 0.000000 0.000000
 -0.248000 0.000000 0.000000
 -0.247000 0.000000 0.000000
 -0.246000 0.000000 0.000000
 -0.245000 0.000000 0.000000
 -0.244000 0.000000 0.000000
 -0.243000 0.000000 0.000000
 -0.242000 0.000000 0.000000
 -0.241000 0.000000 0.000000
 -0.240000 0.000000 0.000000
 -0.239000 0.000000 0.000000
 -0.238000 0.000000 0.000000
 -0.237000 0.000000 0.000000
 -0.236000 0.000000 0.000000
 -0.235000 0.000000 0.000000
 -0.234000 0.000000 0.000000
 -0.233000 0.000000 0.000000
 -0.232000 0.000000 0.000000
 -0.231000 0.000000 0.000000
 -0.230000 0.000000 0.000000
 -0.229000 0.000000 0.000000
 -0.228000 0.000000 0.000000
 -0.227000 0.000000 0.000000
 -0.226000 0.000000 0.000000
 -0.225000 0.000000 0.000000
 -0.224000 0.000000 0.000000
 -0.223000 0.000000 0.000000
 -0.222000 0.000000 0.000000
 -0.221000 0.000000 0.000000
 -0.220000 0.000000 0.000000
 -0.219000 0.000000 0.000000
 -0.218000 0.000000 0.000000
 -0.217000 0.000000 0.000000
 -0.216000 0.000000 0.000000
 -0.215000 0.000000 0.000000
 -0.214000 0.000000 0.000000
 -0.213000 0.000000 0.000000
 -0.212000 0.000000 0.000000
 -0.211000 0.000000 0.000000
 -0.210000 0.000000 0.000000
 -0.209000 0.000000 0.000000
 -0.208000 0.000000 0.000000
 -0.207000 0.000000 0.000000
 -0.206000 0.000000 0.000000
 -0.205000 0.000000 0.000000
 -0.204000 0.000000 0.000000
 -0.203000 0.000000 0.000000
 -0.202000 0.000000 0.000000
 -0.201000 0.000000 0.000000
 -0.200000 0.000000 0.000000
 -0.199000 0.000000 0.000000
 -0.198000 0.000000 0.000000
 -0.197000 0.000000 0.000000
 -0.196000 0.000000 0.000000
 -0.195000 0.000000 0.000000
 -0.194000 0.000000 0.000000
 -0.193000 0.000000 0.000000
 -0.192000 0.000000 0.000000
 -0.191000 0.000000 0.000000
 -0.190000 0.000000 0.000000
 -0.189000 0.000000 0.000000
 -0.188000 0.000000 0.000000
 -0.187000 0.000000 0.000000
 -0.186000 0.000000 0.000000
 -0.185000 0.000000 0.000000
 -0.184000 0.000000 0.000000
 -0.183000 0.000000 0.000000
 -0.182000 0.000000 0.000000
 -0.181000 0.000000 0.000000
 -0.180000 0.000000 0.000000
 -0.179000 0.000000 0.000000
 -0.178000 0.000000 0.000000
 -0.177000 0.000000 0.000000
 -0.176000 0.000000 0.000000
 -0.175000 0.000000 0.000000
 -0.174000 0.000000 0.000000
 -0.173000 0.000000 0.000000
 -0.172000 0.000000 0.000000
 -0.171000 0.000000 0.000000
 -0.170000 0.000000 0.000000
 -0.169000 0.000000 0.000000
 -0.168000 0.000000 0.000000
 -0.167000 0.000000 0.000000
 -0.166000 0.000000 0.000000
 -0.165000 0.000000 0.000000
 -0.164000 0.000000 0.000000
 -0.163000 0.000000 0.000000
 -0.162000 0.000000 0.000000
 -0.161000 0.000000 0.000000
 -0.160000 0.000000 0.000000
 -0.159000 0.000000 0.000000
 -0.158000 0.000000 0.000000
 -0.157000 0.000000 0.000000
 -0.156000 0.000000 0.000000
 -0.155000 0.000000 0.000000
 -0.154000 0.000000 0.000000
 -0.153000 0.000000 0.000000
 -0.152000 0.000000 0.000000
 -0.151000 0.000000 0.000000
 -0.150000 0.000000 0.000000
 -0.149000 0.000000 0.000000
 -0.148000 0.000000 0.000000
 -0.147000 0.000000 0.000000
 -0.146000 0.000000 0.000000
 -0.145000 0.000000 0.000000
 -0.144000 0.000000 0.000000
 -0.143000 0.000000 0.000000
 -0.142000 0.000000 0.000000
 -0.141000 0.000000 0.000000
 -0.140000 0.000000 0.000000
 -0.139000 0.000000 0.000000
 -0.138000 0.000000 0.000000
 -0.137000 0.000000 0.000000
 -0.136000 0.000000 0.000000
 -0.135000 0.000000 0.000000
 -0.134000 0.000000 0.000000
 -0.133000 0.000000 0.000000
 -0.132000 0.000000 0.000000
 -0.131000 0.000000 0.000000
 -0.130000 0.000000 0.000000
 -0.129000 0.000000 0.000000
 -0.128000 0.000000 0.000000
 -0.127000 0.000000 0.000000
 -0.126000 0.000000 0.000000
 -0.125000 0.000000 0.000000
 -0.124000 0.000000 0.000000
 -0.123000 0.000000 0.000000
 -0.122000 0.000000 0.000000
 -0.121000 0.000000 0.000000
 -0.120000 0.000000 0.000000
 -0.119000 0.000000 0.000000
 -0.118000 0.000000 0.000000
 -0.117000 0.000000 0.000000
 -0.116000 0.000000 0.000000
 -0.115000 0.000000 0.000000
 -0.114000 0.000000 0.000000
 -0.113000 0.000000 0.000000
 -0.112000 0.000000 0.000000
 -0.111000 0.000000 0.000000
 -0.110000 0.000000 0.000000
 -0.109000 0.000000 0.000000
 -0.108000 0.000000 0.000000
 -0.107000 0.000000 0.000000
 -0.106000 0.000000 0.000000
 -0.105000 0.000000 0.000000
 -0.104000 0.000000 0.000000
 -0.103000 0.000000 0.000000
 -0.102000 0.000000 0.000000
 -0.101000 0.000000 0.000000
 -0.100000 0.000000 0.000000
 -0.099000 0.000000 0.000000
 -0.098000 0.000000 0.000000
 -0.097000 0.000000 0.000000
 -0.096000 0.000000 0.000000
 -0.095000 0.000000 0.000000
 -0.094000 0.000000 0.000000
 -0.093000 0.000000 0.000000
 -0.092000 0.000000 0.000000
 -0.091000 0.000000 0.000000
 -0.090000 0.000000 0.000000
 -0.089000 0.000000 0.000000
 -0.088000 0.000000 0.000000
 -0.087000 0.000000 0.000000
 -0.086000 0.000000 0.000000
 -0.085000 0.000000 0.000000
 -0.084000 0.000000 0.000000
 -0.083000 0.000000 0.000000
 -0.082000 0.000000 0.000000
 -0.081000 0.000000 0.000000
 -0.080000 0.000000 0.000000
 -0.079000 0.000000 0.000000
 -0.078000 0.000000 0.000000
 -0.077000 0.000000 0.000000
 -0.076000 0.000000 0.000000
 -0.075000 0.000000 0.000000
 -0.074000 0.000000 0.000000
 -0.073000 0.000000 0.000000
 -0.072000 0.000000 0.000000
 -0.071000 0.000000 0.000000
 -0.070000 0.000000 0.000000
 -0.069000 0.000000 0.000000
 -0.068000 0.000000 0.000000
 -0.067000 0.000000 0.000000
 -0.066000 0.000000 0.000000
 -0.065000 0.000000 0.000000
 -0.064000 0.000000 0.000000
 -0.063000 0.000000 0.000000
 -0.062000 0.000000 0.000000
 -0.061000 0.000000 0.000000
 -0.060000 0.000000 0.000000
 -0.059000 0.000000 0.000000
 -0.058000 0.000000 0.000000
 -0.057000 0.000000 0.000000
 -0.056000 0.000000 0.000000
 -0.055000 0.000000 0.000000
 -0.054000 0.000000 0.000000
 -0.053000 0.000000 0.000000
 -0.052000 0.000000 0.000000
 -0.051000 0.000000 0.000000
 -0.050000 0.000000 0.000000
 -0.049000 0.000000 0.000000
 -0.048000 0.000000 0.000000
 -0.047000 0.000000 0.000000
 -0.046000 0.000000 0.000000
 -0.045000 0.000000 0.000000
 -0.044000 0.000000 0.000000
 -0.043000 0.000000 0.000000
 -0.042000 0.000000 0.000000
 -0.041000 0.000000 0.000000
 -0.040000 0.000000 0.000000
 -0.039000 0.000000 0.000000
 -0.038000 0.000000 0.000000
 -0.037000 0.000000 0.000000
 -0.036000 0.000000 0.000000
 -0.035000 0.000000 0.000000
 -0.034000 0.000000 0.000000
 -0.033000 0.000000 0.000000
 -0.032000 0.000000 0.000000
 -0.031000 0.000000 0.000000
 -0.030000 0.000000 0.000000
 -0.029000 0.000000 0.000000
 -0.028000 0.000000 0.000000
 -0.027000 0.000001 0.000330
 -0.026000 0.000001 0.000461
 -0.025000 0.000002 0.000638
 -0.024000 0.000003 0.000873
 -0.023000 0.000004 0.001182
 -0.022000 0.000006 0.001900
 -0.021000 0.000009 0.002952
 -0.020000 0.000013 0.003933
 -0.019000 0.000017 0.005186
 -0.018000 0.000024 0.007079
 -0.017000 0.000033 0.009556
 -0.016000 0.000045 0.012639
 -0.015000 0.000059 0.016151
 -0.014000 0.000077 0.020437
 -0.013000 0.000100 0.025607
 -0.012000 0.000129 0.031769
 -0.011000 0.000165 0.039359
 -0.010000 0.000210 0.048311
 -0.009000 0.000263 0.058326
 -0.008000 0.000328 0.070165
 -0.007000 0.000405 0.083161
 -0.006000 0.000496 0.097943
 -0.005000 0.000602 0.113935
 -0.004000 0.000725 0.131598
 -0.003000 0.000868 0.150996
 -0.002000 0.001029 0.170940
 -0.001000 0.001210 0.191708
 0.000000 0.001413 0.213323
 0.001000 0.001637 0.234883
 0.002000 0.001883 0.256223
 0.003000 0.002150 0.277241
 0.004000 0.002442 0.298352
 0.005000 0.002752 0.317938
 0.006000 0.003079 0.335625
 0.007000 0.003424 0.351480
 0.008000 0.003784 0.365283
 0.009000 0.004157 0.377314
 0.010000 0.004540 0.386839
 0.011000 0.004933 0.394540
 0.012000 0.005330 0.399763
 0.013000 0.005733 0.403627
 0.014000 0.006137 0.405882
 0.015000 0.006544 0.407216
 0.016000 0.006952 0.408095
 0.017000 0.007361 0.409352
 0.018000 0.007773 0.411637
 0.019000 0.008188 0.415051
 0.020000 0.008606 0.419717
 0.021000 0.009032 0.426760
 0.022000 0.009464 0.435696
 0.023000 0.009906 0.446342
 0.024000 0.010358 0.458428
 0.025000 0.010828 0.473400
 0.026000 0.011312 0.489479
 0.027000 0.011812 0.506203
 0.028000 0.012326 0.522016
 0.029000 0.012858 0.537756
 0.030000 0.013404 0.551702
 0.031000 0.013965 0.564260
 0.032000 0.014537 0.574287
 0.033000 0.015118 0.581542
 0.034000 0.015704 0.585739
 0.035000 0.016291 0.586276
 0.036000 0.016880 0.584920
 0.037000 0.017466 0.581240
 0.038000 0.018044 0.575124
 0.039000 0.018621 0.570133
 0.040000 0.019192 0.565731
 0.041000 0.019756 0.561881
 0.042000 0.020322 0.562502
 0.043000 0.020892 0.568036
 0.044000 0.021471 0.579550
 0.045000 0.022061 0.596221
 0.046000 0.022670 0.619884
 0.047000 0.023306 0.649832
 0.048000 0.023976 0.686670
 0.049000 0.024690 0.731021
 0.050000 0.025449 0.780945
 0.051000 0.026258 0.835691
 0.052000 0.027127 0.895174
 0.053000 0.028058 0.957010
 0.054000 0.029047 1.019388
 0.055000 0.030104 1.084562
 0.056000 0.031225 1.149262
 0.057000 0.032408 1.212307
 0.058000 0.033659 1.275075
 0.059000 0.034969 1.335294
 0.060000 0.036342 1.395126
 0.061000 0.037775 1.454200
 0.062000 0.039259 1.510336
 0.063000 0.040799 1.565641
 0.064000 0.042396 1.619707
 0.065000 0.044045 1.673865
 0.066000 0.045753 1.728582
 0.067000 0.047514 1.783613
 0.068000 0.049336 1.840315
 0.069000 0.051207 1.895843
 0.070000 0.053133 1.951384
 0.071000 0.055114 2.004797
 0.072000 0.057150 2.058066
 0.073000 0.059240 2.110901
 0.074000 0.061383 2.161647
 0.075000 0.063575 2.209838
 0.076000 0.065817 2.256989
 0.077000 0.068099 2.301299
 0.078000 0.070422 2.339291
 0.079000 0.072787 2.374763
 0.080000 0.075188 2.406742
 0.081000 0.077618 2.434241
 0.082000 0.080070 2.457423
 0.083000 0.082543 2.475204
 0.084000 0.085034 2.490912
 0.085000 0.087539 2.501020
 0.086000 0.090049 2.507537
 0.087000 0.092570 2.512287
 0.088000 0.095101 2.517299
 0.089000 0.097627 2.519101
 0.090000 0.100157 2.522732
 0.091000 0.102697 2.531149
 0.092000 0.105238 2.540408
 0.093000 0.107798 2.556957
 0.094000 0.110369 2.579518
 0.095000 0.112970 2.611108
 0.096000 0.115608 2.652835
 0.097000 0.118310 2.711509
 0.098000 0.121068 2.784743
 0.099000 0.123899 2.869459
 0.100000 0.126824 2.969601
 0.101000 0.129866 3.085673
 0.102000 0.133024 3.215255
 0.103000 0.136319 3.356893
 0.104000 0.139763 3.511094
 0.105000 0.143366 3.673742
 0.106000 0.147132 3.840798
 0.107000 0.151067 4.010132
 0.108000 0.155173 4.177258
 0.109000 0.159445 4.342386
 0.110000 0.163874 4.496713
 0.111000 0.168457 4.639451
 0.112000 0.173180 4.773066
 0.113000 0.178021 4.887271
 0.114000 0.182976 4.983977
 0.115000 0.188006 5.061833
 0.116000 0.193108 5.121981
 0.117000 0.198263 5.164108
 0.118000 0.203459 5.188554
 0.119000 0.208667 5.196539
 0.120000 0.213878 5.191438
 0.121000 0.219078 5.175056
 0.122000 0.224250 5.150054
 0.123000 0.229396 5.119087
 0.124000 0.234516 5.085638
 0.125000 0.239597 5.053077
 0.126000 0.244649 5.023262
 0.127000 0.249682 5.000618
 0.128000 0.254683 4.985139
 0.129000 0.259686 4.983176
 0.130000 0.264684 4.989265
 0.131000 0.269686 5.009270
 0.132000 0.274722 5.041714
 0.133000 0.279797 5.091059
 0.134000 0.284915 5.149894
 0.135000 0.290121 5.223746
 0.136000 0.295406 5.310331
 0.137000 0.300783 5.408090
 0.138000 0.306266 5.517202
 0.139000 0.311854 5.632105
 0.140000 0.317569 5.753673
 0.141000 0.323389 5.875051
 0.142000 0.329333 5.989125
 0.143000 0.335398 6.099351
 0.144000 0.341568 6.199088
 0.145000 0.347829 6.288126
 0.146000 0.354173 6.362309
 0.147000 0.360580 6.419399
 0.148000 0.367034 6.456917
 0.149000 0.373519 6.478021
 0.150000 0.380005 6.473003
 0.151000 0.386510 6.456789
 0.152000 0.392970 6.422138
 0.153000 0.399386 6.374314
 0.154000 0.405748 6.315351
 0.155000 0.412049 6.248646
 0.156000 0.418278 6.179257
 0.157000 0.424437 6.114901
 0.158000 0.430548 6.061557
 0.159000 0.436624 6.027765
 0.160000 0.442659 6.012548
 0.161000 0.448697 6.027688
 0.162000 0.454770 6.068337
 0.163000 0.460906 6.147607
 0.164000 0.467128 6.265236
 0.165000 0.473491 6.415726
 0.166000 0.480019 6.608972
 0.167000 0.486760 6.836226
 0.168000 0.493772 7.110511
 0.169000 0.501061 7.416328
 0.170000 0.508654 7.760993
 0.171000 0.516613 8.132070
 0.172000 0.524966 8.526081
 0.173000 0.533729 8.946141
 0.174000 0.542916 9.388339
 0.175000 0.552549 9.839698
 0.176000 0.562649 10.302563
 0.177000 0.573222 10.776072
 0.178000 0.584257 11.247005
 0.179000 0.595764 11.709012
 0.180000 0.607725 12.161129
 0.181000 0.620132 12.596701
 0.182000 0.632957 13.009884
 0.183000 0.646179 13.388700
 0.184000 0.659768 13.737012
 0.185000 0.673687 14.050960
 0.186000 0.687905 14.313599
 0.187000 0.702364 14.532897
 0.188000 0.717018 14.693835
 0.189000 0.731794 14.800244
 0.190000 0.746655 14.850945
 0.191000 0.761521 14.841832
 0.192000 0.776360 14.775241
 0.193000 0.791111 14.657719
 0.194000 0.805706 14.484223
 0.195000 0.820122 14.269036
 0.196000 0.834291 14.012454
 0.197000 0.848196 13.730720
 0.198000 0.861806 13.425471
 0.199000 0.875113 13.111703
 0.200000 0.888084 12.793885
 0.201000 0.900750 12.478728
 0.202000 0.913089 12.182386
 0.203000 0.925150 11.906219
 0.204000 0.936969 11.664683
 0.205000 0.948564 11.464927
 0.206000 0.959972 11.309587
 0.207000 0.971259 11.195083
 0.208000 0.982436 11.133069
 0.209000 0.993592 11.123596
 0.210000 1.004742 11.151600
 0.211000 1.015936 11.220688
 0.212000 1.027243 11.324740
 0.213000 1.038656 11.457762
 0.214000 1.050218 11.600670
 0.215000 1.061925 11.747456
 0.216000 1.073774 11.896124
 0.217000 1.085766 12.028438
 0.218000 1.097888 12.140985
 0.219000 1.110088 12.216735
 0.220000 1.122345 12.249174
 0.221000 1.134618 12.235861
 0.222000 1.146847 12.174691
 0.223000 1.158988 12.049515
 0.224000 1.170979 11.892345
 0.225000 1.182777 11.668897
 0.226000 1.194328 11.399473
 0.227000 1.205596 11.091457
 0.228000 1.216545 10.753947
 0.229000 1.227146 10.394362
 0.230000 1.237376 10.023957
 0.231000 1.247222 9.655128
 0.232000 1.256706 9.307298
 0.233000 1.265858 8.972042
 0.234000 1.274669 8.667109
 0.235000 1.283207 8.401224
 0.236000 1.291502 8.182884
 0.237000 1.299600 8.005874
 0.238000 1.307555 7.873359
 0.239000 1.315384 7.781787
 0.240000 1.323153 7.725447
 0.241000 1.330848 7.706515
 0.242000 1.338564 7.706262
 0.243000 1.346300 7.722287
 0.244000 1.354049 7.740827
 0.245000 1.361811 7.755806
 0.246000 1.369578 7.760883
 0.247000 1.377331 7.745338
 0.248000 1.385075 7.705237
 0.249000 1.392739 7.635619
 0.250000 1.400340 7.551670
 0.251000 1.407843 7.435226
 0.252000 1.415214 7.290889
 0.253000 1.422431 7.128480
 0.254000 1.429483 6.956842
 0.255000 1.436360 6.776302
 0.256000 1.443051 6.589389
 0.257000 1.449556 6.413809
 0.258000 1.455892 6.258402
 0.259000 1.462083 6.115655
 0.260000 1.468134 5.999336
 0.261000 1.474086 5.908670
 0.262000 1.479960 5.840504
 0.263000 1.485778 5.805654
 0.264000 1.491593 5.796583
 0.265000 1.497388 5.813427
 0.266000 1.503199 5.853982
 0.267000 1.509097 5.914437
 0.268000 1.515054 6.001534
 0.269000 1.521098 6.090953
 0.270000 1.527214 6.192388
 0.271000 1.533440 6.293263
 0.272000 1.539783 6.405947
 0.273000 1.546238 6.506584
 0.274000 1.552801 6.609708
 0.275000 1.559468 6.704118
 0.276000 1.566226 6.793169
 0.277000 1.573053 6.883385
 0.278000 1.579965 6.963801
 0.279000 1.586960 7.038442
 0.280000 1.594033 7.109384
 0.281000 1.601168 7.171763
 0.282000 1.608373 7.244677
 0.283000 1.615652 7.301383
 0.284000 1.622972 7.348967
 0.285000 1.630322 7.398586
 0.286000 1.637730 7.436953
 0.287000 1.645155 7.454022
 0.288000 1.652594 7.450242
 0.289000 1.660020 7.427370
 0.290000 1.667427 7.381886
 0.291000 1.674757 7.311870
 0.292000 1.682000 7.196035
 0.293000 1.689132 7.056979
 0.294000 1.696091 6.888312
 0.295000 1.702871 6.691062
 0.296000 1.709460 6.463247
 0.297000 1.715779 6.222602
 0.298000 1.721877 5.955326
 0.299000 1.727678 5.669617
 0.300000 1.733184 5.378296
 0.301000 1.738385 5.081332
 0.302000 1.743310 4.792636
 0.303000 1.747956 4.511326
 0.304000 1.752324 4.243701
 0.305000 1.756440 4.014565
 0.306000 1.760348 3.809986
 0.307000 1.764067 3.633513
 0.308000 1.767632 3.501493
 0.309000 1.771072 3.416032
 0.310000 1.774464 3.377358
 0.311000 1.777807 3.377316
 0.312000 1.781212 3.422918
 0.313000 1.784663 3.508433
 0.314000 1.788222 3.629206
 0.315000 1.791932 3.799194
 0.316000 1.795789 3.997497
 0.317000 1.799894 4.226793
 0.318000 1.804234 4.474037
 0.319000 1.808826 4.738837
 0.320000 1.813694 5.009462
 0.321000 1.818828 5.292587
 0.322000 1.824273 5.569797
 0.323000 1.829945 5.850435
 0.324000 1.835922 6.124204
 0.325000 1.842159 6.380194
 0.326000 1.848641 6.622311
 0.327000 1.855355 6.852487
 0.328000 1.862306 7.066921
 0.329000 1.869454 7.251930
 0.330000 1.876780 7.424801
 0.331000 1.884255 7.579464
 0.332000 1.891895 7.715057
 0.333000 1.899651 7.828397
 0.334000 1.907516 7.921840
 0.335000 1.915458 7.981859
 0.336000 1.923435 8.010941
 0.337000 1.931410 8.005490
 0.338000 1.939378 7.957909
 0.339000 1.947271 7.861955
 0.340000 1.955036 7.730755
 0.341000 1.962634 7.550154
 0.342000 1.970062 7.315364
 0.343000 1.977251 7.030614
 0.344000 1.984103 6.690712
 0.345000 1.990587 6.320230
 0.346000 1.996672 5.894122
 0.347000 2.002307 5.437983
 0.348000 2.007493 4.956042
 0.349000 2.012190 4.459647
 0.350000 2.016387 3.954781
 0.351000 2.020081 3.452817
 0.352000 2.023275 2.967968
 0.353000 2.025993 2.514793
 0.354000 2.028274 2.089549
 0.355000 2.030134 1.723996
 0.356000 2.031664 1.399462
 0.357000 2.032911 1.127745
 0.358000 2.033904 0.919587
 0.359000 2.034713 0.776589
 0.360000 2.035411 0.681653
 0.361000 2.036061 0.650867
 0.362000 2.036686 0.670678
 0.363000 2.037334 0.738761
 0.364000 2.038086 0.843395
 0.365000 2.038989 0.977847
 0.366000 2.040013 1.148939
 0.367000 2.041223 1.339483
 0.368000 2.042637 1.551204
 0.369000 2.044258 1.769941
 0.370000 2.046126 1.996094
 0.371000 2.048168 2.201807
 0.372000 2.050459 2.390405
 0.373000 2.052918 2.556431
 0.374000 2.055551 2.687328
 0.375000 2.058268 2.782588
 0.376000 2.061052 2.822786
 0.377000 2.063847 2.803296
 0.378000 2.066607 2.744193
 0.379000 2.069279 2.624147
 0.380000 2.071794 2.439703
 0.381000 2.074075 2.205931
 0.382000 2.076138 1.937780
 0.383000 2.077858 1.633419
 0.384000 2.079300 1.303866
 0.385000 2.080391 0.988638
 0.386000 2.081188 0.682342
 0.387000 2.081713 0.416974
 0.388000 2.081973 0.216008
 0.389000 2.082098 0.080790
 0.390000 2.082097 0.039850
 0.391000 2.082126 0.099968
 0.392000 2.082255 0.260323
 0.393000 2.082611 0.526128
 0.394000 2.083301 0.908528
 0.395000 2.084391 1.375033
 0.396000 2.086023 1.922208
 0.397000 2.088203 2.534362
 0.398000 2.091057 3.186850
 0.399000 2.094560 3.848315
 0.400000 2.098698 4.492386
 0.401000 2.103452 5.096650
 0.402000 2.108802 5.627529
 0.403000 2.114612 6.065543
 0.404000 2.120834 6.399679
 0.405000 2.127310 6.616414
 0.406000 2.133919 6.688746
 0.407000 2.140542 6.634704
 0.408000 2.147053 6.445803
 0.409000 2.153310 6.130157
 0.410000 2.159193 5.700028
 0.411000 2.164659 5.203843
 0.412000 2.169556 4.629251
 0.413000 2.173872 4.024281
 0.414000 2.177560 3.395366
 0.415000 2.180585 2.770741
 0.416000 2.183000 2.178911
 0.417000 2.184884 1.620218
 0.418000 2.186197 1.115740
 0.419000 2.187051 0.666296
 0.420000 2.187478 0.282235
 0.421000 2.187537 -0.033768
 0.422000 2.187311 -0.294676
 0.423000 2.186865 -0.507997
 0.424000 2.186222 -0.687411
 0.425000 2.185399 -0.842515
 0.426000 2.184438 -0.979165
 0.427000 2.183354 -1.115982
 0.428000 2.182130 -1.247478
 0.429000 2.180779 -1.389426
 0.430000 2.179264 -1.543875
 0.431000 2.177587 -1.716019
 0.432000 2.175716 -1.903761
 0.433000 2.173691 -2.101281
 0.434000 2.171456 -2.294898
 0.435000 2.169018 -2.506668
 0.436000 2.166376 -2.723526
 0.437000 2.163525 -2.931652
 0.438000 2.160424 -3.143831
 0.439000 2.157146 -3.348574
 0.440000 2.153679 -3.546052
 0.441000 2.150002 -3.735338
 0.442000 2.146125 -3.930658
 0.443000 2.142025 -4.116307
 0.444000 2.137774 -4.332559
 0.445000 2.133265 -4.541961
 0.446000 2.128541 -4.768167
 0.447000 2.123584 -5.001437
 0.448000 2.118405 -5.249956
 0.449000 2.112969 -5.512152
 0.450000 2.107277 -5.777200
 0.451000 2.101309 -6.017792
 0.452000 2.095114 -6.241969
 0.453000 2.088697 -6.462692
 0.454000 2.082104 -6.647064
 0.455000 2.075314 -6.775418
 0.456000 2.068442 -6.879303
 0.457000 2.061480 -6.923814
 0.458000 2.054517 -6.903214
 0.459000 2.047617 -6.826376
 0.460000 2.040793 -6.694627
 0.461000 2.034127 -6.516619
 0.462000 2.027650 -6.298699
 0.463000 2.021430 -6.052085
 0.464000 2.015460 -5.773590
 0.465000 2.009784 -5.494138
 0.466000 2.004386 -5.211167
 0.467000 1.999241 -4.928000
 0.468000 1.994404 -4.675263
 0.469000 1.989778 -4.442425
 0.470000 1.985374 -4.251107
 0.471000 1.981108 -4.088601
 0.472000 1.977030 -3.958787
 0.473000 1.973073 -3.869663
 0.474000 1.969173 -3.816420
 0.475000 1.965306 -3.789808
 0.476000 1.961467 -3.794830
 0.477000 1.957619 -3.797963
 0.478000 1.953761 -3.816288
 0.479000 1.949882 -3.858880
 0.480000 1.945944 -3.893532
 0.481000 1.941972 -3.932926
 0.482000 1.937970 -3.975211
 0.483000 1.933961 -4.012102
 0.484000 1.929845 -4.031913
 0.485000 1.925742 -4.073287
 0.486000 1.921596 -4.100417
 0.487000 1.917445 -4.130171
 0.488000 1.913263 -4.175862
 0.489000 1.909019 -4.210366
 0.490000 1.904705 -4.251794
 0.491000 1.900387 -4.299205
 0.492000 1.896005 -4.350363
 0.493000 1.891568 -4.402312
 0.494000 1.887085 -4.447870
 0.495000 1.882564 -4.485965
 0.496000 1.877990 -4.509071
 0.497000 1.873428 -4.515730
 0.498000 1.868888 -4.503925
 0.499000 1.864361 -4.457554
 0.500000 1.859893 -4.382505
 0.501000 1.855539 -4.261387
 0.502000 1.851311 -4.103515
 0.503000 1.847256 -3.915346
 0.504000 1.843412 -3.691611
 0.505000 1.839806 -3.442167
 0.506000 1.836433 -3.159241
 0.507000 1.833346 -2.857079
 0.508000 1.830576 -2.565831
 0.509000 1.828100 -2.283840
 0.510000 1.825893 -2.016910
 0.511000 1.823987 -1.788978
 0.512000 1.822266 -1.592621
 0.513000 1.820690 -1.447755
 0.514000 1.819229 -1.367054
 0.515000 1.817840 -1.354323
 0.516000 1.816413 -1.405667
 0.517000 1.814900 -1.531815
 0.518000 1.813251 -1.709732
 0.519000 1.811384 -1.944459
 0.520000 1.809261 -2.208870
 0.521000 1.806862 -2.495829
 0.522000 1.804201 -2.790617
 0.523000 1.801225 -3.084495
 0.524000 1.797935 -3.354584
 0.525000 1.794392 -3.584283
 0.526000 1.790679 -3.782435
 0.527000 1.786766 -3.916174
 0.528000 1.782768 -3.981279
 0.529000 1.778727 -4.001051
 0.530000 1.774729 -3.946345
 0.531000 1.770778 -3.825043
 0.532000 1.766972 -3.649681
 0.533000 1.763399 -3.426795
 0.534000 1.760056 -3.170637
 0.535000 1.757000 -2.887053
 0.536000 1.754203 -2.592374
 0.537000 1.751718 -2.287980
 0.538000 1.749523 -1.998673
 0.539000 1.747614 -1.726433
 0.540000 1.745959 -1.480101
 0.541000 1.744516 -1.271932
 0.542000 1.743294 -1.105780
 0.543000 1.742213 -0.992715
 0.544000 1.741258 -0.919419
 0.545000 1.740295 -0.889071
 0.546000 1.739347 -0.914377
 0.547000 1.738377 -0.990200
 0.548000 1.737309 -1.112753
 0.549000 1.736095 -1.276700
 0.550000 1.734680 -1.457210
 0.551000 1.733062 -1.674797
 0.552000 1.731226 -1.927254
 0.553000 1.729137 -2.183420
 0.554000 1.726785 -2.448591
 0.555000 1.724163 -2.711214
 0.556000 1.721238 -2.960462
 0.557000 1.718108 -3.198597
 0.558000 1.714752 -3.419439
 0.559000 1.711178 -3.600069
 0.560000 1.707426 -3.746002
 0.561000 1.703556 -3.873271
 0.562000 1.699589 -3.953216
 0.563000 1.695558 -4.011876
 0.564000 1.691484 -4.019683
 0.565000 1.687441 -3.999789
 0.566000 1.683427 -3.956348
 0.567000 1.679460 -3.887809
 0.568000 1.675571 -3.804230
 0.569000 1.671765 -3.723374
 0.570000 1.668018 -3.643415
 0.571000 1.664357 -3.576827
 0.572000 1.660740 -3.540563
 0.573000 1.657167 -3.542533
 0.574000 1.653537 -3.583713
 0.575000 1.649849 -3.690028
 0.576000 1.646031 -3.864424
 0.577000 1.642008 -4.103035
 0.578000 1.637717 -4.419884
 0.579000 1.633082 -4.805338
 0.580000 1.628012 -5.257012
 0.581000 1.622461 -5.772580
 0.582000 1.616382 -6.334532
 0.583000 1.609709 -6.928654
 0.584000 1.602396 -7.543740
 0.585000 1.594476 -8.160221
 0.586000 1.585953 -8.767526
 0.587000 1.576851 -9.339189
 0.588000 1.567206 -9.847940
 0.589000 1.557076 -10.295512
 0.590000 1.546562 -10.659399
 0.591000 1.535716 -10.911774
 0.592000 1.524674 -11.070556
 0.593000 1.513527 -11.104500
 0.594000 1.502404 -11.015526
 0.595000 1.491401 -10.809095
 0.596000 1.480683 -10.506681
 0.597000 1.470332 -10.105591
 0.598000 1.460432 -9.600902
 0.599000 1.451052 -9.021940
 0.600000 1.442300 -8.381386
 0.601000 1.434184 -7.687900
 0.602000 1.426839 -6.971415
 0.603000 1.420177 -6.230802
 0.604000 1.414258 -5.508811
 0.605000 1.409064 -4.805826
 0.606000 1.404528 -4.133305
 0.607000 1.400650 -3.525206
 0.608000 1.397348 -2.978086
 0.609000 1.394574 -2.515177
 0.610000 1.392195 -2.133919
 0.611000 1.390172 -1.848280
 0.612000 1.388388 -1.652490
 0.613000 1.386737 -1.553556
 0.614000 1.385149 -1.554466
 0.615000 1.383506 -1.633714
 0.616000 1.381755 -1.799925
 0.617000 1.379762 -2.031104
 0.618000 1.377546 -2.333522
 0.619000 1.375017 -2.682315
 0.620000 1.372082 -3.075041
 0.621000 1.368738 -3.500958
 0.622000 1.364952 -3.953452
 0.623000 1.360706 -4.401259
 0.624000 1.356015 -4.856000
 0.625000 1.350909 -5.292829
 0.626000 1.345351 -5.700564
 0.627000 1.339413 -6.076398
 0.628000 1.333115 -6.414276
 0.629000 1.326520 -6.711107
 0.630000 1.319635 -6.947333
 0.631000 1.312547 -7.130899
 0.632000 1.305301 -7.252134
 0.633000 1.297976 -7.313798
 0.634000 1.290626 -7.326132
 0.635000 1.283272 -7.273938
 0.636000 1.276006 -7.187543
 0.637000 1.268839 -7.046017
 0.638000 1.261825 -6.870493
 0.639000 1.255023 -6.663084
 0.640000 1.248439 -6.433428
 0.641000 1.242086 -6.190464
 0.642000 1.235992 -5.947276
 0.643000 1.230146 -5.704143
 0.644000 1.224535 -5.459419
 0.645000 1.219154 -5.238343
 0.646000 1.213981 -5.030310
 0.647000 1.209002 -4.851512
 0.648000 1.204184 -4.704554
 0.649000 1.199490 -4.590597
 0.650000 1.194889 -4.505421
 0.651000 1.190376 -4.447594
 0.652000 1.185899 -4.415369
 0.653000 1.181451 -4.406653
 0.654000 1.177003 -4.416296
 0.655000 1.172539 -4.430051
 0.656000 1.168049 -4.451363
 0.657000 1.163562 -4.471582
 0.658000 1.159066 -4.470353
 0.659000 1.154556 -4.459398
 0.660000 1.150064 -4.421800
 0.661000 1.145618 -4.352515
 0.662000 1.141273 -4.265375
 0.663000 1.137017 -4.148144
 0.664000 1.132886 -4.002076
 0.665000 1.128917 -3.846947
 0.666000 1.125114 -3.669748
 0.667000 1.121471 -3.484494
 0.668000 1.118028 -3.305974
 0.669000 1.114771 -3.135319
 0.670000 1.111681 -2.980542
 0.671000 1.108717 -2.842748
 0.672000 1.105898 -2.743033
 0.673000 1.103164 -2.674775
 0.674000 1.100485 -2.648807
 0.675000 1.097773 -2.659679
 0.676000 1.095051 -2.715225
 0.677000 1.092259 -2.820862
 0.678000 1.089331 -2.965259
 0.679000 1.086239 -3.152771
 0.680000 1.082946 -3.378432
 0.681000 1.079383 -3.645304
 0.682000 1.075535 -3.944171
 0.683000 1.071401 -4.271850
 0.684000 1.066927 -4.618397
 0.685000 1.062091 -4.982279
 0.686000 1.056892 -5.361739
 0.687000 1.051336 -5.737212
 0.688000 1.045376 -6.111430
 0.689000 1.039051 -6.472464
 0.690000 1.032376 -6.816009
 0.691000 1.025351 -7.123088
 0.692000 1.018020 -7.385630
 0.693000 1.010475 -7.611816
 0.694000 1.002738 -7.781230
 0.695000 0.994865 -7.895637
 0.696000 0.986910 -7.930198
 0.697000 0.978969 -7.897351
 0.698000 0.971079 -7.783402
 0.699000 0.963345 -7.602493
 0.700000 0.955831 -7.350069
 0.701000 0.948597 -7.045353
 0.702000 0.941712 -6.682364
 0.703000 0.935200 -6.279712
 0.704000 0.929112 -5.847043
 0.705000 0.923457 -5.394245
 0.706000 0.918248 -4.934581
 0.707000 0.913497 -4.484051
 0.708000 0.909176 -4.058097
 0.709000 0.905279 -3.669936
 0.710000 0.901759 -3.312557
 0.711000 0.898577 -3.003792
 0.712000 0.895664 -2.741780
 0.713000 0.892992 -2.533249
 0.714000 0.890492 -2.387563
 0.715000 0.888114 -2.299213
 0.716000 0.885798 -2.261270
 0.717000 0.883495 -2.267411
 0.718000 0.881167 -2.328399
 0.719000 0.878754 -2.425158
 0.720000 0.876224 -2.563769
 0.721000 0.873542 -2.736134
 0.722000 0.870684 -2.934207
 0.723000 0.867619 -3.153420
 0.724000 0.864311 -3.383430
 0.725000 0.860759 -3.633890
 0.726000 0.856943 -3.896794
 0.727000 0.852877 -4.169240
 0.728000 0.848523 -4.446984
 0.729000 0.843893 -4.737330
 0.730000 0.838973 -5.023043
 0.731000 0.833754 -5.303097
 0.732000 0.828292 -5.583221
 0.733000 0.822540 -5.853018
 0.734000 0.816532 -6.100345
 0.735000 0.810286 -6.327136
 0.736000 0.803830 -6.530805
 0.737000 0.797185 -6.701205
 0.738000 0.790396 -6.842024
 0.739000 0.783473 -6.939885
 0.740000 0.776478 -7.001136
 0.741000 0.769452 -7.016604
 0.742000 0.762415 -6.988062
 0.743000 0.755433 -6.917902
 0.744000 0.748547 -6.803819
 0.745000 0.741792 -6.652409
 0.746000 0.735201 -6.464296
 0.747000 0.728802 -6.251920
 0.748000 0.722655 -6.013638
 0.749000 0.716727 -5.750430
 0.750000 0.711086 -5.468227
 0.751000 0.705736 -5.169375
 0.752000 0.700680 -4.863113
 0.753000 0.695935 -4.542368
 0.754000 0.691539 -4.223113
 0.755000 0.687460 -3.897854
 0.756000 0.683692 -3.561277
 0.757000 0.680260 -3.224697
 0.758000 0.677168 -2.893938
 0.759000 0.674407 -2.569628
 0.760000 0.671934 -2.253946
 0.761000 0.669796 -1.966490
 0.762000 0.667936 -1.703506
 0.763000 0.666316 -1.479827
 0.764000 0.664901 -1.297966
 0.765000 0.663654 -1.158739
 0.766000 0.662513 -1.080664
 0.767000 0.661407 -1.064902
 0.768000 0.660302 -1.119165
 0.769000 0.659092 -1.237648
 0.770000 0.657731 -1.424962
 0.771000 0.656144 -1.684446
 0.772000 0.654276 -2.007095
 0.773000 0.652032 -2.387277
 0.774000 0.649398 -2.825084
 0.775000 0.646305 -3.292834
 0.776000 0.642738 -3.791949
 0.777000 0.638661 -4.304587
 0.778000 0.634074 -4.819976
 0.779000 0.628973 -5.324806
 0.780000 0.623385 -5.800535
 0.781000 0.617350 -6.243684
 0.782000 0.610897 -6.638413
 0.783000 0.604053 -6.972233
 0.784000 0.596901 -7.246538
 0.785000 0.589519 -7.452738
 0.786000 0.581957 -7.589087
 0.787000 0.574305 -7.663264
 0.788000 0.566617 -7.667997
 0.789000 0.558942 -7.609891
 0.790000 0.551363 -7.487283
 0.791000 0.543940 -7.317416
 0.792000 0.536698 -7.101618
 0.793000 0.529697 -6.851845
 0.794000 0.522963 -6.573324
 0.795000 0.516509 -6.270305
 0.796000 0.510372 -5.950349
 0.797000 0.504552 -5.625895
 0.798000 0.499069 -5.304466
 0.799000 0.493904 -4.988356
 0.800000 0.489043 -4.677777
 0.801000 0.484493 -4.382087
 0.802000 0.480238 -4.109948
 0.803000 0.476234 -3.857282
 0.804000 0.472477 -3.625596
 0.805000 0.468927 -3.416870
 0.806000 0.465584 -3.238292
 0.807000 0.462388 -3.084609
 0.808000 0.459335 -2.958871
 0.809000 0.456400 -2.858924
 0.810000 0.453548 -2.785873
 0.811000 0.450751 -2.742831
 0.812000 0.447994 -2.722397
 0.813000 0.445246 -2.725976
 0.814000 0.442481 -2.746070
 0.815000 0.439701 -2.785388
 0.816000 0.436871 -2.837418
 0.817000 0.433968 -2.901480
 0.818000 0.430999 -2.975576
 0.819000 0.427954 -3.053414
 0.820000 0.424842 -3.140196
 0.821000 0.421630 -3.218051
 0.822000 0.418354 -3.300219
 0.823000 0.414997 -3.368414
 0.824000 0.411567 -3.428774
 0.825000 0.408101 -3.480875
 0.826000 0.404582 -3.515824
 0.827000 0.401035 -3.536926
 0.828000 0.397482 -3.545500
 0.829000 0.393925 -3.538163
 0.830000 0.390373 -3.519019
 0.831000 0.386853 -3.484767
 0.832000 0.383370 -3.437175
 0.833000 0.379947 -3.384645
 0.834000 0.376570 -3.320887
 0.835000 0.373254 -3.252607
 0.836000 0.370022 -3.182860
 0.837000 0.366859 -3.111250
 0.838000 0.363750 -3.033918
 0.839000 0.360733 -2.960573
 0.840000 0.357798 -2.892399
 0.841000 0.354919 -2.823535
 0.842000 0.352115 -2.758843
 0.843000 0.349356 -2.701492
 0.844000 0.346668 -2.651273
 0.845000 0.344012 -2.607563
 0.846000 0.341409 -2.580017
 0.847000 0.338837 -2.560918
 0.848000 0.336258 -2.550216
 0.849000 0.333688 -2.554106
 0.850000 0.331102 -2.574980
 0.851000 0.328492 -2.612281
 0.852000 0.325841 -2.669001
 0.853000 0.323121 -2.735639
 0.854000 0.320325 -2.819848
 0.855000 0.317444 -2.916163
 0.856000 0.314459 -3.028927
 0.857000 0.311362 -3.150659
 0.858000 0.308134 -3.271926
 0.859000 0.304777 -3.398523
 0.860000 0.301306 -3.519360
 0.861000 0.297710 -3.628391
 0.862000 0.294029 -3.723876
 0.863000 0.290241 -3.793060
 0.864000 0.286403 -3.838043
 0.865000 0.282543 -3.852277
 0.866000 0.278686 -3.831016
 0.867000 0.274872 -3.772058
 0.868000 0.271134 -3.674023
 0.869000 0.267508 -3.534469
 0.870000 0.264051 -3.358121
 0.871000 0.260786 -3.146097
 0.872000 0.257744 -2.907275
 0.873000 0.254951 -2.644694
 0.874000 0.252422 -2.365627
 0.875000 0.250185 -2.078140
 0.876000 0.248237 -1.794403
 0.877000 0.246561 -1.518104
 0.878000 0.245161 -1.258864
 0.879000 0.244001 -1.024263
 0.880000 0.243073 -0.821175
 0.881000 0.242326 -0.650836
 0.882000 0.241725 -0.516300
 0.883000 0.241246 -0.421688
 0.884000 0.240852 -0.369635
 0.885000 0.240480 -0.352509
 0.886000 0.240105 -0.377025
 0.887000 0.239685 -0.434076
 0.888000 0.239187 -0.521357
 0.889000 0.238598 -0.633980
 0.890000 0.237887 -0.774954
 0.891000 0.237022 -0.933847
 0.892000 0.235991 -1.103659
 0.893000 0.234791 -1.283163
 0.894000 0.233397 -1.470319
 0.895000 0.231827 -1.660497
 0.896000 0.230052 -1.847928
 0.897000 0.228107 -2.032641
 0.898000 0.225971 -2.209126
 0.899000 0.223658 -2.375932
 0.900000 0.221187 -2.532563
 0.901000 0.218565 -2.673946
 0.902000 0.215813 -2.801159
 0.903000 0.212946 -2.914516
 0.904000 0.209972 -3.004997
 0.905000 0.206919 -3.072202
 0.906000 0.203810 -3.121200
 0.907000 0.200665 -3.148317
 0.908000 0.197505 -3.155662
 0.909000 0.194349 -3.137071
 0.910000 0.191225 -3.099264
 0.911000 0.188148 -3.042628
 0.912000 0.185137 -2.965347
 0.913000 0.182210 -2.871456
 0.914000 0.179380 -2.769767
 0.915000 0.176655 -2.654593
 0.916000 0.174054 -2.540146
 0.917000 0.171558 -2.421234
 0.918000 0.169182 -2.308228
 0.919000 0.166915 -2.201122
 0.920000 0.164751 -2.098076
 0.921000 0.162687 -2.009269
 0.922000 0.160701 -1.931685
 0.923000 0.158795 -1.868167
 0.924000 0.156941 -1.817294
 0.925000 0.155141 -1.777923
 0.926000 0.153368 -1.746096
 0.927000 0.151622 -1.726101
 0.928000 0.149888 -1.710793
 0.929000 0.148170 -1.704187
 0.930000 0.146458 -1.699782
 0.931000 0.144747 -1.695404
 0.932000 0.143051 -1.693085
 0.933000 0.141353 -1.685735
 0.934000 0.139661 -1.678352
 0.935000 0.137979 -1.664660
 0.936000 0.136311 -1.653918
 0.937000 0.134651 -1.639214
 0.938000 0.133008 -1.621888
 0.939000 0.131386 -1.604209
 0.940000 0.129779 -1.587290
 0.941000 0.128195 -1.569131
 0.942000 0.126629 -1.551079
 0.943000 0.125076 -1.530337
 0.944000 0.123541 -1.508331
 0.945000 0.122038 -1.485454
 0.946000 0.120563 -1.456550
 0.947000 0.119119 -1.423461
 0.948000 0.117698 -1.381803
 0.949000 0.116333 -1.335338
 0.950000 0.115015 -1.283266
 0.951000 0.113755 -1.220851
 0.952000 0.112564 -1.154284
 0.953000 0.111442 -1.079188
 0.954000 0.110395 -1.002077
 0.955000 0.109427 -0.922808
 0.956000 0.108537 -0.843672
 0.957000 0.107718 -0.768014
 0.958000 0.106973 -0.701370
 0.959000 0.106298 -0.646867
 0.960000 0.105671 -0.603142
 0.961000 0.105077 -0.575912
 0.962000 0.104495 -0.562677
 0.963000 0.103921 -0.570317
 0.964000 0.103332 -0.596944
 0.965000 0.102705 -0.639741
 0.966000 0.102023 -0.698289
 0.967000 0.101285 -0.774441
 0.968000 0.100459 -0.860170
 0.969000 0.099553 -0.957057
 0.970000 0.098533 -1.059207
 0.971000 0.097418 -1.165116
 0.972000 0.096199 -1.271994
 0.973000 0.094870 -1.376901
 0.974000 0.093436 -1.476675
 0.975000 0.091905 -1.569659
 0.976000 0.090289 -1.655673
 0.977000 0.088589 -1.731358
 0.978000 0.086816 -1.794004
 0.979000 0.084991 -1.846681
 0.980000 0.083116 -1.888490
 0.981000 0.081210 -1.919803
 0.982000 0.079273 -1.936999
 0.983000 0.077327 -1.942764
 0.984000 0.075382 -1.936730
 0.985000 0.073444 -1.918231
 0.986000 0.071533 -1.885882
 0.987000 0.069664 -1.844734
 0.988000 0.067838 -1.788011
 0.989000 0.066075 -1.722514
 0.990000 0.064386 -1.645591
 0.991000 0.062784 -1.558874
 0.992000 0.061273 -1.461849
 0.993000 0.059857 -1.353928
 0.994000 0.058556 -1.240446
 0.995000 0.057371 -1.122496
 0.996000 0.056304 -0.999882
 0.997000 0.055363 -0.877941
 0.998000 0.054535 -0.756097
 0.999000 0.053829 -0.639595
 1.000000 0.053240 -0.531267
 1.001000 0.052758 -0.431374
 1.002000 0.052368 -0.343688
 1.003000 0.052057 -0.269320
 1.004000 0.051815 -0.209455
 1.005000 0.051620 -0.165353
 1.006000 0.051464 -0.137509
 1.007000 0.051330 -0.128507
 1.008000 0.051192 -0.132597
 1.009000 0.051046 -0.156295
 1.010000 0.050869 -0.192762
 1.011000 0.050648 -0.240393
 1.012000 0.050376 -0.296129
 1.013000 0.050045 -0.360568
 1.014000 0.049645 -0.428129
 1.015000 0.049177 -0.498264
 1.016000 0.048642 -0.566982
 1.017000 0.048039 -0.632340
 1.018000 0.047376 -0.689374
 1.019000 0.046653 -0.737275
 1.020000 0.045888 -0.776712
 1.021000 0.045097 -0.805424
 1.022000 0.044280 -0.820929
 1.023000 0.043455 -0.827237
 1.024000 0.042625 -0.819478
 1.025000 0.041814 -0.800773
 1.026000 0.041021 -0.773129
 1.027000 0.040262 -0.738883
 1.028000 0.039540 -0.698193
 1.029000 0.038861 -0.653965
 1.030000 0.038229 -0.608394
 1.031000 0.037643 -0.563365
 1.032000 0.037098 -0.520432
 1.033000 0.036592 -0.480231
 1.034000 0.036128 -0.447474
 1.035000 0.035692 -0.420627
 1.036000 0.035284 -0.399305
 1.037000 0.034892 -0.385087
 1.038000 0.034511 -0.377097
 1.039000 0.034134 -0.374461
 1.040000 0.033757 -0.375240
 1.041000 0.033377 -0.379381
 1.042000 0.032991 -0.383868
 1.043000 0.032604 -0.392369
 1.044000 0.032203 -0.398592
 1.045000 0.031796 -0.404353
 1.046000 0.031387 -0.409563
 1.047000 0.030976 -0.412684
 1.048000 0.030560 -0.413749
 1.049000 0.030144 -0.412911
 1.050000 0.029733 -0.409487
 1.051000 0.029324 -0.404326
 1.052000 0.028919 -0.396614
 1.053000 0.028522 -0.390909
 1.054000 0.028131 -0.385101
 1.055000 0.027746 -0.380263
 1.056000 0.027366 -0.374797
 1.057000 0.026992 -0.370241
 1.058000 0.026623 -0.366233
 1.059000 0.026256 -0.359689
 1.060000 0.025897 -0.353631
 1.061000 0.025546 -0.345211
 1.062000 0.025205 -0.336485
 1.063000 0.024872 -0.324613
 1.064000 0.024552 -0.310269
 1.065000 0.024248 -0.293376
 1.066000 0.023966 -0.273405
 1.067000 0.023703 -0.250693
 1.068000 0.023462 -0.227185
 1.069000 0.023246 -0.201746
 1.070000 0.023054 -0.176434
 1.071000 0.022891 -0.152231
 1.072000 0.022749 -0.129359
 1.073000 0.022629 -0.108312
 1.074000 0.022526 -0.090316
 1.075000 0.022440 -0.077964
 1.076000 0.022365 -0.071187
 1.077000 0.022292 -0.069261
 1.078000 0.022220 -0.073958
 1.079000 0.022139 -0.083071
 1.080000 0.022046 -0.099306
 1.081000 0.021932 -0.120391
 1.082000 0.021799 -0.147703
 1.083000 0.021637 -0.178505
 1.084000 0.021442 -0.212059
 1.085000 0.021209 -0.245922
 1.086000 0.020944 -0.280914
 1.087000 0.020648 -0.313848
 1.088000 0.020318 -0.345489
 1.089000 0.019960 -0.372033
 1.090000 0.019580 -0.394049
 1.091000 0.019173 -0.409469
 1.092000 0.018756 -0.420680
 1.093000 0.018332 -0.425898
 1.094000 0.017903 -0.423156
 1.095000 0.017482 -0.414136
 1.096000 0.017076 -0.400171
 1.097000 0.016685 -0.380440
 1.098000 0.016313 -0.355100
 1.099000 0.015972 -0.326931
 1.100000 0.015662 -0.295148
 1.101000 0.015383 -0.259981
 1.102000 0.015141 -0.223004
 1.103000 0.014938 -0.183814
 1.104000 0.014772 -0.143722
 1.105000 0.014648 -0.103931
 1.106000 0.014563 -0.063472
 1.107000 0.014518 -0.023303
 1.108000 0.014514 0.015774
 1.109000 0.014545 0.055291
 1.110000 0.014619 0.092044
 1.111000 0.014728 0.125894
 1.112000 0.014869 0.156948
 1.113000 0.015039 0.184838
 1.114000 0.015235 0.208068
 1.115000 0.015450 0.226662
 1.116000 0.015681 0.238248
 1.117000 0.015921 0.242997
 1.118000 0.016163 0.239777
 1.119000 0.016397 0.228985
 1.120000 0.016616 0.210653
 1.121000 0.016814 0.182800
 1.122000 0.016980 0.147278
 1.123000 0.017103 0.104871
 1.124000 0.017182 0.054865
 1.125000 0.017205 -0.000749
 1.126000 0.017172 -0.062522
 1.127000 0.017077 -0.127382
 1.128000 0.016916 -0.195006
 1.129000 0.016686 -0.262751
 1.130000 0.016390 -0.329845
 1.131000 0.016027 -0.394332
 1.132000 0.015602 -0.454472
 1.133000 0.015119 -0.509657
 1.134000 0.014582 -0.557563
 1.135000 0.014003 -0.598931
 1.136000 0.013387 -0.632012
 1.137000 0.012743 -0.655939
 1.138000 0.012079 -0.671111
 1.139000 0.011401 -0.676137
 1.140000 0.010723 -0.673079
 1.141000 0.010055 -0.662640
 1.142000 0.009401 -0.643758
 1.143000 0.008769 -0.618735
 1.144000 0.008164 -0.587470
 1.145000 0.007594 -0.551982
 1.146000 0.007060 -0.512579
 1.147000 0.006567 -0.470946
 1.148000 0.006118 -0.428533
 1.149000 0.005710 -0.386013
 1.150000 0.005345 -0.344409
 1.151000 0.005020 -0.304194
 1.152000 0.004732 -0.266308
 1.153000 0.004482 -0.232055
 1.154000 0.004267 -0.201296
 1.155000 0.004078 -0.174014
 1.156000 0.003915 -0.150457
 1.157000 0.003774 -0.130979
 1.158000 0.003652 -0.114795
 1.159000 0.003544 -0.101618
 1.160000 0.003445 -0.089968
 1.161000 0.003359 -0.082033
 1.162000 0.003278 -0.074416
 1.163000 0.003203 -0.068785
 1.164000 0.003135 -0.065067
 1.165000 0.003071 -0.062488
 1.166000 0.003010 -0.060292
 1.167000 0.002951 -0.058340
 1.168000 0.002891 -0.055903
 1.169000 0.002834 -0.053715
 1.170000 0.002780 -0.052050
 1.171000 0.002729 -0.050778
 1.172000 0.002678 -0.049144
 1.173000 0.002628 -0.047508
 1.174000 0.002580 -0.046050
 1.175000 0.002535 -0.045027
 1.176000 0.002489 -0.043317
 1.177000 0.002446 -0.042423
 1.178000 0.002404 -0.041457
 1.179000 0.002363 -0.040436
 1.180000 0.002323 -0.039385
 1.181000 0.002284 -0.038336
 1.182000 0.002246 -0.037337
 1.183000 0.002208 -0.036098
 1.184000 0.002173 -0.035510
 1.185000 0.002137 -0.035179
 1.186000 0.002102 -0.035209
 1.187000 0.002067 -0.035698
 1.188000 0.002031 -0.036734
 1.189000 0.001993 -0.038384
 1.190000 0.001954 -0.040685
 1.191000 0.001911 -0.043641
 1.192000 0.001866 -0.047218
 1.193000 0.001816 -0.051032
 1.194000 0.001763 -0.055681
 1.195000 0.001704 -0.060275
 1.196000 0.001641 -0.065387
 1.197000 0.001573 -0.070394
 1.198000 0.001500 -0.075114
 1.199000 0.001423 -0.079365
 1.200000 0.001341 -0.082652
 1.201000 0.001257 -0.085579
 1.202000 0.001170 -0.087580
 1.203000 0.001082 -0.088581
 1.204000 0.000993 -0.088548
 1.205000 0.000905 -0.087483
 1.206000 0.000818 -0.085428
 1.207000 0.000736 -0.082057
 1.208000 0.000655 -0.078122
 1.209000 0.000580 -0.073453
 1.210000 0.000508 -0.067838
 1.211000 0.000443 -0.062190
 1.212000 0.000384 -0.056175
 1.213000 0.000330 -0.049920
 1.214000 0.000284 -0.043538
 1.215000 0.000242 -0.036778
 1.216000 0.000209 -0.030507
 1.217000 0.000181 -0.024302
 1.218000 0.000160 -0.018204
 1.219000 0.000145 -0.012234
 1.220000 0.000136 -0.006401
 1.221000 0.000132 -0.000707
 1.222000 0.000134 0.004849
 1.223000 0.000142 0.010267
 1.224000 0.000155 0.015534
 1.225000 0.000173 0.020626
 1.226000 0.000196 0.025504
 1.227000 0.000223 0.030414
 1.228000 0.000255 0.034573
 1.229000 0.000292 0.038310
 1.230000 0.000332 0.041511
 1.231000 0.000375 0.044056
 1.232000 0.000420 0.045823
 1.233000 0.000466 0.046702
 1.234000 0.000513 0.046596
 1.235000 0.000558 0.045772
 1.236000 0.000603 0.043412
 1.237000 0.000644 0.039979
 1.238000 0.000682 0.035503
 1.239000 0.000715 0.030063
 1.240000 0.000742 0.023777
 1.241000 0.000762 0.016805
 1.242000 0.000775 0.009339
 1.243000 0.000781 0.001595
 1.244000 0.000780 -0.005815
 1.245000 0.000770 -0.013272
 1.246000 0.000753 -0.020271
 1.247000 0.000730 -0.026593
 1.248000 0.000700 -0.032050
 1.249000 0.000666 -0.036484
 1.250000 0.000628 -0.039780
 1.251000 0.000587 -0.041864
 1.252000 0.000545 -0.042703
 1.253000 0.000502 -0.042305
 1.254000 0.000460 -0.040718
 1.255000 0.000421 -0.038017
 1.256000 0.000385 -0.034305
 1.257000 0.000353 -0.029708
 1.258000 0.000325 -0.024361
 1.259000 0.000304 -0.018415
 1.260000 0.000289 -0.012024
 1.261000 0.000280 -0.005346
 1.262000 0.000278 0.001459
 1.263000 0.000283 0.008229
 1.264000 0.000295 0.014804
 1.265000 0.000312 0.021024
 1.266000 0.000336 0.026732
 1.267000 0.000366 0.031776
 1.268000 0.000400 0.036010
 1.269000 0.000437 0.039303
 1.270000 0.000478 0.041539
 1.271000 0.000520 0.042625
 1.272000 0.000563 0.042496
 1.273000 0.000605 0.041123
 1.274000 0.000645 0.038515
 1.275000 0.000681 0.034720
 1.276000 0.000714 0.029831
 1.277000 0.000741 0.023982
 1.278000 0.000761 0.017345
 1.279000 0.000775 0.010123
 1.280000 0.000781 0.002870
 1.281000 0.000780 -0.004929
 1.282000 0.000771 -0.012582
 1.283000 0.000755 -0.019862
 1.284000 0.000731 -0.026562
 1.285000 0.000702 -0.032503
 1.286000 0.000667 -0.037543
 1.287000 0.000627 -0.041579
 1.288000 0.000584 -0.044554
 1.289000 0.000538 -0.046456
 1.290000 0.000491 -0.047314
 1.291000 0.000444 -0.047193
 1.292000 0.000397 -0.046192
 1.293000 0.000352 -0.044432
 1.294000 0.000308 -0.042049
 1.295000 0.000268 -0.039185
 1.296000 0.000230 -0.035984
 1.297000 0.000196 -0.032582
 1.298000 0.000165 -0.029103
 1.299000 0.000138 -0.025653
 1.300000 0.000114 -0.022323
 1.301000 0.000093 -0.019182
 1.302000 0.000075 -0.016281
 1.303000 0.000060 -0.013652
 1.304000 0.000048 -0.011311
 1.305000 0.000038 -0.009262
 1.306000 0.000029 -0.007496
 1.307000 0.000023 -0.005997
 1.308000 0.000017 -0.004744
 1.309000 0.000013 -0.003710
 1.310000 0.000010 -0.002869
 1.311000 0.000007 -0.002194
 1.312000 0.000005 -0.001660
 1.313000 0.000004 -0.001242
 1.314000 0.000003 -0.000919
 1.315000 0.000002 -0.000673
 1.316000 0.000001 -0.000487
 1.317000 0.000000 0.000000
 1.318000 0.000000 0.000000
 1.319000 0.000000 0.000000
 1.320000 0.000000 0.000000
 1.321000 0.000000 0.000000
 1.322000 0.000000 0.000000
 1.323000 0.000000 0.000000
 1.324000 0.000000 0.000000
 1.325000 0.000000 0.000000
 1.326000 0.000000 0.000000
 1.327000 0.000000 0.000000
 1.328000 0.000000 0.000000
 1.329000 0.000000 0.000000
 1.330000 0.000000 0.000000
 1.331000 0.000000 0.000000
 1.332000 0.000000 0.000000
 1.333000 0.000000 0.000000
 1.334000 0.000000 0.000000
 1.335000 0.000000 0.000000
 1.336000 0.000000 0.000000
 1.337000 0.000000 0.000000
 1.338000 0.000000 0.000000
 1.339000 0.000000 0.000000
 1.340000 0.000000 0.000000
 1.341000 0.000000 0.000000
 1.342000 0.000000 0.000000
 1.343000 0.000000 0.000000
 1.344000 0.000000 0.000000
 1.345000 0.000000 0.000000
 1.346000 0.000000 0.000000
 1.347000 0.000000 0.000000
 1.348000 0.000000 0.000000
 1.349000 0.000000 0.000000
 1.350000 0.000000 0.000000
 1.351000 0.000000 0.000000
 1.352000 0.000000 0.000000
 1.353000 0.000000 0.000000
 1.354000 0.000000 0.000000
 1.355000 0.000000 0.000000
 1.356000 0.000000 0.000000
 1.357000 0.000000 0.000000
 1.358000 0.000000 0.000000
 1.359000 0.000000 0.000000
 1.360000 0.000000 0.000000
 1.361000 0.000000 0.000000
 1.362000 0.000000 0.000000
 1.363000 0.000000 0.000000
 1.364000 0.000000 0.000000
 1.365000 0.000000 0.000000
 1.366000 0.000000 0.000000
 1.367000 0.000000 0.000000
 1.368000 0.000000 0.000000
 1.369000 0.000000 0.000000
 1.370000 0.000000 0.000000
 1.371000 0.000000 0.000000
 1.372000 0.000000 0.000000
 1.373000 0.000000 0.000000
 1.374000 0.000000 0.000000
 1.375000 0.000000 0.000000
 1.376000 0.000000 0.000000
 1.377000 0.000000 0.000000
 1.378000 0.000000 0.000000
 1.379000 0.000000 0.000000
 1.380000 0.000000 0.000000
 1.381000 0.000000 0.000000
 1.382000 0.000000 0.000000
 1.383000 0.000000 0.000000
 1.384000 0.000000 0.000000
 1.385000 0.000000 0.000000
 1.386000 0.000000 0.000000
 1.387000 0.000000 0.000000
 1.388000 0.000000 0.000000
 1.389000 0.000000 0.000000
 1.390000 0.000000 0.000000
 1.391000 0.000000 0.000000
 1.392000 0.000000 0.000000
 1.393000 0.000000 0.000000
 1.394000 0.000000 0.000000
 1.395000 0.000000 0.000000
 1.396000 0.000000 0.000000
 1.397000 0.000000 0.000000
 1.398000 0.000000 0.000000
 1.399000 0.000000 0.000000
 1.400000 0.000000 0.000000
 1.401000 0.000000 0.000000
 1.402000 0.000000 0.000000
 1.403000 0.000000 0.000000
 1.404000 0.000000 0.000000
 1.405000 0.000000 0.000000
 1.406000 0.000000 0.000000
 1.407000 0.000000 0.000000
 1.408000 0.000000 0.000000
 1.409000 0.000000 0.000000
 1.410000 0.000000 0.000000
 1.411000 0.000000 0.000000
 1.412000 0.000000 0.000000
 1.413000 0.000000 0.000000
 1.414000 0.000000 0.000000
 1.415000 0.000000 0.000000
 1.416000 0.000000 0.000000
 1.417000 0.000000 0.000000
 1.418000 0.000000 0.000000
 1.419000 0.000000 0.000000
 1.420000 0.000000 0.000000
 1.421000 0.000000 0.000000
 1.422000 0.000000 0.000000
 1.423000 0.000000 0.000000
 1.424000 0.000000 0.000000
 1.425000 0.000000 0.000000
 1.426000 0.000000 0.000000
 1.427000 0.000000 0.000000
 1.428000 0.000000 0.000000
 1.429000 0.000000 0.000000
 1.430000 0.000000 0.000000
 1.431000 0.000000 0.000000
 1.432000 0.000000 0.000000
 1.433000 0.000000 0.000000
 1.434000 0.000000 0.000000
 1.435000 0.000000 0.000000
 1.436000 0.000000 0.000000
 1.437000 0.000000 0.000000
 1.438000 0.000000 0.000000
 1.439000 0.000000 0.000000
 1.440000 0.000000 0.000000
 1.441000 0.000000 0.000000
 1.442000 0.000000 0.000000
 1.443000 0.000000 0.000000
 1.444000 0.000000 0.000000
 1.445000 0.000000 0.000000
 1.446000 0.000000 0.000000
 1.447000 0.000000 0.000000
 1.448000 0.000000 0.000000
 1.449000 0.000000 0.000000
 1.450000 0.000000 0.000000
 1.451000 0.000000 0.000000
 1.452000 0.000000 0.000000
 1.453000 0.000000 0.000000
 1.454000 0.000000 0.000000
 1.455000 0.000000 0.000000
 1.456000 0.000000 0.000000
 1.457000 0.000000 0.000000
 1.458000 0.000000 0.000000
 1.459000 0.000000 0.000000
 1.460000 0.000000 0.000000
 1.461000 0.000000 0.000000
 1.462000 0.000000 0.000000
 1.463000 0.000000 0.000000
 1.464000 0.000000 0.000000
 1.465000 0.000000 0.000000
 1.466000 0.000000 0.000000
 1.467000 0.000000 0.000000
 1.468000 0.000000 0.000000
 1.469000 0.000000 0.000000
 1.470000 0.000000 0.000000
 1.471000 0.000000 0.000000
 1.472000 0.000000 0.000000
 1.473000 0.000000 0.000000
 1.474000 0.000000 0.000000
 1.475000 0.000000 0.000000
 1.476000 0.000000 0.000000
 1.477000 0.000000 0.000000
 1.478000 0.000000 0.000000
 1.479000 0.000000 0.000000
 1.480000 0.000000 0.000000
 1.481000 0.000000 0.000000
 1.482000 0.000000 0.000000
 1.483000 0.000000 0.000000
 1.484000 0.000000 0.000000
 1.485000 0.000000 0.000000
 1.486000 0.000000 0.000000
 1.487000 0.000000 0.000000
 1.488000 0.000000 0.000000
 1.489000 0.000000 0.000000
 1.490000 0.000000 0.000000
 1.491000 0.000000 0.000000
 1.492000 0.000000 0.000000
 1.493000 0.000000 0.000000
 1.494000 0.000000 0.000000
 1.495000 0.000000 0.000000
 1.496000 0.000000 0.000000
 1.497000 0.000000 0.000000
 1.498000 0.000000 0.000000
 1.499000 0.000000 0.000000
 1.500000 0.000000 0.000000
