#! FIELDS time refcv.mean refcv.morethan uwall.bias uwall.force2 lwall.bias lwall.force2 refcv2.mean refcv2.morethan
 1.000000 0.858970 363.203240 0.000000 0.000000 0.000000 0.000000 0.905233 389.000000
 1.250000 0.862767 371.485397 0.000000 0.000000 0.000000 0.000000 0.909257 399.000000
 1.500000 0.857219 365.419018 0.000000 0.000000 0.000000 0.000000 0.902958 399.000000
 1.750000 0.847733 355.458735 0.000000 0.000000 0.000000 0.000000 0.893919 388.000000
 2.000000 0.853460 362.141670 0.000000 0.000000 0.000000 0.000000 0.899146 386.000000
 2.250000 0.856647 370.577345 0.000000 0.000000 0.000000 0.000000 0.902194 407.000000
 2.500000 0.848194 359.118492 0.000000 0.000000 0.000000 0.000000 0.893908 395.000000
 2.750000 0.842097 347.889263 0.000000 0.000000 0.000000 0.000000 0.888115 382.000000
 3.000000 0.851885 360.736044 0.000000 0.000000 0.000000 0.000000 0.897783 403.000000
 3.250000 0.849126 352.809655 0.000000 0.000000 0.000000 0.000000 0.896002 390.000000
 3.500000 0.846921 355.365303 0.000000 0.000000 0.000000 0.000000 0.893098 403.000000
 3.750000 0.844200 351.443241 0.000000 0.000000 0.000000 0.000000 0.889896 389.000000
 4.000000 0.851242 355.635288 0.000000 0.000000 0.000000 0.000000 0.897402 392.000000
 4.250000 0.859991 365.292492 0.000000 0.000000 0.000000 0.000000 0.905847 400.000000
 4.500000 0.855205 363.483143 0.000000 0.000000 0.000000 0.000000 0.900976 399.000000
 4.750000 0.856003 368.352756 0.000000 0.000000 0.000000 0.000000 0.901468 400.000000
 5.000000 0.854687 365.233566 0.000000 0.000000 0.000000 0.000000 0.900368 398.000000
 5.250000 0.851147 355.986481 0.000000 0.000000 0.000000 0.000000 0.897398 391.000000
 5.500000 0.858380 362.223175 0.000000 0.000000 0.000000 0.000000 0.904485 391.000000
 5.750000 0.852609 356.746286 0.000000 0.000000 0.000000 0.000000 0.899136 394.000000
 6.000000 0.843791 346.989898 0.000000 0.000000 0.000000 0.000000 0.890673 387.000000
 6.250000 0.848229 352.322806 0.000000 0.000000 0.000000 0.000000 0.894240 384.000000
 6.500000 0.842425 344.984232 0.000000 0.000000 0.000000 0.000000 0.888728 384.000000
 6.750000 0.842153 349.208031 0.000000 0.000000 0.000000 0.000000 0.887789 381.000000
 7.000000 0.848352 350.573859 0.000000 0.000000 0.000000 0.000000 0.894122 388.000000
 7.250000 0.854736 357.025393 0.000000 0.000000 0.000000 0.000000 0.901284 395.000000
 7.500000 0.851204 355.635709 0.000000 0.000000 0.000000 0.000000 0.897521 391.000000
 7.750000 0.840096 343.752870 0.000000 0.000000 0.000000 0.000000 0.886164 383.000000
 8.000000 0.843514 343.348196 0.000000 0.000000 0.000000 0.000000 0.889603 382.000000
 8.250000 0.854240 358.780259 0.000000 0.000000 0.000000 0.000000 0.900193 391.000000
 8.500000 0.846878 350.767345 0.000000 0.000000 0.000000 0.000000 0.893084 386.000000
 8.750000 0.849715 355.270025 0.000000 0.000000 0.000000 0.000000 0.895545 391.000000
 9.000000 0.848910 355.672804 0.000000 0.000000 0.000000 0.000000 0.895094 395.000000
 9.250000 0.842675 346.355421 0.000000 0.000000 0.000000 0.000000 0.889037 387.000000
 9.500000 0.842771 350.650125 0.000000 0.000000 0.000000 0.000000 0.889113 388.000000
 9.750000 0.848002 352.771367 0.000000 0.000000 0.000000 0.000000 0.894063 387.000000
 10.000000 0.849494 355.132999 0.000000 0.000000 0.000000 0.000000 0.895274 387.000000
 10.250000 0.852706 358.880037 0.000000 0.000000 0.000000 0.000000 0.898692 392.898103
 10.500000 0.847664 352.501716 0.000000 0.000000 0.000000 0.000000 0.894250 394.000000
 10.750000 0.850679 355.803070 0.000000 0.000000 0.000000 0.000000 0.896598 387.000000
 11.000000 0.847253 354.094560 0.000000 0.000000 0.000000 0.000000 0.893599 393.000000
 11.250000 0.852143 359.695873 0.000000 0.000000 0.000000 0.000000 0.897934 393.000000
 11.500000 0.839275 347.170493 0.000000 0.000000 0.000000 0.000000 0.885366 384.000000
 11.750000 0.843664 351.567029 0.000000 0.000000 0.000000 0.000000 0.888637 386.000000
 12.000000 0.844903 355.256221 0.000000 0.000000 0.000000 0.000000 0.890321 385.000000
 12.250000 0.843785 351.972891 0.000000 0.000000 0.000000 0.000000 0.889781 389.000000
 12.500000 0.845739 356.191068 0.000000 0.000000 0.000000 0.000000 0.891354 393.000000
 12.750000 0.843237 352.449646 0.000000 0.000000 0.000000 0.000000 0.889122 393.000000
 13.000000 0.841352 341.762052 0.000000 0.000000 0.000000 0.000000 0.887390 381.000000
 13.250000 0.844043 345.094888 0.000000 0.000000 0.000000 0.000000 0.889868 387.000000
 13.500000 0.844803 345.089015 0.000000 0.000000 0.000000 0.000000 0.890578 379.000000
 13.750000 0.842409 346.692694 0.000000 0.000000 0.000000 0.000000 0.888272 383.000000
 14.000000 0.847302 353.818927 0.000000 0.000000 0.000000 0.000000 0.893164 390.000000
 14.250000 0.851396 353.441407 0.000000 0.000000 0.000000 0.000000 0.897239 389.000000
 14.500000 0.846389 351.809584 0.000000 0.000000 0.000000 0.000000 0.892648 389.000000
 14.750000 0.838900 344.685927 0.000000 0.000000 0.000000 0.000000 0.885332 396.000000
 15.000000 0.839618 346.383164 0.000000 0.000000 0.000000 0.000000 0.885599 382.000000
 15.250000 0.845852 355.037981 0.000000 0.000000 0.000000 0.000000 0.891745 387.000000
 15.500000 0.840355 352.261564 0.000000 0.000000 0.000000 0.000000 0.886615 388.000000
 15.750000 0.840495 347.254858 0.000000 0.000000 0.000000 0.000000 0.886478 386.000000
 16.000000 0.845370 354.708648 0.000000 0.000000 0.000000 0.000000 0.891188 392.000000
 16.250000 0.850595 355.006775 0.000000 0.000000 0.000000 0.000000 0.896935 391.000000
 16.500000 0.848615 349.762902 0.000000 0.000000 0.000000 0.000000 0.895183 381.000000
 16.750000 0.850438 361.317489 0.000000 0.000000 0.000000 0.000000 0.895855 394.000000
 17.000000 0.844054 350.253576 0.000000 0.000000 0.000000 0.000000 0.890059 384.000000
 17.250000 0.847291 354.104102 0.000000 0.000000 0.000000 0.000000 0.893164 391.000000
 17.500000 0.847987 351.178106 0.000000 0.000000 0.000000 0.000000 0.894344 384.000000
 17.750000 0.853285 359.319650 0.000000 0.000000 0.000000 0.000000 0.899469 395.000000
 18.000000 0.848070 352.123307 0.000000 0.000000 0.000000 0.000000 0.893782 383.000000
 18.250000 0.847797 354.626921 0.000000 0.000000 0.000000 0.000000 0.893455 387.000000
 18.500000 0.846576 348.427690 0.000000 0.000000 0.000000 0.000000 0.893117 383.000000
 18.750000 0.848320 355.397561 0.000000 0.000000 0.000000 0.000000 0.894307 390.000000
 19.000000 0.843981 350.296580 0.000000 0.000000 0.000000 0.000000 0.889647 382.000000
 19.250000 0.846711 349.008681 0.000000 0.000000 0.000000 0.000000 0.892623 386.000000
 19.500000 0.846331 346.388656 0.000000 0.000000 0.000000 0.000000 0.893051 376.000000
 19.750000 0.849084 348.609229 0.000000 0.000000 0.000000 0.000000 0.895907 384.000000
 20.000000 0.843404 344.068183 0.000000 0.000000 0.000000 0.000000 0.889885 387.000000
 20.250000 0.843846 339.731599 0.000000 0.000000 0.000000 0.000000 0.889897 373.000000
 20.500000 0.840853 334.232878 0.000000 0.000000 3.122720 12.490881 0.887704 378.000000
 20.750000 0.840237 334.604420 0.000000 0.000000 1.947645 7.790578 0.887453 370.000000
 21.000000 0.840375 337.333232 0.000000 0.000000 0.000000 0.000000 0.887103 375.000000
 21.250000 0.839458 339.085972 0.000000 0.000000 0.000000 0.000000 0.886196 372.000000
 21.500000 0.842084 340.848892 0.000000 0.000000 0.000000 0.000000 0.889386 376.000000
 21.750000 0.834827 336.386370 0.000000 0.000000 0.000000 0.000000 0.882017 377.000000
 22.000000 0.834650 334.760053 0.000000 0.000000 1.537469 6.149877 0.881199 373.000000
 22.250000 0.838466 336.725536 0.000000 0.000000 0.000000 0.000000 0.885482 374.000000
 22.500000 0.840085 337.450717 0.000000 0.000000 0.000000 0.000000 0.886697 372.000000
 22.750000 0.836015 337.040835 0.000000 0.000000 0.000000 0.000000 0.882526 378.000000
 23.000000 0.841448 340.230644 0.000000 0.000000 0.000000 0.000000 0.887686 371.000000
 23.250000 0.837457 334.118841 0.000000 0.000000 3.538761 14.155044 0.884684 372.000000
 23.500000 0.841257 339.726407 0.000000 0.000000 0.000000 0.000000 0.888034 380.000000
 23.750000 0.839520 335.218547 0.000000 0.000000 0.610669 2.442677 0.885985 367.000000
 24.000000 0.834973 333.206825 0.000000 0.000000 7.801829 31.207316 0.881654 375.000000
 24.250000 0.841677 345.287252 0.000000 0.000000 0.000000 0.000000 0.888198 378.000000
 24.500000 0.839175 338.468728 0.000000 0.000000 0.000000 0.000000 0.886074 378.000000
 24.750000 0.840619 342.067215 0.000000 0.000000 0.000000 0.000000 0.886890 377.000000
 25.000000 0.837831 337.087460 0.000000 0.000000 0.000000 0.000000 0.884115 372.000000
 25.250000 0.839605 342.813718 0.000000 0.000000 0.000000 0.000000 0.886146 377.000000
 25.500000 0.839235 337.756823 0.000000 0.000000 0.000000 0.000000 0.885687 368.000000
 25.750000 0.837803 338.754569 0.000000 0.000000 0.000000 0.000000 0.883991 365.000000
 26.000000 0.835974 335.017290 0.000000 0.000000 0.965719 3.862876 0.882424 371.000000
 26.250000 0.841970 341.763372 0.000000 0.000000 0.000000 0.000000 0.888539 383.000000
 26.500000 0.843436 344.455506 0.000000 0.000000 0.000000 0.000000 0.890500 388.000000
 26.750000 0.842096 344.575756 0.000000 0.000000 0.000000 0.000000 0.888488 386.000000
 27.000000 0.832879 336.285978 0.000000 0.000000 0.000000 0.000000 0.879290 379.000000
 27.250000 0.836215 335.654950 0.000000 0.000000 0.119060 0.476238 0.882513 375.000000
 27.500000 0.844089 345.000668 0.000000 0.000000 0.000000 0.000000 0.890450 379.000000
 27.750000 0.838278 338.926235 0.000000 0.000000 0.000000 0.000000 0.884623 378.000000
 28.000000 0.840861 336.926599 0.000000 0.000000 0.000000 0.000000 0.886672 373.000000
 28.250000 0.837664 337.589926 0.000000 0.000000 0.000000 0.000000 0.884318 378.000000
 28.500000 0.847324 347.931808 0.000000 0.000000 0.000000 0.000000 0.893351 376.000000
 28.750000 0.841655 342.509121 0.000000 0.000000 0.000000 0.000000 0.888298 379.000000
 29.000000 0.845448 344.895768 0.000000 0.000000 0.000000 0.000000 0.891721 384.000000
 29.250000 0.844057 339.842559 0.000000 0.000000 0.000000 0.000000 0.890900 379.000000
 29.500000 0.843136 342.089616 0.000000 0.000000 0.000000 0.000000 0.889643 374.000000
 29.750000 0.840084 341.423057 0.000000 0.000000 0.000000 0.000000 0.886187 386.000000
 30.000000 0.838252 340.534269 0.000000 0.000000 0.000000 0.000000 0.884804 378.000000
 30.250000 0.845354 349.031090 0.000000 0.000000 0.000000 0.000000 0.891798 383.000000
 30.500000 0.846763 343.282326 0.000000 0.000000 0.000000 0.000000 0.893359 377.000000
 30.750000 0.843881 346.105982 0.000000 0.000000 0.000000 0.000000 0.889932 376.000000
 31.000000 0.847519 347.108045 0.000000 0.000000 0.000000 0.000000 0.893433 379.000000
 31.250000 0.847846 347.219175 0.000000 0.000000 0.000000 0.000000 0.894179 385.000000
 31.500000 0.845944 350.799577 0.000000 0.000000 0.000000 0.000000 0.892117 383.000000
 31.750000 0.844964 344.978824 0.000000 0.000000 0.000000 0.000000 0.891153 384.000000
 32.000000 0.839458 338.291734 0.000000 0.000000 0.000000 0.000000 0.886148 377.000000
 32.250000 0.837565 334.620666 0.000000 0.000000 1.902563 7.610250 0.883920 370.000000
 32.500000 0.841964 345.150609 0.000000 0.000000 0.000000 0.000000 0.887546 378.000000
 32.750000 0.836744 338.374342 0.000000 0.000000 0.000000 0.000000 0.883325 375.000000
 33.000000 0.844190 338.005554 0.000000 0.000000 0.000000 0.000000 0.891021 373.000000
 33.250000 0.839551 335.554846 0.000000 0.000000 0.198162 0.792648 0.886639 378.000000
 33.500000 0.838603 335.133012 0.000000 0.000000 0.751668 3.006671 0.885326 372.000000
 33.750000 0.842221 336.933335 0.000000 0.000000 0.000000 0.000000 0.888318 372.000000
 34.000000 0.836962 337.205016 0.000000 0.000000 0.000000 0.000000 0.883451 375.000000
 34.250000 0.840487 341.571396 0.000000 0.000000 0.000000 0.000000 0.886454 375.000000
 34.500000 0.837455 339.420717 0.000000 0.000000 0.000000 0.000000 0.883470 374.000000
 34.750000 0.839297 336.683729 0.000000 0.000000 0.000000 0.000000 0.885458 371.000000
 35.000000 0.835844 337.224809 0.000000 0.000000 0.000000 0.000000 0.882513 370.000000
 35.250000 0.839104 340.411980 0.000000 0.000000 0.000000 0.000000 0.885054 377.000000
 35.500000 0.840619 342.042895 0.000000 0.000000 0.000000 0.000000 0.887167 375.000000
 35.750000 0.843015 339.644896 0.000000 0.000000 0.000000 0.000000 0.889283 373.000000
 36.000000 0.837406 336.505371 0.000000 0.000000 0.000000 0.000000 0.883582 369.000000
 36.250000 0.830113 333.714675 0.000000 0.000000 5.222709 20.890837 0.876107 377.000000
 36.500000 0.841044 343.009671 0.000000 0.000000 0.000000 0.000000 0.887221 377.000000
 36.750000 0.850213 352.732097 0.000000 0.000000 0.000000 0.000000 0.896252 383.000000
 37.000000 0.844389 346.884398 0.000000 0.000000 0.000000 0.000000 0.891119 384.000000
 37.250000 0.841620 337.855156 0.000000 0.000000 0.000000 0.000000 0.888238 374.000000
 37.500000 0.839599 342.350726 0.000000 0.000000 0.000000 0.000000 0.885612 382.000000
 37.750000 0.841786 346.141682 0.000000 0.000000 0.000000 0.000000 0.887444 380.000000
 38.000000 0.839298 342.249197 0.000000 0.000000 0.000000 0.000000 0.885535 382.000000
 38.250000 0.841734 344.321840 0.000000 0.000000 0.000000 0.000000 0.888417 383.000000
 38.500000 0.845528 348.588088 0.000000 0.000000 0.000000 0.000000 0.892111 387.000000
 38.750000 0.836863 336.792270 0.000000 0.000000 0.000000 0.000000 0.883459 371.000000
 39.000000 0.835540 340.544801 0.000000 0.000000 0.000000 0.000000 0.881685 376.000000
 39.250000 0.836929 338.711906 0.000000 0.000000 0.000000 0.000000 0.883789 380.000000
 39.500000 0.842957 340.948419 0.000000 0.000000 0.000000 0.000000 0.889789 376.293157
 39.750000 0.835443 338.587312 0.000000 0.000000 0.000000 0.000000 0.882608 383.000000
 40.000000 0.837230 335.472879 0.000000 0.000000 0.277856 1.111425 0.883462 372.000000
 40.250000 0.834852 337.400605 0.000000 0.000000 0.000000 0.000000 0.881636 381.000000
 40.500000 0.835799 335.129690 0.000000 0.000000 0.757440 3.029761 0.882949 378.000000
 40.750000 0.839233 336.968995 0.000000 0.000000 0.000000 0.000000 0.885674 369.000000
 41.000000 0.841237 339.999640 0.000000 0.000000 0.000000 0.000000 0.887190 375.000000
 41.250000 0.842530 340.553084 0.000000 0.000000 0.000000 0.000000 0.889432 376.000000
 41.500000 0.840740 337.268012 0.000000 0.000000 0.000000 0.000000 0.887802 380.000000
 41.750000 0.841307 343.875674 0.000000 0.000000 0.000000 0.000000 0.887603 378.000000
 42.000000 0.842723 343.563446 0.000000 0.000000 0.000000 0.000000 0.889174 380.000000
 42.250000 0.843528 342.089234 0.000000 0.000000 0.000000 0.000000 0.889860 374.000000
 42.500000 0.843470 341.402328 0.000000 0.000000 0.000000 0.000000 0.889910 377.000000
 42.750000 0.840057 336.691076 0.000000 0.000000 0.000000 0.000000 0.886315 377.000000
 43.000000 0.845371 341.459649 0.000000 0.000000 0.000000 0.000000 0.891538 381.000000
 43.250000 0.843249 342.129386 0.000000 0.000000 0.000000 0.000000 0.889797 376.000000
 43.500000 0.842544 337.972210 0.000000 0.000000 0.000000 0.000000 0.888244 373.000000
 43.750000 0.836583 334.956692 0.000000 0.000000 1.088491 4.353966 0.882811 372.000000
 44.000000 0.837411 334.830713 0.000000 0.000000 1.367233 5.468931 0.884264 376.000000
 44.250000 0.846114 347.708695 0.000000 0.000000 0.000000 0.000000 0.892271 379.000000
 44.500000 0.838799 339.007362 0.000000 0.000000 0.000000 0.000000 0.884676 377.000000
 44.750000 0.840372 337.674374 0.000000 0.000000 0.000000 0.000000 0.886169 371.000000
 45.000000 0.839644 335.499061 0.000000 0.000000 0.250940 1.003760 0.886242 366.000000
 45.250000 0.843086 341.822683 0.000000 0.000000 0.000000 0.000000 0.889580 378.000000
 45.500000 0.839579 340.945707 0.000000 0.000000 0.000000 0.000000 0.886047 376.000000
 45.750000 0.838706 339.997223 0.000000 0.000000 0.000000 0.000000 0.885160 380.000000
 46.000000 0.841864 340.758626 0.000000 0.000000 0.000000 0.000000 0.888266 372.000000
 46.250000 0.840476 334.705078 0.000000 0.000000 1.676824 6.707296 0.887311 375.000000
 46.500000 0.840541 336.660701 0.000000 0.000000 0.000000 0.000000 0.887249 378.000000
 46.750000 0.838994 334.028663 0.000000 0.000000 3.886168 15.544673 0.885861 374.000000
 47.000000 0.843093 344.109454 0.000000 0.000000 0.000000 0.000000 0.889635 377.000000
 47.250000 0.842210 338.060117 0.000000 0.000000 0.000000 0.000000 0.888779 371.000000
 47.500000 0.837179 334.746848 0.000000 0.000000 1.570390 6.281559 0.883927 369.000000
 47.750000 0.842512 341.095430 0.000000 0.000000 0.000000 0.000000 0.888929 373.000000
 48.000000 0.842917 341.489154 0.000000 0.000000 0.000000 0.000000 0.889365 375.000000
 48.250000 0.835532 337.144520 0.000000 0.000000 0.000000 0.000000 0.882489 377.000000
 48.500000 0.833701 339.574314 0.000000 0.000000 0.000000 0.000000 0.879789 378.000000
 48.750000 0.832188 336.337869 0.000000 0.000000 0.000000 0.000000 0.878450 377.000000
 49.000000 0.835924 336.069822 0.000000 0.000000 0.000000 0.000000 0.882786 370.000000
 49.250000 0.840099 341.415077 0.000000 0.000000 0.000000 0.000000 0.886588 379.000000
 49.500000 0.834250 334.648258 0.000000 0.000000 1.827207 7.308829 0.880654 375.000000
 49.750000 0.841552 339.212446 0.000000 0.000000 0.000000 0.000000 0.888422 373.000000
 50.000000 0.838232 335.858987 0.000000 0.000000 0.019885 0.079539 0.885458 381.000000
 50.250000 0.836766 335.523361 0.000000 0.000000 0.227185 0.908739 0.883846 371.000000
 50.500000 0.835835 335.927431 0.000000 0.000000 0.005266 0.021065 0.881898 372.000000
 50.750000 0.835892 336.929437 0.000000 0.000000 0.000000 0.000000 0.882431 374.000000
 51.000000 0.835007 334.437771 0.000000 0.000000 2.440561 9.762242 0.881739 369.000000
 51.250000 0.838203 340.351895 0.000000 0.000000 0.000000 0.000000 0.884239 373.000000
 51.500000 0.833522 337.480443 0.000000 0.000000 0.000000 0.000000 0.879243 375.000000
 51.750000 0.836838 336.154933 0.000000 0.000000 0.000000 0.000000 0.883036 369.000000
 52.000000 0.840446 343.013696 0.000000 0.000000 0.000000 0.000000 0.887043 380.000000
 52.250000 0.833486 336.906156 0.000000 0.000000 0.000000 0.000000 0.879698 365.000000
 52.500000 0.835644 334.803299 0.000000 0.000000 1.432093 5.728374 0.881389 365.000000
 52.750000 0.838415 336.492347 0.000000 0.000000 0.000000 0.000000 0.885004 369.000000
 53.000000 0.841727 340.694653 0.000000 0.000000 0.000000 0.000000 0.888807 375.000000
 53.250000 0.841080 337.506305 0.000000 0.000000 0.000000 0.000000 0.887828 363.000000
 53.500000 0.838754 338.574723 0.000000 0.000000 0.000000 0.000000 0.885344 370.000000
 53.750000 0.838783 336.917298 0.000000 0.000000 0.000000 0.000000 0.885960 374.000000
 54.000000 0.842603 338.920035 0.000000 0.000000 0.000000 0.000000 0.889695 367.000000
 54.250000 0.841883 336.667755 0.000000 0.000000 0.000000 0.000000 0.888954 371.000000
 54.500000 0.842537 335.018047 0.000000 0.000000 0.964231 3.856924 0.889568 367.000000
 54.750000 0.841712 337.334468 0.000000 0.000000 0.000000 0.000000 0.888381 365.000000
 55.000000 0.842531 338.993526 0.000000 0.000000 0.000000 0.000000 0.889451 371.000000
 55.250000 0.843747 338.664654 0.000000 0.000000 0.000000 0.000000 0.890639 366.000000
 55.500000 0.840483 336.184743 0.000000 0.000000 0.000000 0.000000 0.887754 366.000000
 55.750000 0.840178 338.174378 0.000000 0.000000 0.000000 0.000000 0.887212 377.000000
 56.000000 0.843500 335.610839 0.000000 0.000000 0.151446 0.605784 0.890668 370.000000
 56.250000 0.841157 337.260457 0.000000 0.000000 0.000000 0.000000 0.888631 375.064564
 56.500000 0.842196 337.747503 0.000000 0.000000 0.000000 0.000000 0.889682 370.000000
 56.750000 0.841686 339.921085 0.000000 0.000000 0.000000 0.000000 0.888647 383.000000
 57.000000 0.836369 337.939193 0.000000 0.000000 0.000000 0.000000 0.883172 381.000000
 57.250000 0.835884 334.824898 0.000000 0.000000 1.380865 5.523462 0.882997 373.000000
 57.500000 0.841215 340.028366 0.000000 0.000000 0.000000 0.000000 0.887939 375.000000
 57.750000 0.836459 335.508670 0.000000 0.000000 0.241406 0.965623 0.883105 371.889227
 58.000000 0.838659 339.322491 0.000000 0.000000 0.000000 0.000000 0.885613 378.000000
 58.250000 0.835959 335.070563 0.000000 0.000000 0.863853 3.455411 0.883549 372.000000
 58.500000 0.833377 335.667554 0.000000 0.000000 0.110520 0.442081 0.880414 371.000000
 58.750000 0.834808 336.300570 0.000000 0.000000 0.000000 0.000000 0.881774 379.000000
 59.000000 0.839883 336.746546 0.000000 0.000000 0.000000 0.000000 0.886839 377.000000
 59.250000 0.840477 337.481161 0.000000 0.000000 0.000000 0.000000 0.887536 378.000000
 59.500000 0.842945 347.999244 0.000000 0.000000 0.000000 0.000000 0.889312 387.000000
 59.750000 0.838731 337.538103 0.000000 0.000000 0.000000 0.000000 0.884888 375.000000
 60.000000 0.834560 337.565901 0.000000 0.000000 0.000000 0.000000 0.881437 383.000000
 60.250000 0.838170 339.709933 0.000000 0.000000 0.000000 0.000000 0.885426 383.000000
 60.500000 0.843652 338.720096 0.000000 0.000000 0.000000 0.000000 0.890376 373.000000
 60.750000 0.841777 336.648669 0.000000 0.000000 0.000000 0.000000 0.888803 379.000000
 61.000000 0.838691 336.071660 0.000000 0.000000 0.000000 0.000000 0.886250 385.000000
 61.250000 0.843496 339.710789 0.000000 0.000000 0.000000 0.000000 0.890986 383.000000
 61.500000 0.844861 341.339313 0.000000 0.000000 0.000000 0.000000 0.891906 377.000000
 61.750000 0.838138 338.646560 0.000000 0.000000 0.000000 0.000000 0.884682 378.000000
 62.000000 0.842169 341.399805 0.000000 0.000000 0.000000 0.000000 0.888553 376.000000
 62.250000 0.843452 337.836757 0.000000 0.000000 0.000000 0.000000 0.890333 374.000000
 62.500000 0.836244 334.815405 0.000000 0.000000 1.403265 5.613062 0.883271 373.000000
 62.750000 0.841159 342.590743 0.000000 0.000000 0.000000 0.000000 0.887156 374.000000
 63.000000 0.840800 338.026883 0.000000 0.000000 0.000000 0.000000 0.887732 370.000000
 63.250000 0.838794 334.818842 0.000000 0.000000 1.395134 5.580534 0.886316 374.000000
 63.500000 0.841646 335.186569 0.000000 0.000000 0.661670 2.646679 0.888084 363.000000
 63.750000 0.838186 335.493701 0.000000 0.000000 0.256339 1.025356 0.884441 366.000000
 64.000000 0.842464 342.858378 0.000000 0.000000 0.000000 0.000000 0.889162 382.000000
 64.250000 0.839848 335.203932 0.000000 0.000000 0.633724 2.534897 0.887061 371.000000
 64.500000 0.838168 336.085493 0.000000 0.000000 0.000000 0.000000 0.884516 369.000000
 64.750000 0.839997 337.910711 0.000000 0.000000 0.000000 0.000000 0.886198 376.000000
 65.000000 0.838308 336.073320 0.000000 0.000000 0.000000 0.000000 0.885181 375.000000
 65.250000 0.842458 336.825476 0.000000 0.000000 0.000000 0.000000 0.889239 374.000000
 65.500000 0.840052 336.039135 0.000000 0.000000 0.000000 0.000000 0.886598 364.000000
 65.750000 0.841809 339.635218 0.000000 0.000000 0.000000 0.000000 0.888637 374.000000
 66.000000 0.840636 334.680340 0.000000 0.000000 1.741501 6.966005 0.887889 375.000000
 66.250000 0.845048 340.346865 0.000000 0.000000 0.000000 0.000000 0.891942 370.994091
 66.500000 0.840320 336.962016 0.000000 0.000000 0.000000 0.000000 0.887369 375.000000
 66.750000 0.838515 335.818580 0.000000 0.000000 0.032913 0.131653 0.885452 368.000000
 67.000000 0.843224 339.213907 0.000000 0.000000 0.000000 0.000000 0.890181 377.000000
 67.250000 0.836888 335.158420 0.000000 0.000000 0.708257 2.833030 0.883810 373.000000
 67.500000 0.834773 335.428107 0.000000 0.000000 0.327061 1.308245 0.881300 372.000000
 67.750000 0.839763 339.742499 0.000000 0.000000 0.000000 0.000000 0.886422 373.000000
 68.000000 0.841971 338.720070 0.000000 0.000000 0.000000 0.000000 0.889100 370.000000
 68.250000 0.840135 336.967054 0.000000 0.000000 0.000000 0.000000 0.886836 366.000000
 68.500000 0.841639 339.871929 0.000000 0.000000 0.000000 0.000000 0.887541 371.000000
 68.750000 0.844036 341.466673 0.000000 0.000000 0.000000 0.000000 0.890413 374.000000
 69.000000 0.837035 336.784879 0.000000 0.000000 0.000000 0.000000 0.883561 376.000000
 69.250000 0.835460 336.895127 0.000000 0.000000 0.000000 0.000000 0.881808 373.000000
 69.500000 0.843375 337.145812 0.000000 0.000000 0.000000 0.000000 0.889958 367.000000
 69.750000 0.846786 346.619792 0.000000 0.000000 0.000000 0.000000 0.893440 390.000000
 70.000000 0.842064 340.211821 0.000000 0.000000 0.000000 0.000000 0.888749 366.000000
 70.250000 0.840325 340.888879 0.000000 0.000000 0.000000 0.000000 0.886969 385.000000
 70.500000 0.841482 338.084489 0.000000 0.000000 0.000000 0.000000 0.888225 373.000000
 70.750000 0.840707 335.720825 0.000000 0.000000 0.077939 0.311754 0.887883 370.000000
 71.000000 0.840259 337.014103 0.000000 0.000000 0.000000 0.000000 0.886721 380.000000
 71.250000 0.838836 335.651662 0.000000 0.000000 0.121339 0.485358 0.885109 374.000000
 71.500000 0.838332 336.578579 0.000000 0.000000 0.000000 0.000000 0.885568 374.000000
 71.750000 0.840644 335.997597 0.000000 0.000000 0.000006 0.000023 0.887859 376.000000
 72.000000 0.840852 337.249715 0.000000 0.000000 0.000000 0.000000 0.887432 369.000000
 72.250000 0.844759 342.124766 0.000000 0.000000 0.000000 0.000000 0.891060 383.000000
 72.500000 0.841990 337.750568 0.000000 0.000000 0.000000 0.000000 0.888801 371.000000
 72.750000 0.841015 339.485964 0.000000 0.000000 0.000000 0.000000 0.887967 371.000000
 73.000000 0.842235 339.994954 0.000000 0.000000 0.000000 0.000000 0.888628 377.000000
 73.250000 0.837742 334.641868 0.000000 0.000000 1.844524 7.378094 0.883987 374.000000
 73.500000 0.838257 337.266005 0.000000 0.000000 0.000000 0.000000 0.884750 378.000000
 73.750000 0.841653 341.313383 0.000000 0.000000 0.000000 0.000000 0.888892 388.000000
 74.000000 0.840379 340.376898 0.000000 0.000000 0.000000 0.000000 0.887546 382.000000
 74.250000 0.837887 336.771094 0.000000 0.000000 0.000000 0.000000 0.884774 376.000000
 74.500000 0.843656 345.311085 0.000000 0.000000 0.000000 0.000000 0.889823 376.000000
 74.750000 0.839040 340.050932 0.000000 0.000000 0.000000 0.000000 0.885706 372.000000
 75.000000 0.838205 339.162355 0.000000 0.000000 0.000000 0.000000 0.884588 377.000000
 75.250000 0.838494 335.811573 0.000000 0.000000 0.035505 0.142018 0.884894 373.000000
 75.500000 0.835584 339.423772 0.000000 0.000000 0.000000 0.000000 0.882552 377.000000
 75.750000 0.837701 337.840195 0.000000 0.000000 0.000000 0.000000 0.884668 378.000000
 76.000000 0.836885 335.488790 0.000000 0.000000 0.261335 1.045341 0.883777 378.000000
 76.250000 0.841539 339.142680 0.000000 0.000000 0.000000 0.000000 0.887840 371.000000
 76.500000 0.836333 335.426407 0.000000 0.000000 0.329009 1.316038 0.883272 373.000000
 76.750000 0.836862 339.511838 0.000000 0.000000 0.000000 0.000000 0.883080 372.000000
 77.000000 0.838725 342.465217 0.000000 0.000000 0.000000 0.000000 0.884642 369.000000
 77.250000 0.840331 344.584045 0.000000 0.000000 0.000000 0.000000 0.886098 377.000000
 77.500000 0.839320 345.831981 0.000000 0.000000 0.000000 0.000000 0.885287 382.000000
 77.750000 0.844507 346.562866 0.000000 0.000000 0.000000 0.000000 0.890167 382.000000
 78.000000 0.842786 347.864121 0.000000 0.000000 0.000000 0.000000 0.888802 383.000000
 78.250000 0.843054 352.806139 0.000000 0.000000 0.000000 0.000000 0.888491 387.000000
 78.500000 0.836154 343.802313 0.000000 0.000000 0.000000 0.000000 0.881738 377.000000
 78.750000 0.840100 347.143252 0.000000 0.000000 0.000000 0.000000 0.885788 380.000000
 79.000000 0.845457 353.642768 0.000000 0.000000 0.000000 0.000000 0.891700 383.000000
 79.250000 0.845986 352.407845 0.000000 0.000000 0.000000 0.000000 0.892064 384.000000
 79.500000 0.843705 347.572361 0.000000 0.000000 0.000000 0.000000 0.889337 381.000000
 79.750000 0.843808 353.401416 0.000000 0.000000 0.000000 0.000000 0.889339 387.000000
 80.000000 0.840448 347.294025 0.000000 0.000000 0.000000 0.000000 0.886686 382.000000
 80.250000 0.842789 347.265195 0.000000 0.000000 0.000000 0.000000 0.888977 383.000000
 80.500000 0.843883 350.742292 0.000000 0.000000 0.000000 0.000000 0.889325 384.000000
 80.750000 0.843206 348.412890 0.000000 0.000000 0.000000 0.000000 0.889469 382.000000
 81.000000 0.853878 355.838701 0.000000 0.000000 0.000000 0.000000 0.900332 395.000000
 81.250000 0.845155 347.536107 0.000000 0.000000 0.000000 0.000000 0.892040 383.000000
 81.500000 0.841080 341.705195 0.000000 0.000000 0.000000 0.000000 0.887265 377.000000
 81.750000 0.848443 350.305522 0.000000 0.000000 0.000000 0.000000 0.893671 384.000000
 82.000000 0.846772 353.794613 0.000000 0.000000 0.000000 0.000000 0.892942 398.000000
 82.250000 0.841549 340.206046 0.000000 0.000000 0.000000 0.000000 0.888552 381.000000
 82.500000 0.840354 343.737305 0.000000 0.000000 0.000000 0.000000 0.886930 385.000000
 82.750000 0.838985 336.897375 0.000000 0.000000 0.000000 0.000000 0.885428 373.000000
 83.000000 0.838623 338.119346 0.000000 0.000000 0.000000 0.000000 0.885613 388.000000
 83.250000 0.852955 363.758845 0.000000 0.000000 0.000000 0.000000 0.899012 398.000000
 83.500000 0.844503 349.395581 0.000000 0.000000 0.000000 0.000000 0.890953 385.000000
 83.750000 0.838971 335.567440 0.000000 0.000000 0.187108 0.748433 0.885017 370.000000
 84.000000 0.844308 345.520980 0.000000 0.000000 0.000000 0.000000 0.890545 380.000000
 84.250000 0.848755 347.972116 0.000000 0.000000 0.000000 0.000000 0.895297 385.000000
 84.500000 0.849823 352.679762 0.000000 0.000000 0.000000 0.000000 0.895943 393.000000
 84.750000 0.846487 351.129854 0.000000 0.000000 0.000000 0.000000 0.892443 396.000000
 85.000000 0.844889 349.174003 0.000000 0.000000 0.000000 0.000000 0.890466 386.000000
 85.250000 0.842299 346.522308 0.000000 0.000000 0.000000 0.000000 0.888490 386.000000
 85.500000 0.847996 357.219074 0.000000 0.000000 0.000000 0.000000 0.893269 393.948846
 85.750000 0.840517 342.991443 0.000000 0.000000 0.000000 0.000000 0.887061 387.000000
 86.000000 0.844013 345.357980 0.000000 0.000000 0.000000 0.000000 0.890671 386.000000
 86.250000 0.844294 346.673412 0.000000 0.000000 0.000000 0.000000 0.890548 395.000000
 86.500000 0.837925 339.889232 0.000000 0.000000 0.000000 0.000000 0.884127 379.000000
 86.750000 0.833713 336.271393 0.000000 0.000000 0.000000 0.000000 0.880060 372.000000
 87.000000 0.845114 351.090120 0.000000 0.000000 0.000000 0.000000 0.891282 387.000000
 87.250000 0.841093 340.434586 0.000000 0.000000 0.000000 0.000000 0.887965 381.000000
 87.500000 0.837275 338.082284 0.000000 0.000000 0.000000 0.000000 0.883546 371.000000
 87.750000 0.837064 336.204729 0.000000 0.000000 0.000000 0.000000 0.883513 370.000000
 88.000000 0.834866 337.067822 0.000000 0.000000 0.000000 0.000000 0.881882 381.000000
 88.250000 0.837362 342.216662 0.000000 0.000000 0.000000 0.000000 0.883877 383.000000
 88.500000 0.834152 342.545200 0.000000 0.000000 0.000000 0.000000 0.880238 384.000000
 88.750000 0.840906 346.976943 0.000000 0.000000 0.000000 0.000000 0.886898 385.000000
 89.000000 0.843050 342.701137 0.000000 0.000000 0.000000 0.000000 0.889632 377.000000
 89.250000 0.837961 341.054966 0.000000 0.000000 0.000000 0.000000 0.884622 383.002559
 89.500000 0.843343 346.628078 0.000000 0.000000 0.000000 0.000000 0.888984 392.000000
 89.750000 0.844676 351.502012 0.000000 0.000000 0.000000 0.000000 0.890626 396.000000
 90.000000 0.842356 344.517704 0.000000 0.000000 0.000000 0.000000 0.888769 390.000000
 90.250000 0.838388 338.809764 0.000000 0.000000 0.000000 0.000000 0.884837 378.000000
 90.500000 0.833238 335.319858 0.000000 0.000000 0.462594 1.850374 0.879548 379.000000
 90.750000 0.840170 348.298414 0.000000 0.000000 0.000000 0.000000 0.886655 388.000000
 91.000000 0.845116 356.354837 0.000000 0.000000 0.000000 0.000000 0.891119 392.000000
 91.250000 0.847992 356.236064 0.000000 0.000000 0.000000 0.000000 0.893560 405.000000
 91.500000 0.838886 343.569008 0.000000 0.000000 0.000000 0.000000 0.884927 382.000000
 91.750000 0.836759 341.499456 0.000000 0.000000 0.000000 0.000000 0.883095 386.000000
 92.000000 0.848779 355.093320 0.000000 0.000000 0.000000 0.000000 0.894257 388.000000
 92.250000 0.838211 342.639254 0.000000 0.000000 0.000000 0.000000 0.884779 386.000000
 92.500000 0.843589 345.262544 0.000000 0.000000 0.000000 0.000000 0.889760 393.000000
 92.750000 0.840661 342.707903 0.000000 0.000000 0.000000 0.000000 0.886970 388.000000
 93.000000 0.837036 334.960176 0.000000 0.000000 1.081234 4.324934 0.883940 381.000000
 93.250000 0.848855 348.817896 0.000000 0.000000 0.000000 0.000000 0.895145 387.000000
 93.500000 0.842041 340.690749 0.000000 0.000000 0.000000 0.000000 0.889021 384.000000
 93.750000 0.846068 346.138111 0.000000 0.000000 0.000000 0.000000 0.892613 388.000000
 94.000000 0.849252 354.870617 0.000000 0.000000 0.000000 0.000000 0.895360 395.000000
 94.250000 0.843131 345.008389 0.000000 0.000000 0.000000 0.000000 0.889558 391.000000
 94.500000 0.843949 350.453503 0.000000 0.000000 0.000000 0.000000 0.889955 395.000000
 94.750000 0.842348 343.142700 0.000000 0.000000 0.000000 0.000000 0.888895 382.000000
 95.000000 0.848442 352.805340 0.000000 0.000000 0.000000 0.000000 0.894484 389.000000
 95.250000 0.846758 346.295108 0.000000 0.000000 0.000000 0.000000 0.893097 393.000000
 95.500000 0.846289 350.194932 0.000000 0.000000 0.000000 0.000000 0.892629 389.000000
 95.750000 0.840726 339.988646 0.000000 0.000000 0.000000 0.000000 0.886979 384.000000
 96.000000 0.840329 346.116761 0.000000 0.000000 0.000000 0.000000 0.886368 385.000000
 96.250000 0.846265 350.666769 0.000000 0.000000 0.000000 0.000000 0.891844 383.000000
 96.500000 0.848272 353.733457 0.000000 0.000000 0.000000 0.000000 0.894482 395.000000
 96.750000 0.846012 349.129296 0.000000 0.000000 0.000000 0.000000 0.893084 393.000000
 97.000000 0.839811 340.332763 0.000000 0.000000 0.000000 0.000000 0.886510 382.000000
 97.250000 0.831370 333.743890 0.000000 0.000000 5.090032 20.360127 0.877969 378.000000
 97.500000 0.842292 346.045780 0.000000 0.000000 0.000000 0.000000 0.888118 383.000000
 97.750000 0.843448 344.621460 0.000000 0.000000 0.000000 0.000000 0.889679 390.000000
 98.000000 0.842891 339.728205 0.000000 0.000000 0.000000 0.000000 0.888841 378.000000
 98.250000 0.844342 344.397905 0.000000 0.000000 0.000000 0.000000 0.890521 382.000000
 98.500000 0.844509 341.715848 0.000000 0.000000 0.000000 0.000000 0.891217 386.000000
 98.750000 0.845827 346.810132 0.000000 0.000000 0.000000 0.000000 0.892088 385.000000
 99.000000 0.837796 335.068159 0.000000 0.000000 0.868327 3.473308 0.884272 371.000000
 99.250000 0.844956 342.630159 0.000000 0.000000 0.000000 0.000000 0.891026 375.000000
 99.500000 0.840950 339.304560 0.000000 0.000000 0.000000 0.000000 0.887590 374.000000
 99.750000 0.839342 339.297552 0.000000 0.000000 0.000000 0.000000 0.885625 376.000000
 100.000000 0.842044 343.160892 0.000000 0.000000 0.000000 0.000000 0.888023 378.000000
 100.250000 0.841419 339.889532 0.000000 0.000000 0.000000 0.000000 0.887474 374.000000
 100.500000 0.840795 346.462987 0.000000 0.000000 0.000000 0.000000 0.887440 385.000000
 100.750000 0.841096 346.266528 0.000000 0.000000 0.000000 0.000000 0.887586 389.000000
