#! FIELDS time refcv.mean refcv.morethan uwall.bias uwall.force2 lwall.bias lwall.force2 refcv2.mean refcv2.morethan
 0.500000 0.727276 678.947486 0.000000 0.000000 0.000000 0.000000 0.727276 675.000000
 0.750000 0.734830 707.487800 0.000000 0.000000 0.000000 0.000000 0.734830 703.000000
 1.000000 0.733152 704.213339 0.000000 0.000000 0.000000 0.000000 0.733152 703.000000
 1.250000 0.730437 706.220838 0.000000 0.000000 0.000000 0.000000 0.730437 702.000000
 1.500000 0.732363 708.860658 0.000000 0.000000 0.000000 0.000000 0.732363 704.000000
 1.750000 0.731217 703.690019 0.000000 0.000000 0.000000 0.000000 0.731217 700.000000
 2.000000 0.731479 709.448124 0.000000 0.000000 0.000000 0.000000 0.731479 700.000000
 2.250000 0.734792 710.169330 0.028673 0.114690 0.000000 0.000000 0.734792 711.000000
 2.500000 0.733601 700.427461 0.000000 0.000000 0.000000 0.000000 0.733601 693.000000
 2.750000 0.730219 704.255684 0.000000 0.000000 0.000000 0.000000 0.730219 699.000000
 3.000000 0.729342 702.893957 0.000000 0.000000 0.000000 0.000000 0.729342 691.000000
 3.250000 0.731188 703.505828 0.000000 0.000000 0.000000 0.000000 0.731188 701.000000
 3.500000 0.737402 707.679631 0.000000 0.000000 0.000000 0.000000 0.737402 702.000000
 3.750000 0.732924 697.042025 0.000000 0.000000 0.000000 0.000000 0.732924 690.000000
 4.000000 0.733379 708.196179 0.000000 0.000000 0.000000 0.000000 0.733379 704.000000
 4.250000 0.732333 702.587979 0.000000 0.000000 0.000000 0.000000 0.732333 699.000000
 4.500000 0.733657 708.756853 0.000000 0.000000 0.000000 0.000000 0.733657 711.000000
 4.750000 0.733212 705.409258 0.000000 0.000000 0.000000 0.000000 0.733212 700.000000
 5.000000 0.730259 707.904406 0.000000 0.000000 0.000000 0.000000 0.730259 705.000000
 5.250000 0.731757 701.962097 0.000000 0.000000 0.000000 0.000000 0.731757 699.000000
 5.500000 0.731835 697.657155 0.000000 0.000000 0.000000 0.000000 0.731835 691.000000
 5.750000 0.731723 703.070921 0.000000 0.000000 0.000000 0.000000 0.731723 699.000000
 6.000000 0.735867 709.710633 0.000000 0.000000 0.000000 0.000000 0.735867 705.000000
 6.250000 0.735744 707.424340 0.000000 0.000000 0.000000 0.000000 0.735744 707.000000
 6.500000 0.734623 710.548976 0.301374 1.205497 0.000000 0.000000 0.734623 714.000000
 6.750000 0.733942 702.731743 0.000000 0.000000 0.000000 0.000000 0.733942 699.000000
 7.000000 0.730108 706.165746 0.000000 0.000000 0.000000 0.000000 0.730108 706.000000
 7.250000 0.727689 689.496046 0.000000 0.000000 0.000000 0.000000 0.727689 687.000000
 7.500000 0.731908 700.275769 0.000000 0.000000 0.000000 0.000000 0.731908 692.000000
 7.750000 0.731421 699.477029 0.000000 0.000000 0.000000 0.000000 0.731421 699.000000
 8.000000 0.730743 699.113010 0.000000 0.000000 0.000000 0.000000 0.730743 695.000000
 8.250000 0.727034 686.190150 0.000000 0.000000 0.000000 0.000000 0.727034 685.000000
 8.500000 0.730691 694.923297 0.000000 0.000000 0.000000 0.000000 0.730691 693.000000
 8.750000 0.732305 691.961438 0.000000 0.000000 0.000000 0.000000 0.732305 688.000000
 9.000000 0.736645 699.425280 0.000000 0.000000 0.000000 0.000000 0.736645 695.000000
 9.250000 0.732793 700.015420 0.000000 0.000000 0.000000 0.000000 0.732793 694.000000
 9.500000 0.735545 706.267926 0.000000 0.000000 0.000000 0.000000 0.735545 701.000000
 9.750000 0.739778 707.466022 0.000000 0.000000 0.000000 0.000000 0.739778 706.000000
 10.000000 0.740466 708.866676 0.000000 0.000000 0.000000 0.000000 0.740466 709.000000
 10.250000 0.734640 709.578046 0.000000 0.000000 0.000000 0.000000 0.734640 708.000000
 10.500000 0.728861 692.832303 0.000000 0.000000 0.000000 0.000000 0.728861 683.000000
 10.750000 0.729466 704.751705 0.000000 0.000000 0.000000 0.000000 0.729466 705.000000
 11.000000 0.729270 691.925528 0.000000 0.000000 0.000000 0.000000 0.729270 692.000000
 11.250000 0.733072 697.965699 0.000000 0.000000 0.000000 0.000000 0.733072 697.000000
 11.500000 0.736577 700.206480 0.000000 0.000000 0.000000 0.000000 0.736577 698.000000
 11.750000 0.728677 691.146953 0.000000 0.000000 0.000000 0.000000 0.728677 689.000000
 12.000000 0.735550 701.736387 0.000000 0.000000 0.000000 0.000000 0.735550 697.000000
 12.250000 0.728860 694.015945 0.000000 0.000000 0.000000 0.000000 0.728860 695.000000
 12.500000 0.728746 690.051577 0.000000 0.000000 0.000000 0.000000 0.728746 687.000000
 12.750000 0.737508 705.545541 0.000000 0.000000 0.000000 0.000000 0.737508 697.000000
 13.000000 0.733332 692.507705 0.000000 0.000000 0.000000 0.000000 0.733332 689.000000
 13.250000 0.726671 681.520532 0.000000 0.000000 0.000000 0.000000 0.726671 682.000000
 13.500000 0.725822 693.823919 0.000000 0.000000 0.000000 0.000000 0.725822 696.000000
 13.750000 0.734734 707.916215 0.000000 0.000000 0.000000 0.000000 0.734734 707.000000
 14.000000 0.732536 693.078560 0.000000 0.000000 0.000000 0.000000 0.732536 688.000000
 14.250000 0.731273 695.645953 0.000000 0.000000 0.000000 0.000000 0.731273 693.000000
 14.500000 0.728829 694.970125 0.000000 0.000000 0.000000 0.000000 0.728829 689.000000
 14.750000 0.730327 685.534603 0.000000 0.000000 0.000000 0.000000 0.730327 684.000000
 15.000000 0.725932 678.213513 0.000000 0.000000 0.000000 0.000000 0.725932 673.000000
 15.250000 0.725350 682.040814 0.000000 0.000000 0.000000 0.000000 0.725350 677.000000
 15.500000 0.729613 694.260018 0.000000 0.000000 0.000000 0.000000 0.729613 698.000000
 15.750000 0.735000 707.514971 0.000000 0.000000 0.000000 0.000000 0.735000 702.000000
 16.000000 0.732284 701.038292 0.000000 0.000000 0.000000 0.000000 0.732284 690.000000
 16.250000 0.739694 710.280167 0.078493 0.313974 0.000000 0.000000 0.739694 700.000000
 16.500000 0.733095 701.537126 0.000000 0.000000 0.000000 0.000000 0.733095 692.000000
 16.750000 0.732419 703.431267 0.000000 0.000000 0.000000 0.000000 0.732419 697.000000
 17.000000 0.729412 694.256120 0.000000 0.000000 0.000000 0.000000 0.729412 691.000000
 17.250000 0.733117 701.815440 0.000000 0.000000 0.000000 0.000000 0.733117 700.000000
 17.500000 0.733393 693.379264 0.000000 0.000000 0.000000 0.000000 0.733393 688.000000
 17.750000 0.737035 702.358453 0.000000 0.000000 0.000000 0.000000 0.737035 703.000000
 18.000000 0.730959 690.350423 0.000000 0.000000 0.000000 0.000000 0.730959 695.000000
 18.250000 0.728163 693.776064 0.000000 0.000000 0.000000 0.000000 0.728163 695.000000
 18.500000 0.730826 696.587477 0.000000 0.000000 0.000000 0.000000 0.730826 691.000000
 18.750000 0.727910 696.547438 0.000000 0.000000 0.000000 0.000000 0.727910 700.000000
 19.000000 0.732675 703.599552 0.000000 0.000000 0.000000 0.000000 0.732675 698.000000
 19.250000 0.733420 703.188654 0.000000 0.000000 0.000000 0.000000 0.733420 701.000000
 19.500000 0.727682 684.015927 0.000000 0.000000 0.000000 0.000000 0.727682 682.000000
 19.750000 0.732262 692.319702 0.000000 0.000000 0.000000 0.000000 0.732262 687.000000
 20.000000 0.729412 686.878333 0.000000 0.000000 0.000000 0.000000 0.729412 677.000000
 20.250000 0.725819 682.751088 0.000000 0.000000 0.000000 0.000000 0.725819 682.000000
 20.500000 0.726587 686.185645 0.000000 0.000000 0.000000 0.000000 0.726587 681.000000
 20.750000 0.723197 672.722055 0.000000 0.000000 0.000000 0.000000 0.723197 672.000000
 21.000000 0.726660 689.736607 0.000000 0.000000 0.000000 0.000000 0.726660 688.000000
 21.250000 0.729451 693.050955 0.000000 0.000000 0.000000 0.000000 0.729451 690.000000
 21.500000 0.729771 697.437590 0.000000 0.000000 0.000000 0.000000 0.729771 698.000000
 21.750000 0.728480 690.244426 0.000000 0.000000 0.000000 0.000000 0.728480 687.000000
 22.000000 0.730617 699.693367 0.000000 0.000000 0.000000 0.000000 0.730617 698.000000
 22.250000 0.722752 680.063731 0.000000 0.000000 0.000000 0.000000 0.722752 681.000000
 22.500000 0.725755 693.640408 0.000000 0.000000 0.000000 0.000000 0.725755 696.000000
 22.750000 0.724343 684.842702 0.000000 0.000000 0.000000 0.000000 0.724343 686.000000
 23.000000 0.734201 708.201147 0.000000 0.000000 0.000000 0.000000 0.734201 702.000000
 23.250000 0.729264 697.125489 0.000000 0.000000 0.000000 0.000000 0.729264 692.000000
 23.500000 0.734848 706.506110 0.000000 0.000000 0.000000 0.000000 0.734848 708.000000
 23.750000 0.732669 705.930868 0.000000 0.000000 0.000000 0.000000 0.732669 704.000000
 24.000000 0.730343 692.892537 0.000000 0.000000 0.000000 0.000000 0.730343 692.000000
 24.250000 0.732651 697.618323 0.000000 0.000000 0.000000 0.000000 0.732651 691.000000
 24.500000 0.727524 688.298962 0.000000 0.000000 0.000000 0.000000 0.727524 686.000000
 24.750000 0.728753 688.687960 0.000000 0.000000 0.000000 0.000000 0.728753 683.000000
 25.000000 0.731952 699.989717 0.000000 0.000000 0.000000 0.000000 0.731952 696.000000
 25.250000 0.733780 698.871672 0.000000 0.000000 0.000000 0.000000 0.733780 698.000000
 25.500000 0.730461 691.232642 0.000000 0.000000 0.000000 0.000000 0.730461 690.000000
 25.750000 0.730615 692.515753 0.000000 0.000000 0.000000 0.000000 0.730615 689.000000
 26.000000 0.730559 688.994840 0.000000 0.000000 0.000000 0.000000 0.730559 685.000000
 26.250000 0.731066 699.013313 0.000000 0.000000 0.000000 0.000000 0.731066 696.000000
 26.500000 0.731854 699.005489 0.000000 0.000000 0.000000 0.000000 0.731854 698.000000
 26.750000 0.729798 697.771114 0.000000 0.000000 0.000000 0.000000 0.729798 700.000000
 27.000000 0.729634 691.157190 0.000000 0.000000 0.000000 0.000000 0.729634 689.000000
 27.250000 0.729846 698.636570 0.000000 0.000000 0.000000 0.000000 0.729846 694.000000
 27.500000 0.727833 687.306771 0.000000 0.000000 0.000000 0.000000 0.727833 683.000000
 27.750000 0.733268 688.573074 0.000000 0.000000 0.000000 0.000000 0.733268 677.000000
 28.000000 0.731814 695.374389 0.000000 0.000000 0.000000 0.000000 0.731814 692.000000
 28.250000 0.735636 703.554594 0.000000 0.000000 0.000000 0.000000 0.735636 701.000000
 28.500000 0.730135 698.703291 0.000000 0.000000 0.000000 0.000000 0.730135 702.000000
 28.750000 0.730825 700.806245 0.000000 0.000000 0.000000 0.000000 0.730825 700.000000
 29.000000 0.725965 685.356283 0.000000 0.000000 0.000000 0.000000 0.725965 683.000000
 29.250000 0.728536 689.134485 0.000000 0.000000 0.000000 0.000000 0.728536 689.000000
 29.500000 0.729775 696.663656 0.000000 0.000000 0.000000 0.000000 0.729775 690.000000
 29.750000 0.728559 690.195496 0.000000 0.000000 0.000000 0.000000 0.728559 692.000000
 30.000000 0.729045 693.212059 0.000000 0.000000 0.000000 0.000000 0.729045 691.000000
 30.250000 0.729893 694.936301 0.000000 0.000000 0.000000 0.000000 0.729893 694.000000
 30.500000 0.725320 702.056795 0.000000 0.000000 0.000000 0.000000 0.725320 703.000000
 30.750000 0.730019 698.668699 0.000000 0.000000 0.000000 0.000000 0.730019 692.000000
 31.000000 0.728870 701.327940 0.000000 0.000000 0.000000 0.000000 0.728870 700.000000
 31.250000 0.733563 698.711636 0.000000 0.000000 0.000000 0.000000 0.733563 700.000000
 31.500000 0.731957 700.914174 0.000000 0.000000 0.000000 0.000000 0.731957 699.000000
 31.750000 0.735583 707.233534 0.000000 0.000000 0.000000 0.000000 0.735583 701.000000
 32.000000 0.731120 691.997763 0.000000 0.000000 0.000000 0.000000 0.731120 688.000000
 32.250000 0.735784 706.326715 0.000000 0.000000 0.000000 0.000000 0.735784 701.000000
 32.500000 0.733289 706.071175 0.000000 0.000000 0.000000 0.000000 0.733289 710.000000
 32.750000 0.731818 702.518208 0.000000 0.000000 0.000000 0.000000 0.731818 699.000000
 33.000000 0.732500 711.145890 1.313064 5.252256 0.000000 0.000000 0.732500 708.000000
 33.250000 0.733772 708.625812 0.000000 0.000000 0.000000 0.000000 0.733772 706.000000
 33.500000 0.736306 701.430796 0.000000 0.000000 0.000000 0.000000 0.736306 702.000000
 33.750000 0.735986 707.648048 0.000000 0.000000 0.000000 0.000000 0.735986 702.000000
 34.000000 0.730956 693.885577 0.000000 0.000000 0.000000 0.000000 0.730956 692.000000
 34.250000 0.732801 710.818175 0.669410 2.677639 0.000000 0.000000 0.732801 708.000000
 34.500000 0.728414 688.159675 0.000000 0.000000 0.000000 0.000000 0.728414 684.000000
 34.750000 0.734873 705.638739 0.000000 0.000000 0.000000 0.000000 0.734873 706.000000
 35.000000 0.732133 697.867325 0.000000 0.000000 0.000000 0.000000 0.732133 696.000000
 35.250000 0.732956 702.171889 0.000000 0.000000 0.000000 0.000000 0.732956 707.000000
 35.500000 0.733748 700.365534 0.000000 0.000000 0.000000 0.000000 0.733748 696.000000
 35.750000 0.729180 685.633957 0.000000 0.000000 0.000000 0.000000 0.729180 683.000000
 36.000000 0.732692 691.933479 0.000000 0.000000 0.000000 0.000000 0.732692 693.000000
 36.250000 0.735388 707.286748 0.000000 0.000000 0.000000 0.000000 0.735388 700.000000
 36.500000 0.739010 710.315811 0.099736 0.398946 0.000000 0.000000 0.739010 707.000000
 36.750000 0.735281 707.288230 0.000000 0.000000 0.000000 0.000000 0.735281 706.000000
 37.000000 0.729308 701.834746 0.000000 0.000000 0.000000 0.000000 0.729308 704.000000
 37.250000 0.735003 706.956737 0.000000 0.000000 0.000000 0.000000 0.735003 706.000000
 37.500000 0.733507 703.805918 0.000000 0.000000 0.000000 0.000000 0.733507 700.000000
 37.750000 0.730684 696.246976 0.000000 0.000000 0.000000 0.000000 0.730684 694.000000
 38.000000 0.733220 709.559835 0.000000 0.000000 0.000000 0.000000 0.733220 703.000000
 38.250000 0.731466 697.193105 0.000000 0.000000 0.000000 0.000000 0.731466 690.000000
 38.500000 0.733406 701.530010 0.000000 0.000000 0.000000 0.000000 0.733406 698.000000
 38.750000 0.735739 699.682399 0.000000 0.000000 0.000000 0.000000 0.735739 693.000000
 39.000000 0.738923 704.446933 0.000000 0.000000 0.000000 0.000000 0.738923 697.000000
 39.250000 0.728784 681.807337 0.000000 0.000000 0.000000 0.000000 0.728784 676.000000
 39.500000 0.733522 692.964956 0.000000 0.000000 0.000000 0.000000 0.733522 687.000000
 39.750000 0.733770 698.500055 0.000000 0.000000 0.000000 0.000000 0.733770 692.000000
 40.000000 0.726626 684.703282 0.000000 0.000000 0.000000 0.000000 0.726626 674.000000
 40.250000 0.736152 699.255222 0.000000 0.000000 0.000000 0.000000 0.736152 697.000000
 40.500000 0.737850 707.402802 0.000000 0.000000 0.000000 0.000000 0.737850 703.000000
 40.750000 0.733653 698.839359 0.000000 0.000000 0.000000 0.000000 0.733653 700.000000
 41.000000 0.729860 691.934200 0.000000 0.000000 0.000000 0.000000 0.729860 688.000000
 41.250000 0.733567 694.917654 0.000000 0.000000 0.000000 0.000000 0.733567 691.000000
 41.500000 0.737520 706.250376 0.000000 0.000000 0.000000 0.000000 0.737520 700.000000
 41.750000 0.736296 700.768431 0.000000 0.000000 0.000000 0.000000 0.736296 688.000000
 42.000000 0.731512 690.676681 0.000000 0.000000 0.000000 0.000000 0.731512 689.000000
 42.250000 0.733105 698.919827 0.000000 0.000000 0.000000 0.000000 0.733105 695.000000
 42.500000 0.729042 689.151088 0.000000 0.000000 0.000000 0.000000 0.729042 683.000000
 42.750000 0.733782 691.507585 0.000000 0.000000 0.000000 0.000000 0.733782 685.000000
 43.000000 0.732602 686.598536 0.000000 0.000000 0.000000 0.000000 0.732602 685.000000
 43.250000 0.728180 681.592197 0.000000 0.000000 0.000000 0.000000 0.728180 675.000000
 43.500000 0.724464 666.213199 0.000000 0.000000 0.000000 0.000000 0.724464 661.000000
 43.750000 0.719694 661.879336 0.000000 0.000000 0.000000 0.000000 0.719694 660.000000
 44.000000 0.721409 670.100325 0.000000 0.000000 0.000000 0.000000 0.721409 671.000000
 44.250000 0.724804 672.638577 0.000000 0.000000 0.000000 0.000000 0.724804 669.000000
 44.500000 0.723057 670.131642 0.000000 0.000000 0.000000 0.000000 0.723057 672.000000
 44.750000 0.722034 666.587533 0.000000 0.000000 0.000000 0.000000 0.722034 661.000000
 45.000000 0.726105 679.029522 0.000000 0.000000 0.000000 0.000000 0.726105 676.000000
 45.250000 0.723667 671.856167 0.000000 0.000000 0.000000 0.000000 0.723667 673.000000
 45.500000 0.727623 679.877334 0.000000 0.000000 0.000000 0.000000 0.727623 673.000000
 45.750000 0.731036 690.944024 0.000000 0.000000 0.000000 0.000000 0.731036 690.000000
 46.000000 0.726360 675.263187 0.000000 0.000000 0.000000 0.000000 0.726360 673.000000
 46.250000 0.729611 684.572618 0.000000 0.000000 0.000000 0.000000 0.729611 679.000000
 46.500000 0.730013 681.875508 0.000000 0.000000 0.000000 0.000000 0.730013 682.000000
 46.750000 0.729539 676.721136 0.000000 0.000000 0.000000 0.000000 0.729539 671.000000
 47.000000 0.728658 673.790085 0.000000 0.000000 0.000000 0.000000 0.728658 670.000000
 47.250000 0.723020 665.965951 0.000000 0.000000 0.000000 0.000000 0.723020 665.000000
 47.500000 0.726018 669.662804 0.000000 0.000000 0.000000 0.000000 0.726018 669.000000
 47.750000 0.722619 668.127424 0.000000 0.000000 0.000000 0.000000 0.722619 661.000000
 48.000000 0.720148 663.131397 0.000000 0.000000 0.000000 0.000000 0.720148 660.000000
 48.250000 0.721598 667.393807 0.000000 0.000000 0.000000 0.000000 0.721598 674.000000
 48.500000 0.722484 667.473787 0.000000 0.000000 0.000000 0.000000 0.722484 668.000000
 48.750000 0.724476 666.526104 0.000000 0.000000 0.000000 0.000000 0.724476 656.000000
 49.000000 0.720722 657.856695 0.000000 0.000000 0.000000 0.000000 0.720722 662.000000
 49.250000 0.725164 670.481240 0.000000 0.000000 0.000000 0.000000 0.725164 671.000000
 49.500000 0.722702 674.162477 0.000000 0.000000 0.000000 0.000000 0.722702 675.000000
 49.750000 0.722410 664.473159 0.000000 0.000000 0.000000 0.000000 0.722410 660.000000
 50.000000 0.719398 661.419012 0.000000 0.000000 0.000000 0.000000 0.719398 657.000000
 50.250000 0.721236 669.647285 0.000000 0.000000 0.000000 0.000000 0.721236 668.000000
 50.500000 0.728303 673.315557 0.000000 0.000000 0.000000 0.000000 0.728303 671.000000
 50.750000 0.723261 668.490053 0.000000 0.000000 0.000000 0.000000 0.723261 663.000000
 51.000000 0.722563 659.543211 0.000000 0.000000 0.000000 0.000000 0.722563 655.000000
 51.250000 0.723474 670.298036 0.000000 0.000000 0.000000 0.000000 0.723474 666.000000
 51.500000 0.719812 661.931749 0.000000 0.000000 0.000000 0.000000 0.719812 661.000000
 51.750000 0.725402 677.676770 0.000000 0.000000 0.000000 0.000000 0.725402 674.000000
 52.000000 0.726236 678.491564 0.000000 0.000000 0.000000 0.000000 0.726236 668.000000
 52.250000 0.725817 667.370175 0.000000 0.000000 0.000000 0.000000 0.725817 659.000000
 52.500000 0.726095 667.354503 0.000000 0.000000 0.000000 0.000000 0.726095 653.000000
 52.750000 0.725239 663.212178 0.000000 0.000000 0.000000 0.000000 0.725239 662.000000
 53.000000 0.728493 674.512379 0.000000 0.000000 0.000000 0.000000 0.728493 663.000000
 53.250000 0.723550 662.610200 0.000000 0.000000 0.000000 0.000000 0.723550 655.000000
 53.500000 0.726719 673.550300 0.000000 0.000000 0.000000 0.000000 0.726719 673.000000
 53.750000 0.724043 672.118768 0.000000 0.000000 0.000000 0.000000 0.724043 671.000000
 54.000000 0.724905 666.593524 0.000000 0.000000 0.000000 0.000000 0.724905 663.000000
 54.250000 0.727684 668.066878 0.000000 0.000000 0.000000 0.000000 0.727684 655.000000
 54.500000 0.721588 672.590662 0.000000 0.000000 0.000000 0.000000 0.721588 670.000000
 54.750000 0.727797 683.940934 0.000000 0.000000 0.000000 0.000000 0.727797 684.000000
 55.000000 0.732845 691.232989 0.000000 0.000000 0.000000 0.000000 0.732845 685.000000
 55.250000 0.728908 679.673408 0.000000 0.000000 0.000000 0.000000 0.728908 678.000000
 55.500000 0.722470 667.473214 0.000000 0.000000 0.000000 0.000000 0.722470 662.000000
 55.750000 0.726406 674.855832 0.000000 0.000000 0.000000 0.000000 0.726406 673.000000
 56.000000 0.727980 680.805555 0.000000 0.000000 0.000000 0.000000 0.727980 679.000000
 56.250000 0.729727 680.327417 0.000000 0.000000 0.000000 0.000000 0.729727 677.000000
 56.500000 0.731630 688.162574 0.000000 0.000000 0.000000 0.000000 0.731630 678.000000
 56.750000 0.731099 684.989398 0.000000 0.000000 0.000000 0.000000 0.731099 682.000000
 57.000000 0.726134 682.111649 0.000000 0.000000 0.000000 0.000000 0.726134 675.000000
 57.250000 0.729512 680.214009 0.000000 0.000000 0.000000 0.000000 0.729512 673.000000
 57.500000 0.732082 686.099645 0.000000 0.000000 0.000000 0.000000 0.732082 685.000000
 57.750000 0.730059 685.008155 0.000000 0.000000 0.000000 0.000000 0.730059 685.000000
 58.000000 0.726746 672.054620 0.000000 0.000000 0.000000 0.000000 0.726746 669.000000
 58.250000 0.727849 688.169820 0.000000 0.000000 0.000000 0.000000 0.727849 685.000000
 58.500000 0.725767 683.455595 0.000000 0.000000 0.000000 0.000000 0.725767 675.000000
 58.750000 0.724601 673.096355 0.000000 0.000000 0.000000 0.000000 0.724601 665.000000
 59.000000 0.726017 671.692165 0.000000 0.000000 0.000000 0.000000 0.726017 665.000000
 59.250000 0.727065 676.395550 0.000000 0.000000 0.000000 0.000000 0.727065 672.000000
 59.500000 0.728240 686.410880 0.000000 0.000000 0.000000 0.000000 0.728240 683.000000
 59.750000 0.723394 664.287234 0.000000 0.000000 0.000000 0.000000 0.723394 656.000000
 60.000000 0.721349 668.575615 0.000000 0.000000 0.000000 0.000000 0.721349 668.000000
 60.250000 0.725675 674.902276 0.000000 0.000000 0.000000 0.000000 0.725675 668.000000
 60.500000 0.732596 687.074587 0.000000 0.000000 0.000000 0.000000 0.732596 685.000000
 60.750000 0.726372 684.401863 0.000000 0.000000 0.000000 0.000000 0.726372 680.000000
 61.000000 0.728396 680.842251 0.000000 0.000000 0.000000 0.000000 0.728396 670.000000
 61.250000 0.730192 679.070502 0.000000 0.000000 0.000000 0.000000 0.730192 674.000000
 61.500000 0.727079 673.329157 0.000000 0.000000 0.000000 0.000000 0.727079 679.000000
 61.750000 0.722303 666.135862 0.000000 0.000000 0.000000 0.000000 0.722303 662.000000
 62.000000 0.728102 672.154128 0.000000 0.000000 0.000000 0.000000 0.728102 668.000000
 62.250000 0.732053 691.581845 0.000000 0.000000 0.000000 0.000000 0.732053 685.000000
 62.500000 0.729743 686.865527 0.000000 0.000000 0.000000 0.000000 0.729743 680.000000
 62.750000 0.724165 670.627559 0.000000 0.000000 0.000000 0.000000 0.724165 668.000000
 63.000000 0.723572 664.158828 0.000000 0.000000 0.000000 0.000000 0.723572 658.000000
 63.250000 0.732067 685.829116 0.000000 0.000000 0.000000 0.000000 0.732067 678.000000
 63.500000 0.725856 678.518944 0.000000 0.000000 0.000000 0.000000 0.725856 674.000000
 63.750000 0.727664 685.194404 0.000000 0.000000 0.000000 0.000000 0.727664 681.000000
 64.000000 0.728275 682.321243 0.000000 0.000000 0.000000 0.000000 0.728275 680.000000
 64.250000 0.729639 688.544944 0.000000 0.000000 0.000000 0.000000 0.729639 686.000000
 64.500000 0.732544 694.523952 0.000000 0.000000 0.000000 0.000000 0.732544 688.000000
 64.750000 0.731241 689.762801 0.000000 0.000000 0.000000 0.000000 0.731241 687.000000
 65.000000 0.726366 684.876277 0.000000 0.000000 0.000000 0.000000 0.726366 679.000000
 65.250000 0.728642 680.200443 0.000000 0.000000 0.000000 0.000000 0.728642 674.000000
 65.500000 0.726727 682.126707 0.000000 0.000000 0.000000 0.000000 0.726727 673.000000
 65.750000 0.725185 680.379290 0.000000 0.000000 0.000000 0.000000 0.725185 676.000000
 66.000000 0.728341 679.368096 0.000000 0.000000 0.000000 0.000000 0.728341 672.000000
 66.250000 0.726344 668.316032 0.000000 0.000000 0.000000 0.000000 0.726344 668.000000
 66.500000 0.723500 672.615020 0.000000 0.000000 0.000000 0.000000 0.723500 674.000000
 66.750000 0.723835 671.214721 0.000000 0.000000 0.000000 0.000000 0.723835 665.000000
 67.000000 0.725908 677.959393 0.000000 0.000000 0.000000 0.000000 0.725908 677.000000
 67.250000 0.727735 689.169102 0.000000 0.000000 0.000000 0.000000 0.727735 687.000000
 67.500000 0.724561 681.520973 0.000000 0.000000 0.000000 0.000000 0.724561 674.000000
 67.750000 0.729208 692.312013 0.000000 0.000000 0.000000 0.000000 0.729208 689.000000
 68.000000 0.732106 693.850250 0.000000 0.000000 0.000000 0.000000 0.732106 693.000000
 68.250000 0.730222 690.043405 0.000000 0.000000 0.000000 0.000000 0.730222 689.000000
 68.500000 0.729190 684.631712 0.000000 0.000000 0.000000 0.000000 0.729190 680.000000
 68.750000 0.726520 680.636131 0.000000 0.000000 0.000000 0.000000 0.726520 680.000000
 69.000000 0.726745 678.597877 0.000000 0.000000 0.000000 0.000000 0.726745 673.000000
 69.250000 0.722165 676.509653 0.000000 0.000000 0.000000 0.000000 0.722165 673.000000
 69.500000 0.724076 678.083624 0.000000 0.000000 0.000000 0.000000 0.724076 678.000000
 69.750000 0.730144 686.975009 0.000000 0.000000 0.000000 0.000000 0.730144 681.000000
 70.000000 0.728790 685.594135 0.000000 0.000000 0.000000 0.000000 0.728790 677.000000
 70.250000 0.724412 672.706860 0.000000 0.000000 0.000000 0.000000 0.724412 666.000000
 70.500000 0.729457 686.497824 0.000000 0.000000 0.000000 0.000000 0.729457 680.000000
 70.750000 0.726014 679.255577 0.000000 0.000000 0.000000 0.000000 0.726014 682.000000
 71.000000 0.729025 697.052659 0.000000 0.000000 0.000000 0.000000 0.729025 692.000000
 71.250000 0.730046 692.755733 0.000000 0.000000 0.000000 0.000000 0.730046 688.000000
 71.500000 0.740095 705.440125 0.000000 0.000000 0.000000 0.000000 0.740095 698.000000
 71.750000 0.736363 701.755847 0.000000 0.000000 0.000000 0.000000 0.736363 702.000000
 72.000000 0.723469 686.014089 0.000000 0.000000 0.000000 0.000000 0.723469 682.000000
 72.250000 0.729306 689.107133 0.000000 0.000000 0.000000 0.000000 0.729306 688.000000
 72.500000 0.731132 701.341281 0.000000 0.000000 0.000000 0.000000 0.731132 698.000000
 72.750000 0.727725 690.079586 0.000000 0.000000 0.000000 0.000000 0.727725 687.000000
 73.000000 0.725638 684.229606 0.000000 0.000000 0.000000 0.000000 0.725638 680.000000
 73.250000 0.723632 682.542016 0.000000 0.000000 0.000000 0.000000 0.723632 683.000000
 73.500000 0.730977 699.270081 0.000000 0.000000 0.000000 0.000000 0.730977 696.000000
 73.750000 0.727659 684.434429 0.000000 0.000000 0.000000 0.000000 0.727659 682.000000
 74.000000 0.731443 693.965361 0.000000 0.000000 0.000000 0.000000 0.731443 687.000000
 74.250000 0.733012 702.274398 0.000000 0.000000 0.000000 0.000000 0.733012 696.000000
 74.500000 0.731842 692.104904 0.000000 0.000000 0.000000 0.000000 0.731842 690.000000
 74.750000 0.729908 688.259776 0.000000 0.000000 0.000000 0.000000 0.729908 682.000000
 75.000000 0.728092 682.053179 0.000000 0.000000 0.000000 0.000000 0.728092 676.000000
 75.250000 0.729053 686.316012 0.000000 0.000000 0.000000 0.000000 0.729053 688.000000
 75.500000 0.732354 697.421347 0.000000 0.000000 0.000000 0.000000 0.732354 693.000000
 75.750000 0.731619 688.855222 0.000000 0.000000 0.000000 0.000000 0.731619 680.000000
 76.000000 0.731195 688.860604 0.000000 0.000000 0.000000 0.000000 0.731195 684.000000
 76.250000 0.729360 689.734220 0.000000 0.000000 0.000000 0.000000 0.729360 681.000000
 76.500000 0.723084 672.741405 0.000000 0.000000 0.000000 0.000000 0.723084 665.000000
 76.750000 0.731390 682.749612 0.000000 0.000000 0.000000 0.000000 0.731390 678.000000
 77.000000 0.727429 678.837479 0.000000 0.000000 0.000000 0.000000 0.727429 677.000000
 77.250000 0.729719 695.692470 0.000000 0.000000 0.000000 0.000000 0.729719 687.000000
 77.500000 0.729443 685.391301 0.000000 0.000000 0.000000 0.000000 0.729443 676.000000
 77.750000 0.732705 697.330731 0.000000 0.000000 0.000000 0.000000 0.732705 692.000000
 78.000000 0.727330 687.651007 0.000000 0.000000 0.000000 0.000000 0.727330 686.000000
 78.250000 0.732400 696.767972 0.000000 0.000000 0.000000 0.000000 0.732400 700.000000
 78.500000 0.729746 694.121184 0.000000 0.000000 0.000000 0.000000 0.729746 689.000000
 78.750000 0.729554 690.873004 0.000000 0.000000 0.000000 0.000000 0.729554 691.000000
 79.000000 0.730058 693.936579 0.000000 0.000000 0.000000 0.000000 0.730058 693.000000
 79.250000 0.732954 695.907647 0.000000 0.000000 0.000000 0.000000 0.732954 688.000000
 79.500000 0.733694 697.537878 0.000000 0.000000 0.000000 0.000000 0.733694 690.000000
 79.750000 0.733536 692.215469 0.000000 0.000000 0.000000 0.000000 0.733536 685.000000
 80.000000 0.728480 683.870329 0.000000 0.000000 0.000000 0.000000 0.728480 677.000000
 80.250000 0.732028 692.251273 0.000000 0.000000 0.000000 0.000000 0.732028 688.000000
 80.500000 0.729788 685.379306 0.000000 0.000000 0.000000 0.000000 0.729788 677.000000
 80.750000 0.722894 682.524285 0.000000 0.000000 0.000000 0.000000 0.722894 685.000000
 81.000000 0.727659 678.834461 0.000000 0.000000 0.000000 0.000000 0.727659 673.000000
 81.250000 0.731278 695.577299 0.000000 0.000000 0.000000 0.000000 0.731278 687.000000
 81.500000 0.726924 677.547058 0.000000 0.000000 0.000000 0.000000 0.726924 675.000000
 81.750000 0.725729 675.665053 0.000000 0.000000 0.000000 0.000000 0.725729 667.000000
 82.000000 0.726588 671.400308 0.000000 0.000000 0.000000 0.000000 0.726588 661.000000
 82.250000 0.724681 666.546078 0.000000 0.000000 0.000000 0.000000 0.724681 664.000000
 82.500000 0.727339 674.839263 0.000000 0.000000 0.000000 0.000000 0.727339 663.000000
 82.750000 0.722908 668.137750 0.000000 0.000000 0.000000 0.000000 0.722908 661.000000
 83.000000 0.720016 651.229965 0.000000 0.000000 0.000000 0.000000 0.720016 645.000000
 83.250000 0.719799 660.630200 0.000000 0.000000 0.000000 0.000000 0.719799 653.000000
 83.500000 0.718570 662.452842 0.000000 0.000000 0.000000 0.000000 0.718570 651.000000
 83.750000 0.727318 680.891283 0.000000 0.000000 0.000000 0.000000 0.727318 678.000000
 84.000000 0.723995 664.377652 0.000000 0.000000 0.000000 0.000000 0.723995 657.000000
 84.250000 0.726105 674.564549 0.000000 0.000000 0.000000 0.000000 0.726105 673.000000
 84.500000 0.724000 671.407300 0.000000 0.000000 0.000000 0.000000 0.724000 665.000000
 84.750000 0.726439 672.646934 0.000000 0.000000 0.000000 0.000000 0.726439 666.000000
 85.000000 0.724743 672.822907 0.000000 0.000000 0.000000 0.000000 0.724743 667.000000
 85.250000 0.727727 677.291941 0.000000 0.000000 0.000000 0.000000 0.727727 674.000000
 85.500000 0.731484 688.329586 0.000000 0.000000 0.000000 0.000000 0.731484 690.000000
 85.750000 0.731073 691.001505 0.000000 0.000000 0.000000 0.000000 0.731073 678.000000
 86.000000 0.726346 679.905028 0.000000 0.000000 0.000000 0.000000 0.726346 670.000000
 86.250000 0.723377 678.831821 0.000000 0.000000 0.000000 0.000000 0.723377 674.000000
 86.500000 0.734399 701.173155 0.000000 0.000000 0.000000 0.000000 0.734399 696.000000
 86.750000 0.731701 707.795592 0.000000 0.000000 0.000000 0.000000 0.731701 708.000000
 87.000000 0.732584 699.108820 0.000000 0.000000 0.000000 0.000000 0.732584 698.000000
 87.250000 0.730661 683.565219 0.000000 0.000000 0.000000 0.000000 0.730661 682.000000
 87.500000 0.726865 676.329239 0.000000 0.000000 0.000000 0.000000 0.726865 667.000000
 87.750000 0.729321 685.193277 0.000000 0.000000 0.000000 0.000000 0.729321 680.000000
 88.000000 0.728023 682.335557 0.000000 0.000000 0.000000 0.000000 0.728023 678.000000
 88.250000 0.729411 680.036605 0.000000 0.000000 0.000000 0.000000 0.729411 678.000000
 88.500000 0.722413 674.382304 0.000000 0.000000 0.000000 0.000000 0.722413 675.000000
 88.750000 0.724673 674.076619 0.000000 0.000000 0.000000 0.000000 0.724673 671.000000
 89.000000 0.723713 673.773551 0.000000 0.000000 0.000000 0.000000 0.723713 669.000000
 89.250000 0.726843 685.425142 0.000000 0.000000 0.000000 0.000000 0.726843 683.000000
 89.500000 0.725413 674.270793 0.000000 0.000000 0.000000 0.000000 0.725413 673.000000
 89.750000 0.722858 668.904585 0.000000 0.000000 0.000000 0.000000 0.722858 662.000000
 90.000000 0.725469 676.661859 0.000000 0.000000 0.000000 0.000000 0.725469 667.000000
 90.250000 0.725235 676.143382 0.000000 0.000000 0.000000 0.000000 0.725235 674.000000
 90.500000 0.731074 686.018279 0.000000 0.000000 0.000000 0.000000 0.731074 682.000000
 90.750000 0.727619 677.463214 0.000000 0.000000 0.000000 0.000000 0.727619 671.000000
 91.000000 0.726387 667.496983 0.000000 0.000000 0.000000 0.000000 0.726387 663.000000
 91.250000 0.722879 673.119853 0.000000 0.000000 0.000000 0.000000 0.722879 669.000000
 91.500000 0.723891 672.004079 0.000000 0.000000 0.000000 0.000000 0.723891 672.000000
 91.750000 0.727895 682.959950 0.000000 0.000000 0.000000 0.000000 0.727895 679.000000
 92.000000 0.725168 670.841297 0.000000 0.000000 0.000000 0.000000 0.725168 670.000000
 92.250000 0.722655 669.961291 0.000000 0.000000 0.000000 0.000000 0.722655 674.000000
 92.500000 0.720460 664.573489 0.000000 0.000000 0.000000 0.000000 0.720460 665.000000
 92.750000 0.722740 663.246398 0.000000 0.000000 0.000000 0.000000 0.722740 658.000000
 93.000000 0.723972 671.417048 0.000000 0.000000 0.000000 0.000000 0.723972 668.000000
 93.250000 0.726749 669.364643 0.000000 0.000000 0.000000 0.000000 0.726749 669.000000
 93.500000 0.725384 680.291651 0.000000 0.000000 0.000000 0.000000 0.725384 677.000000
 93.750000 0.724225 673.299294 0.000000 0.000000 0.000000 0.000000 0.724225 665.000000
 94.000000 0.722490 674.241110 0.000000 0.000000 0.000000 0.000000 0.722490 668.000000
 94.250000 0.725134 684.501690 0.000000 0.000000 0.000000 0.000000 0.725134 683.000000
 94.500000 0.722874 672.556736 0.000000 0.000000 0.000000 0.000000 0.722874 668.000000
 94.750000 0.720410 667.206013 0.000000 0.000000 0.000000 0.000000 0.720410 664.000000
 95.000000 0.722423 677.502219 0.000000 0.000000 0.000000 0.000000 0.722423 674.000000
 95.250000 0.727822 680.257407 0.000000 0.000000 0.000000 0.000000 0.727822 676.000000
 95.500000 0.730092 694.106645 0.000000 0.000000 0.000000 0.000000 0.730092 696.000000
 95.750000 0.730862 700.210264 0.000000 0.000000 0.000000 0.000000 0.730862 698.000000
 96.000000 0.729054 684.467703 0.000000 0.000000 0.000000 0.000000 0.729054 678.000000
 96.250000 0.727420 687.045278 0.000000 0.000000 0.000000 0.000000 0.727420 683.000000
 96.500000 0.723031 679.562830 0.000000 0.000000 0.000000 0.000000 0.723031 671.000000
 96.750000 0.724922 673.653722 0.000000 0.000000 0.000000 0.000000 0.724922 669.000000
 97.000000 0.725982 669.159016 0.000000 0.000000 0.000000 0.000000 0.725982 658.000000
 97.250000 0.726209 679.432842 0.000000 0.000000 0.000000 0.000000 0.726209 673.000000
 97.500000 0.723865 670.970989 0.000000 0.000000 0.000000 0.000000 0.723865 668.000000
 97.750000 0.727636 678.677168 0.000000 0.000000 0.000000 0.000000 0.727636 672.000000
 98.000000 0.722908 663.269413 0.000000 0.000000 0.000000 0.000000 0.722908 656.000000
 98.250000 0.724426 680.646410 0.000000 0.000000 0.000000 0.000000 0.724426 677.000000
 98.500000 0.724245 676.781637 0.000000 0.000000 0.000000 0.000000 0.724245 668.000000
 98.750000 0.721811 670.318361 0.000000 0.000000 0.000000 0.000000 0.721811 666.000000
 99.000000 0.729809 679.217721 0.000000 0.000000 0.000000 0.000000 0.729809 679.000000
 99.250000 0.725089 672.862207 0.000000 0.000000 0.000000 0.000000 0.725089 663.000000
 99.500000 0.730402 687.113945 0.000000 0.000000 0.000000 0.000000 0.730402 681.000000
 99.750000 0.729529 682.710199 0.000000 0.000000 0.000000 0.000000 0.729529 677.000000
 100.000000 0.730206 687.278760 0.000000 0.000000 0.000000 0.000000 0.730206 688.000000
 100.250000 0.731109 692.225756 0.000000 0.000000 0.000000 0.000000 0.731109 686.000000
