#! FIELDS time refcv.mean refcv.morethan uwall.bias uwall.force2 lwall.bias lwall.force2 refcv2.mean refcv2.morethan
 0.750000 0.866235 373.121446 0.000000 0.000000 0.000000 0.000000 0.910919 396.000000
 1.000000 0.856634 369.879599 0.000000 0.000000 0.000000 0.000000 0.903201 401.000000
 1.250000 0.845996 350.798646 0.000000 0.000000 0.000000 0.000000 0.892666 393.000000
 1.500000 0.840961 348.051282 0.000000 0.000000 0.000000 0.000000 0.886683 389.000000
 1.750000 0.837718 346.518539 0.000000 0.000000 0.000000 0.000000 0.883884 391.034079
 2.000000 0.846980 353.263092 0.000000 0.000000 0.000000 0.000000 0.892678 385.000000
 2.250000 0.834482 340.278507 0.000000 0.000000 0.000000 0.000000 0.881112 387.000000
 2.500000 0.839149 341.536331 0.000000 0.000000 0.000000 0.000000 0.885415 388.000000
 2.750000 0.843540 345.875665 0.000000 0.000000 0.000000 0.000000 0.890322 394.000000
 3.000000 0.841015 341.947292 0.000000 0.000000 0.000000 0.000000 0.887954 383.000000
 3.250000 0.837752 337.427924 0.000000 0.000000 0.000000 0.000000 0.883989 380.000000
 3.500000 0.832827 335.430987 0.000000 0.000000 0.323776 1.295104 0.879092 381.000000
 3.750000 0.836203 340.177514 0.000000 0.000000 0.000000 0.000000 0.882107 376.000000
 4.000000 0.840648 345.902272 0.000000 0.000000 0.000000 0.000000 0.886472 384.000000
 4.250000 0.835281 338.114396 0.000000 0.000000 0.000000 0.000000 0.881709 383.000000
 4.500000 0.835073 336.358667 0.000000 0.000000 0.000000 0.000000 0.880985 379.000000
 4.750000 0.834401 337.695948 0.000000 0.000000 0.000000 0.000000 0.880696 377.000000
 5.000000 0.836965 335.982812 0.000000 0.000000 0.000295 0.001182 0.883356 371.000000
 5.250000 0.837164 337.508912 0.000000 0.000000 0.000000 0.000000 0.883542 383.000000
 5.500000 0.836706 338.559487 0.000000 0.000000 0.000000 0.000000 0.882601 376.000000
 5.750000 0.835210 335.432716 0.000000 0.000000 0.321811 1.287243 0.881085 373.000000
 6.000000 0.834380 337.182309 0.000000 0.000000 0.000000 0.000000 0.880190 380.000000
 6.250000 0.834813 334.907931 0.000000 0.000000 1.192616 4.770462 0.880896 370.000000
 6.500000 0.835895 336.551542 0.000000 0.000000 0.000000 0.000000 0.882037 371.000000
 6.750000 0.834340 337.443963 0.000000 0.000000 0.000000 0.000000 0.880547 376.000000
 7.000000 0.833277 335.195165 0.000000 0.000000 0.647760 2.591039 0.879102 374.000000
 7.250000 0.833880 335.358579 0.000000 0.000000 0.411421 1.645685 0.880138 375.000000
 7.500000 0.835425 335.808801 0.000000 0.000000 0.036557 0.146228 0.881605 377.000000
 7.750000 0.833456 336.368604 0.000000 0.000000 0.000000 0.000000 0.879260 378.000000
 8.000000 0.835493 334.296468 0.000000 0.000000 2.902023 11.608090 0.881063 366.000000
 8.250000 0.836048 341.317523 0.000000 0.000000 0.000000 0.000000 0.881657 380.000000
 8.500000 0.834877 337.900601 0.000000 0.000000 0.000000 0.000000 0.880513 377.000000
 8.750000 0.836587 338.842391 0.000000 0.000000 0.000000 0.000000 0.882651 383.000000
 9.000000 0.838953 341.370351 0.000000 0.000000 0.000000 0.000000 0.885365 383.000000
 9.250000 0.837924 338.257795 0.000000 0.000000 0.000000 0.000000 0.884287 383.000000
 9.500000 0.837631 333.937633 0.000000 0.000000 4.253358 17.013433 0.883684 372.000000
 9.750000 0.838847 340.053957 0.000000 0.000000 0.000000 0.000000 0.884911 377.000000
 10.000000 0.835608 336.854590 0.000000 0.000000 0.000000 0.000000 0.881715 371.000000
 10.250000 0.832792 334.831759 0.000000 0.000000 1.364786 5.459145 0.878404 374.000000
 10.500000 0.836104 338.075853 0.000000 0.000000 0.000000 0.000000 0.881430 377.000000
 10.750000 0.835457 338.147005 0.000000 0.000000 0.000000 0.000000 0.882013 388.000000
 11.000000 0.834779 336.559137 0.000000 0.000000 0.000000 0.000000 0.881460 375.000000
 11.250000 0.830502 332.900019 0.000000 0.000000 9.609884 38.439535 0.876377 380.000000
 11.500000 0.834634 338.284778 0.000000 0.000000 0.000000 0.000000 0.880310 382.000000
 11.750000 0.839814 343.786247 0.000000 0.000000 0.000000 0.000000 0.885982 384.000000
 12.000000 0.835135 338.664634 0.000000 0.000000 0.000000 0.000000 0.881548 381.000000
 12.250000 0.831934 335.819175 0.000000 0.000000 0.032698 0.130790 0.877801 372.000000
 12.500000 0.830260 334.804766 0.000000 0.000000 1.428584 5.714338 0.876385 368.000000
 12.750000 0.833154 336.186790 0.000000 0.000000 0.000000 0.000000 0.879393 382.000000
 13.000000 0.831338 332.689066 0.000000 0.000000 10.962285 43.849139 0.877657 374.000000
 13.250000 0.836004 335.533947 0.000000 0.000000 0.217205 0.868820 0.882613 366.000000
 13.500000 0.840154 336.066424 0.000000 0.000000 0.000000 0.000000 0.886995 370.000000
 13.750000 0.838363 335.020722 0.000000 0.000000 0.958986 3.835945 0.884461 370.000000
 14.000000 0.836846 338.590755 0.000000 0.000000 0.000000 0.000000 0.882726 372.000000
 14.250000 0.838980 334.482681 0.000000 0.000000 2.302256 9.209023 0.885221 370.000000
 14.500000 0.840045 334.616303 0.000000 0.000000 1.914617 7.658469 0.887243 370.000000
 14.750000 0.837615 334.159700 0.000000 0.000000 3.386705 13.546822 0.884682 374.000000
 15.000000 0.839562 337.286507 0.000000 0.000000 0.000000 0.000000 0.885792 374.000000
 15.250000 0.836370 340.461438 0.000000 0.000000 0.000000 0.000000 0.882434 384.000000
 15.500000 0.842115 342.630328 0.000000 0.000000 0.000000 0.000000 0.887763 377.000000
 15.750000 0.839910 348.044163 0.000000 0.000000 0.000000 0.000000 0.885815 385.000000
 16.000000 0.836641 341.176052 0.000000 0.000000 0.000000 0.000000 0.882900 385.000000
 16.250000 0.837909 335.388770 0.000000 0.000000 0.373602 1.494407 0.884491 385.000000
 16.500000 0.839544 342.894927 0.000000 0.000000 0.000000 0.000000 0.886317 381.000000
 16.750000 0.838812 338.934169 0.000000 0.000000 0.000000 0.000000 0.885228 380.000000
 17.000000 0.834218 336.759044 0.000000 0.000000 0.000000 0.000000 0.880523 395.000000
 17.250000 0.833640 337.659729 0.000000 0.000000 0.000000 0.000000 0.880215 386.000000
 17.500000 0.842446 343.297725 0.000000 0.000000 0.000000 0.000000 0.889262 380.000000
 17.750000 0.841210 344.485350 0.000000 0.000000 0.000000 0.000000 0.888067 384.000000
 18.000000 0.834789 337.124186 0.000000 0.000000 0.000000 0.000000 0.880785 376.000000
 18.250000 0.837936 342.590830 0.000000 0.000000 0.000000 0.000000 0.883806 381.000000
 18.500000 0.837276 338.699782 0.000000 0.000000 0.000000 0.000000 0.884193 381.000000
 18.750000 0.835613 336.412271 0.000000 0.000000 0.000000 0.000000 0.882256 374.000000
 19.000000 0.834365 336.277652 0.000000 0.000000 0.000000 0.000000 0.880575 387.000000
 19.250000 0.836488 337.011253 0.000000 0.000000 0.000000 0.000000 0.883063 376.000000
 19.500000 0.838444 337.542044 0.000000 0.000000 0.000000 0.000000 0.885225 383.000000
 19.750000 0.838730 336.467453 0.000000 0.000000 0.000000 0.000000 0.885192 382.000000
 20.000000 0.837177 336.866889 0.000000 0.000000 0.000000 0.000000 0.883868 376.000000
 20.250000 0.839610 344.219031 0.000000 0.000000 0.000000 0.000000 0.886387 388.000000
 20.500000 0.834536 336.907307 0.000000 0.000000 0.000000 0.000000 0.881223 389.000000
 20.750000 0.832916 337.204730 0.000000 0.000000 0.000000 0.000000 0.878931 386.000000
 21.000000 0.834453 338.496106 0.000000 0.000000 0.000000 0.000000 0.881242 386.000000
 21.250000 0.839436 342.530194 0.000000 0.000000 0.000000 0.000000 0.886317 382.000000
 21.500000 0.835758 338.031854 0.000000 0.000000 0.000000 0.000000 0.882441 395.000000
 21.750000 0.833821 338.535630 0.000000 0.000000 0.000000 0.000000 0.879765 388.000000
 22.000000 0.836519 338.254803 0.000000 0.000000 0.000000 0.000000 0.882162 376.000000
 22.250000 0.831575 335.127145 0.000000 0.000000 0.761876 3.047504 0.878120 372.000000
 22.500000 0.836416 338.533288 0.000000 0.000000 0.000000 0.000000 0.882716 380.000000
 22.750000 0.837957 337.091085 0.000000 0.000000 0.000000 0.000000 0.884456 380.000000
 23.000000 0.839422 335.352258 0.000000 0.000000 0.419570 1.678278 0.886359 377.000000
 23.250000 0.836845 335.358694 0.000000 0.000000 0.411274 1.645095 0.884353 386.000000
 23.500000 0.835130 332.791319 0.000000 0.000000 10.295636 41.182543 0.882401 378.000000
 23.750000 0.838754 335.449064 0.000000 0.000000 0.303531 1.214124 0.885436 384.000000
 24.000000 0.837024 337.477903 0.000000 0.000000 0.000000 0.000000 0.883762 382.000000
 24.250000 0.838775 337.263327 0.000000 0.000000 0.000000 0.000000 0.885457 385.000000
 24.500000 0.837159 336.370847 0.000000 0.000000 0.000000 0.000000 0.883946 389.000000
 24.750000 0.840761 341.644471 0.000000 0.000000 0.000000 0.000000 0.887398 383.000000
 25.000000 0.839317 344.567434 0.000000 0.000000 0.000000 0.000000 0.885692 389.000000
 25.250000 0.840212 340.815228 0.000000 0.000000 0.000000 0.000000 0.886469 382.000000
 25.500000 0.836115 338.733611 0.000000 0.000000 0.000000 0.000000 0.882911 383.000000
 25.750000 0.836788 338.586695 0.000000 0.000000 0.000000 0.000000 0.883795 390.000000
 26.000000 0.837888 338.843090 0.000000 0.000000 0.000000 0.000000 0.884844 385.000000
 26.250000 0.836977 341.267582 0.000000 0.000000 0.000000 0.000000 0.883459 390.000000
 26.500000 0.831735 335.273303 0.000000 0.000000 0.528089 2.112354 0.878118 378.000000
 26.750000 0.833881 336.268260 0.000000 0.000000 0.000000 0.000000 0.880857 380.000000
 27.000000 0.834245 334.847312 0.000000 0.000000 1.328690 5.314759 0.881506 386.000000
 27.250000 0.830249 333.712381 0.000000 0.000000 5.233202 20.932809 0.877140 380.000000
 27.500000 0.833525 335.415945 0.000000 0.000000 0.341121 1.364483 0.879811 369.000000
 27.750000 0.840592 344.679731 0.000000 0.000000 0.000000 0.000000 0.886743 391.000000
 28.000000 0.838654 337.687130 0.000000 0.000000 0.000000 0.000000 0.885394 385.000000
 28.250000 0.833859 337.855735 0.000000 0.000000 0.000000 0.000000 0.880412 374.000000
 28.500000 0.831748 337.600286 0.000000 0.000000 0.000000 0.000000 0.877895 386.000000
 28.750000 0.836237 335.509518 0.000000 0.000000 0.240573 0.962290 0.882212 374.000000
 29.000000 0.836366 336.323407 0.000000 0.000000 0.000000 0.000000 0.883236 376.000000
 29.250000 0.841384 338.338623 0.000000 0.000000 0.000000 0.000000 0.887778 387.000000
 29.500000 0.841632 346.182064 0.000000 0.000000 0.000000 0.000000 0.887977 385.000000
 29.750000 0.842880 345.743259 0.000000 0.000000 0.000000 0.000000 0.889552 391.000000
 30.000000 0.844060 345.761008 0.000000 0.000000 0.000000 0.000000 0.890355 385.000000
 30.250000 0.833841 336.213945 0.000000 0.000000 0.000000 0.000000 0.880379 385.000000
 30.500000 0.837762 336.830355 0.000000 0.000000 0.000000 0.000000 0.883938 378.000000
 30.750000 0.839229 339.190131 0.000000 0.000000 0.000000 0.000000 0.885406 385.000000
 31.000000 0.837269 340.281232 0.000000 0.000000 0.000000 0.000000 0.883938 392.000000
 31.250000 0.841311 342.017533 0.000000 0.000000 0.000000 0.000000 0.887848 381.000000
 31.500000 0.835634 335.176751 0.000000 0.000000 0.677738 2.710953 0.883153 384.000000
 31.750000 0.843271 341.033958 0.000000 0.000000 0.000000 0.000000 0.890015 386.000000
 32.000000 0.838459 337.597194 0.000000 0.000000 0.000000 0.000000 0.885027 384.000000
 32.250000 0.839067 335.424879 0.000000 0.000000 0.330764 1.323056 0.885370 377.000000
 32.500000 0.839793 339.054555 0.000000 0.000000 0.000000 0.000000 0.886165 377.000000
 32.750000 0.839523 336.222020 0.000000 0.000000 0.000000 0.000000 0.886574 380.000000
 33.000000 0.842340 337.444297 0.000000 0.000000 0.000000 0.000000 0.889082 381.000000
 33.250000 0.839972 339.219612 0.000000 0.000000 0.000000 0.000000 0.886976 382.000000
 33.500000 0.841103 338.759058 0.000000 0.000000 0.000000 0.000000 0.888005 384.000000
 33.750000 0.837572 336.244525 0.000000 0.000000 0.000000 0.000000 0.884577 378.000000
 34.000000 0.838421 334.968287 0.000000 0.000000 1.064431 4.257726 0.884841 376.000000
 34.250000 0.839193 336.551104 0.000000 0.000000 0.000000 0.000000 0.886245 379.000000
 34.500000 0.841190 336.942579 0.000000 0.000000 0.000000 0.000000 0.888939 376.000000
 34.750000 0.840165 335.105483 0.000000 0.000000 0.800160 3.200640 0.887370 374.000000
 35.000000 0.837163 336.803042 0.000000 0.000000 0.000000 0.000000 0.884051 379.000000
 35.250000 0.838261 334.737096 0.000000 0.000000 1.594926 6.379703 0.885683 377.000000
 35.500000 0.839987 335.633655 0.000000 0.000000 0.134209 0.536836 0.887727 380.000000
 35.750000 0.839630 337.610433 0.000000 0.000000 0.000000 0.000000 0.886913 386.000000
 36.000000 0.837889 337.775589 0.000000 0.000000 0.000000 0.000000 0.884466 379.000000
 36.250000 0.837350 335.599579 0.000000 0.000000 0.160337 0.641347 0.884057 368.000000
 36.500000 0.844540 342.580611 0.000000 0.000000 0.000000 0.000000 0.890708 373.000000
 36.750000 0.835688 336.307059 0.000000 0.000000 0.000000 0.000000 0.881551 377.000000
 37.000000 0.837261 337.843975 0.000000 0.000000 0.000000 0.000000 0.882811 375.000000
 37.250000 0.840980 334.424415 0.000000 0.000000 2.482469 9.929876 0.888049 368.000000
 37.500000 0.844121 336.104529 0.000000 0.000000 0.000000 0.000000 0.891066 375.000000
 37.750000 0.840239 336.923530 0.000000 0.000000 0.000000 0.000000 0.886766 374.000000
 38.000000 0.838713 337.426051 0.000000 0.000000 0.000000 0.000000 0.884830 373.000000
 38.250000 0.837694 336.786498 0.000000 0.000000 0.000000 0.000000 0.884810 381.000000
 38.500000 0.841561 336.006349 0.000000 0.000000 0.000000 0.000000 0.888676 375.000000
 38.750000 0.835962 334.887598 0.000000 0.000000 1.237437 4.949749 0.883061 379.000000
 39.000000 0.838014 336.833211 0.000000 0.000000 0.000000 0.000000 0.884176 371.000000
 39.250000 0.833641 336.402103 0.000000 0.000000 0.000000 0.000000 0.880285 372.000000
 39.500000 0.836583 336.052558 0.000000 0.000000 0.000000 0.000000 0.883273 379.000000
 39.750000 0.841981 336.061597 0.000000 0.000000 0.000000 0.000000 0.888799 369.000000
 40.000000 0.838477 336.342625 0.000000 0.000000 0.000000 0.000000 0.885303 379.000000
 40.250000 0.835690 335.996965 0.000000 0.000000 0.000009 0.000037 0.881564 369.000000
 40.500000 0.832701 333.708657 0.000000 0.000000 5.250254 21.001017 0.879052 367.000000
 40.750000 0.836494 335.342993 0.000000 0.000000 0.431658 1.726631 0.882850 365.000000
 41.000000 0.833244 335.191079 0.000000 0.000000 0.654354 2.617415 0.879712 371.000000
 41.250000 0.837680 335.740536 0.000000 0.000000 0.067321 0.269285 0.884075 370.000000
 41.500000 0.837610 335.406057 0.000000 0.000000 0.352768 1.411071 0.884625 372.000000
 41.750000 0.835788 334.631250 0.000000 0.000000 1.873477 7.493910 0.882411 372.000000
 42.000000 0.836600 334.686467 0.000000 0.000000 1.725368 6.901472 0.882954 372.000000
 42.250000 0.835248 335.699156 0.000000 0.000000 0.090507 0.362029 0.881521 368.000000
 42.500000 0.836947 333.873931 0.000000 0.000000 4.520171 18.080683 0.883357 369.000000
 42.750000 0.841551 340.884888 0.000000 0.000000 0.000000 0.000000 0.887790 367.000000
 43.000000 0.835955 335.594066 0.000000 0.000000 0.164782 0.659129 0.882410 379.000000
 43.250000 0.834109 338.287198 0.000000 0.000000 0.000000 0.000000 0.880501 373.000000
 43.500000 0.837548 337.335771 0.000000 0.000000 0.000000 0.000000 0.883842 369.000000
 43.750000 0.836372 333.669010 0.000000 0.000000 5.433514 21.734057 0.882883 373.000000
 44.000000 0.837418 337.501368 0.000000 0.000000 0.000000 0.000000 0.883885 374.000000
 44.250000 0.838775 335.722918 0.000000 0.000000 0.076774 0.307097 0.884955 371.000000
 44.500000 0.838757 336.531421 0.000000 0.000000 0.000000 0.000000 0.885076 369.000000
 44.750000 0.839608 335.080091 0.000000 0.000000 0.846232 3.384928 0.886398 367.000000
 45.000000 0.841669 335.589378 0.000000 0.000000 0.168610 0.674441 0.888410 367.000000
 45.250000 0.840853 335.552831 0.000000 0.000000 0.199960 0.799840 0.887325 371.000000
 45.500000 0.841715 335.888904 0.000000 0.000000 0.012342 0.049369 0.888046 374.000000
 45.750000 0.839131 335.203269 0.000000 0.000000 0.634781 2.539123 0.885482 369.000000
 46.000000 0.837963 336.358005 0.000000 0.000000 0.000000 0.000000 0.884209 374.000000
 46.250000 0.841612 335.048401 0.000000 0.000000 0.905541 3.622165 0.887713 363.000000
 46.500000 0.845076 338.096493 0.000000 0.000000 0.000000 0.000000 0.891926 372.000000
 46.750000 0.843066 337.382037 0.000000 0.000000 0.000000 0.000000 0.890010 374.000000
 47.000000 0.843440 335.301240 0.000000 0.000000 0.488266 1.953063 0.890163 377.000000
 47.250000 0.844503 336.161291 0.000000 0.000000 0.000000 0.000000 0.891884 374.000000
 47.500000 0.843719 334.731765 0.000000 0.000000 1.608419 6.433677 0.890793 364.000000
 47.750000 0.836848 335.330489 0.000000 0.000000 0.448244 1.792978 0.883827 371.000000
 48.000000 0.840115 334.782497 0.000000 0.000000 1.482314 5.929258 0.886613 373.000000
 48.250000 0.842028 335.628343 0.000000 0.000000 0.138129 0.552516 0.889032 369.000000
 48.500000 0.837190 336.320609 0.000000 0.000000 0.000000 0.000000 0.884151 376.000000
 48.750000 0.838471 335.795024 0.000000 0.000000 0.042015 0.168061 0.884728 371.000000
 49.000000 0.841322 337.406738 0.000000 0.000000 0.000000 0.000000 0.887914 383.000000
 49.250000 0.840051 335.928322 0.000000 0.000000 0.005138 0.020551 0.887026 376.000000
 49.500000 0.839377 334.203257 0.000000 0.000000 3.228287 12.913148 0.886190 369.000000
 49.750000 0.840191 334.798339 0.000000 0.000000 1.443990 5.775958 0.887212 372.000000
 50.000000 0.838129 335.555810 0.000000 0.000000 0.197304 0.789217 0.885797 375.000000
 50.250000 0.838042 336.707906 0.000000 0.000000 0.000000 0.000000 0.884667 374.000000
 50.500000 0.834230 334.542321 0.000000 0.000000 2.124828 8.499314 0.881246 372.000000
 50.750000 0.839108 336.587384 0.000000 0.000000 0.000000 0.000000 0.885753 381.000000
 51.000000 0.835351 334.702162 0.000000 0.000000 1.684384 6.737538 0.882303 374.000000
 51.250000 0.839386 334.401991 0.000000 0.000000 2.553634 10.214537 0.886051 367.000000
 51.500000 0.839967 337.267604 0.000000 0.000000 0.000000 0.000000 0.886899 370.000000
 51.750000 0.836431 335.169183 0.000000 0.000000 0.690258 2.761030 0.882766 372.000000
 52.000000 0.835095 333.124106 0.000000 0.000000 8.270768 33.083070 0.881640 375.000000
 52.250000 0.835554 336.213046 0.000000 0.000000 0.000000 0.000000 0.882073 370.000000
 52.500000 0.837886 334.467781 0.000000 0.000000 2.347695 9.390782 0.884260 377.000000
 52.750000 0.837334 336.037397 0.000000 0.000000 0.000000 0.000000 0.883933 373.000000
 53.000000 0.834003 335.772064 0.000000 0.000000 0.051955 0.207820 0.880324 373.000000
 53.250000 0.834006 336.921876 0.000000 0.000000 0.000000 0.000000 0.880398 374.000000
 53.500000 0.833500 336.434693 0.000000 0.000000 0.000000 0.000000 0.879628 371.000000
 53.750000 0.834392 338.550872 0.000000 0.000000 0.000000 0.000000 0.880232 373.000000
 54.000000 0.834294 335.030442 0.000000 0.000000 0.940043 3.760172 0.880034 370.000000
 54.250000 0.837888 339.027687 0.000000 0.000000 0.000000 0.000000 0.883773 374.000000
 54.500000 0.835076 334.311188 0.000000 0.000000 2.852087 11.408346 0.882147 369.000000
 54.750000 0.838003 337.154431 0.000000 0.000000 0.000000 0.000000 0.884249 367.000000
 55.000000 0.835560 335.256450 0.000000 0.000000 0.552866 2.211466 0.881313 377.000000
 55.250000 0.837491 339.126011 0.000000 0.000000 0.000000 0.000000 0.883421 374.000000
 55.500000 0.839290 335.940082 0.000000 0.000000 0.003590 0.014360 0.886215 378.000000
 55.750000 0.841978 337.808707 0.000000 0.000000 0.000000 0.000000 0.888456 376.000000
 56.000000 0.839042 339.323940 0.000000 0.000000 0.000000 0.000000 0.884864 378.000000
 56.250000 0.837224 335.641039 0.000000 0.000000 0.128853 0.515413 0.883117 377.000000
 56.500000 0.837151 336.574764 0.000000 0.000000 0.000000 0.000000 0.883231 379.000000
 56.750000 0.836729 336.999839 0.000000 0.000000 0.000000 0.000000 0.882994 381.000000
 57.000000 0.837876 336.687205 0.000000 0.000000 0.000000 0.000000 0.883858 374.000000
 57.250000 0.835160 333.480502 0.000000 0.000000 6.347873 25.391490 0.881608 374.000000
 57.500000 0.841391 342.329671 0.000000 0.000000 0.000000 0.000000 0.887443 380.000000
 57.750000 0.835676 332.676251 0.000000 0.000000 11.047305 44.189222 0.881912 370.000000
 58.000000 0.834321 338.658659 0.000000 0.000000 0.000000 0.000000 0.880480 386.000000
 58.250000 0.836345 335.447560 0.000000 0.000000 0.305190 1.220758 0.882102 371.000000
 58.500000 0.836333 335.530578 0.000000 0.000000 0.220357 0.881427 0.882047 365.000000
 58.750000 0.834457 334.727495 0.000000 0.000000 1.619270 6.477079 0.880635 372.000000
 59.000000 0.838811 336.630727 0.000000 0.000000 0.000000 0.000000 0.884861 375.000000
 59.250000 0.838519 336.011160 0.000000 0.000000 0.000000 0.000000 0.884779 375.000000
 59.500000 0.838493 338.925066 0.000000 0.000000 0.000000 0.000000 0.884739 373.000000
 59.750000 0.833468 336.119438 0.000000 0.000000 0.000000 0.000000 0.879854 375.000000
 60.000000 0.832968 339.965787 0.000000 0.000000 0.000000 0.000000 0.879285 381.000000
 60.250000 0.836067 341.159652 0.000000 0.000000 0.000000 0.000000 0.881657 377.000000
 60.500000 0.832892 336.308974 0.000000 0.000000 0.000000 0.000000 0.879056 374.000000
 60.750000 0.837696 337.536860 0.000000 0.000000 0.000000 0.000000 0.883880 376.000000
 61.000000 0.837326 336.421075 0.000000 0.000000 0.000000 0.000000 0.884084 372.000000
 61.250000 0.835739 333.941626 0.000000 0.000000 4.236903 16.947612 0.882734 373.000000
 61.500000 0.840275 340.622992 0.000000 0.000000 0.000000 0.000000 0.886570 378.000000
 61.750000 0.837108 333.854902 0.000000 0.000000 4.601447 18.405787 0.883615 369.000000
 62.000000 0.837098 336.485066 0.000000 0.000000 0.000000 0.000000 0.883622 377.000000
 62.250000 0.835973 334.057795 0.000000 0.000000 3.772159 15.088637 0.881982 368.000000
 62.500000 0.836218 335.690179 0.000000 0.000000 0.095989 0.383957 0.882256 369.000000
 62.750000 0.844267 343.098927 0.000000 0.000000 0.000000 0.000000 0.890527 379.000000
 63.000000 0.840933 337.361461 0.000000 0.000000 0.000000 0.000000 0.888041 378.000000
 63.250000 0.838701 335.885930 0.000000 0.000000 0.013012 0.052048 0.884927 377.000000
 63.500000 0.834795 336.685984 0.000000 0.000000 0.000000 0.000000 0.880821 377.000000
 63.750000 0.837118 337.250507 0.000000 0.000000 0.000000 0.000000 0.883738 379.000000
 64.000000 0.835878 337.292308 0.000000 0.000000 0.000000 0.000000 0.882798 379.000000
 64.250000 0.836904 337.962756 0.000000 0.000000 0.000000 0.000000 0.883279 373.000000
 64.500000 0.835194 336.709166 0.000000 0.000000 0.000000 0.000000 0.881490 383.000000
 64.750000 0.835515 334.346858 0.000000 0.000000 2.732880 10.931519 0.881637 375.000000
 65.000000 0.835604 339.270176 0.000000 0.000000 0.000000 0.000000 0.881593 378.000000
 65.250000 0.832329 335.366497 0.000000 0.000000 0.401326 1.605304 0.878555 381.000000
 65.500000 0.835168 338.127447 0.000000 0.000000 0.000000 0.000000 0.881477 389.000000
 65.750000 0.836565 339.945690 0.000000 0.000000 0.000000 0.000000 0.882802 379.000000
 66.000000 0.838018 345.251129 0.000000 0.000000 0.000000 0.000000 0.883993 383.000000
 66.250000 0.834732 340.364674 0.000000 0.000000 0.000000 0.000000 0.880453 381.000000
 66.500000 0.829607 337.292778 0.000000 0.000000 0.000000 0.000000 0.875992 383.000000
 66.750000 0.837600 345.206262 0.000000 0.000000 0.000000 0.000000 0.883563 387.000000
 67.000000 0.837906 343.458891 0.000000 0.000000 0.000000 0.000000 0.883642 381.000000
 67.250000 0.837644 341.258895 0.000000 0.000000 0.000000 0.000000 0.883541 379.000000
 67.500000 0.836270 339.257161 0.000000 0.000000 0.000000 0.000000 0.882274 382.000000
 67.750000 0.835255 334.056306 0.000000 0.000000 3.777945 15.111780 0.880957 372.000000
 68.000000 0.836998 340.710237 0.000000 0.000000 0.000000 0.000000 0.882989 379.000000
 68.250000 0.836546 338.243851 0.000000 0.000000 0.000000 0.000000 0.883067 380.000000
 68.500000 0.841372 340.242544 0.000000 0.000000 0.000000 0.000000 0.887201 383.000000
 68.750000 0.834122 335.045852 0.000000 0.000000 0.910399 3.641596 0.880056 382.000000
 69.000000 0.839845 344.390511 0.000000 0.000000 0.000000 0.000000 0.885581 387.000000
 69.250000 0.846197 349.909140 0.000000 0.000000 0.000000 0.000000 0.892347 388.000000
 69.500000 0.842392 344.160995 0.000000 0.000000 0.000000 0.000000 0.888979 384.000000
 69.750000 0.836159 335.713544 0.000000 0.000000 0.082057 0.328228 0.882644 372.000000
 70.000000 0.837685 339.788846 0.000000 0.000000 0.000000 0.000000 0.883603 380.000000
 70.250000 0.842035 348.060577 0.000000 0.000000 0.000000 0.000000 0.887932 388.000000
 70.500000 0.837368 344.427395 0.000000 0.000000 0.000000 0.000000 0.883511 380.000000
 70.750000 0.831497 336.396597 0.000000 0.000000 0.000000 0.000000 0.877376 375.000000
 71.000000 0.830174 335.289206 0.000000 0.000000 0.505229 2.020915 0.876242 378.000000
 71.250000 0.841635 345.089612 0.000000 0.000000 0.000000 0.000000 0.887487 383.000000
 71.500000 0.846864 358.567078 0.000000 0.000000 0.000000 0.000000 0.893378 394.000000
 71.750000 0.838367 343.045276 0.000000 0.000000 0.000000 0.000000 0.884973 378.000000
 72.000000 0.837154 347.911376 0.000000 0.000000 0.000000 0.000000 0.882838 385.000000
 72.250000 0.835253 341.025860 0.000000 0.000000 0.000000 0.000000 0.881362 384.000000
 72.500000 0.836670 338.287822 0.000000 0.000000 0.000000 0.000000 0.882541 380.000000
 72.750000 0.838849 341.424486 0.000000 0.000000 0.000000 0.000000 0.884919 384.000000
 73.000000 0.843180 345.759279 0.000000 0.000000 0.000000 0.000000 0.889335 385.000000
 73.250000 0.850255 360.218066 0.000000 0.000000 0.000000 0.000000 0.896170 393.000000
 73.500000 0.843865 345.813612 0.000000 0.000000 0.000000 0.000000 0.890697 382.000000
 73.750000 0.838473 344.142409 0.000000 0.000000 0.000000 0.000000 0.884802 386.000000
 74.000000 0.837581 343.496309 0.000000 0.000000 0.000000 0.000000 0.883245 383.000000
 74.250000 0.831539 335.037975 0.000000 0.000000 0.925492 3.701967 0.878036 376.000000
 74.500000 0.842685 340.772112 0.000000 0.000000 0.000000 0.000000 0.889329 380.000000
 74.750000 0.840404 335.190081 0.000000 0.000000 0.655969 2.623878 0.887819 382.000000
 75.000000 0.843803 341.132005 0.000000 0.000000 0.000000 0.000000 0.890730 384.000000
 75.250000 0.836051 335.867814 0.000000 0.000000 0.017473 0.069893 0.883430 385.000000
 75.500000 0.837862 334.265564 0.000000 0.000000 3.008267 12.033070 0.885273 384.000000
 75.750000 0.838326 336.145668 0.000000 0.000000 0.000000 0.000000 0.885330 375.000000
 76.000000 0.835926 334.654470 0.000000 0.000000 1.810450 7.241801 0.882668 379.000000
 76.250000 0.843585 346.163506 0.000000 0.000000 0.000000 0.000000 0.890238 389.000000
 76.500000 0.846127 345.532737 0.000000 0.000000 0.000000 0.000000 0.892978 385.000000
 76.750000 0.842633 345.148362 0.000000 0.000000 0.000000 0.000000 0.889622 393.000000
 77.000000 0.843211 348.117760 0.000000 0.000000 0.000000 0.000000 0.889077 389.000000
 77.250000 0.837040 341.020248 0.000000 0.000000 0.000000 0.000000 0.883289 386.000000
 77.500000 0.837716 337.355013 0.000000 0.000000 0.000000 0.000000 0.884725 379.000000
 77.750000 0.839748 340.332382 0.000000 0.000000 0.000000 0.000000 0.886697 379.000000
 78.000000 0.842319 345.957846 0.000000 0.000000 0.000000 0.000000 0.888933 386.000000
 78.250000 0.838278 337.874886 0.000000 0.000000 0.000000 0.000000 0.884481 384.000000
 78.500000 0.835712 339.031645 0.000000 0.000000 0.000000 0.000000 0.882223 376.000000
 78.750000 0.841975 346.614133 0.000000 0.000000 0.000000 0.000000 0.888497 392.000000
 79.000000 0.843286 349.313443 0.000000 0.000000 0.000000 0.000000 0.889607 386.000000
 79.250000 0.836099 336.786158 0.000000 0.000000 0.000000 0.000000 0.882240 380.000000
 79.500000 0.836844 335.411439 0.000000 0.000000 0.346404 1.385617 0.883188 383.000000
 79.750000 0.839738 339.572019 0.000000 0.000000 0.000000 0.000000 0.886844 383.000000
 80.000000 0.838178 335.614702 0.000000 0.000000 0.148454 0.593817 0.885655 387.000000
 80.250000 0.840435 343.037660 0.000000 0.000000 0.000000 0.000000 0.886524 381.000000
 80.500000 0.835427 342.070971 0.000000 0.000000 0.000000 0.000000 0.881705 384.000000
 80.750000 0.836454 340.968177 0.000000 0.000000 0.000000 0.000000 0.882580 389.000000
 81.000000 0.833687 337.529542 0.000000 0.000000 0.000000 0.000000 0.880282 380.000000
 81.250000 0.834747 336.616700 0.000000 0.000000 0.000000 0.000000 0.881526 380.000000
 81.500000 0.841909 345.008503 0.000000 0.000000 0.000000 0.000000 0.888485 383.000000
 81.750000 0.840062 345.731754 0.000000 0.000000 0.000000 0.000000 0.886488 394.000000
 82.000000 0.841566 347.388815 0.000000 0.000000 0.000000 0.000000 0.887866 388.000000
 82.250000 0.839140 341.642474 0.000000 0.000000 0.000000 0.000000 0.885869 385.000000
 82.500000 0.843221 343.851064 0.000000 0.000000 0.000000 0.000000 0.889532 382.000000
 82.750000 0.841745 345.199447 0.000000 0.000000 0.000000 0.000000 0.888021 390.000000
 83.000000 0.843124 343.175686 0.000000 0.000000 0.000000 0.000000 0.889804 381.000000
 83.250000 0.842139 349.083183 0.000000 0.000000 0.000000 0.000000 0.888725 391.000000
 83.500000 0.833628 339.608499 0.000000 0.000000 0.000000 0.000000 0.879776 380.000000
 83.750000 0.832794 334.809111 0.000000 0.000000 1.418216 5.672864 0.878897 380.000000
 84.000000 0.844779 352.931901 0.000000 0.000000 0.000000 0.000000 0.891575 394.000000
 84.250000 0.838439 336.361284 0.000000 0.000000 0.000000 0.000000 0.885736 377.000000
 84.500000 0.839052 340.670475 0.000000 0.000000 0.000000 0.000000 0.885619 380.000000
 84.750000 0.835213 337.145963 0.000000 0.000000 0.000000 0.000000 0.881625 378.000000
 85.000000 0.837102 337.466933 0.000000 0.000000 0.000000 0.000000 0.883556 377.000000
 85.250000 0.838829 337.156444 0.000000 0.000000 0.000000 0.000000 0.885713 380.000000
 85.500000 0.837634 334.723800 0.000000 0.000000 1.628686 6.514745 0.884648 378.000000
 85.750000 0.836222 335.203828 0.000000 0.000000 0.633890 2.535560 0.883528 371.000000
 86.000000 0.835163 334.616779 0.000000 0.000000 1.913301 7.653205 0.882260 378.000000
 86.250000 0.835739 335.022969 0.000000 0.000000 0.954589 3.818355 0.882326 379.000000
 86.500000 0.838244 347.277308 0.000000 0.000000 0.000000 0.000000 0.883936 388.000000
 86.750000 0.833501 336.479690 0.000000 0.000000 0.000000 0.000000 0.879604 381.000000
 87.000000 0.833654 338.770626 0.000000 0.000000 0.000000 0.000000 0.880011 379.000000
 87.250000 0.835859 335.964514 0.000000 0.000000 0.001259 0.005037 0.882426 383.000000
 87.500000 0.839977 341.708762 0.000000 0.000000 0.000000 0.000000 0.886823 390.000000
 87.750000 0.842816 345.098089 0.000000 0.000000 0.000000 0.000000 0.889129 384.000000
 88.000000 0.831025 335.316602 0.000000 0.000000 0.467033 1.868132 0.876953 377.000000
 88.250000 0.831706 338.388615 0.000000 0.000000 0.000000 0.000000 0.877506 389.000000
 88.500000 0.836440 340.902374 0.000000 0.000000 0.000000 0.000000 0.882614 385.000000
 88.750000 0.843650 342.812287 0.000000 0.000000 0.000000 0.000000 0.889764 381.000000
 89.000000 0.835671 337.971585 0.000000 0.000000 0.000000 0.000000 0.882062 379.000000
 89.250000 0.834655 336.887332 0.000000 0.000000 0.000000 0.000000 0.881159 380.000000
 89.500000 0.840702 342.724115 0.000000 0.000000 0.000000 0.000000 0.887043 386.000000
 89.750000 0.837110 343.922021 0.000000 0.000000 0.000000 0.000000 0.883656 383.000000
 90.000000 0.835069 339.488725 0.000000 0.000000 0.000000 0.000000 0.881519 384.000000
 90.250000 0.840131 346.060460 0.000000 0.000000 0.000000 0.000000 0.886260 389.000000
 90.500000 0.840397 347.311777 0.000000 0.000000 0.000000 0.000000 0.886397 390.000000
 90.750000 0.834190 335.499963 0.000000 0.000000 0.250037 1.000149 0.880487 382.000000
 91.000000 0.832140 336.228801 0.000000 0.000000 0.000000 0.000000 0.878609 380.000000
 91.250000 0.839564 347.325693 0.000000 0.000000 0.000000 0.000000 0.885773 388.000000
 91.500000 0.844656 351.112480 0.000000 0.000000 0.000000 0.000000 0.890465 389.000000
 91.750000 0.838156 341.440011 0.000000 0.000000 0.000000 0.000000 0.884758 377.000000
 92.000000 0.838711 339.764674 0.000000 0.000000 0.000000 0.000000 0.884986 378.000000
 92.250000 0.840195 343.079560 0.000000 0.000000 0.000000 0.000000 0.886959 386.000000
 92.500000 0.837941 340.945411 0.000000 0.000000 0.000000 0.000000 0.884753 379.000000
 92.750000 0.836052 336.343894 0.000000 0.000000 0.000000 0.000000 0.882512 377.000000
 93.000000 0.841351 344.937495 0.000000 0.000000 0.000000 0.000000 0.887656 388.000000
 93.250000 0.842820 344.719855 0.000000 0.000000 0.000000 0.000000 0.889016 386.000000
 93.500000 0.839570 339.428467 0.000000 0.000000 0.000000 0.000000 0.885829 388.000000
 93.750000 0.839883 336.723092 0.000000 0.000000 0.000000 0.000000 0.886731 379.000000
 94.000000 0.840343 338.102999 0.000000 0.000000 0.000000 0.000000 0.887482 381.000000
 94.250000 0.837154 336.441309 0.000000 0.000000 0.000000 0.000000 0.883567 370.000000
 94.500000 0.838239 337.059571 0.000000 0.000000 0.000000 0.000000 0.884191 376.000000
 94.750000 0.840590 340.436185 0.000000 0.000000 0.000000 0.000000 0.886912 378.000000
 95.000000 0.838061 338.919059 0.000000 0.000000 0.000000 0.000000 0.884390 379.000000
 95.250000 0.835653 337.664830 0.000000 0.000000 0.000000 0.000000 0.881537 372.000000
 95.500000 0.839087 337.309778 0.000000 0.000000 0.000000 0.000000 0.885180 369.000000
 95.750000 0.844185 341.192329 0.000000 0.000000 0.000000 0.000000 0.890395 372.000000
 96.000000 0.840365 340.553636 0.000000 0.000000 0.000000 0.000000 0.886432 379.000000
 96.250000 0.833413 337.482967 0.000000 0.000000 0.000000 0.000000 0.879609 376.000000
 96.500000 0.837129 339.772145 0.000000 0.000000 0.000000 0.000000 0.883225 384.000000
 96.750000 0.837569 341.046863 0.000000 0.000000 0.000000 0.000000 0.884193 387.000000
 97.000000 0.835863 338.123633 0.000000 0.000000 0.000000 0.000000 0.882432 374.000000
 97.250000 0.836831 340.474387 0.000000 0.000000 0.000000 0.000000 0.882842 377.000000
 97.500000 0.834348 338.143202 0.000000 0.000000 0.000000 0.000000 0.880507 372.000000
 97.750000 0.834043 335.095581 0.000000 0.000000 0.817973 3.271892 0.880681 374.000000
 98.000000 0.836203 335.050194 0.000000 0.000000 0.902131 3.608523 0.882749 367.000000
 98.250000 0.836078 334.065505 0.000000 0.000000 3.742270 14.969079 0.882416 364.000000
 98.500000 0.836027 334.146772 0.000000 0.000000 3.434454 13.737814 0.882172 369.000000
 98.750000 0.836842 334.629605 0.000000 0.000000 1.877983 7.511933 0.883183 366.000000
 99.000000 0.833178 336.356379 0.000000 0.000000 0.000000 0.000000 0.880065 375.000000
 99.250000 0.831793 334.805925 0.000000 0.000000 1.425816 5.703263 0.878228 371.000000
 99.500000 0.835597 337.757981 0.000000 0.000000 0.000000 0.000000 0.881714 372.000000
 99.750000 0.831913 335.096985 0.000000 0.000000 0.815435 3.261741 0.878740 373.000000
 100.000000 0.831369 336.153612 0.000000 0.000000 0.000000 0.000000 0.877257 373.000000
 100.250000 0.828479 334.988100 0.000000 0.000000 1.023941 4.095763 0.874488 375.000000
 100.500000 0.831282 335.964067 0.000000 0.000000 0.001291 0.005165 0.877740 373.000000
