#! FIELDS time refcv.mean refcv.morethan uwall.bias uwall.force2 lwall.bias lwall.force2 refcv2.mean refcv2.morethan
 1.000000 1.616872 483.876310 0.000000 0.000000 0.000000 0.000000 1.616872 490.000000
 1.250000 1.619236 503.872012 0.000000 0.000000 0.000000 0.000000 1.619236 508.000000
 1.500000 1.606445 494.589914 0.000000 0.000000 0.000000 0.000000 1.606445 527.000000
 1.750000 1.618620 504.005254 0.000028 0.000110 0.000000 0.000000 1.618620 520.000000
 2.000000 1.610081 502.878110 0.000000 0.000000 0.000000 0.000000 1.610081 527.000000
 2.250000 1.611159 496.253688 0.000000 0.000000 0.000000 0.000000 1.611159 520.000000
 2.500000 1.614416 503.464783 0.000000 0.000000 0.000000 0.000000 1.614416 524.000000
 2.750000 1.613607 503.853570 0.000000 0.000000 0.000000 0.000000 1.613607 528.000000
 3.000000 1.611669 506.150121 4.623019 18.492077 0.000000 0.000000 1.611669 540.000000
 3.250000 1.613558 504.435267 0.189458 0.757831 0.000000 0.000000 1.613558 547.000000
 3.500000 1.610570 499.813373 0.000000 0.000000 0.000000 0.000000 1.610570 535.000000
 3.750000 1.612427 502.603597 0.000000 0.000000 0.000000 0.000000 1.612427 541.000000
 4.000000 1.611952 505.634292 2.670909 10.683636 0.000000 0.000000 1.611952 559.000000
 4.250000 1.612414 506.100955 4.414014 17.656056 0.000000 0.000000 1.612414 538.000000
 4.500000 1.611895 505.571215 2.468717 9.874868 0.000000 0.000000 1.611895 561.000000
 4.750000 1.611028 506.051383 4.208172 16.832689 0.000000 0.000000 1.611028 557.000000
 5.000000 1.610721 503.926706 0.000000 0.000000 0.000000 0.000000 1.610721 572.000000
 5.250000 1.610751 499.434242 0.000000 0.000000 0.000000 0.000000 1.610751 543.000000
 5.500000 1.609128 500.089505 0.000000 0.000000 0.000000 0.000000 1.609128 570.000000
 5.750000 1.608926 506.276998 5.184719 20.738877 0.000000 0.000000 1.608926 604.000000
 6.000000 1.608885 500.276934 0.000000 0.000000 0.000000 0.000000 1.608885 562.000000
 6.250000 1.610669 507.460120 11.972430 47.889719 0.000000 0.000000 1.610669 575.000000
 6.500000 1.609883 505.072321 1.149873 4.599493 0.000000 0.000000 1.609883 594.000000
 6.750000 1.607602 501.919594 0.000000 0.000000 0.000000 0.000000 1.607602 587.000000
 7.000000 1.609682 504.239461 0.057342 0.229366 0.000000 0.000000 1.609682 583.000000
 7.250000 1.609820 505.784947 3.186037 12.744148 0.000000 0.000000 1.609820 602.000000
 7.500000 1.607748 500.386234 0.000000 0.000000 0.000000 0.000000 1.607748 611.000000
 7.750000 1.609820 506.309061 5.331761 21.327046 0.000000 0.000000 1.609820 603.000000
 8.000000 1.608287 506.912915 8.485075 33.940301 0.000000 0.000000 1.608287 636.000000
 8.250000 1.607707 504.492703 0.242756 0.971026 0.000000 0.000000 1.607707 629.000000
 8.500000 1.608370 505.851544 3.428217 13.712868 0.000000 0.000000 1.608370 619.000000
 8.750000 1.607669 503.718316 0.000000 0.000000 0.000000 0.000000 1.607669 610.000000
 9.000000 1.607061 505.408628 1.984234 7.936936 0.000000 0.000000 1.607061 644.000000
 9.250000 1.607160 506.439803 5.952638 23.810551 0.000000 0.000000 1.607160 670.000000
 9.500000 1.606136 501.320574 0.000000 0.000000 0.000000 0.000000 1.606136 630.000000
 9.750000 1.608717 507.061795 9.374587 37.498348 0.000000 0.000000 1.608717 625.000000
 10.000000 1.607719 504.337112 0.113645 0.454578 0.000000 0.000000 1.607719 614.000000
 10.250000 1.607721 504.943563 0.890312 3.561248 0.000000 0.000000 1.607721 636.000000
 10.500000 1.607344 504.836079 0.699027 2.796109 0.000000 0.000000 1.607344 637.000000
 10.750000 1.607140 505.313239 1.724596 6.898384 0.000000 0.000000 1.607140 675.000000
 11.000000 1.606068 500.914910 0.000000 0.000000 0.000000 0.000000 1.606068 625.000000
 11.250000 1.607364 505.605839 2.578719 10.314874 0.000000 0.000000 1.607364 643.000000
 11.500000 1.608260 506.241565 5.024612 20.098447 0.000000 0.000000 1.608260 612.000000
 11.750000 1.607728 505.259196 1.585575 6.342300 0.000000 0.000000 1.607728 628.000000
 12.000000 1.607781 504.624569 0.390086 1.560344 0.000000 0.000000 1.607781 630.000000
 12.250000 1.607897 505.911923 3.655449 14.621795 0.000000 0.000000 1.607897 632.000000
 12.500000 1.608365 507.077831 9.473043 37.892173 0.000000 0.000000 1.608365 636.000000
 12.750000 1.606000 502.205480 0.000000 0.000000 0.000000 0.000000 1.606000 654.000000
 13.000000 1.607883 507.844972 14.783810 59.135240 0.000000 0.000000 1.607883 663.000000
 13.250000 1.604360 494.823536 0.000000 0.000000 0.000000 0.000000 1.604360 623.000000
 13.500000 1.607893 504.595032 0.354063 1.416252 0.000000 0.000000 1.607893 625.000000
 13.750000 1.606142 501.367282 0.000000 0.000000 0.000000 0.000000 1.606142 640.000000
 14.000000 1.606574 502.056612 0.000000 0.000000 0.000000 0.000000 1.606574 647.000000
 14.250000 1.610545 508.516549 20.399216 81.596862 0.000000 0.000000 1.610545 633.000000
 14.500000 1.605800 499.323259 0.000000 0.000000 0.000000 0.000000 1.605800 623.000000
 14.750000 1.606612 503.647584 0.000000 0.000000 0.000000 0.000000 1.606612 661.000000
 15.000000 1.608048 506.952329 8.716247 34.864987 0.000000 0.000000 1.608048 646.000000
 15.250000 1.607574 504.918724 0.844054 3.376215 0.000000 0.000000 1.607574 625.000000
 15.500000 1.608739 504.333088 0.110947 0.443790 0.000000 0.000000 1.608739 611.000000
 15.750000 1.607715 503.267608 0.000000 0.000000 0.000000 0.000000 1.607715 622.000000
 16.000000 1.607261 505.296939 1.682052 6.728207 0.000000 0.000000 1.607261 635.000000
 16.250000 1.607705 505.291536 1.668065 6.672259 0.000000 0.000000 1.607705 624.000000
 16.500000 1.607935 506.417919 5.846333 23.385333 0.000000 0.000000 1.607935 640.000000
 16.750000 1.607490 505.579467 2.494715 9.978859 0.000000 0.000000 1.607490 637.000000
 17.000000 1.607748 504.661250 0.437251 1.749006 0.000000 0.000000 1.607748 634.000000
 17.250000 1.607140 505.309627 1.715123 6.860492 0.000000 0.000000 1.607140 661.000000
 17.500000 1.608933 507.816345 14.564492 58.257969 0.000000 0.000000 1.608933 658.000000
 17.750000 1.607982 506.136068 4.562786 18.251143 0.000000 0.000000 1.607982 637.000000
 18.000000 1.607316 502.458535 0.000000 0.000000 0.000000 0.000000 1.607316 622.000000
 18.250000 1.606078 498.867905 0.000000 0.000000 0.000000 0.000000 1.606078 627.000000
 18.500000 1.608544 507.400113 11.560771 46.243083 0.000000 0.000000 1.608544 649.000000
 18.750000 1.606373 501.731501 0.000000 0.000000 0.000000 0.000000 1.606373 650.000000
 19.000000 1.606506 500.764771 0.000000 0.000000 0.000000 0.000000 1.606506 636.000000
 19.250000 1.608354 508.185166 17.515614 70.062457 0.000000 0.000000 1.608354 648.000000
 19.500000 1.607061 505.104661 1.220276 4.881105 0.000000 0.000000 1.607061 646.000000
 19.750000 1.605065 496.795405 0.000000 0.000000 0.000000 0.000000 1.605065 629.000000
 20.000000 1.609228 505.905911 3.632498 14.529991 0.000000 0.000000 1.609228 614.000000
 20.250000 1.606020 499.979096 0.000000 0.000000 0.000000 0.000000 1.606020 638.000000
 20.500000 1.606492 500.540998 0.000000 0.000000 0.000000 0.000000 1.606492 629.000000
 20.750000 1.607596 506.052658 4.213406 16.853623 0.000000 0.000000 1.607596 662.000000
 21.000000 1.609130 506.647011 7.006668 28.026671 0.000000 0.000000 1.609130 592.000000
 21.250000 1.608127 508.170515 17.393197 69.572789 0.000000 0.000000 1.608127 657.000000
 21.500000 1.607786 505.024589 1.049782 4.199128 0.000000 0.000000 1.607786 628.000000
 21.750000 1.607692 505.958212 3.834595 15.338379 0.000000 0.000000 1.607692 656.000000
 22.000000 1.608065 507.466431 12.016146 48.064585 0.000000 0.000000 1.608065 646.000000
 22.250000 1.606358 503.466855 0.000000 0.000000 0.000000 0.000000 1.606358 658.000000
 22.500000 1.606991 504.655317 0.429441 1.717763 0.000000 0.000000 1.606991 662.000000
 22.750000 1.606525 502.054188 0.000000 0.000000 0.000000 0.000000 1.606525 642.000000
 23.000000 1.607539 505.348931 1.819614 7.278454 0.000000 0.000000 1.607539 654.000000
 23.250000 1.607448 504.696060 0.484499 1.937997 0.000000 0.000000 1.607448 632.000000
 23.500000 1.606688 502.437345 0.000000 0.000000 0.000000 0.000000 1.606688 641.000000
 23.750000 1.607265 505.013752 1.027693 4.110770 0.000000 0.000000 1.607265 657.000000
 24.000000 1.606377 504.037439 0.001402 0.005607 0.000000 0.000000 1.606377 669.000000
 24.250000 1.607263 505.381835 1.909469 7.637876 0.000000 0.000000 1.607263 652.000000
 24.500000 1.606405 503.712913 0.000000 0.000000 0.000000 0.000000 1.606405 658.000000
 24.750000 1.608978 509.663969 32.080550 128.322201 0.000000 0.000000 1.608978 669.000000
 25.000000 1.608646 506.927011 8.567395 34.269579 0.000000 0.000000 1.608646 631.000000
 25.250000 1.607634 505.081169 1.168926 4.675703 0.000000 0.000000 1.607634 663.000000
 25.500000 1.607505 507.175896 10.086314 40.345256 0.000000 0.000000 1.607505 657.000000
 25.750000 1.608607 506.906430 8.447333 33.789331 0.000000 0.000000 1.608607 636.000000
 26.000000 1.607251 504.383046 0.146724 0.586898 0.000000 0.000000 1.607251 637.000000
 26.250000 1.606900 503.417065 0.000000 0.000000 0.000000 0.000000 1.606900 663.000000
 26.500000 1.608165 507.023542 9.141807 36.567230 0.000000 0.000000 1.608165 650.000000
 26.750000 1.607839 507.665552 13.436269 53.745075 0.000000 0.000000 1.607839 665.000000
 27.000000 1.605642 498.845131 0.000000 0.000000 0.000000 0.000000 1.605642 620.000000
 27.250000 1.607262 505.669579 2.787493 11.149973 0.000000 0.000000 1.607262 665.000000
 27.500000 1.607783 502.654820 0.000000 0.000000 0.000000 0.000000 1.607783 616.000000
 27.750000 1.608191 506.768693 7.665660 30.662641 0.000000 0.000000 1.608191 644.000000
 28.000000 1.607288 504.837626 0.701618 2.806471 0.000000 0.000000 1.607288 645.000000
 28.250000 1.607681 507.593929 12.916327 51.665307 0.000000 0.000000 1.607681 660.000000
 28.500000 1.608201 506.857614 8.165959 32.663837 0.000000 0.000000 1.608201 658.000000
 28.750000 1.606616 504.808108 0.653039 2.612155 0.000000 0.000000 1.606616 674.000000
 29.000000 1.607670 504.937087 0.878132 3.512528 0.000000 0.000000 1.607670 641.000000
 29.250000 1.607809 507.695979 13.660259 54.641035 0.000000 0.000000 1.607809 668.000000
 29.500000 1.608137 506.776291 7.707794 30.831178 0.000000 0.000000 1.608137 646.000000
 29.750000 1.608405 507.318888 11.015015 44.060059 0.000000 0.000000 1.608405 618.000000
 30.000000 1.607597 504.694476 0.482297 1.929186 0.000000 0.000000 1.607597 640.000000
 30.250000 1.605356 499.806493 0.000000 0.000000 0.000000 0.000000 1.605356 652.000000
 30.500000 1.607428 505.186942 1.408832 5.635329 0.000000 0.000000 1.607428 655.000000
 30.750000 1.607471 504.330031 0.108920 0.435682 0.000000 0.000000 1.607471 631.000000
 31.000000 1.607126 503.997112 0.000000 0.000000 0.000000 0.000000 1.607126 646.000000
 31.250000 1.607918 506.432862 5.918816 23.675264 0.000000 0.000000 1.607918 653.000000
 31.500000 1.607359 506.163902 4.682473 18.729893 0.000000 0.000000 1.607359 658.000000
 31.750000 1.606862 502.224336 0.000000 0.000000 0.000000 0.000000 1.606862 638.000000
 32.000000 1.605824 502.676460 0.000000 0.000000 0.000000 0.000000 1.605824 656.000000
 32.250000 1.607405 505.000726 1.001453 4.005811 0.000000 0.000000 1.607405 644.000000
 32.500000 1.608407 506.581121 6.662187 26.648747 0.000000 0.000000 1.608407 641.000000
 32.750000 1.606636 503.303325 0.000000 0.000000 0.000000 0.000000 1.606636 651.000000
 33.000000 1.606656 504.315855 0.099764 0.399058 0.000000 0.000000 1.606656 654.000000
 33.250000 1.607329 504.898531 0.807358 3.229434 0.000000 0.000000 1.607329 641.000000
 33.500000 1.608187 506.980091 8.880942 35.523769 0.000000 0.000000 1.608187 657.000000
 33.750000 1.607419 504.794871 0.631821 2.527282 0.000000 0.000000 1.607419 658.000000
 34.000000 1.607622 506.757277 7.602579 30.410316 0.000000 0.000000 1.607622 640.000000
 34.250000 1.606916 505.343356 1.804605 7.218420 0.000000 0.000000 1.606916 671.000000
 34.500000 1.606557 499.303746 0.000000 0.000000 0.000000 0.000000 1.606557 644.000000
 34.750000 1.607527 507.776645 14.263047 57.052190 0.000000 0.000000 1.607527 679.000000
 35.000000 1.608230 505.357455 1.842685 7.370739 0.000000 0.000000 1.608230 634.000000
 35.250000 1.606640 504.084192 0.007088 0.028353 0.000000 0.000000 1.606640 655.000000
 35.500000 1.607303 505.737814 3.019996 12.079985 0.000000 0.000000 1.607303 644.000000
 35.750000 1.606777 503.427435 0.000000 0.000000 0.000000 0.000000 1.606777 650.000000
 36.000000 1.607402 506.195821 4.821629 19.286517 0.000000 0.000000 1.607402 649.000000
 36.250000 1.606805 503.808592 0.000000 0.000000 0.000000 0.000000 1.606805 655.000000
 36.500000 1.607830 507.444029 11.861338 47.445354 0.000000 0.000000 1.607830 641.000000
 36.750000 1.606432 499.847194 0.000000 0.000000 0.000000 0.000000 1.606432 628.000000
 37.000000 1.606790 503.459072 0.000000 0.000000 0.000000 0.000000 1.606790 647.000000
 37.250000 1.607605 505.227762 1.507399 6.029597 0.000000 0.000000 1.607605 645.000000
 37.500000 1.608762 506.886768 8.333428 33.333713 0.000000 0.000000 1.608762 633.000000
 37.750000 1.607104 504.657992 0.432954 1.731815 0.000000 0.000000 1.607104 653.000000
 38.000000 1.605448 496.842955 0.000000 0.000000 0.000000 0.000000 1.605448 630.000000
 38.250000 1.608283 506.439411 5.950728 23.802913 0.000000 0.000000 1.608283 642.000000
 38.500000 1.606713 504.223180 0.049809 0.199238 0.000000 0.000000 1.606713 661.000000
 38.750000 1.608895 508.851656 23.538569 94.154276 0.000000 0.000000 1.608895 642.000000
 39.000000 1.607668 507.389227 11.486856 45.947425 0.000000 0.000000 1.607668 659.000000
 39.250000 1.607029 504.851368 0.724828 2.899311 0.000000 0.000000 1.607029 657.000000
 39.500000 1.607217 505.090509 1.189211 4.756843 0.000000 0.000000 1.607217 651.000000
 39.750000 1.607546 506.493949 6.219781 24.879124 0.000000 0.000000 1.607546 658.000000
 40.000000 1.606750 503.652782 0.000000 0.000000 0.000000 0.000000 1.606750 664.000000
 40.250000 1.607701 507.669166 13.462776 53.851105 0.000000 0.000000 1.607701 667.000000
 40.500000 1.608014 506.702533 7.303685 29.214740 0.000000 0.000000 1.608014 645.000000
 40.750000 1.607278 505.374961 1.890517 7.562069 0.000000 0.000000 1.607278 657.000000
 41.000000 1.608407 507.959978 15.681426 62.725705 0.000000 0.000000 1.608407 645.000000
 41.250000 1.606882 504.464785 0.216025 0.864099 0.000000 0.000000 1.606882 656.000000
 41.500000 1.607680 502.958578 0.000000 0.000000 0.000000 0.000000 1.607680 626.000000
 41.750000 1.606763 503.968521 0.000000 0.000000 0.000000 0.000000 1.606763 653.000000
 42.000000 1.606765 504.249488 0.062244 0.248976 0.000000 0.000000 1.606765 663.000000
 42.250000 1.607324 506.551034 6.507777 26.031107 0.000000 0.000000 1.607324 662.000000
 42.500000 1.607455 505.984265 3.937306 15.749225 0.000000 0.000000 1.607455 649.000000
 42.750000 1.607548 504.965938 0.933037 3.732147 0.000000 0.000000 1.607548 646.000000
 43.000000 1.606890 505.538333 2.366468 9.465871 0.000000 0.000000 1.606890 665.000000
 43.250000 1.606496 504.298358 0.089018 0.356071 0.000000 0.000000 1.606496 653.000000
 43.500000 1.607399 506.089813 4.367320 17.469279 0.000000 0.000000 1.607399 656.000000
 43.750000 1.607790 507.601680 12.972096 51.888383 0.000000 0.000000 1.607790 660.000000
 44.000000 1.607676 507.504762 12.283355 49.133422 0.000000 0.000000 1.607676 663.000000
 44.250000 1.607596 504.120354 0.014485 0.057940 0.000000 0.000000 1.607596 619.000000
 44.500000 1.605493 501.032133 0.000000 0.000000 0.000000 0.000000 1.605493 664.000000
 44.750000 1.606019 501.761893 0.000000 0.000000 0.000000 0.000000 1.606019 657.000000
 45.000000 1.606853 504.960086 0.921766 3.687064 0.000000 0.000000 1.606853 661.000000
 45.250000 1.606879 502.629164 0.000000 0.000000 0.000000 0.000000 1.606879 645.000000
 45.500000 1.607173 504.061879 0.003829 0.015316 0.000000 0.000000 1.607173 643.000000
 45.750000 1.606002 501.378437 0.000000 0.000000 0.000000 0.000000 1.606002 650.000000
 46.000000 1.608869 508.523511 20.462151 81.848605 0.000000 0.000000 1.608869 633.000000
 46.250000 1.607894 506.882674 8.309807 33.239229 0.000000 0.000000 1.607894 651.000000
 46.500000 1.607649 505.981718 3.927206 15.708822 0.000000 0.000000 1.607649 651.000000
 46.750000 1.607082 504.864858 0.747979 2.991915 0.000000 0.000000 1.607082 654.000000
 47.000000 1.606508 500.582103 0.000000 0.000000 0.000000 0.000000 1.606508 630.000000
 47.250000 1.606525 503.024585 0.000000 0.000000 0.000000 0.000000 1.606525 651.000000
 47.500000 1.606701 503.843836 0.000000 0.000000 0.000000 0.000000 1.606701 653.000000
 47.750000 1.609080 508.265735 18.196491 72.785964 0.000000 0.000000 1.609080 620.000000
 48.000000 1.607800 505.760287 3.098609 12.394436 0.000000 0.000000 1.607800 651.000000
 48.250000 1.607178 503.903556 0.000000 0.000000 0.000000 0.000000 1.607178 641.000000
 48.500000 1.607106 504.258760 0.066957 0.267826 0.000000 0.000000 1.607106 648.000000
 48.750000 1.607377 504.061656 0.003801 0.015206 0.000000 0.000000 1.607377 627.000000
 49.000000 1.607387 505.125022 1.265674 5.062697 0.000000 0.000000 1.607387 655.000000
 49.250000 1.607729 507.613909 13.060336 52.241344 0.000000 0.000000 1.607729 671.000000
 49.500000 1.607366 505.162541 1.351501 5.406003 0.000000 0.000000 1.607366 647.000000
 49.750000 1.607470 504.043389 0.001883 0.007531 0.000000 0.000000 1.607470 625.000000
 50.000000 1.607941 507.126842 9.777143 39.108570 0.000000 0.000000 1.607941 651.000000
 50.250000 1.607002 505.492414 2.227300 8.909201 0.000000 0.000000 1.607002 668.000000
 50.500000 1.607665 503.795949 0.000000 0.000000 0.000000 0.000000 1.607665 631.000000
 50.750000 1.606761 502.752917 0.000000 0.000000 0.000000 0.000000 1.606761 646.000000
 51.000000 1.607755 506.976637 8.860367 35.441467 0.000000 0.000000 1.607755 652.000000
 51.250000 1.606300 502.360306 0.000000 0.000000 0.000000 0.000000 1.606300 649.000000
 51.500000 1.608188 505.338974 1.792851 7.171404 0.000000 0.000000 1.608188 622.000000
 51.750000 1.607200 505.084279 1.175660 4.702641 0.000000 0.000000 1.607200 653.000000
 52.000000 1.606890 504.954093 0.910293 3.641172 0.000000 0.000000 1.606890 677.000000
 52.250000 1.605552 500.617553 0.000000 0.000000 0.000000 0.000000 1.605552 671.000000
 52.500000 1.609120 509.438081 29.572727 118.290906 0.000000 0.000000 1.609120 641.000000
 52.750000 1.606871 503.455864 0.000000 0.000000 0.000000 0.000000 1.606871 651.000000
 53.000000 1.607223 505.736953 3.017005 12.068018 0.000000 0.000000 1.607223 665.000000
 53.250000 1.607351 504.706722 0.499456 1.997824 0.000000 0.000000 1.607351 651.000000
 53.500000 1.608397 505.767446 3.123866 12.495463 0.000000 0.000000 1.608397 638.000000
 53.750000 1.608029 508.498965 20.240682 80.962727 0.000000 0.000000 1.608029 666.000000
 54.000000 1.607334 506.159418 4.663086 18.652342 0.000000 0.000000 1.607334 660.000000
 54.250000 1.608280 505.476274 2.179386 8.717544 0.000000 0.000000 1.608280 643.000000
 54.500000 1.607737 506.297165 5.276968 21.107871 0.000000 0.000000 1.607737 644.000000
 54.750000 1.606545 503.092115 0.000000 0.000000 0.000000 0.000000 1.606545 661.000000
 55.000000 1.608445 507.655615 13.363521 53.454085 0.000000 0.000000 1.608445 656.000000
 55.250000 1.609362 508.196961 17.614479 70.457917 0.000000 0.000000 1.609362 636.000000
 55.500000 1.608075 504.893802 0.798881 3.195526 0.000000 0.000000 1.608075 634.000000
 55.750000 1.607589 503.951749 0.000000 0.000000 0.000000 0.000000 1.607589 640.000000
 56.000000 1.607994 506.634692 6.941605 27.766418 0.000000 0.000000 1.607994 643.000000
 56.250000 1.607554 499.517349 0.000000 0.000000 0.000000 0.000000 1.607554 596.000000
 56.500000 1.609262 506.605286 6.787517 27.150069 0.000000 0.000000 1.609262 640.000000
 56.750000 1.607558 503.431635 0.000000 0.000000 0.000000 0.000000 1.607558 635.000000
 57.000000 1.609004 505.961281 3.846625 15.386499 0.000000 0.000000 1.609004 628.000000
 57.250000 1.607235 505.131183 1.279575 5.118299 0.000000 0.000000 1.607235 637.000000
 57.500000 1.606985 505.913444 3.661268 14.645072 0.000000 0.000000 1.606985 660.000000
 57.750000 1.606996 505.731755 2.998976 11.995903 0.000000 0.000000 1.606996 664.000000
 58.000000 1.604960 498.846184 0.000000 0.000000 0.000000 0.000000 1.604960 657.000000
 58.250000 1.605523 499.748534 0.000000 0.000000 0.000000 0.000000 1.605523 640.000000
 58.500000 1.604741 497.010575 0.000000 0.000000 0.000000 0.000000 1.604741 649.000000
 58.750000 1.608165 506.907730 8.454895 33.819580 0.000000 0.000000 1.608165 656.000000
 59.000000 1.607076 505.600714 2.562287 10.249147 0.000000 0.000000 1.607076 655.000000
 59.250000 1.607339 505.596979 2.550341 10.201362 0.000000 0.000000 1.607339 640.000000
 59.500000 1.606153 503.539186 0.000000 0.000000 0.000000 0.000000 1.606153 684.000000
 59.750000 1.607241 500.515479 0.000000 0.000000 0.000000 0.000000 1.607241 623.000000
 60.000000 1.606798 505.687251 2.846815 11.387259 0.000000 0.000000 1.606798 670.000000
 60.250000 1.607632 507.081530 9.495829 37.983317 0.000000 0.000000 1.607632 671.000000
 60.500000 1.607860 507.345011 11.189095 44.756381 0.000000 0.000000 1.607860 658.000000
 60.750000 1.606516 502.359756 0.000000 0.000000 0.000000 0.000000 1.606516 646.000000
 61.000000 1.607386 504.665215 0.442511 1.770043 0.000000 0.000000 1.607386 643.000000
 61.250000 1.607523 505.017900 1.036121 4.144483 0.000000 0.000000 1.607523 647.000000
 61.500000 1.606002 501.472399 0.000000 0.000000 0.000000 0.000000 1.606002 637.000000
 61.750000 1.606665 502.091646 0.000000 0.000000 0.000000 0.000000 1.606665 652.000000
 62.000000 1.609838 510.432928 41.382568 165.530271 0.000000 0.000000 1.609838 643.000000
 62.250000 1.608007 505.711883 2.930543 11.722173 0.000000 0.000000 1.608007 630.000000
 62.500000 1.607747 506.443964 5.972962 23.891848 0.000000 0.000000 1.607747 646.000000
 62.750000 1.606827 503.777721 0.000000 0.000000 0.000000 0.000000 1.606827 652.000000
 63.000000 1.605130 497.291139 0.000000 0.000000 0.000000 0.000000 1.605130 625.000000
 63.250000 1.607172 506.226658 4.958006 19.832022 0.000000 0.000000 1.607172 671.000000
 63.500000 1.607002 504.371379 0.137923 0.551690 0.000000 0.000000 1.607002 663.000000
 63.750000 1.606837 504.469129 0.220082 0.880329 0.000000 0.000000 1.606837 666.000000
 64.000000 1.608204 505.056137 1.115425 4.461700 0.000000 0.000000 1.608204 629.000000
 64.250000 1.607532 506.183292 4.766765 19.067059 0.000000 0.000000 1.607532 662.000000
 64.500000 1.607591 506.925672 8.559558 34.238232 0.000000 0.000000 1.607591 659.000000
 64.750000 1.608346 507.029474 9.177710 36.710841 0.000000 0.000000 1.608346 652.000000
 65.000000 1.608115 506.666578 7.110640 28.442562 0.000000 0.000000 1.608115 653.000000
 65.250000 1.607065 506.145197 4.601872 18.407489 0.000000 0.000000 1.607065 671.000000
 65.500000 1.604541 495.082255 0.000000 0.000000 0.000000 0.000000 1.604541 632.000000
 65.750000 1.608001 504.788858 0.622297 2.489187 0.000000 0.000000 1.608001 641.000000
 66.000000 1.607290 505.005322 1.010673 4.042691 0.000000 0.000000 1.607290 647.000000
 66.250000 1.606281 501.822715 0.000000 0.000000 0.000000 0.000000 1.606281 638.000000
 66.500000 1.605503 497.470188 0.000000 0.000000 0.000000 0.000000 1.605503 633.000000
 66.750000 1.607121 502.073751 0.000000 0.000000 0.000000 0.000000 1.607121 635.000000
 67.000000 1.608522 505.776221 3.154962 12.619848 0.000000 0.000000 1.608522 626.000000
 67.250000 1.606517 502.748271 0.000000 0.000000 0.000000 0.000000 1.606517 649.000000
 67.500000 1.608230 507.041530 9.250907 37.003629 0.000000 0.000000 1.608230 662.000000
 67.750000 1.607530 505.620319 2.625432 10.501730 0.000000 0.000000 1.607530 640.000000
 68.000000 1.606869 504.537682 0.289102 1.156408 0.000000 0.000000 1.606869 657.000000
 68.250000 1.607660 507.495865 12.221072 48.884288 0.000000 0.000000 1.607660 669.000000
 68.500000 1.607612 507.186006 10.150633 40.602534 0.000000 0.000000 1.607612 666.000000
 68.750000 1.607847 507.424083 11.724346 46.897386 0.000000 0.000000 1.607847 671.000000
 69.000000 1.607472 505.986134 3.944728 15.778910 0.000000 0.000000 1.607472 653.000000
 69.250000 1.607754 507.718438 13.826785 55.307138 0.000000 0.000000 1.607754 656.000000
 69.500000 1.607636 504.591342 0.349685 1.398740 0.000000 0.000000 1.607636 639.000000
 69.750000 1.607918 506.236573 5.002258 20.009030 0.000000 0.000000 1.607918 653.000000
 70.000000 1.607458 505.419607 2.015284 8.061135 0.000000 0.000000 1.607458 649.000000
 70.250000 1.607387 506.390162 5.712873 22.851493 0.000000 0.000000 1.607387 662.000000
 70.500000 1.607975 506.240055 5.017848 20.071393 0.000000 0.000000 1.607975 645.000000
 70.750000 1.607580 506.559736 6.552247 26.208986 0.000000 0.000000 1.607580 661.000000
 71.000000 1.606750 504.969746 0.940408 3.761631 0.000000 0.000000 1.606750 667.000000
 71.250000 1.607141 502.254960 0.000000 0.000000 0.000000 0.000000 1.607141 630.000000
 71.500000 1.607891 504.374783 0.140462 0.561850 0.000000 0.000000 1.607891 652.000000
 71.750000 1.607205 506.510031 6.300256 25.201023 0.000000 0.000000 1.607205 671.000000
 72.000000 1.607664 507.281400 10.767587 43.070348 0.000000 0.000000 1.607664 664.000000
 72.250000 1.607713 502.309451 0.000000 0.000000 0.000000 0.000000 1.607713 629.000000
 72.500000 1.607786 507.412293 11.643742 46.574969 0.000000 0.000000 1.607786 650.000000
 72.750000 1.607450 505.193748 1.425034 5.700135 0.000000 0.000000 1.607450 642.000000
 73.000000 1.607496 504.973385 0.947478 3.789911 0.000000 0.000000 1.607496 644.000000
 73.250000 1.605570 499.304905 0.000000 0.000000 0.000000 0.000000 1.605570 636.000000
 73.500000 1.608085 508.357176 18.984987 75.939947 0.000000 0.000000 1.608085 661.000000
 73.750000 1.607737 505.364957 1.863108 7.452433 0.000000 0.000000 1.607737 640.000000
 74.000000 1.609555 506.748169 7.552433 30.209733 0.000000 0.000000 1.609555 624.000000
 74.250000 1.607762 505.351905 1.827647 7.310589 0.000000 0.000000 1.607762 654.000000
 74.500000 1.607310 503.622002 0.000000 0.000000 0.000000 0.000000 1.607310 623.000000
 74.750000 1.606103 501.570537 0.000000 0.000000 0.000000 0.000000 1.606103 637.000000
 75.000000 1.608385 505.544597 2.385780 9.543119 0.000000 0.000000 1.608385 599.000000
 75.250000 1.607934 508.399590 19.356393 77.425572 0.000000 0.000000 1.607934 663.000000
 75.500000 1.606627 501.314555 0.000000 0.000000 0.000000 0.000000 1.606627 643.000000
 75.750000 1.607103 503.962247 0.000000 0.000000 0.000000 0.000000 1.607103 666.000000
 76.000000 1.608057 505.747837 3.054935 12.219740 0.000000 0.000000 1.608057 646.000000
 76.250000 1.606133 502.453590 0.000000 0.000000 0.000000 0.000000 1.606133 643.000000
 76.500000 1.606714 503.259441 0.000000 0.000000 0.000000 0.000000 1.606714 645.000000
 76.750000 1.607080 504.806618 0.650632 2.602527 0.000000 0.000000 1.607080 643.000000
 77.000000 1.606618 504.772459 0.596693 2.386771 0.000000 0.000000 1.606618 666.000000
 77.250000 1.608333 505.609404 2.590180 10.360719 0.000000 0.000000 1.608333 654.000000
 77.500000 1.607379 506.625236 6.891865 27.567459 0.000000 0.000000 1.607379 675.000000
 77.750000 1.608580 505.619122 2.621556 10.486223 0.000000 0.000000 1.608580 628.000000
 78.000000 1.604031 496.249014 0.000000 0.000000 0.000000 0.000000 1.604031 648.000000
 78.250000 1.607874 504.797071 0.635322 2.541288 0.000000 0.000000 1.607874 639.000000
 78.500000 1.606949 505.718698 2.953921 11.815686 0.000000 0.000000 1.606949 669.000000
 78.750000 1.607585 506.532549 6.413807 25.655227 0.000000 0.000000 1.607585 657.000000
 79.000000 1.607679 505.454988 2.116991 8.467964 0.000000 0.000000 1.607679 637.000000
 79.250000 1.606791 503.763664 0.000000 0.000000 0.000000 0.000000 1.606791 649.000000
 79.500000 1.606749 503.027732 0.000000 0.000000 0.000000 0.000000 1.606749 642.000000
 79.750000 1.607087 504.000842 0.000001 0.000003 0.000000 0.000000 1.607087 651.000000
 80.000000 1.606731 504.419417 0.175911 0.703644 0.000000 0.000000 1.606731 669.000000
 80.250000 1.608264 508.151644 17.236148 68.944593 0.000000 0.000000 1.608264 657.000000
 80.500000 1.608284 504.956975 0.915801 3.663202 0.000000 0.000000 1.608284 640.000000
 80.750000 1.608369 503.616393 0.000000 0.000000 0.000000 0.000000 1.608369 580.000000
 81.000000 1.607137 505.126243 1.268423 5.073690 0.000000 0.000000 1.607137 666.000000
 81.250000 1.608017 504.483439 0.233713 0.934853 0.000000 0.000000 1.608017 625.000000
 81.500000 1.608868 506.523271 6.366899 25.467594 0.000000 0.000000 1.608868 622.000000
 81.750000 1.608122 507.000015 9.000092 36.000368 0.000000 0.000000 1.608122 633.000000
 82.000000 1.607093 503.935890 0.000000 0.000000 0.000000 0.000000 1.607093 631.000000
 82.250000 1.606941 504.388218 0.150713 0.602853 0.000000 0.000000 1.606941 648.000000
 82.500000 1.606524 500.016220 0.000000 0.000000 0.000000 0.000000 1.606524 633.000000
 82.750000 1.607633 507.435037 11.799476 47.197904 0.000000 0.000000 1.607633 648.000000
 83.000000 1.607834 505.189119 1.414005 5.656021 0.000000 0.000000 1.607834 643.000000
 83.250000 1.606554 501.631982 0.000000 0.000000 0.000000 0.000000 1.606554 614.000000
 83.500000 1.608073 508.139842 17.138292 68.553169 0.000000 0.000000 1.608073 664.000000
 83.750000 1.605902 502.207923 0.000000 0.000000 0.000000 0.000000 1.605902 662.000000
 84.000000 1.607545 505.480384 2.191536 8.766145 0.000000 0.000000 1.607545 647.000000
 84.250000 1.607083 505.125474 1.266692 5.066768 0.000000 0.000000 1.607083 665.000000
 84.500000 1.607258 505.494959 2.234903 8.939611 0.000000 0.000000 1.607258 656.000000
 84.750000 1.606465 503.213626 0.000000 0.000000 0.000000 0.000000 1.606465 664.000000
 85.000000 1.607404 507.111989 9.684475 38.737901 0.000000 0.000000 1.607404 662.000000
 85.250000 1.606108 502.141122 0.000000 0.000000 0.000000 0.000000 1.606108 664.000000
 85.500000 1.606204 502.318183 0.000000 0.000000 0.000000 0.000000 1.606204 657.000000
 85.750000 1.608240 505.977950 3.912284 15.649137 0.000000 0.000000 1.608240 641.000000
 86.000000 1.607496 506.361912 5.578628 22.314511 0.000000 0.000000 1.607496 668.000000
 86.250000 1.607618 506.292682 5.256392 21.025568 0.000000 0.000000 1.607618 655.000000
 86.500000 1.607355 504.726728 0.528133 2.112533 0.000000 0.000000 1.607355 643.000000
 86.750000 1.606320 503.046809 0.000000 0.000000 0.000000 0.000000 1.606320 659.000000
 87.000000 1.607835 507.808992 14.508421 58.033682 0.000000 0.000000 1.607835 661.000000
 87.250000 1.606977 505.152817 1.328986 5.315945 0.000000 0.000000 1.606977 672.000000
 87.500000 1.607570 506.230432 4.974828 19.899311 0.000000 0.000000 1.607570 662.000000
 87.750000 1.606859 505.619259 2.622001 10.488005 0.000000 0.000000 1.606859 668.000000
 88.000000 1.607143 504.593429 0.352158 1.408632 0.000000 0.000000 1.607143 655.000000
 88.250000 1.608127 507.613533 13.057618 52.230472 0.000000 0.000000 1.608127 646.000000
 88.500000 1.607534 506.562658 6.567216 26.268864 0.000000 0.000000 1.607534 659.000000
 88.750000 1.605481 498.335530 0.000000 0.000000 0.000000 0.000000 1.605481 642.000000
 89.000000 1.607393 506.872882 8.253450 33.013800 0.000000 0.000000 1.607393 661.000000
 89.250000 1.607587 505.995590 3.982379 15.929517 0.000000 0.000000 1.607587 667.000000
 89.500000 1.601545 487.432697 0.000000 0.000000 0.000000 0.000000 1.601545 651.000000
 89.750000 1.606397 504.202809 0.041132 0.164526 0.000000 0.000000 1.606397 674.000000
 90.000000 1.607154 506.721382 7.405920 29.623680 0.000000 0.000000 1.607154 663.000000
 90.250000 1.606747 505.039388 1.080328 4.321310 0.000000 0.000000 1.606747 683.000000
 90.500000 1.607199 504.697293 0.486218 1.944873 0.000000 0.000000 1.607199 660.000000
 90.750000 1.606754 505.175067 1.380783 5.523131 0.000000 0.000000 1.606754 672.000000
 91.000000 1.606698 504.079255 0.006281 0.025125 0.000000 0.000000 1.606698 666.000000
 91.250000 1.604740 499.316464 0.000000 0.000000 0.000000 0.000000 1.604740 680.000000
 91.500000 1.608208 507.036369 9.219534 36.878137 0.000000 0.000000 1.608208 638.000000
 91.750000 1.607353 504.583077 0.339979 1.359917 0.000000 0.000000 1.607353 647.000000
 92.000000 1.606349 502.484895 0.000000 0.000000 0.000000 0.000000 1.606349 666.000000
 92.250000 1.607848 507.644961 13.285741 53.142966 0.000000 0.000000 1.607848 680.000000
 92.500000 1.607907 506.448984 5.997522 23.990087 0.000000 0.000000 1.607907 629.000000
 92.750000 1.607508 506.340833 5.479498 21.917992 0.000000 0.000000 1.607508 664.000000
 93.000000 1.606509 504.339983 0.115589 0.462355 0.000000 0.000000 1.606509 665.000000
 93.250000 1.606816 503.790993 0.000000 0.000000 0.000000 0.000000 1.606816 656.000000
 93.500000 1.605671 498.788937 0.000000 0.000000 0.000000 0.000000 1.605671 645.000000
 93.750000 1.607735 505.573404 2.475599 9.902395 0.000000 0.000000 1.607735 627.000000
 94.000000 1.606453 503.181713 0.000000 0.000000 0.000000 0.000000 1.606453 653.000000
 94.250000 1.606765 503.505450 0.000000 0.000000 0.000000 0.000000 1.606765 653.000000
 94.500000 1.607289 503.676827 0.000000 0.000000 0.000000 0.000000 1.607289 641.000000
 94.750000 1.606268 504.392242 0.153854 0.615415 0.000000 0.000000 1.606268 671.000000
 95.000000 1.608117 508.198243 17.625242 70.500968 0.000000 0.000000 1.608117 662.000000
 95.250000 1.607329 505.001409 1.002820 4.011278 0.000000 0.000000 1.607329 652.000000
 95.500000 1.609096 508.931907 24.323712 97.294846 0.000000 0.000000 1.609096 661.000000
 95.750000 1.607278 504.457529 0.209333 0.837331 0.000000 0.000000 1.607278 643.000000
 96.000000 1.608614 509.003363 25.033644 100.134575 0.000000 0.000000 1.608614 646.000000
 96.250000 1.607790 507.056202 9.340371 37.361483 0.000000 0.000000 1.607790 666.000000
 96.500000 1.606618 503.856962 0.000000 0.000000 0.000000 0.000000 1.606618 666.000000
 96.750000 1.605681 500.429380 0.000000 0.000000 0.000000 0.000000 1.605681 645.000000
 97.000000 1.605371 500.702772 0.000000 0.000000 0.000000 0.000000 1.605371 663.000000
 97.250000 1.607006 506.108531 4.445902 17.783608 0.000000 0.000000 1.607006 660.000000
 97.500000 1.607128 505.584427 2.510408 10.041634 0.000000 0.000000 1.607128 664.000000
 97.750000 1.606310 502.630875 0.000000 0.000000 0.000000 0.000000 1.606310 651.000000
 98.000000 1.606978 507.719880 13.837505 55.350018 0.000000 0.000000 1.606978 695.000000
 98.250000 1.607503 506.043784 4.177052 16.708207 0.000000 0.000000 1.607503 652.000000
 98.500000 1.607272 503.217659 0.000000 0.000000 0.000000 0.000000 1.607272 658.000000
 98.750000 1.606572 504.900863 0.811554 3.246214 0.000000 0.000000 1.606572 677.000000
 99.000000 1.606864 503.343678 0.000000 0.000000 0.000000 0.000000 1.606864 646.000000
 99.250000 1.606108 502.551123 0.000000 0.000000 0.000000 0.000000 1.606108 669.000000
 99.500000 1.607788 506.574018 6.625568 26.502273 0.000000 0.000000 1.607788 643.000000
 99.750000 1.606652 503.466412 0.000000 0.000000 0.000000 0.000000 1.606652 651.000000
 100.000000 1.607421 507.834824 14.705877 58.823509 0.000000 0.000000 1.607421 672.000000
 100.250000 1.606349 504.303059 0.091845 0.367380 0.000000 0.000000 1.606349 685.000000
 100.500000 1.606236 502.448578 0.000000 0.000000 0.000000 0.000000 1.606236 661.000000
 100.750000 1.607112 506.357079 5.555822 22.223289 0.000000 0.000000 1.607112 667.000000
