#! FIELDS time refcv.mean refcv.morethan uwall.bias uwall.force2 lwall.bias lwall.force2 refcv2.mean refcv2.morethan
 0.750000 0.786152 369.577559 0.000000 0.000000 0.000000 0.000000 0.786152 379.000000
 1.000000 0.799112 400.494064 0.000000 0.000000 0.000000 0.000000 0.799112 409.000000
 1.250000 0.789638 387.222092 0.000000 0.000000 0.000000 0.000000 0.789638 402.000000
 1.500000 0.786676 384.646655 0.000000 0.000000 0.000000 0.000000 0.786676 408.000000
 1.750000 0.792053 394.436721 0.000000 0.000000 0.000000 0.000000 0.792053 413.000000
 2.000000 0.790399 395.641136 0.000000 0.000000 0.000000 0.000000 0.790399 411.000000
 2.250000 0.786381 390.304192 0.000000 0.000000 0.000000 0.000000 0.786381 406.000000
 2.500000 0.794327 401.510139 0.000000 0.000000 0.000000 0.000000 0.794327 415.000000
 2.750000 0.787114 387.295121 0.000000 0.000000 0.000000 0.000000 0.787114 408.000000
 3.000000 0.798616 405.358868 0.128786 0.515145 0.000000 0.000000 0.798616 413.000000
 3.250000 0.794792 397.592719 0.000000 0.000000 0.000000 0.000000 0.794792 413.000000
 3.500000 0.792934 397.664315 0.000000 0.000000 0.000000 0.000000 0.792934 410.000000
 3.750000 0.791318 395.142648 0.000000 0.000000 0.000000 0.000000 0.791318 407.000000
 4.000000 0.787743 383.928044 0.000000 0.000000 0.000000 0.000000 0.787743 396.000000
 4.250000 0.788914 388.399683 0.000000 0.000000 0.000000 0.000000 0.788914 397.000000
 4.500000 0.787717 387.068933 0.000000 0.000000 0.000000 0.000000 0.787717 397.000000
 4.750000 0.796421 399.201209 0.000000 0.000000 0.000000 0.000000 0.796421 406.000000
 5.000000 0.797362 400.592331 0.000000 0.000000 0.000000 0.000000 0.797362 409.000000
 5.250000 0.793736 396.749190 0.000000 0.000000 0.000000 0.000000 0.793736 408.000000
 5.500000 0.792156 394.185749 0.000000 0.000000 0.000000 0.000000 0.792156 412.000000
 5.750000 0.794550 395.222448 0.000000 0.000000 0.000000 0.000000 0.794550 404.000000
 6.000000 0.791747 392.656998 0.000000 0.000000 0.000000 0.000000 0.791747 403.000000
 6.250000 0.794957 397.180683 0.000000 0.000000 0.000000 0.000000 0.794957 409.000000
 6.500000 0.789267 390.437552 0.000000 0.000000 0.000000 0.000000 0.789267 404.000000
 6.750000 0.792073 395.451768 0.000000 0.000000 0.000000 0.000000 0.792073 411.000000
 7.000000 0.791785 387.951009 0.000000 0.000000 0.000000 0.000000 0.791785 401.000000
 7.250000 0.798140 403.436575 0.000000 0.000000 0.000000 0.000000 0.798140 417.000000
 7.500000 0.794672 393.475149 0.000000 0.000000 0.000000 0.000000 0.794672 405.000000
 7.750000 0.788127 388.084341 0.000000 0.000000 0.000000 0.000000 0.788127 403.000000
 8.000000 0.790735 385.948720 0.000000 0.000000 0.000000 0.000000 0.790735 397.000000
 8.250000 0.791154 384.189538 0.000000 0.000000 0.000000 0.000000 0.791154 404.000000
 8.500000 0.783251 375.883429 0.000000 0.000000 0.000000 0.000000 0.783251 394.000000
 8.750000 0.794852 393.956016 0.000000 0.000000 0.000000 0.000000 0.794852 408.000000
 9.000000 0.793198 392.543309 0.000000 0.000000 0.000000 0.000000 0.793198 399.000000
 9.250000 0.789797 387.198997 0.000000 0.000000 0.000000 0.000000 0.789797 399.000000
 9.500000 0.795865 392.497327 0.000000 0.000000 0.000000 0.000000 0.795865 401.000000
 9.750000 0.787740 387.187723 0.000000 0.000000 0.000000 0.000000 0.787740 404.000000
 10.000000 0.785945 382.002491 0.000000 0.000000 0.000000 0.000000 0.785945 397.000000
 10.250000 0.785963 384.518534 0.000000 0.000000 0.000000 0.000000 0.785963 402.000000
 10.500000 0.789899 385.008893 0.000000 0.000000 0.000000 0.000000 0.789899 401.000000
 10.750000 0.792620 389.966688 0.000000 0.000000 0.000000 0.000000 0.792620 397.000000
 11.000000 0.797994 397.721531 0.000000 0.000000 0.000000 0.000000 0.797994 405.000000
 11.250000 0.797136 394.199973 0.000000 0.000000 0.000000 0.000000 0.797136 402.000000
 11.500000 0.790861 384.666709 0.000000 0.000000 0.000000 0.000000 0.790861 398.000000
 11.750000 0.790269 382.236554 0.000000 0.000000 0.000000 0.000000 0.790269 395.000000
 12.000000 0.789978 383.946945 0.000000 0.000000 0.000000 0.000000 0.789978 402.000000
 12.250000 0.795340 387.835384 0.000000 0.000000 0.000000 0.000000 0.795340 401.000000
 12.500000 0.791317 382.200437 0.000000 0.000000 0.000000 0.000000 0.791317 394.000000
 12.750000 0.785088 374.145335 0.000000 0.000000 0.000000 0.000000 0.785088 385.000000
 13.000000 0.799324 395.919176 0.000000 0.000000 0.000000 0.000000 0.799324 398.000000
 13.250000 0.796661 396.960403 0.000000 0.000000 0.000000 0.000000 0.796661 411.000000
 13.500000 0.793413 392.364953 0.000000 0.000000 0.000000 0.000000 0.793413 403.000000
 13.750000 0.794885 397.165562 0.000000 0.000000 0.000000 0.000000 0.794885 412.000000
 14.000000 0.792449 392.106194 0.000000 0.000000 0.000000 0.000000 0.792449 403.000000
 14.250000 0.792729 390.324291 0.000000 0.000000 0.000000 0.000000 0.792729 404.000000
 14.500000 0.796233 397.062345 0.000000 0.000000 0.000000 0.000000 0.796233 409.000000
 14.750000 0.798050 399.320683 0.000000 0.000000 0.000000 0.000000 0.798050 407.000000
 15.000000 0.798371 398.133506 0.000000 0.000000 0.000000 0.000000 0.798371 407.000000
 15.250000 0.793878 393.776779 0.000000 0.000000 0.000000 0.000000 0.793878 405.000000
 15.500000 0.788111 387.932465 0.000000 0.000000 0.000000 0.000000 0.788111 409.000000
 15.750000 0.798243 395.107778 0.000000 0.000000 0.000000 0.000000 0.798243 404.000000
 16.000000 0.799016 396.400213 0.000000 0.000000 0.000000 0.000000 0.799016 403.000000
 16.250000 0.797563 396.117401 0.000000 0.000000 0.000000 0.000000 0.797563 411.000000
 16.500000 0.791370 389.124698 0.000000 0.000000 0.000000 0.000000 0.791370 406.000000
 16.750000 0.795162 394.288820 0.000000 0.000000 0.000000 0.000000 0.795162 409.000000
 17.000000 0.786917 383.537715 0.000000 0.000000 0.000000 0.000000 0.786917 400.000000
 17.250000 0.790668 386.999273 0.000000 0.000000 0.000000 0.000000 0.790668 402.000000
 17.500000 0.790867 386.337114 0.000000 0.000000 0.000000 0.000000 0.790867 406.000000
 17.750000 0.783972 368.670406 0.000000 0.000000 0.000000 0.000000 0.783972 381.000000
 18.000000 0.783140 375.995436 0.000000 0.000000 0.000000 0.000000 0.783140 400.000000
 18.250000 0.787837 383.053000 0.000000 0.000000 0.000000 0.000000 0.787837 396.000000
 18.500000 0.784570 369.636232 0.000000 0.000000 0.000000 0.000000 0.784570 384.000000
 18.750000 0.790758 381.599855 0.000000 0.000000 0.000000 0.000000 0.790758 391.000000
 19.000000 0.791385 384.785842 0.000000 0.000000 0.000000 0.000000 0.791385 399.000000
 19.250000 0.785336 373.778490 0.000000 0.000000 0.000000 0.000000 0.785336 390.000000
 19.500000 0.788090 379.485476 0.000000 0.000000 0.000000 0.000000 0.788090 403.000000
 19.750000 0.790052 379.494829 0.000000 0.000000 0.000000 0.000000 0.790052 389.000000
 20.000000 0.794834 386.842472 0.000000 0.000000 0.000000 0.000000 0.794834 398.000000
 20.250000 0.788699 378.176706 0.000000 0.000000 0.000000 0.000000 0.788699 387.000000
 20.500000 0.787584 382.154439 0.000000 0.000000 0.000000 0.000000 0.787584 390.000000
 20.750000 0.776800 363.717015 0.000000 0.000000 0.000000 0.000000 0.776800 387.000000
 21.000000 0.779273 368.515495 0.000000 0.000000 0.000000 0.000000 0.779273 384.000000
 21.250000 0.780793 371.080773 0.000000 0.000000 0.000000 0.000000 0.780793 382.000000
 21.500000 0.781706 371.151327 0.000000 0.000000 0.000000 0.000000 0.781706 383.000000
 21.750000 0.789519 386.600885 0.000000 0.000000 0.000000 0.000000 0.789519 400.000000
 22.000000 0.792189 382.395169 0.000000 0.000000 0.000000 0.000000 0.792189 390.000000
 22.250000 0.789064 386.900575 0.000000 0.000000 0.000000 0.000000 0.789064 402.000000
 22.500000 0.789329 381.518289 0.000000 0.000000 0.000000 0.000000 0.789329 395.000000
 22.750000 0.786671 379.040730 0.000000 0.000000 0.000000 0.000000 0.786671 398.000000
 23.000000 0.788478 380.118787 0.000000 0.000000 0.000000 0.000000 0.788478 389.000000
 23.250000 0.791965 390.609143 0.000000 0.000000 0.000000 0.000000 0.791965 405.000000
 23.500000 0.784137 377.534787 0.000000 0.000000 0.000000 0.000000 0.784137 388.000000
 23.750000 0.788354 384.385404 0.000000 0.000000 0.000000 0.000000 0.788354 391.000000
 24.000000 0.789719 384.461660 0.000000 0.000000 0.000000 0.000000 0.789719 400.000000
 24.250000 0.790585 387.688898 0.000000 0.000000 0.000000 0.000000 0.790585 398.000000
 24.500000 0.784509 377.726277 0.000000 0.000000 0.000000 0.000000 0.784509 390.000000
 24.750000 0.788081 386.810737 0.000000 0.000000 0.000000 0.000000 0.788081 403.000000
 25.000000 0.793341 391.776316 0.000000 0.000000 0.000000 0.000000 0.793341 405.000000
 25.250000 0.787832 382.333873 0.000000 0.000000 0.000000 0.000000 0.787832 398.000000
 25.500000 0.789546 389.173643 0.000000 0.000000 0.000000 0.000000 0.789546 404.000000
 25.750000 0.790951 388.900887 0.000000 0.000000 0.000000 0.000000 0.790951 409.000000
 26.000000 0.790101 383.994511 0.000000 0.000000 0.000000 0.000000 0.790101 403.000000
 26.250000 0.785822 382.201286 0.000000 0.000000 0.000000 0.000000 0.785822 394.000000
 26.500000 0.789807 386.777247 0.000000 0.000000 0.000000 0.000000 0.789807 406.000000
 26.750000 0.790630 392.832759 0.000000 0.000000 0.000000 0.000000 0.790630 412.000000
 27.000000 0.789604 389.969436 0.000000 0.000000 0.000000 0.000000 0.789604 402.000000
 27.250000 0.791565 391.032265 0.000000 0.000000 0.000000 0.000000 0.791565 408.000000
 27.500000 0.788392 387.611441 0.000000 0.000000 0.000000 0.000000 0.788392 409.000000
 27.750000 0.784605 378.578623 0.000000 0.000000 0.000000 0.000000 0.784605 401.000000
 28.000000 0.790198 387.322154 0.000000 0.000000 0.000000 0.000000 0.790198 397.000000
 28.250000 0.791084 383.902057 0.000000 0.000000 0.000000 0.000000 0.791084 394.000000
 28.500000 0.786073 380.247945 0.000000 0.000000 0.000000 0.000000 0.786073 403.000000
 28.750000 0.785282 379.675790 0.000000 0.000000 0.000000 0.000000 0.785282 400.000000
 29.000000 0.785455 380.309243 0.000000 0.000000 0.000000 0.000000 0.785455 401.000000
 29.250000 0.790805 384.729607 0.000000 0.000000 0.000000 0.000000 0.790805 398.000000
 29.500000 0.789266 385.514786 0.000000 0.000000 0.000000 0.000000 0.789266 407.000000
 29.750000 0.795170 394.526100 0.000000 0.000000 0.000000 0.000000 0.795170 408.000000
 30.000000 0.786949 381.277978 0.000000 0.000000 0.000000 0.000000 0.786949 396.000000
 30.250000 0.781876 375.135557 0.000000 0.000000 0.000000 0.000000 0.781876 394.000000
 30.500000 0.786429 381.399755 0.000000 0.000000 0.000000 0.000000 0.786429 399.000000
 30.750000 0.787877 381.139409 0.000000 0.000000 0.000000 0.000000 0.787877 398.000000
 31.000000 0.789242 384.632794 0.000000 0.000000 0.000000 0.000000 0.789242 396.000000
 31.250000 0.781960 374.970204 0.000000 0.000000 0.000000 0.000000 0.781960 391.000000
 31.500000 0.785929 377.594053 0.000000 0.000000 0.000000 0.000000 0.785929 392.000000
 31.750000 0.783878 373.795326 0.000000 0.000000 0.000000 0.000000 0.783878 390.000000
 32.000000 0.786230 377.591786 0.000000 0.000000 0.000000 0.000000 0.786230 393.000000
 32.250000 0.781818 369.778696 0.000000 0.000000 0.000000 0.000000 0.781818 391.000000
 32.500000 0.783872 374.911399 0.000000 0.000000 0.000000 0.000000 0.783872 393.000000
 32.750000 0.779581 368.206024 0.000000 0.000000 0.000000 0.000000 0.779581 390.000000
 33.000000 0.779758 370.399696 0.000000 0.000000 0.000000 0.000000 0.779758 390.000000
 33.250000 0.782493 370.324277 0.000000 0.000000 0.000000 0.000000 0.782493 391.000000
 33.500000 0.783155 377.192288 0.000000 0.000000 0.000000 0.000000 0.783155 393.000000
 33.750000 0.780513 367.950884 0.000000 0.000000 0.000000 0.000000 0.780513 381.000000
 34.000000 0.783270 375.679041 0.000000 0.000000 0.000000 0.000000 0.783270 395.000000
 34.250000 0.785911 380.299738 0.000000 0.000000 0.000000 0.000000 0.785911 395.000000
 34.500000 0.791076 389.481931 0.000000 0.000000 0.000000 0.000000 0.791076 404.000000
 34.750000 0.786203 374.357705 0.000000 0.000000 0.000000 0.000000 0.786203 385.000000
 35.000000 0.780654 366.011239 0.000000 0.000000 0.000000 0.000000 0.780654 382.000000
 35.250000 0.781593 369.856116 0.000000 0.000000 0.000000 0.000000 0.781593 383.000000
 35.500000 0.785765 371.630966 0.000000 0.000000 0.000000 0.000000 0.785765 379.000000
 35.750000 0.792042 385.729118 0.000000 0.000000 0.000000 0.000000 0.792042 394.000000
 36.000000 0.782548 373.332412 0.000000 0.000000 0.000000 0.000000 0.782548 387.000000
 36.250000 0.780335 371.894569 0.000000 0.000000 0.000000 0.000000 0.780335 384.000000
 36.500000 0.780599 371.882891 0.000000 0.000000 0.000000 0.000000 0.780599 388.000000
 36.750000 0.784984 374.218314 0.000000 0.000000 0.000000 0.000000 0.784984 385.000000
 37.000000 0.784471 375.224398 0.000000 0.000000 0.000000 0.000000 0.784471 391.000000
 37.250000 0.777938 372.054091 0.000000 0.000000 0.000000 0.000000 0.777938 393.000000
 37.500000 0.783347 374.662397 0.000000 0.000000 0.000000 0.000000 0.783347 389.000000
 37.750000 0.785602 369.996286 0.000000 0.000000 0.000000 0.000000 0.785602 382.000000
 38.000000 0.786510 373.930229 0.000000 0.000000 0.000000 0.000000 0.786510 384.000000
 38.250000 0.781404 368.640621 0.000000 0.000000 0.000000 0.000000 0.781404 383.000000
 38.500000 0.781772 368.244980 0.000000 0.000000 0.000000 0.000000 0.781772 384.000000
 38.750000 0.789647 383.974235 0.000000 0.000000 0.000000 0.000000 0.789647 391.000000
 39.000000 0.779550 370.021594 0.000000 0.000000 0.000000 0.000000 0.779550 392.000000
 39.250000 0.780832 374.288899 0.000000 0.000000 0.000000 0.000000 0.780832 395.000000
 39.500000 0.786211 376.205725 0.000000 0.000000 0.000000 0.000000 0.786211 386.000000
 39.750000 0.786014 378.325622 0.000000 0.000000 0.000000 0.000000 0.786014 392.000000
 40.000000 0.786051 380.135287 0.000000 0.000000 0.000000 0.000000 0.786051 393.000000
 40.250000 0.788471 385.632232 0.000000 0.000000 0.000000 0.000000 0.788471 397.000000
 40.500000 0.793101 391.610079 0.000000 0.000000 0.000000 0.000000 0.793101 399.000000
 40.750000 0.792054 387.922165 0.000000 0.000000 0.000000 0.000000 0.792054 401.000000
 41.000000 0.788951 381.046399 0.000000 0.000000 0.000000 0.000000 0.788951 398.000000
 41.250000 0.788653 378.830669 0.000000 0.000000 0.000000 0.000000 0.788653 386.000000
 41.500000 0.793389 384.372951 0.000000 0.000000 0.000000 0.000000 0.793389 394.000000
 41.750000 0.791341 389.822659 0.000000 0.000000 0.000000 0.000000 0.791341 401.000000
 42.000000 0.783027 376.671484 0.000000 0.000000 0.000000 0.000000 0.783027 395.000000
 42.250000 0.790792 382.343617 0.000000 0.000000 0.000000 0.000000 0.790792 394.000000
 42.500000 0.792716 391.311075 0.000000 0.000000 0.000000 0.000000 0.792716 408.000000
 42.750000 0.781472 372.289055 0.000000 0.000000 0.000000 0.000000 0.781472 394.000000
 43.000000 0.788438 387.091057 0.000000 0.000000 0.000000 0.000000 0.788438 407.000000
 43.250000 0.791889 390.887490 0.000000 0.000000 0.000000 0.000000 0.791889 404.000000
 43.500000 0.792672 392.222090 0.000000 0.000000 0.000000 0.000000 0.792672 401.000000
 43.750000 0.789425 387.286530 0.000000 0.000000 0.000000 0.000000 0.789425 406.000000
 44.000000 0.791154 386.178924 0.000000 0.000000 0.000000 0.000000 0.791154 400.000000
 44.250000 0.787539 380.207424 0.000000 0.000000 0.000000 0.000000 0.787539 398.000000
 44.500000 0.785584 380.191689 0.000000 0.000000 0.000000 0.000000 0.785584 403.000000
 44.750000 0.789181 384.352774 0.000000 0.000000 0.000000 0.000000 0.789181 402.000000
 45.000000 0.791766 384.872621 0.000000 0.000000 0.000000 0.000000 0.791766 394.000000
 45.250000 0.791043 388.924314 0.000000 0.000000 0.000000 0.000000 0.791043 405.000000
 45.500000 0.783610 373.771866 0.000000 0.000000 0.000000 0.000000 0.783610 389.000000
 45.750000 0.788828 385.438705 0.000000 0.000000 0.000000 0.000000 0.788828 400.000000
 46.000000 0.790073 382.784055 0.000000 0.000000 0.000000 0.000000 0.790073 399.000000
 46.250000 0.793242 388.760783 0.000000 0.000000 0.000000 0.000000 0.793242 404.000000
 46.500000 0.786149 381.244242 0.000000 0.000000 0.000000 0.000000 0.786149 397.000000
 46.750000 0.781042 368.620590 0.000000 0.000000 0.000000 0.000000 0.781042 384.000000
 47.000000 0.781121 370.862638 0.000000 0.000000 0.000000 0.000000 0.781121 391.000000
 47.250000 0.782653 371.093356 0.000000 0.000000 0.000000 0.000000 0.782653 385.000000
 47.500000 0.782188 368.061549 0.000000 0.000000 0.000000 0.000000 0.782188 379.000000
 47.750000 0.783122 369.845112 0.000000 0.000000 0.000000 0.000000 0.783122 379.000000
 48.000000 0.779236 364.423105 0.000000 0.000000 0.000000 0.000000 0.779236 375.000000
 48.250000 0.780931 365.298648 0.000000 0.000000 0.000000 0.000000 0.780931 380.000000
 48.500000 0.785461 374.094188 0.000000 0.000000 0.000000 0.000000 0.785461 385.000000
 48.750000 0.780576 365.368571 0.000000 0.000000 0.000000 0.000000 0.780576 378.000000
 49.000000 0.781800 366.550363 0.000000 0.000000 0.000000 0.000000 0.781800 376.000000
 49.250000 0.781062 364.051083 0.000000 0.000000 0.000000 0.000000 0.781062 374.000000
 49.500000 0.775348 354.064655 0.000000 0.000000 0.000000 0.000000 0.775348 367.000000
 49.750000 0.779841 365.852934 0.000000 0.000000 0.000000 0.000000 0.779841 375.000000
 50.000000 0.781811 367.091235 0.000000 0.000000 0.000000 0.000000 0.781811 373.000000
 50.250000 0.784293 366.158198 0.000000 0.000000 0.000000 0.000000 0.784293 379.000000
 50.500000 0.780355 364.420493 0.000000 0.000000 0.000000 0.000000 0.780355 380.000000
 50.750000 0.784477 371.223756 0.000000 0.000000 0.000000 0.000000 0.784477 379.000000
 51.000000 0.782597 368.818383 0.000000 0.000000 0.000000 0.000000 0.782597 386.000000
 51.250000 0.778564 365.237241 0.000000 0.000000 0.000000 0.000000 0.778564 380.000000
 51.500000 0.781152 365.970775 0.000000 0.000000 0.000000 0.000000 0.781152 376.000000
 51.750000 0.786923 374.137091 0.000000 0.000000 0.000000 0.000000 0.786923 382.000000
 52.000000 0.781377 367.157869 0.000000 0.000000 0.000000 0.000000 0.781377 378.000000
 52.250000 0.784615 373.185249 0.000000 0.000000 0.000000 0.000000 0.784615 383.000000
 52.500000 0.792787 384.306091 0.000000 0.000000 0.000000 0.000000 0.792787 394.000000
 52.750000 0.785104 377.213651 0.000000 0.000000 0.000000 0.000000 0.785104 393.000000
 53.000000 0.782399 371.771293 0.000000 0.000000 0.000000 0.000000 0.782399 390.000000
 53.250000 0.787301 375.101647 0.000000 0.000000 0.000000 0.000000 0.787301 390.000000
 53.500000 0.785051 373.374735 0.000000 0.000000 0.000000 0.000000 0.785051 389.000000
 53.750000 0.777580 362.699391 0.000000 0.000000 0.000000 0.000000 0.777580 373.000000
 54.000000 0.782673 372.112900 0.000000 0.000000 0.000000 0.000000 0.782673 388.000000
 54.250000 0.772621 353.133503 0.000000 0.000000 0.000000 0.000000 0.772621 374.000000
 54.500000 0.783297 372.623611 0.000000 0.000000 0.000000 0.000000 0.783297 387.000000
 54.750000 0.780520 365.441190 0.000000 0.000000 0.000000 0.000000 0.780520 377.000000
 55.000000 0.779180 364.972214 0.000000 0.000000 0.000000 0.000000 0.779180 379.000000
 55.250000 0.775569 359.312011 0.000000 0.000000 0.000000 0.000000 0.775569 375.000000
 55.500000 0.779556 371.570728 0.000000 0.000000 0.000000 0.000000 0.779556 392.000000
 55.750000 0.779508 370.327867 0.000000 0.000000 0.000000 0.000000 0.779508 386.000000
 56.000000 0.782812 375.318637 0.000000 0.000000 0.000000 0.000000 0.782812 393.000000
 56.250000 0.781339 369.861029 0.000000 0.000000 0.000000 0.000000 0.781339 388.000000
 56.500000 0.781391 368.343857 0.000000 0.000000 0.000000 0.000000 0.781391 381.000000
 56.750000 0.786117 375.848769 0.000000 0.000000 0.000000 0.000000 0.786117 387.000000
 57.000000 0.784101 372.709871 0.000000 0.000000 0.000000 0.000000 0.784101 388.000000
 57.250000 0.784902 372.247283 0.000000 0.000000 0.000000 0.000000 0.784902 384.000000
 57.500000 0.785047 370.646232 0.000000 0.000000 0.000000 0.000000 0.785047 387.000000
 57.750000 0.782998 369.905195 0.000000 0.000000 0.000000 0.000000 0.782998 379.000000
 58.000000 0.788347 382.911190 0.000000 0.000000 0.000000 0.000000 0.788347 390.000000
 58.250000 0.788771 378.639509 0.000000 0.000000 0.000000 0.000000 0.788771 388.000000
 58.500000 0.790075 381.591920 0.000000 0.000000 0.000000 0.000000 0.790075 398.000000
 58.750000 0.789344 385.106730 0.000000 0.000000 0.000000 0.000000 0.789344 400.000000
 59.000000 0.788688 383.171711 0.000000 0.000000 0.000000 0.000000 0.788688 398.000000
 59.250000 0.782234 371.074644 0.000000 0.000000 0.000000 0.000000 0.782234 382.000000
 59.500000 0.780605 370.021116 0.000000 0.000000 0.000000 0.000000 0.780605 384.000000
 59.750000 0.780906 366.752562 0.000000 0.000000 0.000000 0.000000 0.780906 391.000000
 60.000000 0.786813 381.146663 0.000000 0.000000 0.000000 0.000000 0.786813 393.000000
 60.250000 0.784947 375.073808 0.000000 0.000000 0.000000 0.000000 0.784947 398.000000
 60.500000 0.780714 371.994083 0.000000 0.000000 0.000000 0.000000 0.780714 392.000000
 60.750000 0.783687 367.931917 0.000000 0.000000 0.000000 0.000000 0.783687 378.000000
 61.000000 0.784020 369.961867 0.000000 0.000000 0.000000 0.000000 0.784020 379.000000
 61.250000 0.781418 367.294307 0.000000 0.000000 0.000000 0.000000 0.781418 378.000000
 61.500000 0.785156 370.700970 0.000000 0.000000 0.000000 0.000000 0.785156 384.000000
 61.750000 0.782322 368.788455 0.000000 0.000000 0.000000 0.000000 0.782322 382.000000
 62.000000 0.783824 371.661653 0.000000 0.000000 0.000000 0.000000 0.783824 385.000000
 62.250000 0.781192 366.813635 0.000000 0.000000 0.000000 0.000000 0.781192 383.000000
 62.500000 0.777536 361.116870 0.000000 0.000000 0.000000 0.000000 0.777536 380.000000
 62.750000 0.782289 370.892426 0.000000 0.000000 0.000000 0.000000 0.782289 387.000000
 63.000000 0.783597 370.888951 0.000000 0.000000 0.000000 0.000000 0.783597 387.000000
 63.250000 0.785261 370.713250 0.000000 0.000000 0.000000 0.000000 0.785261 382.000000
 63.500000 0.780390 369.522677 0.000000 0.000000 0.000000 0.000000 0.780390 390.000000
 63.750000 0.781287 367.910796 0.000000 0.000000 0.000000 0.000000 0.781287 383.000000
 64.000000 0.782581 367.809664 0.000000 0.000000 0.000000 0.000000 0.782581 382.000000
 64.250000 0.782262 364.691716 0.000000 0.000000 0.000000 0.000000 0.782262 377.000000
 64.500000 0.779745 362.891128 0.000000 0.000000 0.000000 0.000000 0.779745 379.000000
 64.750000 0.777295 365.454886 0.000000 0.000000 0.000000 0.000000 0.777295 381.000000
 65.000000 0.780477 368.956322 0.000000 0.000000 0.000000 0.000000 0.780477 387.000000
 65.250000 0.781081 371.806780 0.000000 0.000000 0.000000 0.000000 0.781081 388.000000
 65.500000 0.790312 381.684189 0.000000 0.000000 0.000000 0.000000 0.790312 391.000000
 65.750000 0.788537 378.285016 0.000000 0.000000 0.000000 0.000000 0.788537 384.000000
 66.000000 0.786980 373.429900 0.000000 0.000000 0.000000 0.000000 0.786980 386.000000
 66.250000 0.783292 368.768508 0.000000 0.000000 0.000000 0.000000 0.783292 382.000000
 66.500000 0.779206 364.965605 0.000000 0.000000 0.000000 0.000000 0.779206 377.000000
 66.750000 0.778751 364.242806 0.000000 0.000000 0.000000 0.000000 0.778751 382.000000
 67.000000 0.776033 361.398456 0.000000 0.000000 0.000000 0.000000 0.776033 380.000000
 67.250000 0.788183 374.025768 0.000000 0.000000 0.000000 0.000000 0.788183 383.000000
 67.500000 0.786862 375.511965 0.000000 0.000000 0.000000 0.000000 0.786862 392.000000
 67.750000 0.785435 373.964447 0.000000 0.000000 0.000000 0.000000 0.785435 384.000000
 68.000000 0.786981 376.272967 0.000000 0.000000 0.000000 0.000000 0.786981 389.000000
 68.250000 0.785566 373.218834 0.000000 0.000000 0.000000 0.000000 0.785566 382.000000
 68.500000 0.785764 369.988919 0.000000 0.000000 0.000000 0.000000 0.785764 378.000000
 68.750000 0.789155 379.309938 0.000000 0.000000 0.000000 0.000000 0.789155 392.000000
 69.000000 0.781599 367.820726 0.000000 0.000000 0.000000 0.000000 0.781599 382.000000
 69.250000 0.790479 385.103903 0.000000 0.000000 0.000000 0.000000 0.790479 394.000000
 69.500000 0.786804 380.993258 0.000000 0.000000 0.000000 0.000000 0.786804 395.000000
 69.750000 0.780366 372.564729 0.000000 0.000000 0.000000 0.000000 0.780366 390.000000
 70.000000 0.785421 376.366312 0.000000 0.000000 0.000000 0.000000 0.785421 392.000000
 70.250000 0.794027 387.400094 0.000000 0.000000 0.000000 0.000000 0.794027 396.000000
 70.500000 0.787083 380.891864 0.000000 0.000000 0.000000 0.000000 0.787083 393.000000
 70.750000 0.787920 382.380055 0.000000 0.000000 0.000000 0.000000 0.787920 392.000000
 71.000000 0.784329 376.765696 0.000000 0.000000 0.000000 0.000000 0.784329 395.000000
 71.250000 0.789853 379.483909 0.000000 0.000000 0.000000 0.000000 0.789853 392.000000
 71.500000 0.786361 379.906458 0.000000 0.000000 0.000000 0.000000 0.786361 392.000000
 71.750000 0.788217 379.835562 0.000000 0.000000 0.000000 0.000000 0.788217 392.000000
 72.000000 0.786530 381.186306 0.000000 0.000000 0.000000 0.000000 0.786530 396.000000
 72.250000 0.791190 382.853578 0.000000 0.000000 0.000000 0.000000 0.791190 395.000000
 72.500000 0.788250 383.960623 0.000000 0.000000 0.000000 0.000000 0.788250 394.000000
 72.750000 0.791730 388.365576 0.000000 0.000000 0.000000 0.000000 0.791730 402.000000
 73.000000 0.786689 380.791708 0.000000 0.000000 0.000000 0.000000 0.786689 391.000000
 73.250000 0.787798 380.392216 0.000000 0.000000 0.000000 0.000000 0.787798 393.000000
 73.500000 0.786086 376.973191 0.000000 0.000000 0.000000 0.000000 0.786086 392.000000
 73.750000 0.787639 377.040113 0.000000 0.000000 0.000000 0.000000 0.787639 388.000000
 74.000000 0.783140 374.622292 0.000000 0.000000 0.000000 0.000000 0.783140 389.000000
 74.250000 0.787300 379.573439 0.000000 0.000000 0.000000 0.000000 0.787300 390.000000
 74.500000 0.789792 385.612060 0.000000 0.000000 0.000000 0.000000 0.789792 393.000000
 74.750000 0.786846 376.610602 0.000000 0.000000 0.000000 0.000000 0.786846 388.000000
 75.000000 0.781803 371.522908 0.000000 0.000000 0.000000 0.000000 0.781803 378.000000
 75.250000 0.787927 380.725930 0.000000 0.000000 0.000000 0.000000 0.787927 393.000000
 75.500000 0.793149 391.026508 0.000000 0.000000 0.000000 0.000000 0.793149 403.000000
 75.750000 0.780857 373.872171 0.000000 0.000000 0.000000 0.000000 0.780857 389.000000
 76.000000 0.784360 377.098156 0.000000 0.000000 0.000000 0.000000 0.784360 390.000000
 76.250000 0.792706 387.826013 0.000000 0.000000 0.000000 0.000000 0.792706 397.000000
 76.500000 0.787471 377.713838 0.000000 0.000000 0.000000 0.000000 0.787471 393.000000
 76.750000 0.784611 373.688445 0.000000 0.000000 0.000000 0.000000 0.784611 390.000000
 77.000000 0.786865 380.410331 0.000000 0.000000 0.000000 0.000000 0.786865 396.000000
 77.250000 0.781931 373.610494 0.000000 0.000000 0.000000 0.000000 0.781931 388.000000
 77.500000 0.785517 375.731083 0.000000 0.000000 0.000000 0.000000 0.785517 390.000000
 77.750000 0.785549 373.692666 0.000000 0.000000 0.000000 0.000000 0.785549 394.000000
 78.000000 0.788900 380.794166 0.000000 0.000000 0.000000 0.000000 0.788900 392.000000
 78.250000 0.779098 365.993672 0.000000 0.000000 0.000000 0.000000 0.779098 381.000000
 78.500000 0.785147 369.304259 0.000000 0.000000 0.000000 0.000000 0.785147 382.000000
 78.750000 0.788867 373.209039 0.000000 0.000000 0.000000 0.000000 0.788867 380.000000
 79.000000 0.784320 369.840846 0.000000 0.000000 0.000000 0.000000 0.784320 382.000000
 79.250000 0.788766 377.514913 0.000000 0.000000 0.000000 0.000000 0.788766 387.000000
 79.500000 0.791262 378.310375 0.000000 0.000000 0.000000 0.000000 0.791262 386.000000
 79.750000 0.789976 380.131365 0.000000 0.000000 0.000000 0.000000 0.789976 389.000000
 80.000000 0.783147 374.701600 0.000000 0.000000 0.000000 0.000000 0.783147 388.000000
 80.250000 0.789096 378.242889 0.000000 0.000000 0.000000 0.000000 0.789096 384.000000
 80.500000 0.785953 377.076610 0.000000 0.000000 0.000000 0.000000 0.785953 389.000000
 80.750000 0.785052 374.194232 0.000000 0.000000 0.000000 0.000000 0.785052 389.000000
 81.000000 0.785277 378.595151 0.000000 0.000000 0.000000 0.000000 0.785277 400.000000
 81.250000 0.792786 386.587951 0.000000 0.000000 0.000000 0.000000 0.792786 400.000000
 81.500000 0.787957 377.764233 0.000000 0.000000 0.000000 0.000000 0.787957 384.000000
 81.750000 0.792193 381.191487 0.000000 0.000000 0.000000 0.000000 0.792193 390.000000
 82.000000 0.777981 364.092503 0.000000 0.000000 0.000000 0.000000 0.777981 383.000000
 82.250000 0.781367 369.933857 0.000000 0.000000 0.000000 0.000000 0.781367 383.000000
 82.500000 0.783011 368.499201 0.000000 0.000000 0.000000 0.000000 0.783011 384.000000
 82.750000 0.782642 372.395764 0.000000 0.000000 0.000000 0.000000 0.782642 384.000000
 83.000000 0.783644 371.733091 0.000000 0.000000 0.000000 0.000000 0.783644 382.000000
 83.250000 0.780236 366.262749 0.000000 0.000000 0.000000 0.000000 0.780236 379.000000
 83.500000 0.786169 370.917090 0.000000 0.000000 0.000000 0.000000 0.786169 381.000000
 83.750000 0.790920 382.937193 0.000000 0.000000 0.000000 0.000000 0.790920 392.000000
 84.000000 0.783464 372.226783 0.000000 0.000000 0.000000 0.000000 0.783464 385.000000
 84.250000 0.782501 368.191736 0.000000 0.000000 0.000000 0.000000 0.782501 382.000000
 84.500000 0.785703 372.646994 0.000000 0.000000 0.000000 0.000000 0.785703 377.000000
 84.750000 0.786404 377.850176 0.000000 0.000000 0.000000 0.000000 0.786404 396.000000
 85.000000 0.790309 376.905475 0.000000 0.000000 0.000000 0.000000 0.790309 385.000000
 85.250000 0.790822 382.968428 0.000000 0.000000 0.000000 0.000000 0.790822 389.000000
 85.500000 0.787849 380.015015 0.000000 0.000000 0.000000 0.000000 0.787849 391.000000
 85.750000 0.787516 375.182066 0.000000 0.000000 0.000000 0.000000 0.787516 387.000000
 86.000000 0.793015 380.842947 0.000000 0.000000 0.000000 0.000000 0.793015 381.000000
 86.250000 0.784825 372.309156 0.000000 0.000000 0.000000 0.000000 0.784825 382.000000
 86.500000 0.785754 376.703016 0.000000 0.000000 0.000000 0.000000 0.785754 388.000000
 86.750000 0.780971 369.284637 0.000000 0.000000 0.000000 0.000000 0.780971 380.000000
 87.000000 0.785068 369.807829 0.000000 0.000000 0.000000 0.000000 0.785068 379.000000
 87.250000 0.787390 373.340401 0.000000 0.000000 0.000000 0.000000 0.787390 378.000000
 87.500000 0.787484 373.909495 0.000000 0.000000 0.000000 0.000000 0.787484 378.000000
 87.750000 0.789845 379.148391 0.000000 0.000000 0.000000 0.000000 0.789845 388.000000
 88.000000 0.778791 362.434171 0.000000 0.000000 0.000000 0.000000 0.778791 378.000000
 88.250000 0.782657 369.425783 0.000000 0.000000 0.000000 0.000000 0.782657 382.000000
 88.500000 0.780112 368.072260 0.000000 0.000000 0.000000 0.000000 0.780112 377.000000
 88.750000 0.786474 375.803323 0.000000 0.000000 0.000000 0.000000 0.786474 390.000000
 89.000000 0.786850 377.941010 0.000000 0.000000 0.000000 0.000000 0.786850 386.000000
 89.250000 0.781874 371.631724 0.000000 0.000000 0.000000 0.000000 0.781874 384.000000
 89.500000 0.784058 372.780225 0.000000 0.000000 0.000000 0.000000 0.784058 384.000000
 89.750000 0.781541 371.212715 0.000000 0.000000 0.000000 0.000000 0.781541 383.000000
 90.000000 0.783481 373.136022 0.000000 0.000000 0.000000 0.000000 0.783481 384.000000
 90.250000 0.784911 375.709490 0.000000 0.000000 0.000000 0.000000 0.784911 381.000000
 90.500000 0.791557 386.520551 0.000000 0.000000 0.000000 0.000000 0.791557 399.000000
 90.750000 0.796772 390.359651 0.000000 0.000000 0.000000 0.000000 0.796772 397.000000
 91.000000 0.791921 383.765734 0.000000 0.000000 0.000000 0.000000 0.791921 394.000000
 91.250000 0.790663 381.456448 0.000000 0.000000 0.000000 0.000000 0.790663 388.000000
 91.500000 0.789801 384.444222 0.000000 0.000000 0.000000 0.000000 0.789801 397.000000
 91.750000 0.789586 388.292004 0.000000 0.000000 0.000000 0.000000 0.789586 402.000000
 92.000000 0.789027 384.971466 0.000000 0.000000 0.000000 0.000000 0.789027 398.000000
 92.250000 0.791026 386.400315 0.000000 0.000000 0.000000 0.000000 0.791026 403.000000
 92.500000 0.790674 386.810990 0.000000 0.000000 0.000000 0.000000 0.790674 396.000000
 92.750000 0.790039 384.575315 0.000000 0.000000 0.000000 0.000000 0.790039 396.000000
 93.000000 0.788807 386.522979 0.000000 0.000000 0.000000 0.000000 0.788807 396.000000
 93.250000 0.793567 390.482185 0.000000 0.000000 0.000000 0.000000 0.793567 399.000000
 93.500000 0.787321 382.062540 0.000000 0.000000 0.000000 0.000000 0.787321 399.000000
 93.750000 0.797896 391.292682 0.000000 0.000000 0.000000 0.000000 0.797896 395.000000
 94.000000 0.789972 381.516163 0.000000 0.000000 0.000000 0.000000 0.789972 398.000000
 94.250000 0.790392 383.791182 0.000000 0.000000 0.000000 0.000000 0.790392 397.000000
 94.500000 0.791954 386.133189 0.000000 0.000000 0.000000 0.000000 0.791954 397.000000
 94.750000 0.788338 380.563360 0.000000 0.000000 0.000000 0.000000 0.788338 398.000000
 95.000000 0.788243 381.935415 0.000000 0.000000 0.000000 0.000000 0.788243 396.000000
 95.250000 0.787813 384.821758 0.000000 0.000000 0.000000 0.000000 0.787813 401.000000
 95.500000 0.791966 389.453164 0.000000 0.000000 0.000000 0.000000 0.791966 398.000000
 95.750000 0.784041 376.171515 0.000000 0.000000 0.000000 0.000000 0.784041 395.000000
 96.000000 0.797425 394.125221 0.000000 0.000000 0.000000 0.000000 0.797425 404.000000
 96.250000 0.795848 394.849821 0.000000 0.000000 0.000000 0.000000 0.795848 410.000000
 96.500000 0.796897 399.606033 0.000000 0.000000 0.000000 0.000000 0.796897 409.000000
 96.750000 0.791082 391.551234 0.000000 0.000000 0.000000 0.000000 0.791082 406.000000
 97.000000 0.789071 387.313039 0.000000 0.000000 0.000000 0.000000 0.789071 401.000000
 97.250000 0.798125 402.449565 0.000000 0.000000 0.000000 0.000000 0.798125 417.000000
 97.500000 0.791869 393.443813 0.000000 0.000000 0.000000 0.000000 0.791869 411.000000
 97.750000 0.793762 392.604700 0.000000 0.000000 0.000000 0.000000 0.793762 408.000000
 98.000000 0.793810 393.289092 0.000000 0.000000 0.000000 0.000000 0.793810 405.000000
 98.250000 0.789149 384.210469 0.000000 0.000000 0.000000 0.000000 0.789149 403.000000
 98.500000 0.784848 375.593947 0.000000 0.000000 0.000000 0.000000 0.784848 389.000000
 98.750000 0.792529 387.999617 0.000000 0.000000 0.000000 0.000000 0.792529 402.000000
 99.000000 0.779051 366.753162 0.000000 0.000000 0.000000 0.000000 0.779051 387.000000
 99.250000 0.789323 382.630915 0.000000 0.000000 0.000000 0.000000 0.789323 397.000000
 99.500000 0.789858 382.402730 0.000000 0.000000 0.000000 0.000000 0.789858 390.000000
 99.750000 0.782797 368.587655 0.000000 0.000000 0.000000 0.000000 0.782797 375.000000
 100.000000 0.790818 383.411514 0.000000 0.000000 0.000000 0.000000 0.790818 402.000000
 100.250000 0.782531 372.639331 0.000000 0.000000 0.000000 0.000000 0.782531 389.000000
 100.500000 0.786847 375.326784 0.000000 0.000000 0.000000 0.000000 0.786847 383.000000
