#! FIELDS time s.mean
 0.250000 1.076075
 0.500000 1.056616
 0.750000 1.068220
 1.000000 1.056179
 1.250000 1.069254
 1.500000 1.059923
 1.750000 1.054547
 2.000000 1.071795
 2.250000 1.039217
 2.500000 1.044267
 2.750000 1.052906
 3.000000 1.036397
 3.250000 1.051286
 3.500000 1.050164
 3.750000 1.038193
 4.000000 1.058539
 4.250000 1.040430
 4.500000 1.041727
 4.750000 1.056665
 5.000000 1.048336
 5.250000 1.060349
 5.500000 1.047364
 5.750000 1.052907
 6.000000 1.059357
 6.250000 1.046988
 6.500000 1.063211
 6.750000 1.051053
 7.000000 1.050463
 7.250000 1.061248
 7.500000 1.047129
 7.750000 1.052953
 8.000000 1.050243
 8.250000 1.046384
 8.500000 1.053469
 8.750000 1.046233
 9.000000 1.049986
 9.250000 1.043879
 9.500000 1.036270
 9.750000 1.044392
 10.000000 1.044543
