#! FIELDS time refcv.mean refcv.morethan uwall.bias uwall.force2 lwall.bias lwall.force2 refcv2.mean refcv2.morethan
 1.000000 0.758561 285.762121 0.000000 0.000000 0.000000 0.000000 0.758561 289.000000
 1.250000 0.745008 278.924340 0.000000 0.000000 0.000000 0.000000 0.745008 285.000000
 1.500000 0.745551 277.558725 0.000000 0.000000 0.000000 0.000000 0.745551 284.000000
 1.750000 0.739161 276.250643 0.000000 0.000000 0.000000 0.000000 0.739161 285.000000
 2.000000 0.737093 276.726850 0.000000 0.000000 0.000000 0.000000 0.737093 285.000000
 2.250000 0.741640 278.345750 0.000000 0.000000 0.000000 0.000000 0.741640 285.000000
 2.500000 0.745968 282.574936 0.000000 0.000000 0.000000 0.000000 0.745968 287.000000
 2.750000 0.738095 275.559419 0.000000 0.000000 0.000000 0.000000 0.738095 284.000000
 3.000000 0.744110 278.804310 0.000000 0.000000 0.000000 0.000000 0.744110 284.000000
 3.250000 0.741785 278.796406 0.000000 0.000000 0.000000 0.000000 0.741785 286.000000
 3.500000 0.735400 274.453139 0.000000 0.000000 0.000000 0.000000 0.735400 285.000000
 3.750000 0.733293 271.375481 0.000000 0.000000 0.000000 0.000000 0.733293 284.000000
 4.000000 0.743889 281.157501 0.000000 0.000000 0.000000 0.000000 0.743889 287.000000
 4.250000 0.738349 276.211996 0.000000 0.000000 0.000000 0.000000 0.738349 290.000000
 4.500000 0.740434 274.243264 0.000000 0.000000 0.000000 0.000000 0.740434 283.000000
 4.750000 0.740997 277.940845 0.000000 0.000000 0.000000 0.000000 0.740997 288.000000
 5.000000 0.737528 274.784954 0.000000 0.000000 0.000000 0.000000 0.737528 283.000000
 5.250000 0.741342 279.436368 0.000000 0.000000 0.000000 0.000000 0.741342 286.000000
 5.500000 0.738262 278.080671 0.000000 0.000000 0.000000 0.000000 0.738262 286.000000
 5.750000 0.737541 278.332866 0.000000 0.000000 0.000000 0.000000 0.737541 288.000000
 6.000000 0.734992 273.670993 0.000000 0.000000 0.000000 0.000000 0.734992 284.000000
 6.250000 0.733773 271.704670 0.000000 0.000000 0.000000 0.000000 0.733773 282.000000
 6.500000 0.739982 278.933084 0.000000 0.000000 0.000000 0.000000 0.739982 288.000000
 6.750000 0.740190 275.884359 0.000000 0.000000 0.000000 0.000000 0.740190 284.000000
 7.000000 0.744065 277.292592 0.000000 0.000000 0.000000 0.000000 0.744065 283.000000
 7.250000 0.746410 280.366806 0.000000 0.000000 0.000000 0.000000 0.746410 286.000000
 7.500000 0.738581 276.834835 0.000000 0.000000 0.000000 0.000000 0.738581 285.000000
 7.750000 0.740810 277.324839 0.000000 0.000000 0.000000 0.000000 0.740810 286.000000
 8.000000 0.740995 277.959709 0.000000 0.000000 0.000000 0.000000 0.740995 288.000000
 8.250000 0.735415 274.547718 0.000000 0.000000 0.000000 0.000000 0.735415 285.000000
 8.500000 0.739045 276.731324 0.000000 0.000000 0.000000 0.000000 0.739045 285.000000
 8.750000 0.745975 280.830018 0.000000 0.000000 0.000000 0.000000 0.745975 285.000000
 9.000000 0.744240 277.439270 0.000000 0.000000 0.000000 0.000000 0.744240 286.000000
 9.250000 0.736548 277.732055 0.000000 0.000000 0.000000 0.000000 0.736548 288.000000
 9.500000 0.744170 280.570576 0.000000 0.000000 0.000000 0.000000 0.744170 286.000000
 9.750000 0.742519 277.394642 0.000000 0.000000 0.000000 0.000000 0.742519 283.000000
 10.000000 0.758517 289.872138 3.504902 14.019607 0.000000 0.000000 0.758517 289.000000
 10.250000 0.746237 282.095651 0.000000 0.000000 0.000000 0.000000 0.746237 284.000000
 10.500000 0.741118 278.537672 0.000000 0.000000 0.000000 0.000000 0.741118 285.000000
 10.750000 0.751410 286.617630 0.000000 0.000000 0.000000 0.000000 0.751410 290.000000
 11.000000 0.745377 283.249138 0.000000 0.000000 0.000000 0.000000 0.745377 287.000000
 11.250000 0.749549 283.279449 0.000000 0.000000 0.000000 0.000000 0.749549 290.000000
 11.500000 0.747679 283.110329 0.000000 0.000000 0.000000 0.000000 0.747679 288.000000
 11.750000 0.748798 284.006796 0.000000 0.000000 0.000000 0.000000 0.748798 287.000000
 12.000000 0.749819 283.510321 0.000000 0.000000 0.000000 0.000000 0.749819 287.000000
 12.250000 0.745383 282.937727 0.000000 0.000000 0.000000 0.000000 0.745383 288.000000
 12.500000 0.744677 285.734159 0.000000 0.000000 0.000000 0.000000 0.744677 291.000000
 12.750000 0.750090 286.330046 0.000000 0.000000 0.000000 0.000000 0.750090 290.000000
 13.000000 0.750382 287.312299 0.000000 0.000000 0.000000 0.000000 0.750382 291.000000
 13.250000 0.749573 287.051997 0.000000 0.000000 0.000000 0.000000 0.749573 295.000000
 13.500000 0.750840 285.658069 0.000000 0.000000 0.000000 0.000000 0.750840 291.000000
 13.750000 0.746082 285.564156 0.000000 0.000000 0.000000 0.000000 0.746082 290.000000
 14.000000 0.742067 283.914340 0.000000 0.000000 0.000000 0.000000 0.742067 292.000000
 14.250000 0.739328 277.961027 0.000000 0.000000 0.000000 0.000000 0.739328 283.000000
 14.500000 0.745148 279.872524 0.000000 0.000000 0.000000 0.000000 0.745148 286.000000
 14.750000 0.750239 284.699085 0.000000 0.000000 0.000000 0.000000 0.750239 289.000000
 15.000000 0.753453 286.679632 0.000000 0.000000 0.000000 0.000000 0.753453 292.000000
 15.250000 0.752258 287.723057 0.000000 0.000000 0.000000 0.000000 0.752258 293.000000
 15.500000 0.744396 281.197473 0.000000 0.000000 0.000000 0.000000 0.744396 290.000000
 15.750000 0.749223 286.515050 0.000000 0.000000 0.000000 0.000000 0.749223 288.000000
 16.000000 0.743582 280.154507 0.000000 0.000000 0.000000 0.000000 0.743582 287.000000
 16.250000 0.753720 289.586993 2.518546 10.074182 0.000000 0.000000 0.753720 292.000000
 16.500000 0.749953 286.105219 0.000000 0.000000 0.000000 0.000000 0.749953 292.000000
 16.750000 0.745236 285.368753 0.000000 0.000000 0.000000 0.000000 0.745236 294.000000
 17.000000 0.749576 288.090057 0.008110 0.032441 0.000000 0.000000 0.749576 296.000000
 17.250000 0.754480 289.622870 2.633708 10.534833 0.000000 0.000000 0.754480 297.000000
 17.500000 0.746285 279.488320 0.000000 0.000000 0.000000 0.000000 0.746285 288.000000
 17.750000 0.755300 287.487260 0.000000 0.000000 0.000000 0.000000 0.755300 293.000000
 18.000000 0.754144 287.008334 0.000000 0.000000 0.000000 0.000000 0.754144 291.000000
 18.250000 0.752725 287.257542 0.000000 0.000000 0.000000 0.000000 0.752725 292.000000
 18.500000 0.747193 287.447944 0.000000 0.000000 0.000000 0.000000 0.747193 296.000000
 18.750000 0.748645 287.661345 0.000000 0.000000 0.000000 0.000000 0.748645 292.000000
 19.000000 0.748953 285.787816 0.000000 0.000000 0.000000 0.000000 0.748953 291.000000
 19.250000 0.747763 283.564190 0.000000 0.000000 0.000000 0.000000 0.747763 289.000000
 19.500000 0.748648 282.382586 0.000000 0.000000 0.000000 0.000000 0.748648 289.000000
 19.750000 0.750392 287.004270 0.000000 0.000000 0.000000 0.000000 0.750392 293.706062
 20.000000 0.752726 286.030968 0.000000 0.000000 0.000000 0.000000 0.752726 291.000000
 20.250000 0.747223 285.740358 0.000000 0.000000 0.000000 0.000000 0.747223 298.000000
 20.500000 0.752691 286.072192 0.000000 0.000000 0.000000 0.000000 0.752691 288.000000
 20.750000 0.753633 287.822841 0.000000 0.000000 0.000000 0.000000 0.753633 294.000000
 21.000000 0.751634 287.290787 0.000000 0.000000 0.000000 0.000000 0.751634 296.000000
 21.250000 0.751413 284.756437 0.000000 0.000000 0.000000 0.000000 0.751413 289.000000
 21.500000 0.756477 288.250475 0.062738 0.250950 0.000000 0.000000 0.756477 294.000000
 21.750000 0.754438 286.879981 0.000000 0.000000 0.000000 0.000000 0.754438 290.000000
 22.000000 0.753398 287.662839 0.000000 0.000000 0.000000 0.000000 0.753398 292.000000
 22.250000 0.748334 284.672442 0.000000 0.000000 0.000000 0.000000 0.748334 292.000000
 22.500000 0.750350 287.179610 0.000000 0.000000 0.000000 0.000000 0.750350 296.000000
 22.750000 0.754032 287.374903 0.000000 0.000000 0.000000 0.000000 0.754032 294.000000
 23.000000 0.755091 288.974665 0.949972 3.799886 0.000000 0.000000 0.755091 298.000000
 23.250000 0.752710 288.846371 0.716344 2.865375 0.000000 0.000000 0.752710 296.000000
 23.500000 0.750777 287.481489 0.000000 0.000000 0.000000 0.000000 0.750777 292.000000
 23.750000 0.751721 286.511698 0.000000 0.000000 0.000000 0.000000 0.751721 293.000000
 24.000000 0.748069 287.550283 0.000000 0.000000 0.000000 0.000000 0.748069 295.000000
 24.250000 0.749335 287.325432 0.000000 0.000000 0.000000 0.000000 0.749335 298.000000
 24.500000 0.749145 286.741419 0.000000 0.000000 0.000000 0.000000 0.749145 292.000000
 24.750000 0.749108 285.109752 0.000000 0.000000 0.000000 0.000000 0.749108 291.000000
 25.000000 0.745510 284.138221 0.000000 0.000000 0.000000 0.000000 0.745510 292.000000
 25.250000 0.745330 285.301737 0.000000 0.000000 0.000000 0.000000 0.745330 294.000000
 25.500000 0.742389 283.749681 0.000000 0.000000 0.000000 0.000000 0.742389 291.000000
 25.750000 0.747020 284.512737 0.000000 0.000000 0.000000 0.000000 0.747020 291.000000
 26.000000 0.745643 282.031072 0.000000 0.000000 0.000000 0.000000 0.745643 288.000000
 26.250000 0.746992 287.855681 0.000000 0.000000 0.000000 0.000000 0.746992 294.000000
 26.500000 0.743519 287.345599 0.000000 0.000000 0.000000 0.000000 0.743519 298.000000
 26.750000 0.750695 288.845289 0.714514 2.858056 0.000000 0.000000 0.750695 295.000000
 27.000000 0.747757 285.476491 0.000000 0.000000 0.000000 0.000000 0.747757 295.000000
 27.250000 0.752633 289.099081 1.207979 4.831917 0.000000 0.000000 0.752633 294.000000
 27.500000 0.749169 287.719018 0.000000 0.000000 0.000000 0.000000 0.749169 295.000000
 27.750000 0.748225 285.318987 0.000000 0.000000 0.000000 0.000000 0.748225 295.000000
 28.000000 0.749888 288.578400 0.334546 1.338185 0.000000 0.000000 0.749888 296.000000
 28.250000 0.749351 287.749901 0.000000 0.000000 0.000000 0.000000 0.749351 297.000000
 28.500000 0.753733 288.879474 0.773474 3.093896 0.000000 0.000000 0.753733 297.000000
 28.750000 0.753964 288.742431 0.551204 2.204815 0.000000 0.000000 0.753964 297.000000
 29.000000 0.745880 285.198752 0.000000 0.000000 0.000000 0.000000 0.745880 292.000000
 29.250000 0.742164 283.636431 0.000000 0.000000 0.000000 0.000000 0.742164 294.000000
 29.500000 0.743923 284.557487 0.000000 0.000000 0.000000 0.000000 0.743923 293.000000
 29.750000 0.749967 286.684432 0.000000 0.000000 0.000000 0.000000 0.749967 292.000000
 30.000000 0.744058 284.461039 0.000000 0.000000 0.000000 0.000000 0.744058 292.000000
 30.250000 0.741884 282.372615 0.000000 0.000000 0.000000 0.000000 0.741884 292.000000
 30.500000 0.745256 286.260776 0.000000 0.000000 0.000000 0.000000 0.745256 294.000000
 30.750000 0.744193 282.611798 0.000000 0.000000 0.000000 0.000000 0.744193 291.000000
 31.000000 0.745055 286.047182 0.000000 0.000000 0.000000 0.000000 0.745055 293.000000
 31.250000 0.741867 284.492679 0.000000 0.000000 0.000000 0.000000 0.741867 293.000000
 31.500000 0.742240 284.772171 0.000000 0.000000 0.000000 0.000000 0.742240 294.000000
 31.750000 0.747351 286.010132 0.000000 0.000000 0.000000 0.000000 0.747351 295.000000
 32.000000 0.748344 287.278747 0.000000 0.000000 0.000000 0.000000 0.748344 298.000000
 32.250000 0.751293 288.089326 0.007979 0.031917 0.000000 0.000000 0.751293 298.000000
 32.500000 0.745878 283.964917 0.000000 0.000000 0.000000 0.000000 0.745878 289.000000
 32.750000 0.747529 285.517936 0.000000 0.000000 0.000000 0.000000 0.747529 290.000000
 33.000000 0.741378 280.571028 0.000000 0.000000 0.000000 0.000000 0.741378 290.000000
 33.250000 0.743087 285.633370 0.000000 0.000000 0.000000 0.000000 0.743087 294.000000
 33.500000 0.746754 285.887968 0.000000 0.000000 0.000000 0.000000 0.746754 293.000000
 33.750000 0.749190 285.163201 0.000000 0.000000 0.000000 0.000000 0.749190 291.000000
 34.000000 0.750840 287.269468 0.000000 0.000000 0.000000 0.000000 0.750840 293.000000
 34.250000 0.744967 280.441483 0.000000 0.000000 0.000000 0.000000 0.744967 291.000000
 34.500000 0.747903 286.496285 0.000000 0.000000 0.000000 0.000000 0.747903 294.000000
 34.750000 0.738864 279.109792 0.000000 0.000000 0.000000 0.000000 0.738864 290.000000
 35.000000 0.748575 285.449932 0.000000 0.000000 0.000000 0.000000 0.748575 291.000000
 35.250000 0.745188 284.746962 0.000000 0.000000 0.000000 0.000000 0.745188 292.000000
 35.500000 0.747134 284.146336 0.000000 0.000000 0.000000 0.000000 0.747134 292.000000
 35.750000 0.745060 283.832606 0.000000 0.000000 0.000000 0.000000 0.745060 294.000000
 36.000000 0.747174 284.346283 0.000000 0.000000 0.000000 0.000000 0.747174 292.000000
 36.250000 0.749668 285.765809 0.000000 0.000000 0.000000 0.000000 0.749668 293.000000
 36.500000 0.743055 283.242780 0.000000 0.000000 0.000000 0.000000 0.743055 295.000000
 36.750000 0.745616 284.607515 0.000000 0.000000 0.000000 0.000000 0.745616 293.000000
 37.000000 0.748429 287.191853 0.000000 0.000000 0.000000 0.000000 0.748429 294.000000
 37.250000 0.742287 282.863621 0.000000 0.000000 0.000000 0.000000 0.742287 291.000000
 37.500000 0.744884 284.482737 0.000000 0.000000 0.000000 0.000000 0.744884 294.000000
 37.750000 0.746759 285.144260 0.000000 0.000000 0.000000 0.000000 0.746759 293.000000
 38.000000 0.754174 288.091367 0.008348 0.033392 0.000000 0.000000 0.754174 294.000000
 38.250000 0.752275 289.047134 1.096490 4.385961 0.000000 0.000000 0.752275 294.000000
 38.500000 0.741131 282.111015 0.000000 0.000000 0.000000 0.000000 0.741131 291.000000
 38.750000 0.744328 285.034457 0.000000 0.000000 0.000000 0.000000 0.744328 292.000000
 39.000000 0.741518 282.739773 0.000000 0.000000 0.000000 0.000000 0.741518 290.000000
 39.250000 0.749711 289.398848 1.956777 7.827106 0.000000 0.000000 0.749711 296.000000
 39.500000 0.746192 286.754479 0.000000 0.000000 0.000000 0.000000 0.746192 293.000000
 39.750000 0.750596 288.819079 0.670890 2.683560 0.000000 0.000000 0.750596 299.000000
 40.000000 0.746848 286.396888 0.000000 0.000000 0.000000 0.000000 0.746848 295.000000
 40.250000 0.747312 287.967618 0.000000 0.000000 0.000000 0.000000 0.747312 299.000000
 40.500000 0.749522 288.620373 0.384862 1.539449 0.000000 0.000000 0.749522 299.000000
 40.750000 0.749649 289.106913 1.225256 4.901024 0.000000 0.000000 0.749649 298.000000
 41.000000 0.738792 281.503745 0.000000 0.000000 0.000000 0.000000 0.738792 290.000000
 41.250000 0.749173 286.023568 0.000000 0.000000 0.000000 0.000000 0.749173 296.000000
 41.500000 0.747842 283.262951 0.000000 0.000000 0.000000 0.000000 0.747842 293.000000
 41.750000 0.745180 285.522459 0.000000 0.000000 0.000000 0.000000 0.745180 294.000000
 42.000000 0.742471 278.049794 0.000000 0.000000 0.000000 0.000000 0.742471 286.000000
 42.250000 0.747330 281.911979 0.000000 0.000000 0.000000 0.000000 0.747330 288.000000
 42.500000 0.750029 287.058805 0.000000 0.000000 0.000000 0.000000 0.750029 295.000000
 42.750000 0.747019 284.424835 0.000000 0.000000 0.000000 0.000000 0.747019 291.000000
 43.000000 0.746147 286.528242 0.000000 0.000000 0.000000 0.000000 0.746147 289.000000
 43.250000 0.740961 279.530149 0.000000 0.000000 0.000000 0.000000 0.740961 288.000000
 43.500000 0.738227 274.731631 0.000000 0.000000 0.000000 0.000000 0.738227 285.000000
 43.750000 0.742165 278.513225 0.000000 0.000000 0.000000 0.000000 0.742165 286.000000
 44.000000 0.739438 280.064163 0.000000 0.000000 0.000000 0.000000 0.739438 290.003108
 44.250000 0.739960 276.821613 0.000000 0.000000 0.000000 0.000000 0.739960 286.000000
 44.500000 0.737880 278.830196 0.000000 0.000000 0.000000 0.000000 0.737880 289.000000
 44.750000 0.737035 275.922351 0.000000 0.000000 0.000000 0.000000 0.737035 284.000000
 45.000000 0.735977 272.734038 0.000000 0.000000 0.000000 0.000000 0.735977 284.000000
 45.250000 0.746877 283.276555 0.000000 0.000000 0.000000 0.000000 0.746877 287.000000
 45.500000 0.739246 279.278393 0.000000 0.000000 0.000000 0.000000 0.739246 291.000000
 45.750000 0.736399 277.047093 0.000000 0.000000 0.000000 0.000000 0.736399 290.000000
 46.000000 0.747336 281.538486 0.000000 0.000000 0.000000 0.000000 0.747336 288.000000
 46.250000 0.742840 276.507910 0.000000 0.000000 0.000000 0.000000 0.742840 283.000000
 46.500000 0.739119 277.196473 0.000000 0.000000 0.000000 0.000000 0.739119 287.000000
 46.750000 0.749531 286.077126 0.000000 0.000000 0.000000 0.000000 0.749531 290.000000
 47.000000 0.746018 284.341006 0.000000 0.000000 0.000000 0.000000 0.746018 293.000000
 47.250000 0.741416 282.103775 0.000000 0.000000 0.000000 0.000000 0.741416 289.000000
 47.500000 0.743893 283.420740 0.000000 0.000000 0.000000 0.000000 0.743893 292.000000
 47.750000 0.748640 287.321283 0.000000 0.000000 0.000000 0.000000 0.748640 293.000000
 48.000000 0.746922 284.841096 0.000000 0.000000 0.000000 0.000000 0.746922 293.000000
 48.250000 0.743384 283.974574 0.000000 0.000000 0.000000 0.000000 0.743384 291.000000
 48.500000 0.740535 281.868870 0.000000 0.000000 0.000000 0.000000 0.740535 297.000000
 48.750000 0.748893 285.472175 0.000000 0.000000 0.000000 0.000000 0.748893 291.000000
 49.000000 0.745572 283.116201 0.000000 0.000000 0.000000 0.000000 0.745572 294.000000
 49.250000 0.751158 287.558786 0.000000 0.000000 0.000000 0.000000 0.751158 295.000000
 49.500000 0.747828 285.660544 0.000000 0.000000 0.000000 0.000000 0.747828 296.000000
 49.750000 0.746091 285.480174 0.000000 0.000000 0.000000 0.000000 0.746091 294.000000
 50.000000 0.747712 286.721817 0.000000 0.000000 0.000000 0.000000 0.747712 299.000000
 50.250000 0.744250 285.525486 0.000000 0.000000 0.000000 0.000000 0.744250 299.000000
 50.500000 0.745385 287.017100 0.000000 0.000000 0.000000 0.000000 0.745385 298.000000
 50.750000 0.752961 287.965343 0.000000 0.000000 0.000000 0.000000 0.752961 296.000000
 51.000000 0.748121 287.489664 0.000000 0.000000 0.000000 0.000000 0.748121 298.000000
 51.250000 0.753780 289.605648 2.578105 10.312422 0.000000 0.000000 0.753780 299.000000
 51.500000 0.750652 289.371780 1.881781 7.527125 0.000000 0.000000 0.750652 297.000000
 51.750000 0.751850 288.678816 0.460791 1.843162 0.000000 0.000000 0.751850 296.000000
 52.000000 0.748660 286.078296 0.000000 0.000000 0.000000 0.000000 0.748660 294.000000
 52.250000 0.753814 287.745337 0.000000 0.000000 0.000000 0.000000 0.753814 295.000000
 52.500000 0.747314 284.661610 0.000000 0.000000 0.000000 0.000000 0.747314 294.000000
 52.750000 0.750706 287.397034 0.000000 0.000000 0.000000 0.000000 0.750706 300.000000
 53.000000 0.751186 287.569891 0.000000 0.000000 0.000000 0.000000 0.751186 294.000000
 53.250000 0.748650 286.094067 0.000000 0.000000 0.000000 0.000000 0.748650 298.000000
 53.500000 0.748856 287.011352 0.000000 0.000000 0.000000 0.000000 0.748856 295.000000
 53.750000 0.746471 286.722844 0.000000 0.000000 0.000000 0.000000 0.746471 295.000000
 54.000000 0.748114 283.613174 0.000000 0.000000 0.000000 0.000000 0.748114 294.000000
 54.250000 0.750307 287.371120 0.000000 0.000000 0.000000 0.000000 0.750307 294.000000
 54.500000 0.752143 286.092638 0.000000 0.000000 0.000000 0.000000 0.752143 288.000000
 54.750000 0.754275 286.846332 0.000000 0.000000 0.000000 0.000000 0.754275 293.000000
 55.000000 0.754635 285.197338 0.000000 0.000000 0.000000 0.000000 0.754635 292.000000
 55.250000 0.747878 285.640614 0.000000 0.000000 0.000000 0.000000 0.747878 291.000000
 55.500000 0.751322 287.054228 0.000000 0.000000 0.000000 0.000000 0.751322 292.000000
 55.750000 0.756206 287.796085 0.000000 0.000000 0.000000 0.000000 0.756206 291.000000
 56.000000 0.751835 283.955277 0.000000 0.000000 0.000000 0.000000 0.751835 291.000000
 56.250000 0.755041 288.562983 0.316950 1.267801 0.000000 0.000000 0.755041 297.000000
 56.500000 0.749264 285.692933 0.000000 0.000000 0.000000 0.000000 0.749264 293.000000
 56.750000 0.752853 288.329427 0.108522 0.434088 0.000000 0.000000 0.752853 294.000000
 57.000000 0.748296 288.005522 0.000030 0.000122 0.000000 0.000000 0.748296 296.000000
 57.250000 0.749520 287.019460 0.000000 0.000000 0.000000 0.000000 0.749520 295.000000
 57.500000 0.749153 287.812849 0.000000 0.000000 0.000000 0.000000 0.749153 296.000000
 57.750000 0.751411 289.642278 2.697077 10.788309 0.000000 0.000000 0.751411 296.000000
 58.000000 0.750252 287.185762 0.000000 0.000000 0.000000 0.000000 0.750252 293.000000
 58.250000 0.749818 286.741545 0.000000 0.000000 0.000000 0.000000 0.749818 293.000000
 58.500000 0.747550 288.507016 0.257065 1.028260 0.000000 0.000000 0.747550 295.000000
 58.750000 0.748401 287.135092 0.000000 0.000000 0.000000 0.000000 0.748401 295.000000
 59.000000 0.751258 287.893757 0.000000 0.000000 0.000000 0.000000 0.751258 294.000000
 59.250000 0.757884 289.563960 2.445971 9.783884 0.000000 0.000000 0.757884 292.000000
 59.500000 0.752080 288.638917 0.408215 1.632859 0.000000 0.000000 0.752080 293.925984
 59.750000 0.752893 288.701553 0.492177 1.968707 0.000000 0.000000 0.752893 294.000000
 60.000000 0.748823 286.876600 0.000000 0.000000 0.000000 0.000000 0.748823 292.000000
 60.250000 0.752177 286.631348 0.000000 0.000000 0.000000 0.000000 0.752177 294.000000
 60.500000 0.755128 288.273514 0.074810 0.299240 0.000000 0.000000 0.755128 294.000000
 60.750000 0.751270 284.854658 0.000000 0.000000 0.000000 0.000000 0.751270 291.000000
 61.000000 0.748373 282.496138 0.000000 0.000000 0.000000 0.000000 0.748373 296.000000
 61.250000 0.745108 282.184634 0.000000 0.000000 0.000000 0.000000 0.745108 292.000000
 61.500000 0.752897 287.884200 0.000000 0.000000 0.000000 0.000000 0.752897 295.986544
 61.750000 0.750120 286.049685 0.000000 0.000000 0.000000 0.000000 0.750120 296.000000
 62.000000 0.748002 288.069594 0.004843 0.019373 0.000000 0.000000 0.748002 296.000000
 62.250000 0.747383 286.506044 0.000000 0.000000 0.000000 0.000000 0.747383 296.000000
 62.500000 0.750583 290.320573 5.385058 21.540231 0.000000 0.000000 0.750583 298.000000
 62.750000 0.750707 288.431283 0.186005 0.744020 0.000000 0.000000 0.750707 295.000000
 63.000000 0.748872 288.343533 0.118015 0.472058 0.000000 0.000000 0.748872 296.000000
 63.250000 0.745207 285.402657 0.000000 0.000000 0.000000 0.000000 0.745207 292.000000
 63.500000 0.745553 282.571211 0.000000 0.000000 0.000000 0.000000 0.745553 292.000000
 63.750000 0.742585 285.665557 0.000000 0.000000 0.000000 0.000000 0.742585 295.998060
 64.000000 0.741696 285.791040 0.000000 0.000000 0.000000 0.000000 0.741696 292.000000
 64.250000 0.737896 285.265894 0.000000 0.000000 0.000000 0.000000 0.737896 295.000000
 64.500000 0.747906 288.695590 0.483845 1.935380 0.000000 0.000000 0.747906 296.000000
 64.750000 0.745789 287.925513 0.000000 0.000000 0.000000 0.000000 0.745789 297.000000
 65.000000 0.744233 284.759731 0.000000 0.000000 0.000000 0.000000 0.744233 293.000000
 65.250000 0.741630 281.544857 0.000000 0.000000 0.000000 0.000000 0.741630 292.000000
 65.500000 0.749169 290.069818 4.284146 17.136582 0.000000 0.000000 0.749169 299.000000
 65.750000 0.748222 287.602986 0.000000 0.000000 0.000000 0.000000 0.748222 297.000000
 66.000000 0.745817 285.096258 0.000000 0.000000 0.000000 0.000000 0.745817 296.000000
 66.250000 0.746474 286.673028 0.000000 0.000000 0.000000 0.000000 0.746474 293.000000
 66.500000 0.748856 285.331566 0.000000 0.000000 0.000000 0.000000 0.748856 294.407864
 66.750000 0.753209 287.576754 0.000000 0.000000 0.000000 0.000000 0.753209 294.000000
 67.000000 0.748506 286.505182 0.000000 0.000000 0.000000 0.000000 0.748506 295.000000
 67.250000 0.748861 288.497993 0.247997 0.991987 0.000000 0.000000 0.748861 297.000000
 67.500000 0.746799 288.799377 0.639003 2.556012 0.000000 0.000000 0.746799 299.000000
 67.750000 0.751417 289.092075 1.192628 4.770514 0.000000 0.000000 0.751417 298.000000
 68.000000 0.747774 286.792809 0.000000 0.000000 0.000000 0.000000 0.747774 295.000000
 68.250000 0.747892 288.982290 0.964894 3.859576 0.000000 0.000000 0.747892 296.000000
 68.500000 0.753261 290.153889 4.639239 18.556958 0.000000 0.000000 0.753261 294.000000
 68.750000 0.750588 285.641172 0.000000 0.000000 0.000000 0.000000 0.750588 297.000000
 69.000000 0.749898 287.284866 0.000000 0.000000 0.000000 0.000000 0.749898 299.000000
 69.250000 0.753597 288.033399 0.001116 0.004462 0.000000 0.000000 0.753597 295.000000
 69.500000 0.747288 284.285144 0.000000 0.000000 0.000000 0.000000 0.747288 295.000000
 69.750000 0.754606 289.220570 1.489791 5.959165 0.000000 0.000000 0.754606 295.000000
 70.000000 0.746787 285.359211 0.000000 0.000000 0.000000 0.000000 0.746787 300.000000
 70.250000 0.747364 283.924255 0.000000 0.000000 0.000000 0.000000 0.747364 291.000000
 70.500000 0.747389 286.809499 0.000000 0.000000 0.000000 0.000000 0.747389 297.000000
 70.750000 0.751225 289.251465 1.566165 6.264658 0.000000 0.000000 0.751225 297.000000
 71.000000 0.751187 288.664098 0.441027 1.764107 0.000000 0.000000 0.751187 295.000000
 71.250000 0.754745 287.448325 0.000000 0.000000 0.000000 0.000000 0.754745 294.000000
 71.500000 0.752805 289.024046 1.048671 4.194684 0.000000 0.000000 0.752805 297.000000
 71.750000 0.753375 289.077477 1.160957 4.643829 0.000000 0.000000 0.753375 297.000000
 72.000000 0.751689 287.570141 0.000000 0.000000 0.000000 0.000000 0.751689 294.000000
 72.250000 0.749343 285.769668 0.000000 0.000000 0.000000 0.000000 0.749343 292.000000
 72.500000 0.753320 288.966337 0.933807 3.735229 0.000000 0.000000 0.753320 296.000000
 72.750000 0.755245 288.884829 0.782922 3.131689 0.000000 0.000000 0.755245 295.000000
 73.000000 0.755084 287.406982 0.000000 0.000000 0.000000 0.000000 0.755084 295.000000
 73.250000 0.753690 287.133401 0.000000 0.000000 0.000000 0.000000 0.753690 295.000000
 73.500000 0.752629 286.358129 0.000000 0.000000 0.000000 0.000000 0.752629 294.000000
 73.750000 0.750783 290.021988 4.088434 16.353735 0.000000 0.000000 0.750783 296.000000
 74.000000 0.749470 288.270661 0.073257 0.293029 0.000000 0.000000 0.749470 301.000000
 74.250000 0.752991 289.560115 2.433959 9.735838 0.000000 0.000000 0.752991 296.000000
 74.500000 0.753321 289.755338 3.081212 12.324848 0.000000 0.000000 0.753321 295.000000
 74.750000 0.755951 289.333860 1.779183 7.116734 0.000000 0.000000 0.755951 295.000000
 75.000000 0.753350 286.884880 0.000000 0.000000 0.000000 0.000000 0.753350 291.000000
 75.250000 0.754994 288.040703 0.001657 0.006627 0.000000 0.000000 0.754994 292.000000
 75.500000 0.756188 288.450617 0.203056 0.812223 0.000000 0.000000 0.756188 298.000000
 75.750000 0.753203 287.037353 0.000000 0.000000 0.000000 0.000000 0.753203 290.000000
 76.000000 0.754412 288.422520 0.178523 0.714093 0.000000 0.000000 0.754412 297.000000
 76.250000 0.752977 288.344277 0.118527 0.474107 0.000000 0.000000 0.752977 299.000000
 76.500000 0.757523 288.633156 0.400886 1.603544 0.000000 0.000000 0.757523 291.000000
 76.750000 0.751490 287.752237 0.000000 0.000000 0.000000 0.000000 0.751490 295.000000
 77.000000 0.750538 287.165608 0.000000 0.000000 0.000000 0.000000 0.750538 298.000000
 77.250000 0.749297 286.572499 0.000000 0.000000 0.000000 0.000000 0.749297 298.000000
 77.500000 0.756654 292.049945 16.402055 65.608220 0.000000 0.000000 0.756654 297.000000
 77.750000 0.752306 285.803165 0.000000 0.000000 0.000000 0.000000 0.752306 293.000000
 78.000000 0.753652 287.490426 0.000000 0.000000 0.000000 0.000000 0.753652 298.000000
 78.250000 0.751449 289.590279 2.528986 10.115945 0.000000 0.000000 0.751449 301.000000
 78.500000 0.749097 284.087531 0.000000 0.000000 0.000000 0.000000 0.749097 300.000000
 78.750000 0.750776 286.802319 0.000000 0.000000 0.000000 0.000000 0.750776 297.000000
 79.000000 0.751933 288.411075 0.168982 0.675929 0.000000 0.000000 0.751933 297.000000
 79.250000 0.752125 288.755203 0.570332 2.281329 0.000000 0.000000 0.752125 296.000000
 79.500000 0.754508 288.349758 0.122331 0.489322 0.000000 0.000000 0.754508 297.000000
 79.750000 0.757220 288.858363 0.736787 2.947148 0.000000 0.000000 0.757220 297.000000
 80.000000 0.751358 284.127542 0.000000 0.000000 0.000000 0.000000 0.751358 292.000000
 80.250000 0.753071 287.711096 0.000000 0.000000 0.000000 0.000000 0.753071 297.000000
 80.500000 0.749466 285.057891 0.000000 0.000000 0.000000 0.000000 0.749466 297.000000
 80.750000 0.746099 283.991604 0.000000 0.000000 0.000000 0.000000 0.746099 295.000000
 81.000000 0.749936 286.714180 0.000000 0.000000 0.000000 0.000000 0.749936 295.000000
 81.250000 0.748167 285.471046 0.000000 0.000000 0.000000 0.000000 0.748167 301.000000
 81.500000 0.749140 284.902964 0.000000 0.000000 0.000000 0.000000 0.749140 299.000000
 81.750000 0.753296 289.735911 3.013386 12.053545 0.000000 0.000000 0.753296 296.000000
 82.000000 0.745570 284.357761 0.000000 0.000000 0.000000 0.000000 0.745570 294.000000
 82.250000 0.750539 289.605776 2.578518 10.314071 0.000000 0.000000 0.750539 297.000000
 82.500000 0.748220 286.143648 0.000000 0.000000 0.000000 0.000000 0.748220 295.000000
 82.750000 0.746410 283.180750 0.000000 0.000000 0.000000 0.000000 0.746410 295.000000
 83.000000 0.750638 285.429231 0.000000 0.000000 0.000000 0.000000 0.750638 294.000000
 83.250000 0.751901 285.925484 0.000000 0.000000 0.000000 0.000000 0.751901 292.000000
 83.500000 0.749902 286.023210 0.000000 0.000000 0.000000 0.000000 0.749902 295.000000
 83.750000 0.754600 285.956694 0.000000 0.000000 0.000000 0.000000 0.754600 290.000000
 84.000000 0.754438 288.516861 0.267145 1.068581 0.000000 0.000000 0.754438 297.000000
 84.250000 0.746947 285.861773 0.000000 0.000000 0.000000 0.000000 0.746947 294.000000
 84.500000 0.745516 284.132167 0.000000 0.000000 0.000000 0.000000 0.745516 297.000000
 84.750000 0.745165 283.458925 0.000000 0.000000 0.000000 0.000000 0.745165 290.000000
 85.000000 0.751812 288.494647 0.244675 0.978702 0.000000 0.000000 0.751812 294.000000
 85.250000 0.751416 287.306041 0.000000 0.000000 0.000000 0.000000 0.751416 293.000000
 85.500000 0.748143 285.821492 0.000000 0.000000 0.000000 0.000000 0.748143 295.000000
 85.750000 0.749261 288.077804 0.006054 0.024214 0.000000 0.000000 0.749261 296.000000
 86.000000 0.751988 290.045454 4.183882 16.735529 0.000000 0.000000 0.751988 299.000000
 86.250000 0.747067 288.878371 0.771536 3.086144 0.000000 0.000000 0.747067 301.000000
 86.500000 0.749618 288.477806 0.228299 0.913196 0.000000 0.000000 0.749618 298.000000
 86.750000 0.746609 284.634413 0.000000 0.000000 0.000000 0.000000 0.746609 293.000000
 87.000000 0.749306 287.899664 0.000000 0.000000 0.000000 0.000000 0.749306 297.000000
 87.250000 0.748720 286.352799 0.000000 0.000000 0.000000 0.000000 0.748720 293.000000
 87.500000 0.747536 288.379187 0.143783 0.575133 0.000000 0.000000 0.747536 297.000000
 87.750000 0.754134 289.770193 3.133582 12.534327 0.000000 0.000000 0.754134 300.000000
 88.000000 0.749206 288.592283 0.350800 1.403199 0.000000 0.000000 0.749206 300.000000
 88.250000 0.749810 288.177676 0.031569 0.126276 0.000000 0.000000 0.749810 298.000000
 88.500000 0.749462 289.765161 3.115795 12.463179 0.000000 0.000000 0.749462 300.000000
 88.750000 0.749772 286.883264 0.000000 0.000000 0.000000 0.000000 0.749772 297.000000
 89.000000 0.749271 288.627055 0.393198 1.572791 0.000000 0.000000 0.749271 302.000000
 89.250000 0.748823 288.644107 0.414874 1.659495 0.000000 0.000000 0.748823 297.000000
 89.500000 0.750131 289.307061 1.708410 6.833638 0.000000 0.000000 0.750131 298.000000
 89.750000 0.749367 286.979039 0.000000 0.000000 0.000000 0.000000 0.749367 297.000000
 90.000000 0.751542 288.101104 0.010222 0.040888 0.000000 0.000000 0.751542 298.000000
 90.250000 0.751497 287.787352 0.000000 0.000000 0.000000 0.000000 0.751497 294.000000
 90.500000 0.748888 288.694143 0.481834 1.927335 0.000000 0.000000 0.748888 303.000000
 90.750000 0.750789 288.529066 0.279910 1.119642 0.000000 0.000000 0.750789 301.000000
 91.000000 0.752773 288.727622 0.529433 2.117733 0.000000 0.000000 0.752773 296.000000
 91.250000 0.753080 290.140012 4.579651 18.318606 0.000000 0.000000 0.753080 299.000000
 91.500000 0.748763 289.114007 1.241012 4.964046 0.000000 0.000000 0.748763 298.000000
 91.750000 0.744053 286.685653 0.000000 0.000000 0.000000 0.000000 0.744053 297.000000
 92.000000 0.748699 287.490611 0.000000 0.000000 0.000000 0.000000 0.748699 296.000000
 92.250000 0.750808 288.694619 0.482496 1.929984 0.000000 0.000000 0.750808 298.000000
 92.500000 0.748337 287.053273 0.000000 0.000000 0.000000 0.000000 0.748337 297.000000
 92.750000 0.751546 288.642598 0.412933 1.651731 0.000000 0.000000 0.751546 301.000000
 93.000000 0.753750 289.886417 3.558570 14.234279 0.000000 0.000000 0.753750 298.000000
 93.250000 0.751369 287.544139 0.000000 0.000000 0.000000 0.000000 0.751369 295.000000
 93.500000 0.749091 286.717868 0.000000 0.000000 0.000000 0.000000 0.749091 297.000000
 93.750000 0.751466 287.200451 0.000000 0.000000 0.000000 0.000000 0.751466 295.000000
 94.000000 0.751851 288.886961 0.786700 3.146801 0.000000 0.000000 0.751851 298.000000
 94.250000 0.753391 287.486997 0.000000 0.000000 0.000000 0.000000 0.753391 293.000000
 94.500000 0.745973 282.722872 0.000000 0.000000 0.000000 0.000000 0.745973 292.000000
 94.750000 0.750046 286.473538 0.000000 0.000000 0.000000 0.000000 0.750046 293.000000
 95.000000 0.749764 286.557197 0.000000 0.000000 0.000000 0.000000 0.749764 293.000000
 95.250000 0.749956 287.281931 0.000000 0.000000 0.000000 0.000000 0.749956 294.000000
 95.500000 0.756614 287.250625 0.000000 0.000000 0.000000 0.000000 0.756614 292.000000
 95.750000 0.752905 287.305094 0.000000 0.000000 0.000000 0.000000 0.752905 293.000000
 96.000000 0.751088 287.630515 0.000000 0.000000 0.000000 0.000000 0.751088 294.000000
 96.250000 0.751230 288.592456 0.351004 1.404017 0.000000 0.000000 0.751230 293.000000
 96.500000 0.747571 285.611371 0.000000 0.000000 0.000000 0.000000 0.747571 295.000000
 96.750000 0.750960 288.263712 0.069544 0.278177 0.000000 0.000000 0.750960 299.000000
 97.000000 0.756556 287.991038 0.000000 0.000000 0.000000 0.000000 0.756556 295.000000
 97.250000 0.750883 287.443390 0.000000 0.000000 0.000000 0.000000 0.750883 296.000000
 97.500000 0.745247 284.194338 0.000000 0.000000 0.000000 0.000000 0.745247 294.000000
 97.750000 0.744212 285.716021 0.000000 0.000000 0.000000 0.000000 0.744212 294.000000
 98.000000 0.746650 287.157768 0.000000 0.000000 0.000000 0.000000 0.746650 301.000000
 98.250000 0.753017 288.064440 0.004153 0.016610 0.000000 0.000000 0.753017 295.000000
 98.500000 0.749638 286.121005 0.000000 0.000000 0.000000 0.000000 0.749638 293.000000
 98.750000 0.747711 286.931121 0.000000 0.000000 0.000000 0.000000 0.747711 300.000000
 99.000000 0.749769 287.126540 0.000000 0.000000 0.000000 0.000000 0.749769 296.000000
 99.250000 0.747555 287.693558 0.000000 0.000000 0.000000 0.000000 0.747555 297.000000
 99.500000 0.752043 290.491650 6.208322 24.833287 0.000000 0.000000 0.752043 301.000000
 99.750000 0.751679 287.322406 0.000000 0.000000 0.000000 0.000000 0.751679 299.000000
 100.000000 0.746732 286.234170 0.000000 0.000000 0.000000 0.000000 0.746732 296.000000
 100.250000 0.745621 284.941590 0.000000 0.000000 0.000000 0.000000 0.745621 301.000000
 100.500000 0.750490 286.744449 0.000000 0.000000 0.000000 0.000000 0.750490 295.000000
 100.750000 0.746393 288.846891 0.717225 2.868899 0.000000 0.000000 0.746393 299.000000
