#! FIELDS time refcv.mean refcv.morethan uwall.bias uwall.force2 lwall.bias lwall.force2 refcv2.mean refcv2.morethan
 0.500000 1.625543 506.818781 7.945525 31.782101 0.000000 0.000000 1.625543 512.000000
 0.750000 1.626390 502.823796 0.000000 0.000000 0.000000 0.000000 1.626390 507.000000
 1.000000 1.605232 484.826938 0.000000 0.000000 0.000000 0.000000 1.605232 515.000000
 1.250000 1.612433 491.607003 0.000000 0.000000 0.000000 0.000000 1.612433 503.000000
 1.500000 1.618480 505.077973 1.162026 4.648103 0.000000 0.000000 1.618480 512.000000
 1.750000 1.612784 501.796381 0.000000 0.000000 0.000000 0.000000 1.612784 528.000000
 2.000000 1.617600 505.295306 1.677818 6.711273 0.000000 0.000000 1.617600 523.000000
 2.250000 1.611767 500.090183 0.000000 0.000000 0.000000 0.000000 1.611767 524.000000
 2.500000 1.611656 504.335328 0.112445 0.449779 0.000000 0.000000 1.611656 540.000000
 2.750000 1.612839 508.190177 17.557586 70.230343 0.000000 0.000000 1.612839 539.000000
 3.000000 1.614345 503.783184 0.000000 0.000000 0.000000 0.000000 1.614345 537.000000
 3.250000 1.611297 502.521701 0.000000 0.000000 0.000000 0.000000 1.611297 551.000000
 3.500000 1.612845 508.166547 17.360111 69.440443 0.000000 0.000000 1.612845 548.000000
 3.750000 1.614167 504.815702 0.665369 2.661477 0.000000 0.000000 1.614167 541.000000
 4.000000 1.610898 505.119515 1.253314 5.013255 0.000000 0.000000 1.610898 547.000000
 4.250000 1.609518 502.087165 0.000000 0.000000 0.000000 0.000000 1.609518 559.000000
 4.500000 1.612606 505.312102 1.721611 6.886443 0.000000 0.000000 1.612606 545.000000
 4.750000 1.612834 505.068660 1.142034 4.568136 0.000000 0.000000 1.612834 536.000000
 5.000000 1.607538 500.336519 0.000000 0.000000 0.000000 0.000000 1.607538 577.000000
 5.250000 1.607233 502.283993 0.000000 0.000000 0.000000 0.000000 1.607233 599.000000
 5.500000 1.609997 505.019217 1.038804 4.155217 0.000000 0.000000 1.609997 553.000000
 5.750000 1.610165 501.343871 0.000000 0.000000 0.000000 0.000000 1.610165 549.000000
 6.000000 1.609212 504.678677 0.460602 1.842410 0.000000 0.000000 1.609212 583.000000
 6.250000 1.608104 504.305292 0.093203 0.372814 0.000000 0.000000 1.608104 618.000000
 6.500000 1.610029 507.615107 13.069001 52.276004 0.000000 0.000000 1.610029 596.000000
 6.750000 1.610108 505.730054 2.993086 11.972346 0.000000 0.000000 1.610108 589.000000
 7.000000 1.607752 504.875804 0.767033 3.068133 0.000000 0.000000 1.607752 627.000000
 7.250000 1.608086 504.329614 0.108645 0.434581 0.000000 0.000000 1.608086 613.000000
 7.500000 1.606193 496.998952 0.000000 0.000000 0.000000 0.000000 1.606193 591.000000
 7.750000 1.608412 505.838694 3.380797 13.523188 0.000000 0.000000 1.608412 638.000000
 8.000000 1.608369 506.203383 4.854897 19.419589 0.000000 0.000000 1.608369 615.000000
 8.250000 1.608299 504.355250 0.126203 0.504811 0.000000 0.000000 1.608299 606.000000
 8.500000 1.608225 505.726347 2.980272 11.921090 0.000000 0.000000 1.608225 626.000000
 8.750000 1.608179 505.557081 2.424501 9.698005 0.000000 0.000000 1.608179 623.000000
 9.000000 1.608906 505.045668 1.093422 4.373688 0.000000 0.000000 1.608906 614.000000
 9.250000 1.608289 504.732864 0.537090 2.148359 0.000000 0.000000 1.608289 594.000000
 9.500000 1.608927 507.026462 9.159474 36.637895 0.000000 0.000000 1.608927 623.000000
 9.750000 1.607178 503.066482 0.000000 0.000000 0.000000 0.000000 1.607178 633.000000
 10.000000 1.607389 504.416452 0.173432 0.693728 0.000000 0.000000 1.607389 643.000000
 10.250000 1.608130 503.751578 0.000000 0.000000 0.000000 0.000000 1.608130 611.000000
 10.500000 1.607015 501.262595 0.000000 0.000000 0.000000 0.000000 1.607015 609.000000
 10.750000 1.608988 506.231033 4.977510 19.910038 0.000000 0.000000 1.608988 617.000000
 11.000000 1.607616 505.021080 1.042605 4.170419 0.000000 0.000000 1.607616 633.000000
 11.250000 1.610322 504.916745 0.840422 3.361686 0.000000 0.000000 1.610322 613.000000
 11.500000 1.609535 505.856431 3.446337 13.785347 0.000000 0.000000 1.609535 596.000000
 11.750000 1.607845 505.152429 1.328092 5.312369 0.000000 0.000000 1.607845 646.000000
 12.000000 1.606816 503.888428 0.000000 0.000000 0.000000 0.000000 1.606816 655.000000
 12.250000 1.607876 505.514022 2.292261 9.169046 0.000000 0.000000 1.607876 632.000000
 12.500000 1.607318 505.496777 2.240340 8.961361 0.000000 0.000000 1.607318 648.000000
 12.750000 1.607959 504.844532 0.713235 2.852939 0.000000 0.000000 1.607959 645.000000
 13.000000 1.607458 505.517093 2.301572 9.206289 0.000000 0.000000 1.607458 654.000000
 13.250000 1.607803 506.370836 5.620863 22.483454 0.000000 0.000000 1.607803 659.000000
 13.500000 1.607447 504.828198 0.685912 2.743646 0.000000 0.000000 1.607447 639.000000
 13.750000 1.608262 508.294048 18.438847 73.755386 0.000000 0.000000 1.608262 661.000000
 14.000000 1.607228 505.784733 3.185274 12.741094 0.000000 0.000000 1.607228 646.000000
 14.250000 1.606646 503.901800 0.000000 0.000000 0.000000 0.000000 1.606646 651.000000
 14.500000 1.607412 504.650111 0.422644 1.690578 0.000000 0.000000 1.607412 630.000000
 14.750000 1.607072 507.136505 9.837666 39.350663 0.000000 0.000000 1.607072 685.000000
 15.000000 1.607789 507.168090 10.036796 40.147186 0.000000 0.000000 1.607789 654.000000
 15.250000 1.608909 505.530145 2.341344 9.365376 0.000000 0.000000 1.608909 610.000000
 15.500000 1.606681 503.899842 0.000000 0.000000 0.000000 0.000000 1.606681 658.000000
 15.750000 1.605122 499.652605 0.000000 0.000000 0.000000 0.000000 1.605122 665.000000
 16.000000 1.607207 506.020468 4.082291 16.329165 0.000000 0.000000 1.607207 670.000000
 16.250000 1.606580 503.077030 0.000000 0.000000 0.000000 0.000000 1.606580 643.000000
 16.500000 1.607743 506.712015 7.355024 29.420098 0.000000 0.000000 1.607743 647.000000
 16.750000 1.608425 509.635871 31.763037 127.052148 0.000000 0.000000 1.608425 659.000000
 17.000000 1.608176 508.267055 18.207762 72.831049 0.000000 0.000000 1.608176 646.000000
 17.250000 1.607365 503.756716 0.000000 0.000000 0.000000 0.000000 1.607365 626.000000
 17.500000 1.605484 501.695436 0.000000 0.000000 0.000000 0.000000 1.605484 672.000000
 17.750000 1.607630 506.912535 8.482858 33.931433 0.000000 0.000000 1.607630 645.000000
 18.000000 1.607082 506.021583 4.086796 16.347184 0.000000 0.000000 1.607082 664.000000
 18.250000 1.606088 503.965754 0.000000 0.000000 0.000000 0.000000 1.606088 681.000000
 18.500000 1.607247 507.126883 9.777396 39.109585 0.000000 0.000000 1.607247 676.000000
 18.750000 1.607059 505.872324 3.505598 14.022391 0.000000 0.000000 1.607059 670.000000
 19.000000 1.607449 506.694781 7.261844 29.047375 0.000000 0.000000 1.607449 671.000000
 19.250000 1.607341 504.419134 0.175673 0.702693 0.000000 0.000000 1.607341 636.000000
 19.500000 1.607453 505.179543 1.391321 5.565282 0.000000 0.000000 1.607453 641.000000
 19.750000 1.606490 502.316912 0.000000 0.000000 0.000000 0.000000 1.606490 643.000000
 20.000000 1.607783 504.995205 0.990433 3.961732 0.000000 0.000000 1.607783 634.000000
 20.250000 1.606340 501.562391 0.000000 0.000000 0.000000 0.000000 1.606340 638.000000
 20.500000 1.606690 504.546670 0.298848 1.195392 0.000000 0.000000 1.606690 654.000000
 20.750000 1.606942 504.773887 0.598902 2.395607 0.000000 0.000000 1.606942 656.000000
 21.000000 1.607047 502.877744 0.000000 0.000000 0.000000 0.000000 1.607047 652.000000
 21.250000 1.607808 505.196757 1.432228 5.728911 0.000000 0.000000 1.607808 644.000000
 21.500000 1.606431 503.556982 0.000000 0.000000 0.000000 0.000000 1.606431 665.000000
 21.750000 1.606691 504.076161 0.005800 0.023202 0.000000 0.000000 1.606691 651.000000
 22.000000 1.608262 507.859109 14.892724 59.570895 0.000000 0.000000 1.608262 645.000000
 22.250000 1.606535 504.041999 0.001764 0.007056 0.000000 0.000000 1.606535 662.000000
 22.500000 1.606793 504.250272 0.062636 0.250545 0.000000 0.000000 1.606793 653.000000
 22.750000 1.608723 510.067370 36.812985 147.251939 0.000000 0.000000 1.608723 658.000000
 23.000000 1.608111 507.211001 10.310525 41.242102 0.000000 0.000000 1.608111 655.000000
 23.250000 1.607575 506.669519 7.126329 28.505317 0.000000 0.000000 1.607575 649.000000
 23.500000 1.603571 493.735656 0.000000 0.000000 0.000000 0.000000 1.603571 652.000000
 23.750000 1.607812 504.709107 0.502832 2.011329 0.000000 0.000000 1.607812 650.000000
 24.000000 1.608695 506.860714 8.183684 32.734736 0.000000 0.000000 1.608695 624.000000
 24.250000 1.608217 506.364906 5.592783 22.371131 0.000000 0.000000 1.608217 647.000000
 24.500000 1.606761 503.553870 0.000000 0.000000 0.000000 0.000000 1.606761 645.000000
 24.750000 1.607001 503.217514 0.000000 0.000000 0.000000 0.000000 1.607001 629.000000
 25.000000 1.607954 505.573754 2.476701 9.906805 0.000000 0.000000 1.607954 658.000000
 25.250000 1.608142 505.845528 3.405973 13.623893 0.000000 0.000000 1.608142 645.000000
 25.500000 1.604455 496.981077 0.000000 0.000000 0.000000 0.000000 1.604455 655.000000
 25.750000 1.607559 504.920243 0.846847 3.387390 0.000000 0.000000 1.607559 618.000000
 26.000000 1.606984 506.145501 4.603176 18.412703 0.000000 0.000000 1.606984 658.000000
 26.250000 1.606584 504.281714 0.079363 0.317451 0.000000 0.000000 1.606584 655.000000
 26.500000 1.606836 504.323803 0.104848 0.419394 0.000000 0.000000 1.606836 650.000000
 26.750000 1.606737 504.418015 0.174737 0.698948 0.000000 0.000000 1.606737 652.000000
 27.000000 1.607290 502.770787 0.000000 0.000000 0.000000 0.000000 1.607290 629.000000
 27.250000 1.607960 503.593794 0.000000 0.000000 0.000000 0.000000 1.607960 608.000000
 27.500000 1.607488 505.486008 2.208219 8.832877 0.000000 0.000000 1.607488 649.000000
 27.750000 1.607675 507.675925 13.512423 54.049692 0.000000 0.000000 1.607675 668.000000
 28.000000 1.607187 504.432702 0.187231 0.748925 0.000000 0.000000 1.607187 643.000000
 28.250000 1.606472 503.576152 0.000000 0.000000 0.000000 0.000000 1.606472 657.000000
 28.500000 1.606472 503.902093 0.000000 0.000000 0.000000 0.000000 1.606472 679.000000
 28.750000 1.607961 508.182661 17.494653 69.978611 0.000000 0.000000 1.607961 654.000000
 29.000000 1.607712 507.005508 9.033075 36.132301 0.000000 0.000000 1.607712 664.000000
 29.250000 1.607182 505.669593 2.787540 11.150159 0.000000 0.000000 1.607182 662.000000
 29.500000 1.606840 505.654975 2.738943 10.955771 0.000000 0.000000 1.606840 677.000000
 29.750000 1.604903 497.801562 0.000000 0.000000 0.000000 0.000000 1.604903 657.000000
 30.000000 1.608576 505.714501 2.939513 11.758051 0.000000 0.000000 1.608576 630.000000
 30.250000 1.607617 506.456988 6.036792 24.147169 0.000000 0.000000 1.607617 657.000000
 30.500000 1.606830 506.050187 4.203265 16.813062 0.000000 0.000000 1.606830 680.000000
 30.750000 1.607183 505.510027 2.280182 9.120726 0.000000 0.000000 1.607183 660.000000
 31.000000 1.606448 503.940202 0.000000 0.000000 0.000000 0.000000 1.606448 658.000000
 31.250000 1.606992 505.414802 2.001663 8.006654 0.000000 0.000000 1.606992 671.000000
 31.500000 1.606817 505.619188 2.621770 10.487080 0.000000 0.000000 1.606817 655.000000
 31.750000 1.607602 507.643292 13.273580 53.094320 0.000000 0.000000 1.607602 670.000000
 32.000000 1.607222 504.839002 0.703925 2.815699 0.000000 0.000000 1.607222 637.000000
 32.250000 1.608212 507.712183 13.780304 55.121215 0.000000 0.000000 1.608212 655.000000
 32.500000 1.608228 508.166604 17.360588 69.442351 0.000000 0.000000 1.608228 654.000000
 32.750000 1.606330 501.826181 0.000000 0.000000 0.000000 0.000000 1.606330 635.000000
 33.000000 1.607175 506.840764 8.069941 32.279763 0.000000 0.000000 1.607175 676.000000
 33.250000 1.607574 506.061795 4.250997 17.003987 0.000000 0.000000 1.607574 657.000000
 33.500000 1.607292 504.885041 0.783297 3.133189 0.000000 0.000000 1.607292 657.000000
 33.750000 1.606259 502.482872 0.000000 0.000000 0.000000 0.000000 1.606259 663.000000
 34.000000 1.607356 504.316372 0.100091 0.400366 0.000000 0.000000 1.607356 653.000000
 34.250000 1.606328 502.688479 0.000000 0.000000 0.000000 0.000000 1.606328 642.000000
 34.500000 1.605209 499.123224 0.000000 0.000000 0.000000 0.000000 1.605209 650.000000
 34.750000 1.607456 505.664345 2.770045 11.080181 0.000000 0.000000 1.607456 663.000000
 35.000000 1.607165 504.920627 0.847554 3.390218 0.000000 0.000000 1.607165 649.000000
 35.250000 1.606322 502.124126 0.000000 0.000000 0.000000 0.000000 1.606322 669.000000
 35.500000 1.607024 506.263522 5.123530 20.494121 0.000000 0.000000 1.607024 668.000000
 35.750000 1.607076 504.904612 0.818323 3.273291 0.000000 0.000000 1.607076 669.000000
 36.000000 1.608101 509.802454 33.668474 134.673896 0.000000 0.000000 1.608101 678.000000
 36.250000 1.606433 503.138521 0.000000 0.000000 0.000000 0.000000 1.606433 656.000000
 36.500000 1.607562 506.321431 5.389040 21.556161 0.000000 0.000000 1.607562 663.000000
 36.750000 1.609053 509.962525 35.551707 142.206828 0.000000 0.000000 1.609053 644.000000
 37.000000 1.603787 494.714792 0.000000 0.000000 0.000000 0.000000 1.603787 648.000000
 37.250000 1.608039 508.541503 20.625253 82.501013 0.000000 0.000000 1.608039 662.000000
 37.500000 1.607023 506.164379 4.684538 18.738151 0.000000 0.000000 1.607023 684.000000
 37.750000 1.607465 504.980869 0.962105 3.848419 0.000000 0.000000 1.607465 645.000000
 38.000000 1.606046 502.052225 0.000000 0.000000 0.000000 0.000000 1.606046 650.000000
 38.250000 1.607058 506.144649 4.599520 18.398081 0.000000 0.000000 1.607058 662.000000
 38.500000 1.606754 504.064880 0.004209 0.016838 0.000000 0.000000 1.606754 667.000000
 38.750000 1.605891 500.225359 0.000000 0.000000 0.000000 0.000000 1.605891 648.000000
 39.000000 1.607411 505.056382 1.115943 4.463774 0.000000 0.000000 1.607411 642.000000
 39.250000 1.606530 502.221622 0.000000 0.000000 0.000000 0.000000 1.606530 661.000000
 39.500000 1.607496 507.458927 11.964176 47.856703 0.000000 0.000000 1.607496 668.000000
 39.750000 1.609136 506.131403 4.542881 18.171522 0.000000 0.000000 1.609136 620.000000
 40.000000 1.609732 507.882678 15.075187 60.300748 0.000000 0.000000 1.609732 632.000000
 40.250000 1.608435 508.580790 20.983633 83.934530 0.000000 0.000000 1.608435 678.000000
 40.500000 1.607033 504.804096 0.646570 2.586281 0.000000 0.000000 1.607033 661.000000
 40.750000 1.608461 507.810811 14.522277 58.089110 0.000000 0.000000 1.608461 641.000000
 41.000000 1.607224 504.318700 0.101570 0.406279 0.000000 0.000000 1.607224 642.000000
 41.250000 1.607544 506.969392 8.817292 35.269166 0.000000 0.000000 1.607544 669.000000
 41.500000 1.608109 508.885035 23.863562 95.454248 0.000000 0.000000 1.608109 659.000000
 41.750000 1.604983 496.896771 0.000000 0.000000 0.000000 0.000000 1.604983 654.000000
 42.000000 1.607379 505.121060 1.256776 5.027105 0.000000 0.000000 1.607379 663.000000
 42.250000 1.606847 505.631687 2.662403 10.649611 0.000000 0.000000 1.606847 668.000000
 42.500000 1.607703 505.433208 2.054086 8.216345 0.000000 0.000000 1.607703 649.000000
 42.750000 1.607646 503.177267 0.000000 0.000000 0.000000 0.000000 1.607646 625.000000
 43.000000 1.607654 505.439412 2.071906 8.287625 0.000000 0.000000 1.607654 650.000000
 43.250000 1.608658 507.256714 10.606187 42.424750 0.000000 0.000000 1.608658 628.000000
 43.500000 1.606822 505.494860 2.234606 8.938424 0.000000 0.000000 1.606822 672.000000
 43.750000 1.607927 507.018228 9.109697 36.438789 0.000000 0.000000 1.607927 648.000000
 44.000000 1.607306 505.104613 1.220169 4.880678 0.000000 0.000000 1.607306 633.000000
 44.250000 1.607377 507.974889 15.799743 63.198973 0.000000 0.000000 1.607377 670.000000
 44.500000 1.608004 507.330979 11.095423 44.381692 0.000000 0.000000 1.608004 648.000000
 44.750000 1.607390 505.180546 1.393688 5.574754 0.000000 0.000000 1.607390 663.000000
 45.000000 1.607576 503.835016 0.000000 0.000000 0.000000 0.000000 1.607576 621.000000
 45.250000 1.607742 504.931030 0.866817 3.467269 0.000000 0.000000 1.607742 651.000000
 45.500000 1.608913 507.443532 11.857909 47.431637 0.000000 0.000000 1.608913 618.000000
 45.750000 1.607361 504.616437 0.379994 1.519978 0.000000 0.000000 1.607361 644.000000
 46.000000 1.607326 504.324295 0.105167 0.420670 0.000000 0.000000 1.607326 656.000000
 46.250000 1.607973 506.009617 4.038559 16.154235 0.000000 0.000000 1.607973 644.000000
 46.500000 1.607276 505.625811 2.643262 10.573048 0.000000 0.000000 1.607276 674.000000
 46.750000 1.606725 503.979060 0.000000 0.000000 0.000000 0.000000 1.606725 670.000000
 47.000000 1.607700 503.751708 0.000000 0.000000 0.000000 0.000000 1.607700 619.000000
 47.250000 1.606516 503.064368 0.000000 0.000000 0.000000 0.000000 1.606516 655.000000
 47.500000 1.606439 503.581648 0.000000 0.000000 0.000000 0.000000 1.606439 661.000000
 47.750000 1.607016 504.251742 0.063374 0.253497 0.000000 0.000000 1.607016 658.000000
 48.000000 1.606301 502.498561 0.000000 0.000000 0.000000 0.000000 1.606301 660.000000
 48.250000 1.607373 504.761675 0.580149 2.320598 0.000000 0.000000 1.607373 652.000000
 48.500000 1.608220 507.568229 12.732261 50.929042 0.000000 0.000000 1.608220 646.000000
 48.750000 1.609385 510.191716 38.337349 153.349395 0.000000 0.000000 1.609385 638.000000
 49.000000 1.606601 501.846837 0.000000 0.000000 0.000000 0.000000 1.606601 635.000000
 49.250000 1.607702 505.415888 2.004739 8.018955 0.000000 0.000000 1.607702 643.000000
 49.500000 1.607030 505.499398 2.248193 8.992773 0.000000 0.000000 1.607030 673.000000
 49.750000 1.607389 506.315518 5.361622 21.446487 0.000000 0.000000 1.607389 660.000000
 50.000000 1.607678 508.405327 19.406907 77.627628 0.000000 0.000000 1.607678 671.000000
 50.250000 1.606757 504.569193 0.323980 1.295921 0.000000 0.000000 1.606757 670.000000
 50.500000 1.607506 506.877969 8.282707 33.130829 0.000000 0.000000 1.607506 656.000000
 50.750000 1.606982 505.018180 1.036691 4.146765 0.000000 0.000000 1.606982 669.000000
 51.000000 1.607299 505.992494 3.970034 15.880134 0.000000 0.000000 1.607299 675.000000
 51.250000 1.608134 505.961502 3.847490 15.389959 0.000000 0.000000 1.608134 639.000000
 51.500000 1.606763 503.881773 0.000000 0.000000 0.000000 0.000000 1.606763 654.000000
 51.750000 1.607447 506.259734 5.106397 20.425586 0.000000 0.000000 1.607447 663.000000
 52.000000 1.605899 502.418782 0.000000 0.000000 0.000000 0.000000 1.605899 667.000000
 52.250000 1.607570 504.858168 0.736451 2.945806 0.000000 0.000000 1.607570 640.000000
 52.500000 1.607468 506.633523 6.935445 27.741779 0.000000 0.000000 1.607468 667.000000
 52.750000 1.605401 499.764637 0.000000 0.000000 0.000000 0.000000 1.605401 668.000000
 53.000000 1.607211 505.666284 2.776501 11.106004 0.000000 0.000000 1.607211 665.000000
 53.250000 1.607921 508.136748 17.112687 68.450747 0.000000 0.000000 1.607921 655.000000
 53.500000 1.606635 503.929212 0.000000 0.000000 0.000000 0.000000 1.606635 650.000000
 53.750000 1.607497 505.121831 1.258505 5.034018 0.000000 0.000000 1.607497 655.000000
 54.000000 1.605887 501.246152 0.000000 0.000000 0.000000 0.000000 1.605887 646.000000
 54.250000 1.608603 505.900250 3.610950 14.443799 0.000000 0.000000 1.608603 622.000000
 54.500000 1.606815 504.365288 0.133436 0.533742 0.000000 0.000000 1.606815 665.000000
 54.750000 1.606640 504.462961 0.214333 0.857330 0.000000 0.000000 1.606640 662.000000
 55.000000 1.605510 501.138842 0.000000 0.000000 0.000000 0.000000 1.605510 668.000000
 55.250000 1.607673 507.570603 12.749205 50.996820 0.000000 0.000000 1.607673 658.000000
 55.500000 1.608480 509.501790 30.269693 121.078774 0.000000 0.000000 1.608480 655.000000
 55.750000 1.607286 506.529464 6.398188 25.592754 0.000000 0.000000 1.607286 666.000000
 56.000000 1.607223 504.806860 0.651023 2.604093 0.000000 0.000000 1.607223 640.000000
 56.250000 1.606780 504.706287 0.498841 1.995366 0.000000 0.000000 1.606780 665.000000
 56.500000 1.608859 509.290955 27.994203 111.976811 0.000000 0.000000 1.608859 663.000000
 56.750000 1.607655 506.283193 5.212968 20.851873 0.000000 0.000000 1.607655 659.000000
 57.000000 1.607497 507.513320 12.343419 49.373677 0.000000 0.000000 1.607497 687.000000
 57.250000 1.606689 503.919009 0.000000 0.000000 0.000000 0.000000 1.606689 652.000000
 57.500000 1.607016 503.536478 0.000000 0.000000 0.000000 0.000000 1.607016 645.000000
 57.750000 1.607668 504.874996 0.765618 3.062470 0.000000 0.000000 1.607668 632.000000
 58.000000 1.606989 502.152596 0.000000 0.000000 0.000000 0.000000 1.606989 624.000000
 58.250000 1.605903 500.827215 0.000000 0.000000 0.000000 0.000000 1.605903 662.000000
 58.500000 1.606904 504.310539 0.096434 0.385737 0.000000 0.000000 1.606904 674.000000
 58.750000 1.606563 503.557812 0.000000 0.000000 0.000000 0.000000 1.606563 671.000000
 59.000000 1.608051 507.258453 10.617519 42.470076 0.000000 0.000000 1.608051 639.000000
 59.250000 1.607837 504.818727 0.670315 2.681258 0.000000 0.000000 1.607837 626.000000
 59.500000 1.607668 507.152794 9.940112 39.760449 0.000000 0.000000 1.607668 663.000000
 59.750000 1.607424 503.779512 0.000000 0.000000 0.000000 0.000000 1.607424 637.000000
 60.000000 1.606969 504.600390 0.360468 1.441871 0.000000 0.000000 1.606969 637.000000
 60.250000 1.608803 508.940563 24.409160 97.636639 0.000000 0.000000 1.608803 641.000000
 60.500000 1.607124 505.544487 2.385439 9.541756 0.000000 0.000000 1.607124 659.000000
 60.750000 1.607140 505.257085 1.580262 6.321050 0.000000 0.000000 1.607140 656.000000
 61.000000 1.606641 504.609936 0.372021 1.488085 0.000000 0.000000 1.606641 645.000000
 61.250000 1.606715 504.372912 0.139064 0.556255 0.000000 0.000000 1.606715 667.000000
 61.500000 1.606735 505.214453 1.474896 5.899582 0.000000 0.000000 1.606735 680.000000
 61.750000 1.607472 506.743466 7.526604 30.106415 0.000000 0.000000 1.607472 673.000000
 62.000000 1.607682 506.065356 4.265695 17.062780 0.000000 0.000000 1.607682 643.000000
 62.250000 1.607405 505.233852 1.522390 6.089559 0.000000 0.000000 1.607405 645.000000
 62.500000 1.607596 506.994879 8.969297 35.877190 0.000000 0.000000 1.607596 658.000000
 62.750000 1.608131 506.293594 5.260574 21.042295 0.000000 0.000000 1.608131 639.000000
 63.000000 1.608118 507.827607 14.650576 58.602305 0.000000 0.000000 1.608118 662.000000
 63.250000 1.607833 506.828430 8.000018 32.000073 0.000000 0.000000 1.607833 644.000000
 63.500000 1.606833 503.325857 0.000000 0.000000 0.000000 0.000000 1.606833 632.000000
 63.750000 1.607837 507.263497 10.650415 42.601659 0.000000 0.000000 1.607837 660.000000
 64.000000 1.607693 506.379961 5.664214 22.656856 0.000000 0.000000 1.607693 637.000000
 64.250000 1.607879 508.337888 18.817269 75.269076 0.000000 0.000000 1.607879 664.000000
 64.500000 1.606550 502.239749 0.000000 0.000000 0.000000 0.000000 1.606550 664.000000
 64.750000 1.606647 503.734616 0.000000 0.000000 0.000000 0.000000 1.606647 662.000000
 65.000000 1.607194 506.587310 6.694173 26.776692 0.000000 0.000000 1.607194 676.000000
 65.250000 1.607055 505.703268 2.901122 11.604487 0.000000 0.000000 1.607055 656.000000
 65.500000 1.605618 500.037954 0.000000 0.000000 0.000000 0.000000 1.605618 654.000000
 65.750000 1.606936 504.158908 0.025252 0.101007 0.000000 0.000000 1.606936 659.000000
 66.000000 1.607345 506.644608 6.993953 27.975812 0.000000 0.000000 1.607345 662.000000
 66.250000 1.607635 507.910554 15.292434 61.169737 0.000000 0.000000 1.607635 674.000000
 66.500000 1.608062 508.257222 18.123940 72.495760 0.000000 0.000000 1.608062 660.000000
 66.750000 1.608000 509.335096 28.463248 113.852992 0.000000 0.000000 1.608000 680.000000
 67.000000 1.607361 506.212913 4.896985 19.587942 0.000000 0.000000 1.607361 660.000000
 67.250000 1.607786 505.726999 2.982527 11.930106 0.000000 0.000000 1.607786 641.000000
 67.500000 1.607939 508.627143 21.410454 85.641815 0.000000 0.000000 1.607939 671.000000
 67.750000 1.605982 502.477126 0.000000 0.000000 0.000000 0.000000 1.605982 685.000000
 68.000000 1.604741 497.902546 0.000000 0.000000 0.000000 0.000000 1.604741 648.000000
 68.250000 1.607597 505.309925 1.715904 6.863616 0.000000 0.000000 1.607597 635.000000
 68.500000 1.608548 508.954576 24.547821 98.191282 0.000000 0.000000 1.608548 673.000000
 68.750000 1.606949 503.748889 0.000000 0.000000 0.000000 0.000000 1.606949 631.000000
 69.000000 1.607363 506.755277 7.591553 30.366210 0.000000 0.000000 1.607363 678.000000
 69.250000 1.606615 502.505427 0.000000 0.000000 0.000000 0.000000 1.606615 636.000000
 69.500000 1.607418 505.963089 3.853719 15.414877 0.000000 0.000000 1.607418 648.000000
 69.750000 1.607824 505.670017 2.788958 11.155830 0.000000 0.000000 1.607824 646.000000
 70.000000 1.605806 500.803218 0.000000 0.000000 0.000000 0.000000 1.605806 649.000000
 70.250000 1.607153 503.640015 0.000000 0.000000 0.000000 0.000000 1.607153 641.000000
 70.500000 1.607376 503.111130 0.000000 0.000000 0.000000 0.000000 1.607376 628.000000
 70.750000 1.606980 504.414647 0.171932 0.687727 0.000000 0.000000 1.606980 662.000000
 71.000000 1.607196 505.165802 1.359094 5.436374 0.000000 0.000000 1.607196 671.000000
 71.250000 1.608015 506.104021 4.426905 17.707620 0.000000 0.000000 1.608015 618.000000
 71.500000 1.607444 506.473331 6.117367 24.469469 0.000000 0.000000 1.607444 651.000000
 71.750000 1.605973 499.299684 0.000000 0.000000 0.000000 0.000000 1.605973 610.000000
 72.000000 1.607590 505.216635 1.480200 5.920799 0.000000 0.000000 1.607590 644.000000
 72.250000 1.606632 503.875137 0.000000 0.000000 0.000000 0.000000 1.606632 658.000000
 72.500000 1.606091 502.448518 0.000000 0.000000 0.000000 0.000000 1.606091 657.000000
 72.750000 1.607328 505.836175 3.371539 13.486156 0.000000 0.000000 1.607328 653.000000
 73.000000 1.605310 496.802663 0.000000 0.000000 0.000000 0.000000 1.605310 643.000000
 73.250000 1.609893 508.222054 17.825737 71.302947 0.000000 0.000000 1.609893 617.000000
 73.500000 1.607572 507.029074 9.175291 36.701164 0.000000 0.000000 1.607572 662.000000
 73.750000 1.607988 508.286463 18.373761 73.495044 0.000000 0.000000 1.607988 656.000000
 74.000000 1.607761 507.616705 13.080558 52.322230 0.000000 0.000000 1.607761 666.000000
 74.250000 1.607665 503.005404 0.000000 0.000000 0.000000 0.000000 1.607665 638.000000
 74.500000 1.607643 506.320497 5.384707 21.538827 0.000000 0.000000 1.607643 647.000000
 74.750000 1.606519 503.719447 0.000000 0.000000 0.000000 0.000000 1.606519 658.000000
 75.000000 1.605749 500.780813 0.000000 0.000000 0.000000 0.000000 1.605749 657.000000
 75.250000 1.608121 506.970522 8.823999 35.295995 0.000000 0.000000 1.608121 656.000000
 75.500000 1.607266 506.694686 7.261330 29.045322 0.000000 0.000000 1.607266 662.000000
 75.750000 1.605545 500.457735 0.000000 0.000000 0.000000 0.000000 1.605545 671.000000
 76.000000 1.607838 507.549949 12.602137 50.408547 0.000000 0.000000 1.607838 664.000000
 76.250000 1.607648 506.620277 6.865852 27.463409 0.000000 0.000000 1.607648 648.000000
 76.500000 1.607618 507.003718 9.022322 36.089290 0.000000 0.000000 1.607618 663.000000
 76.750000 1.606173 502.616690 0.000000 0.000000 0.000000 0.000000 1.606173 657.000000
 77.000000 1.607669 506.239680 5.016165 20.064660 0.000000 0.000000 1.607669 652.000000
 77.250000 1.606334 502.998470 0.000000 0.000000 0.000000 0.000000 1.606334 657.000000
 77.500000 1.606659 505.662223 2.762986 11.051945 0.000000 0.000000 1.606659 672.000000
 77.750000 1.607288 507.403758 11.585566 46.342264 0.000000 0.000000 1.607288 678.000000
 78.000000 1.606772 504.273856 0.074997 0.299988 0.000000 0.000000 1.606772 667.000000
 78.250000 1.606737 504.728024 0.530018 2.120073 0.000000 0.000000 1.606737 670.000000
 78.500000 1.607791 506.721179 7.404813 29.619253 0.000000 0.000000 1.607791 657.000000
 78.750000 1.607217 505.650232 2.723264 10.893057 0.000000 0.000000 1.607217 664.000000
 79.000000 1.606145 502.329844 0.000000 0.000000 0.000000 0.000000 1.606145 681.000000
 79.250000 1.607294 506.467516 6.088637 24.354550 0.000000 0.000000 1.607294 651.000000
 79.500000 1.608125 506.042782 4.172958 16.691831 0.000000 0.000000 1.608125 628.000000
 79.750000 1.606633 504.311839 0.097244 0.388975 0.000000 0.000000 1.606633 662.000000
 80.000000 1.607024 503.952888 0.000000 0.000000 0.000000 0.000000 1.607024 665.000000
 80.250000 1.607969 507.039367 9.237755 36.951019 0.000000 0.000000 1.607969 660.000000
 80.500000 1.607417 504.960208 0.922000 3.687999 0.000000 0.000000 1.607417 649.000000
 80.750000 1.606279 503.660956 0.000000 0.000000 0.000000 0.000000 1.606279 674.000000
 81.000000 1.607919 506.007123 4.028542 16.114167 0.000000 0.000000 1.607919 637.000000
 81.250000 1.605598 499.589195 0.000000 0.000000 0.000000 0.000000 1.605598 645.000000
 81.500000 1.607285 505.005596 1.011223 4.044891 0.000000 0.000000 1.607285 658.000000
 81.750000 1.607846 506.255013 5.085085 20.340339 0.000000 0.000000 1.607846 652.000000
 82.000000 1.607542 506.790538 7.787100 31.148400 0.000000 0.000000 1.607542 674.000000
 82.250000 1.607453 506.256282 5.090808 20.363230 0.000000 0.000000 1.607453 645.000000
 82.500000 1.608118 508.440139 19.714836 78.859345 0.000000 0.000000 1.608118 675.000000
 82.750000 1.607385 504.863021 0.744805 2.979219 0.000000 0.000000 1.607385 642.000000
 83.000000 1.607280 505.974441 3.898419 15.593676 0.000000 0.000000 1.607280 674.000000
 83.250000 1.607237 505.332009 1.774248 7.096991 0.000000 0.000000 1.607237 653.000000
 83.500000 1.607177 502.747987 0.000000 0.000000 0.000000 0.000000 1.607177 638.000000
 83.750000 1.606573 504.276796 0.076616 0.306463 0.000000 0.000000 1.606573 667.000000
 84.000000 1.606896 504.052691 0.002776 0.011105 0.000000 0.000000 1.606896 650.000000
 84.250000 1.607022 504.423243 0.179135 0.716539 0.000000 0.000000 1.607022 670.000000
 84.500000 1.605756 501.632343 0.000000 0.000000 0.000000 0.000000 1.605756 669.000000
 84.750000 1.608172 509.220122 27.249679 108.998715 0.000000 0.000000 1.608172 654.000000
 85.000000 1.606435 501.663701 0.000000 0.000000 0.000000 0.000000 1.606435 642.000000
 85.250000 1.606095 500.716840 0.000000 0.000000 0.000000 0.000000 1.606095 643.000000
 85.500000 1.608405 508.125244 17.017641 68.070564 0.000000 0.000000 1.608405 662.000000
 85.750000 1.607649 505.743664 3.040363 12.161452 0.000000 0.000000 1.607649 645.000000
 86.000000 1.606683 505.598519 2.555264 10.221054 0.000000 0.000000 1.606683 676.000000
 86.250000 1.607569 506.122902 4.506711 18.026844 0.000000 0.000000 1.607569 651.000000
 86.500000 1.606425 500.458406 0.000000 0.000000 0.000000 0.000000 1.606425 636.000000
 86.750000 1.607986 506.014465 4.058070 16.232282 0.000000 0.000000 1.607986 655.000000
 87.000000 1.606522 501.036101 0.000000 0.000000 0.000000 0.000000 1.606522 636.000000
 87.250000 1.606061 502.838535 0.000000 0.000000 0.000000 0.000000 1.606061 682.000000
 87.500000 1.608497 505.999450 3.997802 15.991206 0.000000 0.000000 1.608497 630.000000
 87.750000 1.608189 507.777612 14.270353 57.081412 0.000000 0.000000 1.608189 643.000000
 88.000000 1.606604 504.853263 0.728057 2.912228 0.000000 0.000000 1.606604 667.000000
 88.250000 1.606617 504.639181 0.408553 1.634210 0.000000 0.000000 1.606617 684.000000
 88.500000 1.607358 504.877184 0.769452 3.077809 0.000000 0.000000 1.607358 657.000000
 88.750000 1.608952 508.680746 21.909380 87.637520 0.000000 0.000000 1.608952 650.000000
 89.000000 1.607068 507.196914 10.220261 40.881043 0.000000 0.000000 1.607068 688.000000
 89.250000 1.606591 504.213565 0.045610 0.182440 0.000000 0.000000 1.606591 670.000000
 89.500000 1.607867 506.605924 6.790837 27.163350 0.000000 0.000000 1.607867 653.000000
 89.750000 1.608380 508.397494 19.337956 77.351822 0.000000 0.000000 1.608380 657.000000
 90.000000 1.606015 501.657637 0.000000 0.000000 0.000000 0.000000 1.606015 653.000000
 90.250000 1.606654 503.572337 0.000000 0.000000 0.000000 0.000000 1.606654 670.000000
 90.500000 1.607911 505.570509 2.466499 9.865994 0.000000 0.000000 1.607911 641.000000
 90.750000 1.607871 505.681820 2.828520 11.314078 0.000000 0.000000 1.607871 638.000000
 91.000000 1.606660 503.782885 0.000000 0.000000 0.000000 0.000000 1.606660 654.000000
 91.250000 1.607628 506.464425 6.073391 24.293565 0.000000 0.000000 1.607628 655.000000
 91.500000 1.608123 507.415660 11.666734 46.666934 0.000000 0.000000 1.608123 649.000000
 91.750000 1.605931 501.655468 0.000000 0.000000 0.000000 0.000000 1.605931 654.000000
 92.000000 1.606919 504.975301 0.951212 3.804849 0.000000 0.000000 1.606919 662.000000
 92.250000 1.606624 500.934202 0.000000 0.000000 0.000000 0.000000 1.606624 623.000000
 92.500000 1.607788 505.824980 3.330553 13.322212 0.000000 0.000000 1.607788 642.000000
 92.750000 1.607736 504.953570 0.909296 3.637185 0.000000 0.000000 1.607736 654.000000
 93.000000 1.606863 502.872582 0.000000 0.000000 0.000000 0.000000 1.606863 644.000000
 93.250000 1.607407 505.495594 2.236800 8.947201 0.000000 0.000000 1.607407 636.000000
 93.500000 1.605186 498.226191 0.000000 0.000000 0.000000 0.000000 1.605186 649.000000
 93.750000 1.607532 505.416717 2.007088 8.028352 0.000000 0.000000 1.607532 641.000000
 94.000000 1.606410 502.924548 0.000000 0.000000 0.000000 0.000000 1.606410 651.000000
 94.250000 1.609496 508.113186 16.918302 67.673208 0.000000 0.000000 1.609496 631.000000
 94.500000 1.608472 507.358921 11.282351 45.129405 0.000000 0.000000 1.608472 625.000000
 94.750000 1.608651 506.273565 5.169097 20.676390 0.000000 0.000000 1.608651 641.000000
 95.000000 1.605318 500.445669 0.000000 0.000000 0.000000 0.000000 1.605318 671.000000
 95.250000 1.607844 504.182491 0.033303 0.133213 0.000000 0.000000 1.607844 636.000000
 95.500000 1.607539 503.771586 0.000000 0.000000 0.000000 0.000000 1.607539 626.000000
 95.750000 1.607874 505.135458 1.289266 5.157063 0.000000 0.000000 1.607874 654.000000
 96.000000 1.606347 502.406525 0.000000 0.000000 0.000000 0.000000 1.606347 651.000000
 96.250000 1.609203 505.287699 1.658168 6.632670 0.000000 0.000000 1.609203 600.000000
 96.500000 1.606172 502.277436 0.000000 0.000000 0.000000 0.000000 1.606172 670.000000
 96.750000 1.607481 505.314812 1.728730 6.914920 0.000000 0.000000 1.607481 655.000000
 97.000000 1.607907 507.568550 12.734549 50.938196 0.000000 0.000000 1.607907 671.000000
 97.250000 1.608864 505.218199 1.484008 5.936032 0.000000 0.000000 1.608864 617.000000
 97.500000 1.606764 504.175502 0.030801 0.123203 0.000000 0.000000 1.606764 664.000000
 97.750000 1.607905 506.488813 6.194189 24.776755 0.000000 0.000000 1.607905 655.000000
 98.000000 1.608302 506.349690 5.521041 22.084165 0.000000 0.000000 1.608302 654.000000
 98.250000 1.606892 504.942016 0.887395 3.549579 0.000000 0.000000 1.606892 667.000000
 98.500000 1.608404 505.699385 2.887911 11.551642 0.000000 0.000000 1.608404 639.000000
 98.750000 1.606949 505.012267 1.024684 4.098736 0.000000 0.000000 1.606949 660.000000
 99.000000 1.608464 506.547172 6.488085 25.952341 0.000000 0.000000 1.608464 644.000000
 99.250000 1.607928 506.987482 8.925046 35.700184 0.000000 0.000000 1.607928 654.000000
 99.500000 1.606867 504.711696 0.506511 2.026043 0.000000 0.000000 1.606867 671.000000
 99.750000 1.606242 502.795526 0.000000 0.000000 0.000000 0.000000 1.606242 657.000000
 100.000000 1.606535 503.029017 0.000000 0.000000 0.000000 0.000000 1.606535 650.000000
 100.250000 1.607192 505.915594 3.669501 14.678003 0.000000 0.000000 1.607192 649.000000
