#! FIELDS time refcv.mean refcv.morethan uwall.bias uwall.force2 lwall.bias lwall.force2 refcv2.mean refcv2.morethan
 1.000000 1.627337 505.114234 1.241518 4.966072 0.000000 0.000000 1.627337 499.000000
 1.250000 1.608094 497.213329 0.000000 0.000000 0.000000 0.000000 1.608094 518.000000
 1.500000 1.611437 493.861679 0.000000 0.000000 0.000000 0.000000 1.611437 517.000000
 1.750000 1.615480 505.021190 1.042829 4.171315 0.000000 0.000000 1.615480 521.000000
 2.000000 1.613584 500.630594 0.000000 0.000000 0.000000 0.000000 1.613584 520.000000
 2.250000 1.618341 503.475689 0.000000 0.000000 0.000000 0.000000 1.618341 517.000000
 2.500000 1.614816 504.060809 0.003698 0.014791 0.000000 0.000000 1.614816 528.000000
 2.750000 1.615757 502.476287 0.000000 0.000000 0.000000 0.000000 1.615757 530.000000
 3.000000 1.615278 507.416293 11.671057 46.684229 0.000000 0.000000 1.615278 536.000000
 3.250000 1.615426 505.576310 2.484754 9.939017 0.000000 0.000000 1.615426 529.000000
 3.500000 1.611986 505.564902 2.448917 9.795669 0.000000 0.000000 1.611986 541.000000
 3.750000 1.610135 500.689958 0.000000 0.000000 0.000000 0.000000 1.610135 531.000000
 4.000000 1.608469 497.465394 0.000000 0.000000 0.000000 0.000000 1.608469 550.000000
 4.250000 1.608009 498.780597 0.000000 0.000000 0.000000 0.000000 1.608009 545.000000
 4.500000 1.609145 498.535407 0.000000 0.000000 0.000000 0.000000 1.609145 554.000000
 4.750000 1.613078 508.905961 24.068449 96.273794 0.000000 0.000000 1.613078 545.000000
 5.000000 1.609650 506.680875 7.187089 28.748357 0.000000 0.000000 1.609650 583.000000
 5.250000 1.607933 504.701122 0.491573 1.966290 0.000000 0.000000 1.607933 614.000000
 5.500000 1.608912 501.572194 0.000000 0.000000 0.000000 0.000000 1.608912 565.000000
 5.750000 1.610039 500.616658 0.000000 0.000000 0.000000 0.000000 1.610039 544.000000
 6.000000 1.608814 505.286868 1.656029 6.624116 0.000000 0.000000 1.608814 598.000000
 6.250000 1.608212 505.350307 1.823329 7.293318 0.000000 0.000000 1.608212 630.000000
 6.500000 1.607632 502.579749 0.000000 0.000000 0.000000 0.000000 1.607632 589.000000
 6.750000 1.609424 506.970263 8.822465 35.289860 0.000000 0.000000 1.609424 611.000000
 7.000000 1.607360 503.468294 0.000000 0.000000 0.000000 0.000000 1.607360 614.000000
 7.250000 1.606939 503.674813 0.000000 0.000000 0.000000 0.000000 1.606939 646.000000
 7.500000 1.606367 502.784050 0.000000 0.000000 0.000000 0.000000 1.606367 647.000000
 7.750000 1.607598 506.560485 6.556083 26.224333 0.000000 0.000000 1.607598 650.000000
 8.000000 1.607512 506.861913 8.190548 32.762193 0.000000 0.000000 1.607512 670.000000
 8.250000 1.607601 506.635302 6.944816 27.779264 0.000000 0.000000 1.607601 680.000000
 8.500000 1.606968 505.232104 1.518081 6.072324 0.000000 0.000000 1.606968 660.000000
 8.750000 1.607331 504.091243 0.008325 0.033301 0.000000 0.000000 1.607331 639.000000
 9.000000 1.608464 507.608498 13.021258 52.085033 0.000000 0.000000 1.608464 655.000000
 9.250000 1.607811 506.314397 5.356434 21.425737 0.000000 0.000000 1.607811 643.000000
 9.500000 1.607159 504.634809 0.402982 1.611929 0.000000 0.000000 1.607159 662.000000
 9.750000 1.607152 504.014229 0.000202 0.000810 0.000000 0.000000 1.607152 642.000000
 10.000000 1.607706 507.265649 10.664461 42.657842 0.000000 0.000000 1.607706 652.000000
 10.250000 1.608216 510.359908 40.448431 161.793725 0.000000 0.000000 1.608216 677.000000
 10.500000 1.607404 506.154251 4.640796 18.563186 0.000000 0.000000 1.607404 662.000000
 10.750000 1.607037 504.932614 0.869768 3.479074 0.000000 0.000000 1.607037 654.000000
 11.000000 1.607974 504.883711 0.780945 3.123779 0.000000 0.000000 1.607974 632.000000
 11.250000 1.606907 505.039786 1.081156 4.324622 0.000000 0.000000 1.606907 663.000000
 11.500000 1.607917 504.685621 0.470076 1.880304 0.000000 0.000000 1.607917 640.000000
 11.750000 1.604939 499.561449 0.000000 0.000000 0.000000 0.000000 1.604939 668.000000
 12.000000 1.606851 504.717945 0.515445 2.061781 0.000000 0.000000 1.606851 651.000000
 12.250000 1.607266 505.982249 3.929311 15.717244 0.000000 0.000000 1.607266 672.000000
 12.500000 1.607491 505.940743 3.766483 15.065933 0.000000 0.000000 1.607491 658.000000
 12.750000 1.607186 503.443530 0.000000 0.000000 0.000000 0.000000 1.607186 637.000000
 13.000000 1.607023 505.024056 1.048690 4.194760 0.000000 0.000000 1.607023 656.000000
 13.250000 1.607835 508.549049 20.693846 82.775384 0.000000 0.000000 1.607835 689.000000
 13.500000 1.608458 506.814044 7.918842 31.675366 0.000000 0.000000 1.608458 641.000000
 13.750000 1.607068 505.070615 1.146216 4.584864 0.000000 0.000000 1.607068 644.000000
 14.000000 1.607722 504.551463 0.304111 1.216446 0.000000 0.000000 1.607722 646.000000
 14.250000 1.607829 506.824344 7.976919 31.907677 0.000000 0.000000 1.607829 662.000000
 14.500000 1.608668 506.897606 8.396119 33.584475 0.000000 0.000000 1.608668 652.000000
 14.750000 1.607603 504.691634 0.478357 1.913428 0.000000 0.000000 1.607603 642.000000
 15.000000 1.607877 507.480281 12.112353 48.449412 0.000000 0.000000 1.607877 653.000000
 15.250000 1.608520 508.440613 19.719043 78.876171 0.000000 0.000000 1.608520 653.000000
 15.500000 1.605531 499.698820 0.000000 0.000000 0.000000 0.000000 1.605531 643.000000
 15.750000 1.605326 497.748500 0.000000 0.000000 0.000000 0.000000 1.605326 641.000000
 16.000000 1.605701 501.136257 0.000000 0.000000 0.000000 0.000000 1.605701 663.000000
 16.250000 1.606526 503.669787 0.000000 0.000000 0.000000 0.000000 1.606526 641.000000
 16.500000 1.606039 502.958689 0.000000 0.000000 0.000000 0.000000 1.606039 677.000000
 16.750000 1.605876 500.656973 0.000000 0.000000 0.000000 0.000000 1.605876 650.000000
 17.000000 1.605306 500.618743 0.000000 0.000000 0.000000 0.000000 1.605306 667.000000
 17.250000 1.607540 505.757189 3.087712 12.350849 0.000000 0.000000 1.607540 663.000000
 17.500000 1.607132 506.168939 4.704297 18.817187 0.000000 0.000000 1.607132 664.000000
 17.750000 1.606596 503.639466 0.000000 0.000000 0.000000 0.000000 1.606596 654.000000
 18.000000 1.607788 506.233684 4.989345 19.957380 0.000000 0.000000 1.607788 660.000000
 18.250000 1.605540 500.552590 0.000000 0.000000 0.000000 0.000000 1.605540 668.000000
 18.500000 1.606716 503.321659 0.000000 0.000000 0.000000 0.000000 1.606716 650.000000
 18.750000 1.607071 504.154066 0.023736 0.094946 0.000000 0.000000 1.607071 656.000000
 19.000000 1.606792 505.565176 2.449774 9.799097 0.000000 0.000000 1.606792 671.000000
 19.250000 1.608726 507.237124 10.478969 41.915874 0.000000 0.000000 1.608726 645.000000
 19.500000 1.607299 505.598588 2.555485 10.221938 0.000000 0.000000 1.607299 656.000000
 19.750000 1.607295 507.399284 11.555131 46.220523 0.000000 0.000000 1.607295 671.000000
 20.000000 1.607224 505.497046 2.241146 8.964583 0.000000 0.000000 1.607224 647.000000
 20.250000 1.606415 501.709776 0.000000 0.000000 0.000000 0.000000 1.606415 651.000000
 20.500000 1.606941 506.082843 4.338237 17.352947 0.000000 0.000000 1.606941 669.000000
 20.750000 1.606640 504.167944 0.028205 0.112821 0.000000 0.000000 1.606640 661.000000
 21.000000 1.606098 501.420747 0.000000 0.000000 0.000000 0.000000 1.606098 650.000000
 21.250000 1.606916 505.722802 2.968048 11.872193 0.000000 0.000000 1.606916 669.000000
 21.500000 1.606781 504.562165 0.316029 1.264116 0.000000 0.000000 1.606781 660.000000
 21.750000 1.604662 497.425574 0.000000 0.000000 0.000000 0.000000 1.604662 653.000000
 22.000000 1.608419 505.502117 2.256355 9.025420 0.000000 0.000000 1.608419 622.000000
 22.250000 1.607810 506.807244 7.880617 31.522470 0.000000 0.000000 1.607810 655.000000
 22.500000 1.607367 505.456410 2.121129 8.484516 0.000000 0.000000 1.607367 645.000000
 22.750000 1.605831 502.046039 0.000000 0.000000 0.000000 0.000000 1.605831 652.000000
 23.000000 1.608056 508.029469 16.236623 64.946491 0.000000 0.000000 1.608056 666.000000
 23.250000 1.607315 505.874007 3.511903 14.047612 0.000000 0.000000 1.607315 667.000000
 23.500000 1.608774 506.624505 6.888029 27.552115 0.000000 0.000000 1.608774 652.000000
 23.750000 1.607552 505.123821 1.262975 5.051898 0.000000 0.000000 1.607552 648.000000
 24.000000 1.607627 505.923546 3.700029 14.800115 0.000000 0.000000 1.607627 656.000000
 24.250000 1.607524 503.862132 0.000000 0.000000 0.000000 0.000000 1.607524 629.000000
 24.500000 1.607314 505.059013 1.121508 4.486033 0.000000 0.000000 1.607314 657.000000
 24.750000 1.608090 507.046819 9.283104 37.132415 0.000000 0.000000 1.608090 653.000000
 25.000000 1.605864 500.140674 0.000000 0.000000 0.000000 0.000000 1.605864 647.000000
 25.250000 1.608313 506.770418 7.675217 30.700869 0.000000 0.000000 1.608313 668.000000
 25.500000 1.608077 506.500049 6.250247 25.000989 0.000000 0.000000 1.608077 641.000000
 25.750000 1.607792 507.160895 9.991260 39.965041 0.000000 0.000000 1.607792 652.000000
 26.000000 1.607908 505.973222 3.893606 15.574426 0.000000 0.000000 1.607908 650.000000
 26.250000 1.606874 502.938017 0.000000 0.000000 0.000000 0.000000 1.606874 646.000000
 26.500000 1.606959 505.502590 2.257776 9.031103 0.000000 0.000000 1.606959 660.000000
 26.750000 1.608899 505.453785 2.113491 8.453965 0.000000 0.000000 1.608899 625.000000
 27.000000 1.604387 495.129572 0.000000 0.000000 0.000000 0.000000 1.604387 625.000000
 27.250000 1.607774 506.062801 4.255147 17.020590 0.000000 0.000000 1.607774 653.000000
 27.500000 1.606895 502.555795 0.000000 0.000000 0.000000 0.000000 1.606895 643.000000
 27.750000 1.608950 506.299965 5.289840 21.159360 0.000000 0.000000 1.608950 626.000000
 28.000000 1.607432 506.568578 6.597591 26.390365 0.000000 0.000000 1.607432 657.000000
 28.250000 1.606627 505.155091 1.334236 5.336945 0.000000 0.000000 1.606627 665.000000
 28.500000 1.607231 504.327212 0.107068 0.428272 0.000000 0.000000 1.607231 646.000000
 28.750000 1.606735 503.608514 0.000000 0.000000 0.000000 0.000000 1.606735 651.000000
 29.000000 1.607983 507.017488 9.105231 36.420925 0.000000 0.000000 1.607983 652.000000
 29.250000 1.607297 505.317140 1.734859 6.939435 0.000000 0.000000 1.607297 659.000000
 29.500000 1.608436 506.316579 5.366536 21.466144 0.000000 0.000000 1.608436 623.000000
 29.750000 1.607046 503.213542 0.000000 0.000000 0.000000 0.000000 1.607046 624.000000
 30.000000 1.606236 503.358812 0.000000 0.000000 0.000000 0.000000 1.606236 666.000000
 30.250000 1.606375 504.658701 0.433887 1.735546 0.000000 0.000000 1.606375 676.000000
 30.500000 1.607484 504.751240 0.564361 2.257444 0.000000 0.000000 1.607484 648.000000
 30.750000 1.607663 507.507920 12.305504 49.222015 0.000000 0.000000 1.607663 656.000000
 31.000000 1.606096 504.090742 0.008234 0.032937 0.000000 0.000000 1.606096 673.000000
 31.250000 1.607328 506.474378 6.122545 24.490179 0.000000 0.000000 1.607328 665.000000
 31.500000 1.607395 505.337233 1.788193 7.152774 0.000000 0.000000 1.607395 648.000000
 31.750000 1.606840 504.893521 0.798380 3.193520 0.000000 0.000000 1.606840 659.000000
 32.000000 1.605946 501.291970 0.000000 0.000000 0.000000 0.000000 1.605946 645.000000
 32.250000 1.606364 501.895559 0.000000 0.000000 0.000000 0.000000 1.606364 651.000000
 32.500000 1.605886 501.128271 0.000000 0.000000 0.000000 0.000000 1.605886 650.000000
 32.750000 1.607196 503.482088 0.000000 0.000000 0.000000 0.000000 1.607196 646.000000
 33.000000 1.606891 503.226354 0.000000 0.000000 0.000000 0.000000 1.606891 645.000000
 33.250000 1.606122 502.102395 0.000000 0.000000 0.000000 0.000000 1.606122 647.000000
 33.500000 1.608443 506.547930 6.491946 25.967786 0.000000 0.000000 1.608443 635.000000
 33.750000 1.607234 505.847446 3.413058 13.652231 0.000000 0.000000 1.607234 666.000000
 34.000000 1.607415 506.234035 4.990912 19.963649 0.000000 0.000000 1.607415 664.000000
 34.250000 1.606455 504.302611 0.091573 0.366294 0.000000 0.000000 1.606455 673.000000
 34.500000 1.606573 503.173734 0.000000 0.000000 0.000000 0.000000 1.606573 644.000000
 34.750000 1.608401 508.797113 23.012297 92.049187 0.000000 0.000000 1.608401 653.000000
 35.000000 1.606915 502.644230 0.000000 0.000000 0.000000 0.000000 1.606915 648.000000
 35.250000 1.606826 505.040778 1.083220 4.332878 0.000000 0.000000 1.606826 673.000000
 35.500000 1.606220 503.097883 0.000000 0.000000 0.000000 0.000000 1.606220 669.000000
 35.750000 1.606941 503.700847 0.000000 0.000000 0.000000 0.000000 1.606941 662.000000
 36.000000 1.607438 504.639103 0.408453 1.633810 0.000000 0.000000 1.607438 655.000000
 36.250000 1.607703 506.353658 5.539705 22.158820 0.000000 0.000000 1.607703 660.000000
 36.500000 1.607431 504.580663 0.337169 1.348678 0.000000 0.000000 1.607431 640.000000
 36.750000 1.607825 507.164309 10.012852 40.051407 0.000000 0.000000 1.607825 659.000000
 37.000000 1.608463 505.112458 1.237563 4.950252 0.000000 0.000000 1.608463 641.000000
 37.250000 1.608341 505.365006 1.863241 7.452966 0.000000 0.000000 1.608341 662.000000
 37.500000 1.607155 504.904750 0.818572 3.274290 0.000000 0.000000 1.607155 645.000000
 37.750000 1.607622 507.229100 10.427086 41.708345 0.000000 0.000000 1.607622 670.000000
 38.000000 1.608017 508.085355 16.690129 66.760516 0.000000 0.000000 1.608017 650.000000
 38.250000 1.608142 507.833524 14.695907 58.783626 0.000000 0.000000 1.608142 658.000000
 38.500000 1.606585 503.644107 0.000000 0.000000 0.000000 0.000000 1.606585 667.000000
 38.750000 1.607244 503.128878 0.000000 0.000000 0.000000 0.000000 1.607244 634.000000
 39.000000 1.607482 505.225341 1.501462 6.005847 0.000000 0.000000 1.607482 659.000000
 39.250000 1.606030 499.510646 0.000000 0.000000 0.000000 0.000000 1.606030 624.000000
 39.500000 1.605752 498.075896 0.000000 0.000000 0.000000 0.000000 1.605752 625.000000
 39.750000 1.607035 506.779464 7.725419 30.901676 0.000000 0.000000 1.607035 682.000000
 40.000000 1.608227 507.916837 15.341612 61.366450 0.000000 0.000000 1.608227 654.000000
 40.250000 1.607158 506.810331 7.897962 31.591850 0.000000 0.000000 1.607158 672.000000
 40.500000 1.607023 503.769353 0.000000 0.000000 0.000000 0.000000 1.607023 645.000000
 40.750000 1.607306 505.306672 1.707392 6.829566 0.000000 0.000000 1.607306 668.000000
 41.000000 1.607693 504.904665 0.818419 3.273676 0.000000 0.000000 1.607693 642.000000
 41.250000 1.606965 505.637525 2.681488 10.725953 0.000000 0.000000 1.606965 669.000000
 41.500000 1.606215 500.309140 0.000000 0.000000 0.000000 0.000000 1.606215 640.000000
 41.750000 1.606482 503.496742 0.000000 0.000000 0.000000 0.000000 1.606482 656.000000
 42.000000 1.607866 503.871237 0.000000 0.000000 0.000000 0.000000 1.607866 620.000000
 42.250000 1.608061 507.238372 10.487055 41.948218 0.000000 0.000000 1.608061 645.000000
 42.500000 1.606669 501.026693 0.000000 0.000000 0.000000 0.000000 1.606669 621.000000
 42.750000 1.607147 505.212584 1.470360 5.881442 0.000000 0.000000 1.607147 646.000000
 43.000000 1.608582 507.791579 14.376071 57.504284 0.000000 0.000000 1.608582 626.000000
 43.250000 1.607420 503.742421 0.000000 0.000000 0.000000 0.000000 1.607420 630.000000
 43.500000 1.609241 510.332887 40.105454 160.421817 0.000000 0.000000 1.609241 665.000000
 43.750000 1.605566 500.028154 0.000000 0.000000 0.000000 0.000000 1.605566 651.000000
 44.000000 1.607626 506.103925 4.426502 17.706007 0.000000 0.000000 1.607626 657.000000
 44.250000 1.606117 501.660361 0.000000 0.000000 0.000000 0.000000 1.606117 647.000000
 44.500000 1.607265 506.892668 8.367527 33.470109 0.000000 0.000000 1.607265 679.000000
 44.750000 1.606308 502.627844 0.000000 0.000000 0.000000 0.000000 1.606308 666.000000
 45.000000 1.606920 503.613293 0.000000 0.000000 0.000000 0.000000 1.606920 654.000000
 45.250000 1.606142 503.137968 0.000000 0.000000 0.000000 0.000000 1.606142 665.000000
 45.500000 1.607677 504.790285 0.624550 2.498201 0.000000 0.000000 1.607677 634.000000
 45.750000 1.607952 504.797543 0.636075 2.544301 0.000000 0.000000 1.607952 638.000000
 46.000000 1.607333 505.100550 1.211210 4.844842 0.000000 0.000000 1.607333 656.000000
 46.250000 1.607109 506.635238 6.944481 27.777923 0.000000 0.000000 1.607109 677.000000
 46.500000 1.606801 504.125593 0.015774 0.063094 0.000000 0.000000 1.606801 647.000000
 46.750000 1.607052 503.469451 0.000000 0.000000 0.000000 0.000000 1.607052 642.000000
 47.000000 1.608195 508.987034 24.870507 99.482030 0.000000 0.000000 1.608195 665.000000
 47.250000 1.607023 505.636478 2.678059 10.712237 0.000000 0.000000 1.607023 663.000000
 47.500000 1.607697 507.237349 10.480427 41.921706 0.000000 0.000000 1.607697 649.000000
 47.750000 1.607625 506.091497 4.374358 17.497434 0.000000 0.000000 1.607625 661.000000
 48.000000 1.607495 506.930847 8.589865 34.359461 0.000000 0.000000 1.607495 658.000000
 48.250000 1.608197 507.242036 10.510796 42.043184 0.000000 0.000000 1.608197 675.000000
 48.500000 1.607390 506.190262 4.797247 19.188989 0.000000 0.000000 1.607390 645.000000
 48.750000 1.603962 493.365747 0.000000 0.000000 0.000000 0.000000 1.603962 638.000000
 49.000000 1.606258 502.342074 0.000000 0.000000 0.000000 0.000000 1.606258 672.000000
 49.250000 1.607978 506.271461 5.159533 20.638133 0.000000 0.000000 1.607978 654.000000
 49.500000 1.607392 507.157537 9.970038 39.880151 0.000000 0.000000 1.607392 670.000000
 49.750000 1.606379 501.398451 0.000000 0.000000 0.000000 0.000000 1.606379 631.000000
 50.000000 1.606847 503.964322 0.000000 0.000000 0.000000 0.000000 1.606847 661.000000
 50.250000 1.605268 500.467714 0.000000 0.000000 0.000000 0.000000 1.605268 658.000000
 50.500000 1.604845 499.840472 0.000000 0.000000 0.000000 0.000000 1.604845 677.000000
 50.750000 1.607056 504.522346 0.272845 1.091381 0.000000 0.000000 1.607056 647.000000
 51.000000 1.605833 502.346473 0.000000 0.000000 0.000000 0.000000 1.605833 669.000000
 51.250000 1.606102 502.026325 0.000000 0.000000 0.000000 0.000000 1.606102 663.000000
 51.500000 1.606839 505.818248 3.306026 13.224103 0.000000 0.000000 1.606839 674.000000
 51.750000 1.604996 499.235598 0.000000 0.000000 0.000000 0.000000 1.604996 670.000000
 52.000000 1.606594 504.478065 0.228546 0.914185 0.000000 0.000000 1.606594 672.000000
 52.250000 1.605563 501.841130 0.000000 0.000000 0.000000 0.000000 1.605563 670.000000
 52.500000 1.608538 505.472302 2.167673 8.670693 0.000000 0.000000 1.608538 619.000000
 52.750000 1.606858 505.221110 1.491110 5.964442 0.000000 0.000000 1.606858 654.000000
 53.000000 1.607861 504.875346 0.766231 3.064922 0.000000 0.000000 1.607861 623.000000
 53.250000 1.607446 505.948982 3.798533 15.194130 0.000000 0.000000 1.607446 647.000000
 53.500000 1.608454 506.065689 4.267071 17.068284 0.000000 0.000000 1.608454 625.000000
 53.750000 1.608103 506.528674 6.394192 25.576767 0.000000 0.000000 1.608103 643.000000
 54.000000 1.606967 504.296644 0.087998 0.351990 0.000000 0.000000 1.606967 641.000000
 54.250000 1.606940 505.213189 1.471828 5.887313 0.000000 0.000000 1.606940 658.000000
 54.500000 1.606901 505.225146 1.500983 6.003933 0.000000 0.000000 1.606901 666.000000
 54.750000 1.606190 503.651869 0.000000 0.000000 0.000000 0.000000 1.606190 667.000000
 55.000000 1.606711 504.214443 0.045986 0.183943 0.000000 0.000000 1.606711 652.000000
 55.250000 1.606562 504.589792 0.347854 1.391417 0.000000 0.000000 1.606562 674.000000
 55.500000 1.608211 507.301076 10.897105 43.588419 0.000000 0.000000 1.608211 641.000000
 55.750000 1.607390 505.971720 3.887680 15.550720 0.000000 0.000000 1.607390 657.000000
 56.000000 1.607412 505.536280 2.360157 9.440628 0.000000 0.000000 1.607412 659.000000
 56.250000 1.607292 504.892180 0.795985 3.183939 0.000000 0.000000 1.607292 671.000000
 56.500000 1.607496 505.018178 1.036686 4.146744 0.000000 0.000000 1.607496 630.000000
 56.750000 1.607751 504.836645 0.699975 2.799901 0.000000 0.000000 1.607751 644.000000
 57.000000 1.607704 507.220538 10.371863 41.487452 0.000000 0.000000 1.607704 655.000000
 57.250000 1.607022 506.229658 4.971376 19.885504 0.000000 0.000000 1.607022 665.000000
 57.500000 1.607283 504.643015 0.413469 1.653874 0.000000 0.000000 1.607283 651.000000
 57.750000 1.606286 502.795300 0.000000 0.000000 0.000000 0.000000 1.606286 661.000000
 58.000000 1.606186 502.338698 0.000000 0.000000 0.000000 0.000000 1.606186 669.000000
 58.250000 1.607843 507.555024 12.638192 50.552769 0.000000 0.000000 1.607843 680.000000
 58.500000 1.607300 505.967835 3.872373 15.489493 0.000000 0.000000 1.607300 661.000000
 58.750000 1.607582 506.618696 6.857570 27.430281 0.000000 0.000000 1.607582 651.000000
 59.000000 1.608316 508.300889 18.497645 73.990580 0.000000 0.000000 1.608316 656.000000
 59.250000 1.608681 508.749091 22.553863 90.215451 0.000000 0.000000 1.608681 647.000000
 59.500000 1.608024 506.524126 6.371210 25.484839 0.000000 0.000000 1.608024 644.000000
 59.750000 1.607724 507.811443 14.527096 58.108385 0.000000 0.000000 1.607724 658.000000
 60.000000 1.606346 503.892537 0.000000 0.000000 0.000000 0.000000 1.606346 662.000000
 60.250000 1.606997 504.042690 0.001822 0.007290 0.000000 0.000000 1.606997 634.000000
 60.500000 1.607608 508.832891 23.356833 93.427333 0.000000 0.000000 1.607608 688.000000
 60.750000 1.606770 504.158564 0.025142 0.100570 0.000000 0.000000 1.606770 656.000000
 61.000000 1.606777 505.228964 1.510351 6.041406 0.000000 0.000000 1.606777 684.000000
 61.250000 1.607283 504.878510 0.771780 3.087122 0.000000 0.000000 1.607283 652.000000
 61.500000 1.606717 504.549338 0.301772 1.207088 0.000000 0.000000 1.606717 672.000000
 61.750000 1.607455 506.592856 6.722901 26.891605 0.000000 0.000000 1.607455 660.000000
 62.000000 1.606909 504.669020 0.447588 1.790351 0.000000 0.000000 1.606909 665.000000
 62.250000 1.607094 506.144151 4.597385 18.389542 0.000000 0.000000 1.607094 668.000000
 62.500000 1.607469 506.310524 5.338522 21.354088 0.000000 0.000000 1.607469 680.000000
 62.750000 1.607811 508.675440 21.859743 87.438972 0.000000 0.000000 1.607811 665.000000
 63.000000 1.607609 507.123195 9.754347 39.017387 0.000000 0.000000 1.607609 658.000000
 63.250000 1.606850 504.151333 0.022902 0.091606 0.000000 0.000000 1.606850 664.000000
 63.500000 1.607050 502.757611 0.000000 0.000000 0.000000 0.000000 1.607050 643.000000
 63.750000 1.608260 507.847625 14.804220 59.216879 0.000000 0.000000 1.608260 660.000000
 64.000000 1.606858 503.596053 0.000000 0.000000 0.000000 0.000000 1.606858 652.000000
 64.250000 1.607040 504.511498 0.261630 1.046520 0.000000 0.000000 1.607040 651.000000
 64.500000 1.607879 507.459489 11.968067 47.872267 0.000000 0.000000 1.607879 658.000000
 64.750000 1.606029 502.691464 0.000000 0.000000 0.000000 0.000000 1.606029 665.000000
 65.000000 1.607302 504.239823 0.057515 0.230059 0.000000 0.000000 1.607302 631.000000
 65.250000 1.608312 509.626232 31.654485 126.617942 0.000000 0.000000 1.608312 665.000000
 65.500000 1.607113 504.549354 0.301790 1.207159 0.000000 0.000000 1.607113 641.000000
 65.750000 1.607513 506.238218 5.009620 20.038479 0.000000 0.000000 1.607513 652.000000
 66.000000 1.605893 501.917289 0.000000 0.000000 0.000000 0.000000 1.605893 653.000000
 66.250000 1.608392 507.767822 14.196479 56.785917 0.000000 0.000000 1.608392 645.000000
 66.500000 1.607401 504.729710 0.532477 2.129907 0.000000 0.000000 1.607401 648.000000
 66.750000 1.607821 503.537296 0.000000 0.000000 0.000000 0.000000 1.607821 618.000000
 67.000000 1.606623 503.761658 0.000000 0.000000 0.000000 0.000000 1.606623 667.000000
 67.250000 1.607337 505.539703 2.370686 9.482746 0.000000 0.000000 1.607337 631.000000
 67.500000 1.606951 506.207525 4.873166 19.492666 0.000000 0.000000 1.606951 685.000000
 67.750000 1.607439 505.282221 1.644091 6.576365 0.000000 0.000000 1.607439 641.000000
 68.000000 1.608290 509.065592 25.660218 102.640874 0.000000 0.000000 1.608290 663.000000
 68.250000 1.605815 498.261306 0.000000 0.000000 0.000000 0.000000 1.605815 626.000000
 68.500000 1.608119 508.288805 18.393852 73.575408 0.000000 0.000000 1.608119 656.000000
 68.750000 1.607925 505.050016 1.102533 4.410133 0.000000 0.000000 1.607925 631.000000
 69.000000 1.607562 504.714055 0.509875 2.039499 0.000000 0.000000 1.607562 640.000000
 69.250000 1.607942 504.539329 0.290876 1.163504 0.000000 0.000000 1.607942 639.000000
 69.500000 1.607638 506.840846 8.070404 32.281615 0.000000 0.000000 1.607638 665.000000
 69.750000 1.609386 508.615100 21.299150 85.196599 0.000000 0.000000 1.609386 644.000000
 70.000000 1.608924 507.456856 11.949850 47.799402 0.000000 0.000000 1.608924 634.000000
 70.250000 1.606220 503.615675 0.000000 0.000000 0.000000 0.000000 1.606220 680.000000
 70.500000 1.608007 507.876474 15.027053 60.108213 0.000000 0.000000 1.608007 649.000000
 70.750000 1.608440 507.438286 11.821807 47.287229 0.000000 0.000000 1.608440 669.000000
 71.000000 1.608277 508.655248 21.671338 86.685351 0.000000 0.000000 1.608277 661.000000
 71.250000 1.606855 503.790642 0.000000 0.000000 0.000000 0.000000 1.606855 674.000000
 71.500000 1.609970 510.003510 36.042134 144.168536 0.000000 0.000000 1.609970 631.000000
 71.750000 1.606997 503.699051 0.000000 0.000000 0.000000 0.000000 1.606997 664.000000
 72.000000 1.607375 505.946843 3.790198 15.160791 0.000000 0.000000 1.607375 650.000000
 72.250000 1.606517 504.470516 0.221386 0.885543 0.000000 0.000000 1.606517 658.000000
 72.500000 1.607058 506.122029 4.503007 18.012028 0.000000 0.000000 1.607058 656.000000
 72.750000 1.607117 505.950199 3.803277 15.213108 0.000000 0.000000 1.607117 659.000000
 73.000000 1.605765 497.202812 0.000000 0.000000 0.000000 0.000000 1.605765 629.000000
 73.250000 1.607218 505.214727 1.475561 5.902243 0.000000 0.000000 1.607218 652.000000
 73.500000 1.607528 507.429699 11.762837 47.051347 0.000000 0.000000 1.607528 667.000000
 73.750000 1.607241 506.266135 5.135369 20.541478 0.000000 0.000000 1.607241 661.000000
 74.000000 1.607055 503.634510 0.000000 0.000000 0.000000 0.000000 1.607055 647.000000
 74.250000 1.607097 505.740058 3.027802 12.111208 0.000000 0.000000 1.607097 653.000000
 74.500000 1.607227 506.247886 5.052990 20.211959 0.000000 0.000000 1.607227 665.000000
 74.750000 1.608700 507.455502 11.940495 47.761981 0.000000 0.000000 1.608700 642.000000
 75.000000 1.607715 505.712263 2.931846 11.727383 0.000000 0.000000 1.607715 649.000000
 75.250000 1.607596 504.708751 0.502328 2.009314 0.000000 0.000000 1.607596 638.000000
 75.500000 1.606979 504.430981 0.185745 0.742980 0.000000 0.000000 1.606979 662.000000
 75.750000 1.607549 503.795069 0.000000 0.000000 0.000000 0.000000 1.607549 635.000000
 76.000000 1.607113 505.711358 2.928748 11.714991 0.000000 0.000000 1.607113 671.000000
 76.250000 1.607138 504.661489 0.437568 1.750272 0.000000 0.000000 1.607138 649.000000
 76.500000 1.606200 502.539525 0.000000 0.000000 0.000000 0.000000 1.606200 671.000000
 76.750000 1.606441 502.038200 0.000000 0.000000 0.000000 0.000000 1.606441 637.000000
 77.000000 1.606514 503.662145 0.000000 0.000000 0.000000 0.000000 1.606514 652.000000
 77.250000 1.606269 502.948581 0.000000 0.000000 0.000000 0.000000 1.606269 661.000000
 77.500000 1.606765 503.545206 0.000000 0.000000 0.000000 0.000000 1.606765 650.000000
 77.750000 1.608155 506.413535 5.825151 23.300604 0.000000 0.000000 1.608155 642.000000
 78.000000 1.606184 503.262568 0.000000 0.000000 0.000000 0.000000 1.606184 672.000000
 78.250000 1.604750 498.061391 0.000000 0.000000 0.000000 0.000000 1.604750 656.000000
 78.500000 1.607356 506.665686 7.105881 28.423524 0.000000 0.000000 1.607356 665.000000
 78.750000 1.606868 504.162163 0.026297 0.105187 0.000000 0.000000 1.606868 646.000000
 79.000000 1.607769 507.137067 9.841187 39.364747 0.000000 0.000000 1.607769 671.000000
 79.250000 1.607321 504.835276 0.697686 2.790745 0.000000 0.000000 1.607321 658.000000
 79.500000 1.607440 504.652843 0.426204 1.704816 0.000000 0.000000 1.607440 642.000000
 79.750000 1.607940 506.554596 6.525961 26.103845 0.000000 0.000000 1.607940 648.000000
 80.000000 1.605743 500.421547 0.000000 0.000000 0.000000 0.000000 1.605743 652.000000
 80.250000 1.607217 505.408371 1.983508 7.934033 0.000000 0.000000 1.607217 659.000000
 80.500000 1.607874 506.666000 7.107557 28.430228 0.000000 0.000000 1.607874 636.000000
 80.750000 1.608108 509.553637 30.842883 123.371532 0.000000 0.000000 1.608108 658.000000
 81.000000 1.607157 506.641808 6.979151 27.916604 0.000000 0.000000 1.607157 671.000000
 81.250000 1.607995 507.914734 15.325145 61.300579 0.000000 0.000000 1.607995 657.000000
 81.500000 1.607825 506.412983 5.822487 23.289947 0.000000 0.000000 1.607825 643.000000
 81.750000 1.606659 503.227075 0.000000 0.000000 0.000000 0.000000 1.606659 643.000000
 82.000000 1.606565 504.733185 0.537561 2.150244 0.000000 0.000000 1.606565 664.000000
 82.250000 1.606502 504.019829 0.000393 0.001573 0.000000 0.000000 1.606502 656.000000
 82.500000 1.604625 496.968784 0.000000 0.000000 0.000000 0.000000 1.604625 654.000000
 82.750000 1.607784 506.111783 4.459625 17.838501 0.000000 0.000000 1.607784 658.000000
 83.000000 1.607942 508.210279 17.726445 70.905782 0.000000 0.000000 1.607942 658.000000
 83.250000 1.606376 503.435162 0.000000 0.000000 0.000000 0.000000 1.606376 673.000000
 83.500000 1.606940 503.699944 0.000000 0.000000 0.000000 0.000000 1.606940 659.000000
 83.750000 1.607703 506.766721 7.654745 30.618982 0.000000 0.000000 1.607703 649.000000
 84.000000 1.607880 505.792479 3.212980 12.851921 0.000000 0.000000 1.607880 649.000000
 84.250000 1.607809 505.785807 3.189106 12.756423 0.000000 0.000000 1.607809 643.000000
 84.500000 1.606840 503.377112 0.000000 0.000000 0.000000 0.000000 1.606840 639.000000
 84.750000 1.607091 506.250671 5.065522 20.262088 0.000000 0.000000 1.607091 678.000000
 85.000000 1.606180 500.875657 0.000000 0.000000 0.000000 0.000000 1.606180 642.000000
 85.250000 1.607461 504.240935 0.058050 0.232199 0.000000 0.000000 1.607461 646.000000
 85.500000 1.607006 503.026338 0.000000 0.000000 0.000000 0.000000 1.607006 632.000000
 85.750000 1.606837 503.962477 0.000000 0.000000 0.000000 0.000000 1.606837 645.000000
 86.000000 1.606823 504.517444 0.267749 1.070995 0.000000 0.000000 1.606823 661.000000
 86.250000 1.607361 506.359850 5.568890 22.275561 0.000000 0.000000 1.607361 657.000000
 86.500000 1.607547 505.297111 1.682496 6.729984 0.000000 0.000000 1.607547 649.000000
 86.750000 1.605826 502.343284 0.000000 0.000000 0.000000 0.000000 1.605826 659.000000
 87.000000 1.607589 506.085782 4.350486 17.401944 0.000000 0.000000 1.607589 656.000000
 87.250000 1.606710 503.494372 0.000000 0.000000 0.000000 0.000000 1.606710 652.000000
 87.500000 1.606521 503.372673 0.000000 0.000000 0.000000 0.000000 1.606521 647.000000
 87.750000 1.606540 504.423661 0.179489 0.717956 0.000000 0.000000 1.606540 677.000000
 88.000000 1.607157 505.034384 1.069950 4.279802 0.000000 0.000000 1.607157 661.000000
 88.250000 1.608616 506.607763 6.800428 27.201711 0.000000 0.000000 1.608616 639.000000
 88.500000 1.606578 503.323825 0.000000 0.000000 0.000000 0.000000 1.606578 651.000000
 88.750000 1.607197 505.682014 2.829172 11.316688 0.000000 0.000000 1.607197 668.000000
 89.000000 1.607340 505.916672 3.673632 14.694528 0.000000 0.000000 1.607340 668.000000
 89.250000 1.607622 505.471972 2.166701 8.666803 0.000000 0.000000 1.607622 666.000000
 89.500000 1.606238 500.017398 0.000000 0.000000 0.000000 0.000000 1.606238 634.000000
 89.750000 1.607680 504.131968 0.017416 0.069663 0.000000 0.000000 1.607680 635.000000
 90.000000 1.607653 506.427110 5.890861 23.563445 0.000000 0.000000 1.607653 659.000000
 90.250000 1.607205 504.001320 0.000002 0.000007 0.000000 0.000000 1.607205 642.000000
 90.500000 1.605879 499.424260 0.000000 0.000000 0.000000 0.000000 1.605879 634.000000
 90.750000 1.609386 509.736027 32.902002 131.608008 0.000000 0.000000 1.609386 632.000000
 91.000000 1.606957 504.228009 0.051988 0.207952 0.000000 0.000000 1.606957 648.000000
 91.250000 1.606316 501.546133 0.000000 0.000000 0.000000 0.000000 1.606316 637.000000
 91.500000 1.607013 503.302695 0.000000 0.000000 0.000000 0.000000 1.607013 641.000000
 91.750000 1.607979 506.033959 4.136989 16.547955 0.000000 0.000000 1.607979 651.000000
 92.000000 1.606355 503.507858 0.000000 0.000000 0.000000 0.000000 1.606355 666.000000
 92.250000 1.606248 503.663646 0.000000 0.000000 0.000000 0.000000 1.606248 671.000000
 92.500000 1.607999 507.414392 11.658070 46.632281 0.000000 0.000000 1.607999 653.000000
 92.750000 1.606896 503.434161 0.000000 0.000000 0.000000 0.000000 1.606896 648.000000
 93.000000 1.606362 504.601521 0.361828 1.447311 0.000000 0.000000 1.606362 682.000000
 93.250000 1.607308 506.710837 7.348640 29.394559 0.000000 0.000000 1.607308 668.000000
 93.500000 1.606371 503.291331 0.000000 0.000000 0.000000 0.000000 1.606371 670.000000
 93.750000 1.607933 507.304503 10.919742 43.678970 0.000000 0.000000 1.607933 649.000000
 94.000000 1.607872 506.048405 4.195961 16.783844 0.000000 0.000000 1.607872 619.000000
 94.250000 1.608875 506.191507 4.802702 19.210809 0.000000 0.000000 1.608875 620.000000
 94.500000 1.607241 505.686519 2.844346 11.377385 0.000000 0.000000 1.607241 654.000000
 94.750000 1.608203 508.175183 17.432152 69.728607 0.000000 0.000000 1.608203 687.000000
 95.000000 1.607373 505.494867 2.234627 8.938506 0.000000 0.000000 1.607373 660.000000
 95.250000 1.608033 505.402430 1.966810 7.867240 0.000000 0.000000 1.608033 635.000000
 95.500000 1.607761 506.318569 5.375760 21.503040 0.000000 0.000000 1.607761 659.000000
 95.750000 1.608483 509.382592 28.972301 115.889202 0.000000 0.000000 1.608483 671.000000
 96.000000 1.607401 504.602664 0.363204 1.452817 0.000000 0.000000 1.607401 642.000000
 96.250000 1.607180 505.711915 2.930652 11.722609 0.000000 0.000000 1.607180 671.000000
 96.500000 1.605240 500.276689 0.000000 0.000000 0.000000 0.000000 1.605240 668.000000
 96.750000 1.607612 507.466867 12.019164 48.076656 0.000000 0.000000 1.607612 668.000000
 97.000000 1.607684 507.380980 11.431024 45.724096 0.000000 0.000000 1.607684 676.000000
 97.250000 1.607850 507.081444 9.495299 37.981194 0.000000 0.000000 1.607850 641.000000
 97.500000 1.606122 502.891963 0.000000 0.000000 0.000000 0.000000 1.606122 679.000000
 97.750000 1.607333 506.563868 6.573421 26.293685 0.000000 0.000000 1.607333 662.000000
 98.000000 1.607745 505.523539 2.321172 9.284688 0.000000 0.000000 1.607745 625.000000
 98.250000 1.604682 497.430956 0.000000 0.000000 0.000000 0.000000 1.604682 665.000000
 98.500000 1.607522 505.598566 2.555413 10.221653 0.000000 0.000000 1.607522 667.000000
 98.750000 1.606860 505.792833 3.214250 12.856999 0.000000 0.000000 1.606860 678.000000
 99.000000 1.607200 503.996710 0.000000 0.000000 0.000000 0.000000 1.607200 651.000000
 99.250000 1.607919 507.203162 10.260248 41.040990 0.000000 0.000000 1.607919 650.000000
 99.500000 1.607699 505.793280 3.215855 12.863420 0.000000 0.000000 1.607699 654.000000
 99.750000 1.607072 504.518455 0.268795 1.075181 0.000000 0.000000 1.607072 649.000000
 100.000000 1.606871 503.145224 0.000000 0.000000 0.000000 0.000000 1.606871 639.000000
 100.250000 1.606597 504.117801 0.013877 0.055508 0.000000 0.000000 1.606597 657.000000
 100.500000 1.606789 503.527863 0.000000 0.000000 0.000000 0.000000 1.606789 652.000000
 100.750000 1.607161 506.964056 8.785628 35.142514 0.000000 0.000000 1.607161 673.000000
