#! FIELDS time refcv.mean refcv.morethan uwall.bias uwall.force2 lwall.bias lwall.force2 refcv2.mean refcv2.morethan
 0.750000 0.720204 663.698256 0.000000 0.000000 0.000000 0.000000 0.720204 659.000000
 1.000000 0.730027 705.424283 0.000000 0.000000 0.000000 0.000000 0.730027 701.000000
 1.250000 0.726852 692.117039 0.000000 0.000000 0.000000 0.000000 0.726852 684.000000
 1.500000 0.724026 690.814589 0.000000 0.000000 0.000000 0.000000 0.724026 690.000000
 1.750000 0.730141 699.198320 0.000000 0.000000 0.000000 0.000000 0.730141 694.000000
 2.000000 0.724644 694.398705 0.000000 0.000000 0.000000 0.000000 0.724644 697.000000
 2.250000 0.723493 687.519265 0.000000 0.000000 0.000000 0.000000 0.723493 682.000000
 2.500000 0.721358 686.517381 0.000000 0.000000 0.000000 0.000000 0.721358 680.000000
 2.750000 0.729467 705.443161 0.000000 0.000000 0.000000 0.000000 0.729467 709.000000
 3.000000 0.726455 694.627917 0.000000 0.000000 0.000000 0.000000 0.726455 693.000000
 3.250000 0.732508 703.517303 0.000000 0.000000 0.000000 0.000000 0.732508 701.000000
 3.500000 0.732156 709.562434 0.000000 0.000000 0.000000 0.000000 0.732156 706.000000
 3.750000 0.731279 705.467816 0.000000 0.000000 0.000000 0.000000 0.731279 703.000000
 4.000000 0.734109 701.867260 0.000000 0.000000 0.000000 0.000000 0.734109 691.000000
 4.250000 0.732116 710.247521 0.061267 0.245066 0.000000 0.000000 0.732116 702.000000
 4.500000 0.732873 706.140826 0.000000 0.000000 0.000000 0.000000 0.732873 701.000000
 4.750000 0.732519 708.992335 0.000000 0.000000 0.000000 0.000000 0.732519 708.000000
 5.000000 0.730717 700.174102 0.000000 0.000000 0.000000 0.000000 0.730717 697.000000
 5.250000 0.730288 700.148936 0.000000 0.000000 0.000000 0.000000 0.730288 700.000000
 5.500000 0.729350 687.182141 0.000000 0.000000 0.000000 0.000000 0.729350 681.000000
 5.750000 0.729430 687.419327 0.000000 0.000000 0.000000 0.000000 0.729430 679.000000
 6.000000 0.727666 692.381617 0.000000 0.000000 0.000000 0.000000 0.727666 685.000000
 6.250000 0.726401 690.185368 0.000000 0.000000 0.000000 0.000000 0.726401 689.000000
 6.500000 0.727291 695.558625 0.000000 0.000000 0.000000 0.000000 0.727291 697.000000
 6.750000 0.729166 692.425743 0.000000 0.000000 0.000000 0.000000 0.729166 687.000000
 7.000000 0.731280 699.755204 0.000000 0.000000 0.000000 0.000000 0.731280 698.000000
 7.250000 0.729462 689.413795 0.000000 0.000000 0.000000 0.000000 0.729462 687.000000
 7.500000 0.726534 689.290183 0.000000 0.000000 0.000000 0.000000 0.726534 683.000000
 7.750000 0.723376 681.180278 0.000000 0.000000 0.000000 0.000000 0.723376 676.000000
 8.000000 0.727525 695.645686 0.000000 0.000000 0.000000 0.000000 0.727525 696.000000
 8.250000 0.730706 693.810595 0.000000 0.000000 0.000000 0.000000 0.730706 694.000000
 8.500000 0.730495 692.481415 0.000000 0.000000 0.000000 0.000000 0.730495 686.000000
 8.750000 0.725434 686.541609 0.000000 0.000000 0.000000 0.000000 0.725434 687.000000
 9.000000 0.733486 697.051153 0.000000 0.000000 0.000000 0.000000 0.733486 691.000000
 9.250000 0.730748 692.315348 0.000000 0.000000 0.000000 0.000000 0.730748 683.000000
 9.500000 0.729453 689.560929 0.000000 0.000000 0.000000 0.000000 0.729453 681.000000
 9.750000 0.728790 689.438473 0.000000 0.000000 0.000000 0.000000 0.728790 685.000000
 10.000000 0.728803 695.000246 0.000000 0.000000 0.000000 0.000000 0.728803 691.000000
 10.250000 0.734869 699.547259 0.000000 0.000000 0.000000 0.000000 0.734869 695.000000
 10.500000 0.732818 695.002894 0.000000 0.000000 0.000000 0.000000 0.732818 683.000000
 10.750000 0.729993 688.333055 0.000000 0.000000 0.000000 0.000000 0.729993 678.000000
 11.000000 0.732503 694.485494 0.000000 0.000000 0.000000 0.000000 0.732503 690.000000
 11.250000 0.730492 693.293680 0.000000 0.000000 0.000000 0.000000 0.730492 681.000000
 11.500000 0.731511 691.265710 0.000000 0.000000 0.000000 0.000000 0.731511 682.000000
 11.750000 0.728178 680.218037 0.000000 0.000000 0.000000 0.000000 0.728178 670.000000
 12.000000 0.725938 676.024778 0.000000 0.000000 0.000000 0.000000 0.725938 671.000000
 12.250000 0.723506 672.593750 0.000000 0.000000 0.000000 0.000000 0.723506 672.000000
 12.500000 0.725274 677.601188 0.000000 0.000000 0.000000 0.000000 0.725274 677.000000
 12.750000 0.729210 682.425026 0.000000 0.000000 0.000000 0.000000 0.729210 680.000000
 13.000000 0.729711 693.320722 0.000000 0.000000 0.000000 0.000000 0.729711 684.000000
 13.250000 0.723298 682.129931 0.000000 0.000000 0.000000 0.000000 0.723298 674.000000
 13.500000 0.731111 699.233497 0.000000 0.000000 0.000000 0.000000 0.731111 699.000000
 13.750000 0.728731 684.780335 0.000000 0.000000 0.000000 0.000000 0.728731 680.000000
 14.000000 0.723414 679.095090 0.000000 0.000000 0.000000 0.000000 0.723414 677.000000
 14.250000 0.720927 677.018615 0.000000 0.000000 0.000000 0.000000 0.720927 672.000000
 14.500000 0.721059 677.664837 0.000000 0.000000 0.000000 0.000000 0.721059 679.000000
 14.750000 0.721116 668.574094 0.000000 0.000000 0.000000 0.000000 0.721116 661.000000
 15.000000 0.722640 673.650144 0.000000 0.000000 0.000000 0.000000 0.722640 664.000000
 15.250000 0.726136 686.355059 0.000000 0.000000 0.000000 0.000000 0.726136 686.000000
 15.500000 0.728259 682.456116 0.000000 0.000000 0.000000 0.000000 0.728259 676.000000
 15.750000 0.725371 674.141165 0.000000 0.000000 0.000000 0.000000 0.725371 667.000000
 16.000000 0.728157 681.349503 0.000000 0.000000 0.000000 0.000000 0.728157 673.000000
 16.250000 0.732410 690.337836 0.000000 0.000000 0.000000 0.000000 0.732410 689.000000
 16.500000 0.732395 690.761220 0.000000 0.000000 0.000000 0.000000 0.732395 683.000000
 16.750000 0.728260 684.928915 0.000000 0.000000 0.000000 0.000000 0.728260 686.000000
 17.000000 0.732716 695.221317 0.000000 0.000000 0.000000 0.000000 0.732716 692.000000
 17.250000 0.732708 696.301708 0.000000 0.000000 0.000000 0.000000 0.732708 689.000000
 17.500000 0.730344 687.703206 0.000000 0.000000 0.000000 0.000000 0.730344 682.000000
 17.750000 0.730110 692.059716 0.000000 0.000000 0.000000 0.000000 0.730110 692.000000
 18.000000 0.733903 700.892225 0.000000 0.000000 0.000000 0.000000 0.733903 695.000000
 18.250000 0.727840 687.198433 0.000000 0.000000 0.000000 0.000000 0.727840 683.000000
 18.500000 0.726187 678.137732 0.000000 0.000000 0.000000 0.000000 0.726187 668.000000
 18.750000 0.727465 684.107878 0.000000 0.000000 0.000000 0.000000 0.727465 680.000000
 19.000000 0.728231 694.086888 0.000000 0.000000 0.000000 0.000000 0.728231 690.000000
 19.250000 0.723671 681.014263 0.000000 0.000000 0.000000 0.000000 0.723671 676.000000
 19.500000 0.724520 685.210654 0.000000 0.000000 0.000000 0.000000 0.724520 687.000000
 19.750000 0.728527 686.505791 0.000000 0.000000 0.000000 0.000000 0.728527 679.000000
 20.000000 0.724482 688.246304 0.000000 0.000000 0.000000 0.000000 0.724482 692.000000
 20.250000 0.723747 681.560992 0.000000 0.000000 0.000000 0.000000 0.723747 678.000000
 20.500000 0.726078 679.673035 0.000000 0.000000 0.000000 0.000000 0.726078 679.000000
 20.750000 0.724479 678.126342 0.000000 0.000000 0.000000 0.000000 0.724479 677.000000
 21.000000 0.723154 671.818911 0.000000 0.000000 0.000000 0.000000 0.723154 670.000000
 21.250000 0.718076 670.050235 0.000000 0.000000 0.000000 0.000000 0.718076 671.000000
 21.500000 0.722183 678.046908 0.000000 0.000000 0.000000 0.000000 0.722183 677.000000
 21.750000 0.721983 676.203774 0.000000 0.000000 0.000000 0.000000 0.721983 674.000000
 22.000000 0.719368 672.992331 0.000000 0.000000 0.000000 0.000000 0.719368 673.000000
 22.250000 0.718162 675.031581 0.000000 0.000000 0.000000 0.000000 0.718162 671.000000
 22.500000 0.722131 681.255298 0.000000 0.000000 0.000000 0.000000 0.722131 676.000000
 22.750000 0.727188 684.783251 0.000000 0.000000 0.000000 0.000000 0.727188 677.000000
 23.000000 0.722446 678.893947 0.000000 0.000000 0.000000 0.000000 0.722446 670.000000
 23.250000 0.718263 671.571613 0.000000 0.000000 0.000000 0.000000 0.718263 671.000000
 23.500000 0.718815 666.001605 0.000000 0.000000 0.000000 0.000000 0.718815 662.000000
 23.750000 0.716422 672.605313 0.000000 0.000000 0.000000 0.000000 0.716422 666.000000
 24.000000 0.722285 671.332585 0.000000 0.000000 0.000000 0.000000 0.722285 661.000000
 24.250000 0.719121 671.119963 0.000000 0.000000 0.000000 0.000000 0.719121 668.000000
 24.500000 0.721663 672.613048 0.000000 0.000000 0.000000 0.000000 0.721663 674.000000
 24.750000 0.717951 662.081557 0.000000 0.000000 0.000000 0.000000 0.717951 661.000000
 25.000000 0.722299 674.311521 0.000000 0.000000 0.000000 0.000000 0.722299 674.000000
 25.250000 0.717645 671.747117 0.000000 0.000000 0.000000 0.000000 0.717645 673.000000
 25.500000 0.719712 672.645445 0.000000 0.000000 0.000000 0.000000 0.719712 675.000000
 25.750000 0.723627 675.631130 0.000000 0.000000 0.000000 0.000000 0.723627 672.000000
 26.000000 0.719826 670.869405 0.000000 0.000000 0.000000 0.000000 0.719826 665.000000
 26.250000 0.722463 671.086404 0.000000 0.000000 0.000000 0.000000 0.722463 667.000000
 26.500000 0.719731 661.939871 0.000000 0.000000 0.000000 0.000000 0.719731 659.000000
 26.750000 0.718019 672.305509 0.000000 0.000000 0.000000 0.000000 0.718019 671.000000
 27.000000 0.718422 660.710861 0.000000 0.000000 0.000000 0.000000 0.718422 656.000000
 27.250000 0.725619 681.193128 0.000000 0.000000 0.000000 0.000000 0.725619 676.000000
 27.500000 0.722156 672.801730 0.000000 0.000000 0.000000 0.000000 0.722156 668.000000
 27.750000 0.720180 676.525671 0.000000 0.000000 0.000000 0.000000 0.720180 676.000000
 28.000000 0.719707 673.523713 0.000000 0.000000 0.000000 0.000000 0.719707 671.000000
 28.250000 0.721140 668.883573 0.000000 0.000000 0.000000 0.000000 0.721140 666.000000
 28.500000 0.725872 680.025968 0.000000 0.000000 0.000000 0.000000 0.725872 677.000000
 28.750000 0.714986 660.915071 0.000000 0.000000 0.000000 0.000000 0.714986 663.000000
 29.000000 0.721845 668.440645 0.000000 0.000000 0.000000 0.000000 0.721845 661.000000
 29.250000 0.720419 666.268696 0.000000 0.000000 0.000000 0.000000 0.720419 665.000000
 29.500000 0.718433 657.146178 0.000000 0.000000 0.000000 0.000000 0.718433 654.000000
 29.750000 0.726169 672.874254 0.000000 0.000000 0.000000 0.000000 0.726169 668.000000
 30.000000 0.723815 675.894930 0.000000 0.000000 0.000000 0.000000 0.723815 670.000000
 30.250000 0.726025 674.597741 0.000000 0.000000 0.000000 0.000000 0.726025 669.000000
 30.500000 0.719656 657.409775 0.000000 0.000000 0.000000 0.000000 0.719656 654.000000
 30.750000 0.724440 672.509343 0.000000 0.000000 0.000000 0.000000 0.724440 669.000000
 31.000000 0.719630 664.186703 0.000000 0.000000 0.000000 0.000000 0.719630 660.000000
 31.250000 0.722343 668.986390 0.000000 0.000000 0.000000 0.000000 0.722343 657.000000
 31.500000 0.718132 659.491033 0.000000 0.000000 0.000000 0.000000 0.718132 658.000000
 31.750000 0.722817 671.054002 0.000000 0.000000 0.000000 0.000000 0.722817 663.000000
 32.000000 0.724301 674.023709 0.000000 0.000000 0.000000 0.000000 0.724301 669.000000
 32.250000 0.718987 663.288188 0.000000 0.000000 0.000000 0.000000 0.718987 656.000000
 32.500000 0.715516 652.335174 0.000000 0.000000 0.000000 0.000000 0.715516 645.000000
 32.750000 0.719378 664.010898 0.000000 0.000000 0.000000 0.000000 0.719378 653.000000
 33.000000 0.718949 660.470894 0.000000 0.000000 0.000000 0.000000 0.718949 654.000000
 33.250000 0.715542 658.557108 0.000000 0.000000 0.000000 0.000000 0.715542 654.000000
 33.500000 0.713343 656.598538 0.000000 0.000000 0.000000 0.000000 0.713343 657.000000
 33.750000 0.721218 665.911755 0.000000 0.000000 0.000000 0.000000 0.721218 657.000000
 34.000000 0.716144 657.132844 0.000000 0.000000 0.000000 0.000000 0.716144 658.000000
 34.250000 0.714405 649.320485 0.000000 0.000000 0.461741 1.846965 0.714405 648.000000
 34.500000 0.720589 664.012350 0.000000 0.000000 0.000000 0.000000 0.720589 656.000000
 34.750000 0.718626 658.022194 0.000000 0.000000 0.000000 0.000000 0.718626 659.000000
 35.000000 0.715643 654.119119 0.000000 0.000000 0.000000 0.000000 0.715643 655.000000
 35.250000 0.712517 649.419127 0.000000 0.000000 0.337414 1.349655 0.712517 646.000000
 35.500000 0.719118 666.459503 0.000000 0.000000 0.000000 0.000000 0.719118 661.000000
 35.750000 0.713141 650.177561 0.000000 0.000000 0.000000 0.000000 0.713141 643.000000
 36.000000 0.716147 658.925425 0.000000 0.000000 0.000000 0.000000 0.716147 650.000000
 36.250000 0.717945 659.298768 0.000000 0.000000 0.000000 0.000000 0.717945 661.000000
 36.500000 0.721852 662.680054 0.000000 0.000000 0.000000 0.000000 0.721852 658.000000
 36.750000 0.719673 660.520616 0.000000 0.000000 0.000000 0.000000 0.719673 651.000000
 37.000000 0.716851 661.823144 0.000000 0.000000 0.000000 0.000000 0.716851 658.000000
 37.250000 0.716911 657.555027 0.000000 0.000000 0.000000 0.000000 0.716911 655.000000
 37.500000 0.717006 659.744176 0.000000 0.000000 0.000000 0.000000 0.717006 654.000000
 37.750000 0.717452 664.853839 0.000000 0.000000 0.000000 0.000000 0.717452 663.000000
 38.000000 0.725712 675.232256 0.000000 0.000000 0.000000 0.000000 0.725712 668.000000
 38.250000 0.719250 660.848389 0.000000 0.000000 0.000000 0.000000 0.719250 661.000000
 38.500000 0.721443 667.048264 0.000000 0.000000 0.000000 0.000000 0.721443 662.000000
 38.750000 0.723329 675.974504 0.000000 0.000000 0.000000 0.000000 0.723329 675.000000
 39.000000 0.724405 675.139126 0.000000 0.000000 0.000000 0.000000 0.724405 669.000000
 39.250000 0.720603 667.453760 0.000000 0.000000 0.000000 0.000000 0.720603 671.000000
 39.500000 0.719365 666.686100 0.000000 0.000000 0.000000 0.000000 0.719365 663.000000
 39.750000 0.721209 666.423143 0.000000 0.000000 0.000000 0.000000 0.721209 667.000000
 40.000000 0.719090 661.746044 0.000000 0.000000 0.000000 0.000000 0.719090 660.000000
 40.250000 0.721878 673.164516 0.000000 0.000000 0.000000 0.000000 0.721878 667.000000
 40.500000 0.717489 661.182888 0.000000 0.000000 0.000000 0.000000 0.717489 653.000000
 40.750000 0.722574 671.287008 0.000000 0.000000 0.000000 0.000000 0.722574 668.000000
 41.000000 0.715683 662.725439 0.000000 0.000000 0.000000 0.000000 0.715683 662.000000
 41.250000 0.719184 662.053052 0.000000 0.000000 0.000000 0.000000 0.719184 660.000000
 41.500000 0.714958 661.634914 0.000000 0.000000 0.000000 0.000000 0.714958 658.000000
 41.750000 0.721146 664.647216 0.000000 0.000000 0.000000 0.000000 0.721146 663.000000
 42.000000 0.722044 664.620991 0.000000 0.000000 0.000000 0.000000 0.722044 659.000000
 42.250000 0.722173 661.294899 0.000000 0.000000 0.000000 0.000000 0.722173 654.000000
 42.500000 0.714366 653.626045 0.000000 0.000000 0.000000 0.000000 0.714366 653.000000
 42.750000 0.714340 660.168510 0.000000 0.000000 0.000000 0.000000 0.714340 656.000000
 43.000000 0.716531 656.064208 0.000000 0.000000 0.000000 0.000000 0.716531 659.000000
 43.250000 0.718472 656.278966 0.000000 0.000000 0.000000 0.000000 0.718472 655.000000
 43.500000 0.713283 652.685233 0.000000 0.000000 0.000000 0.000000 0.713283 658.000000
 43.750000 0.714610 653.738045 0.000000 0.000000 0.000000 0.000000 0.714610 650.000000
 44.000000 0.717644 650.674554 0.000000 0.000000 0.000000 0.000000 0.717644 649.000000
 44.250000 0.716531 653.732480 0.000000 0.000000 0.000000 0.000000 0.716531 653.000000
 44.500000 0.717305 662.957699 0.000000 0.000000 0.000000 0.000000 0.717305 664.000000
 44.750000 0.717454 665.059915 0.000000 0.000000 0.000000 0.000000 0.717454 663.000000
 45.000000 0.721914 667.334651 0.000000 0.000000 0.000000 0.000000 0.721914 664.000000
 45.250000 0.711929 651.860780 0.000000 0.000000 0.000000 0.000000 0.711929 650.000000
 45.500000 0.715788 661.549643 0.000000 0.000000 0.000000 0.000000 0.715788 661.000000
 45.750000 0.718379 654.498585 0.000000 0.000000 0.000000 0.000000 0.718379 648.000000
 46.000000 0.720881 672.463260 0.000000 0.000000 0.000000 0.000000 0.720881 662.000000
 46.250000 0.721044 665.430942 0.000000 0.000000 0.000000 0.000000 0.721044 661.000000
 46.500000 0.718729 657.985761 0.000000 0.000000 0.000000 0.000000 0.718729 659.000000
 46.750000 0.722390 668.005029 0.000000 0.000000 0.000000 0.000000 0.722390 661.000000
 47.000000 0.719649 662.401566 0.000000 0.000000 0.000000 0.000000 0.719649 660.000000
 47.250000 0.723877 667.323798 0.000000 0.000000 0.000000 0.000000 0.723877 663.000000
 47.500000 0.724326 674.787506 0.000000 0.000000 0.000000 0.000000 0.724326 674.000000
 47.750000 0.721168 668.299231 0.000000 0.000000 0.000000 0.000000 0.721168 665.000000
 48.000000 0.718113 665.979515 0.000000 0.000000 0.000000 0.000000 0.718113 665.000000
 48.250000 0.715959 654.395345 0.000000 0.000000 0.000000 0.000000 0.715959 657.000000
 48.500000 0.716170 661.891663 0.000000 0.000000 0.000000 0.000000 0.716170 659.000000
 48.750000 0.713991 651.389185 0.000000 0.000000 0.000000 0.000000 0.713991 643.000000
 49.000000 0.719280 653.480906 0.000000 0.000000 0.000000 0.000000 0.719280 644.000000
 49.250000 0.722653 668.466063 0.000000 0.000000 0.000000 0.000000 0.722653 664.000000
 49.500000 0.717923 653.676095 0.000000 0.000000 0.000000 0.000000 0.717923 647.000000
 49.750000 0.719148 661.987165 0.000000 0.000000 0.000000 0.000000 0.719148 660.000000
 50.000000 0.721718 663.878502 0.000000 0.000000 0.000000 0.000000 0.721718 658.000000
 50.250000 0.718893 656.764226 0.000000 0.000000 0.000000 0.000000 0.718893 651.000000
 50.500000 0.714845 659.837826 0.000000 0.000000 0.000000 0.000000 0.714845 660.000000
 50.750000 0.717303 661.733225 0.000000 0.000000 0.000000 0.000000 0.717303 655.000000
 51.000000 0.717714 658.272316 0.000000 0.000000 0.000000 0.000000 0.717714 660.000000
 51.250000 0.715205 654.761017 0.000000 0.000000 0.000000 0.000000 0.715205 660.000000
 51.500000 0.714206 649.260116 0.000000 0.000000 0.547428 2.189712 0.714206 643.000000
 51.750000 0.720091 658.365119 0.000000 0.000000 0.000000 0.000000 0.720091 654.000000
 52.000000 0.718068 657.229064 0.000000 0.000000 0.000000 0.000000 0.718068 656.000000
 52.250000 0.718398 662.286374 0.000000 0.000000 0.000000 0.000000 0.718398 664.000000
 52.500000 0.718576 662.702064 0.000000 0.000000 0.000000 0.000000 0.718576 658.000000
 52.750000 0.718437 652.753237 0.000000 0.000000 0.000000 0.000000 0.718437 648.000000
 53.000000 0.718722 660.812405 0.000000 0.000000 0.000000 0.000000 0.718722 657.000000
 53.250000 0.713062 652.111167 0.000000 0.000000 0.000000 0.000000 0.713062 654.000000
 53.500000 0.715603 649.812864 0.000000 0.000000 0.035020 0.140079 0.715603 651.000000
 53.750000 0.716946 658.038567 0.000000 0.000000 0.000000 0.000000 0.716946 653.000000
 54.000000 0.716610 661.350244 0.000000 0.000000 0.000000 0.000000 0.716610 660.000000
 54.250000 0.712007 657.207414 0.000000 0.000000 0.000000 0.000000 0.712007 658.000000
 54.500000 0.715434 657.040823 0.000000 0.000000 0.000000 0.000000 0.715434 652.000000
 54.750000 0.710938 649.463312 0.000000 0.000000 0.288034 1.152137 0.710938 644.000000
 55.000000 0.720388 667.174154 0.000000 0.000000 0.000000 0.000000 0.720388 666.000000
 55.250000 0.716519 653.308447 0.000000 0.000000 0.000000 0.000000 0.716519 656.000000
 55.500000 0.718608 650.598003 0.000000 0.000000 0.000000 0.000000 0.718608 641.000000
 55.750000 0.717858 653.592053 0.000000 0.000000 0.000000 0.000000 0.717858 647.000000
 56.000000 0.712557 649.733660 0.000000 0.000000 0.070937 0.283749 0.712557 651.000000
 56.250000 0.710313 655.378145 0.000000 0.000000 0.000000 0.000000 0.710313 659.000000
 56.500000 0.718477 663.197335 0.000000 0.000000 0.000000 0.000000 0.718477 660.000000
 56.750000 0.713442 653.208686 0.000000 0.000000 0.000000 0.000000 0.713442 652.000000
 57.000000 0.714155 657.880178 0.000000 0.000000 0.000000 0.000000 0.714155 654.000000
 57.250000 0.715943 657.257312 0.000000 0.000000 0.000000 0.000000 0.715943 660.000000
 57.500000 0.714872 659.168815 0.000000 0.000000 0.000000 0.000000 0.714872 657.000000
 57.750000 0.711852 646.427264 0.000000 0.000000 12.764444 51.057775 0.711852 643.000000
 58.000000 0.716657 651.560075 0.000000 0.000000 0.000000 0.000000 0.716657 650.000000
 58.250000 0.715504 657.362472 0.000000 0.000000 0.000000 0.000000 0.715504 654.000000
 58.500000 0.717858 656.807223 0.000000 0.000000 0.000000 0.000000 0.717858 650.000000
 58.750000 0.712499 648.520873 0.000000 0.000000 2.187817 8.751269 0.712499 646.000000
 59.000000 0.719105 660.913381 0.000000 0.000000 0.000000 0.000000 0.719105 659.000000
 59.250000 0.717785 655.740881 0.000000 0.000000 0.000000 0.000000 0.717785 651.000000
 59.500000 0.715436 653.269076 0.000000 0.000000 0.000000 0.000000 0.715436 655.000000
 59.750000 0.716327 659.401200 0.000000 0.000000 0.000000 0.000000 0.716327 658.000000
 60.000000 0.721535 673.411828 0.000000 0.000000 0.000000 0.000000 0.721535 672.000000
 60.250000 0.718147 668.989046 0.000000 0.000000 0.000000 0.000000 0.718147 671.000000
 60.500000 0.714468 662.076474 0.000000 0.000000 0.000000 0.000000 0.714468 659.000000
 60.750000 0.722949 676.471001 0.000000 0.000000 0.000000 0.000000 0.722949 678.000000
 61.000000 0.720264 667.287360 0.000000 0.000000 0.000000 0.000000 0.720264 665.000000
 61.250000 0.722244 673.912496 0.000000 0.000000 0.000000 0.000000 0.722244 666.000000
 61.500000 0.720147 665.477959 0.000000 0.000000 0.000000 0.000000 0.720147 660.000000
 61.750000 0.721282 671.598364 0.000000 0.000000 0.000000 0.000000 0.721282 669.000000
 62.000000 0.717874 669.350419 0.000000 0.000000 0.000000 0.000000 0.717874 665.000000
 62.250000 0.717926 661.733604 0.000000 0.000000 0.000000 0.000000 0.717926 662.000000
 62.500000 0.714693 654.279505 0.000000 0.000000 0.000000 0.000000 0.714693 658.000000
 62.750000 0.720902 666.469961 0.000000 0.000000 0.000000 0.000000 0.720902 662.000000
 63.000000 0.717843 669.851037 0.000000 0.000000 0.000000 0.000000 0.717843 671.000000
 63.250000 0.719784 671.211240 0.000000 0.000000 0.000000 0.000000 0.719784 670.000000
 63.500000 0.715378 663.781458 0.000000 0.000000 0.000000 0.000000 0.715378 668.000000
 63.750000 0.716687 662.263178 0.000000 0.000000 0.000000 0.000000 0.716687 659.000000
 64.000000 0.720092 673.574402 0.000000 0.000000 0.000000 0.000000 0.720092 668.000000
 64.250000 0.721899 671.364242 0.000000 0.000000 0.000000 0.000000 0.721899 668.000000
 64.500000 0.721541 664.959530 0.000000 0.000000 0.000000 0.000000 0.721541 666.000000
 64.750000 0.722495 678.787119 0.000000 0.000000 0.000000 0.000000 0.722495 675.000000
 65.000000 0.722304 671.545940 0.000000 0.000000 0.000000 0.000000 0.722304 666.000000
 65.250000 0.720544 666.830997 0.000000 0.000000 0.000000 0.000000 0.720544 659.000000
 65.500000 0.720923 664.832747 0.000000 0.000000 0.000000 0.000000 0.720923 656.000000
 65.750000 0.721368 672.746251 0.000000 0.000000 0.000000 0.000000 0.721368 670.000000
 66.000000 0.722310 676.475872 0.000000 0.000000 0.000000 0.000000 0.722310 665.000000
 66.250000 0.720922 666.490599 0.000000 0.000000 0.000000 0.000000 0.720922 659.000000
 66.500000 0.715317 663.111596 0.000000 0.000000 0.000000 0.000000 0.715317 655.000000
 66.750000 0.722328 667.592451 0.000000 0.000000 0.000000 0.000000 0.722328 667.000000
 67.000000 0.717239 667.885243 0.000000 0.000000 0.000000 0.000000 0.717239 664.000000
 67.250000 0.720392 661.737388 0.000000 0.000000 0.000000 0.000000 0.720392 656.000000
 67.500000 0.716761 657.676600 0.000000 0.000000 0.000000 0.000000 0.716761 659.000000
 67.750000 0.714330 654.475070 0.000000 0.000000 0.000000 0.000000 0.714330 647.000000
 68.000000 0.712817 659.627945 0.000000 0.000000 0.000000 0.000000 0.712817 658.000000
 68.250000 0.716743 662.495554 0.000000 0.000000 0.000000 0.000000 0.716743 662.000000
 68.500000 0.718238 667.081113 0.000000 0.000000 0.000000 0.000000 0.718238 665.000000
 68.750000 0.723737 670.511915 0.000000 0.000000 0.000000 0.000000 0.723737 664.000000
 69.000000 0.724663 683.933566 0.000000 0.000000 0.000000 0.000000 0.724663 679.000000
 69.250000 0.716853 661.990303 0.000000 0.000000 0.000000 0.000000 0.716853 666.000000
 69.500000 0.726908 682.360845 0.000000 0.000000 0.000000 0.000000 0.726908 674.000000
 69.750000 0.720087 679.138546 0.000000 0.000000 0.000000 0.000000 0.720087 681.000000
 70.000000 0.730404 684.040516 0.000000 0.000000 0.000000 0.000000 0.730404 678.000000
 70.250000 0.724055 678.243206 0.000000 0.000000 0.000000 0.000000 0.724055 662.000000
 70.500000 0.721078 666.748105 0.000000 0.000000 0.000000 0.000000 0.721078 665.000000
 70.750000 0.723416 670.274019 0.000000 0.000000 0.000000 0.000000 0.723416 664.000000
 71.000000 0.724377 670.480625 0.000000 0.000000 0.000000 0.000000 0.724377 672.823415
 71.250000 0.723788 680.206716 0.000000 0.000000 0.000000 0.000000 0.723788 675.000000
 71.500000 0.729324 676.994372 0.000000 0.000000 0.000000 0.000000 0.729324 666.000000
 71.750000 0.723709 671.967266 0.000000 0.000000 0.000000 0.000000 0.723709 666.000000
 72.000000 0.720296 667.579822 0.000000 0.000000 0.000000 0.000000 0.720296 662.000000
 72.250000 0.722506 672.883073 0.000000 0.000000 0.000000 0.000000 0.722506 666.000000
 72.500000 0.717728 663.701301 0.000000 0.000000 0.000000 0.000000 0.717728 658.000000
 72.750000 0.722515 666.249285 0.000000 0.000000 0.000000 0.000000 0.722515 667.000000
 73.000000 0.721833 670.642348 0.000000 0.000000 0.000000 0.000000 0.721833 665.000000
 73.250000 0.723072 677.356955 0.000000 0.000000 0.000000 0.000000 0.723072 673.000000
 73.500000 0.723065 676.178746 0.000000 0.000000 0.000000 0.000000 0.723065 678.000000
 73.750000 0.723786 670.339746 0.000000 0.000000 0.000000 0.000000 0.723786 667.000000
 74.000000 0.719682 660.843907 0.000000 0.000000 0.000000 0.000000 0.719682 658.000000
 74.250000 0.724208 685.306276 0.000000 0.000000 0.000000 0.000000 0.724208 687.000000
 74.500000 0.725585 675.591745 0.000000 0.000000 0.000000 0.000000 0.725585 670.000000
 74.750000 0.725678 681.082536 0.000000 0.000000 0.000000 0.000000 0.725678 675.000000
 75.000000 0.724694 668.234127 0.000000 0.000000 0.000000 0.000000 0.724694 660.000000
 75.250000 0.719223 661.577587 0.000000 0.000000 0.000000 0.000000 0.719223 655.000000
 75.500000 0.720097 665.300912 0.000000 0.000000 0.000000 0.000000 0.720097 659.000000
 75.750000 0.720569 667.540817 0.000000 0.000000 0.000000 0.000000 0.720569 662.000000
 76.000000 0.713289 647.453254 0.000000 0.000000 6.485913 25.943651 0.713289 638.000000
 76.250000 0.717735 661.182966 0.000000 0.000000 0.000000 0.000000 0.717735 660.000000
 76.500000 0.719224 662.101781 0.000000 0.000000 0.000000 0.000000 0.719224 659.000000
 76.750000 0.719037 666.841724 0.000000 0.000000 0.000000 0.000000 0.719037 665.000000
 77.000000 0.720615 661.598772 0.000000 0.000000 0.000000 0.000000 0.720615 659.000000
 77.250000 0.718854 658.488035 0.000000 0.000000 0.000000 0.000000 0.718854 654.000000
 77.500000 0.721942 664.868847 0.000000 0.000000 0.000000 0.000000 0.721942 661.000000
 77.750000 0.717190 656.542821 0.000000 0.000000 0.000000 0.000000 0.717190 648.000000
 78.000000 0.717152 658.954142 0.000000 0.000000 0.000000 0.000000 0.717152 650.000000
 78.250000 0.718072 663.867952 0.000000 0.000000 0.000000 0.000000 0.718072 662.000000
 78.500000 0.720943 651.878986 0.000000 0.000000 0.000000 0.000000 0.720943 644.000000
 78.750000 0.722508 659.027017 0.000000 0.000000 0.000000 0.000000 0.722508 655.000000
 79.000000 0.718063 661.265319 0.000000 0.000000 0.000000 0.000000 0.718063 662.000000
 79.250000 0.720578 665.400963 0.000000 0.000000 0.000000 0.000000 0.720578 663.000000
 79.500000 0.713627 654.415797 0.000000 0.000000 0.000000 0.000000 0.713627 652.000000
 79.750000 0.715470 648.621390 0.000000 0.000000 1.900567 7.602267 0.715470 644.000000
 80.000000 0.714625 649.852282 0.000000 0.000000 0.021821 0.087283 0.714625 646.000000
 80.250000 0.720574 662.266147 0.000000 0.000000 0.000000 0.000000 0.720574 662.000000
 80.500000 0.719661 660.859617 0.000000 0.000000 0.000000 0.000000 0.719661 662.000000
 80.750000 0.717798 658.143159 0.000000 0.000000 0.000000 0.000000 0.717798 660.000000
 81.000000 0.715253 651.149094 0.000000 0.000000 0.000000 0.000000 0.715253 644.000000
 81.250000 0.723763 663.487977 0.000000 0.000000 0.000000 0.000000 0.723763 657.000000
 81.500000 0.720605 663.213450 0.000000 0.000000 0.000000 0.000000 0.720605 663.000000
 81.750000 0.716585 650.736798 0.000000 0.000000 0.000000 0.000000 0.716585 645.000000
 82.000000 0.718578 653.106035 0.000000 0.000000 0.000000 0.000000 0.718578 647.000000
 82.250000 0.715191 649.702379 0.000000 0.000000 0.088578 0.354313 0.715191 641.000000
 82.500000 0.716284 653.548361 0.000000 0.000000 0.000000 0.000000 0.716284 653.000000
 82.750000 0.713052 650.613427 0.000000 0.000000 0.000000 0.000000 0.713052 643.000000
 83.000000 0.717353 654.259707 0.000000 0.000000 0.000000 0.000000 0.717353 650.000000
 83.250000 0.714700 652.585510 0.000000 0.000000 0.000000 0.000000 0.714700 654.000000
 83.500000 0.721512 667.052903 0.000000 0.000000 0.000000 0.000000 0.721512 660.000000
 83.750000 0.717960 652.125347 0.000000 0.000000 0.000000 0.000000 0.717960 648.000000
 84.000000 0.720285 656.014057 0.000000 0.000000 0.000000 0.000000 0.720285 651.000000
 84.250000 0.719038 657.956058 0.000000 0.000000 0.000000 0.000000 0.719038 649.000000
 84.500000 0.721019 662.897558 0.000000 0.000000 0.000000 0.000000 0.721019 657.000000
 84.750000 0.717046 670.307601 0.000000 0.000000 0.000000 0.000000 0.717046 671.000000
 85.000000 0.719645 667.697119 0.000000 0.000000 0.000000 0.000000 0.719645 658.000000
 85.250000 0.719997 669.331373 0.000000 0.000000 0.000000 0.000000 0.719997 666.000000
 85.500000 0.716357 662.334787 0.000000 0.000000 0.000000 0.000000 0.716357 660.000000
 85.750000 0.716606 657.743524 0.000000 0.000000 0.000000 0.000000 0.716606 651.000000
 86.000000 0.715715 657.898060 0.000000 0.000000 0.000000 0.000000 0.715715 656.000000
 86.250000 0.715392 654.706746 0.000000 0.000000 0.000000 0.000000 0.715392 654.000000
 86.500000 0.714389 648.971695 0.000000 0.000000 1.057411 4.229642 0.714389 646.000000
 86.750000 0.712588 649.666311 0.000000 0.000000 0.111348 0.445392 0.712588 656.000000
 87.000000 0.721017 660.391691 0.000000 0.000000 0.000000 0.000000 0.721017 657.000000
 87.250000 0.713749 648.464356 0.000000 0.000000 2.358202 9.432808 0.713749 642.000000
 87.500000 0.715396 651.009918 0.000000 0.000000 0.000000 0.000000 0.715396 649.000000
 87.750000 0.717453 656.869135 0.000000 0.000000 0.000000 0.000000 0.717453 656.000000
 88.000000 0.716196 657.283770 0.000000 0.000000 0.000000 0.000000 0.716196 650.000000
 88.250000 0.714247 649.615807 0.000000 0.000000 0.147604 0.590417 0.714247 649.000000
 88.500000 0.715260 659.717273 0.000000 0.000000 0.000000 0.000000 0.715260 658.000000
 88.750000 0.717913 654.405572 0.000000 0.000000 0.000000 0.000000 0.717913 646.000000
 89.000000 0.718644 659.846512 0.000000 0.000000 0.000000 0.000000 0.718644 659.000000
 89.250000 0.717497 649.884419 0.000000 0.000000 0.013359 0.053435 0.717497 646.000000
 89.500000 0.716094 651.372619 0.000000 0.000000 0.000000 0.000000 0.716094 643.000000
 89.750000 0.715863 652.839256 0.000000 0.000000 0.000000 0.000000 0.715863 651.000000
 90.000000 0.716949 652.415168 0.000000 0.000000 0.000000 0.000000 0.716949 648.000000
 90.250000 0.717641 653.613858 0.000000 0.000000 0.000000 0.000000 0.717641 645.000000
 90.500000 0.718282 652.012913 0.000000 0.000000 0.000000 0.000000 0.718282 649.000000
 90.750000 0.716912 650.548838 0.000000 0.000000 0.000000 0.000000 0.716912 640.000000
 91.000000 0.715111 651.567642 0.000000 0.000000 0.000000 0.000000 0.715111 647.000000
 91.250000 0.717311 651.409732 0.000000 0.000000 0.000000 0.000000 0.717311 646.000000
 91.500000 0.718830 651.029445 0.000000 0.000000 0.000000 0.000000 0.718830 640.000000
 91.750000 0.715828 650.555511 0.000000 0.000000 0.000000 0.000000 0.715828 641.000000
 92.000000 0.719303 658.654694 0.000000 0.000000 0.000000 0.000000 0.719303 652.000000
 92.250000 0.716265 649.040341 0.000000 0.000000 0.920945 3.683779 0.716265 645.000000
 92.500000 0.720022 655.582469 0.000000 0.000000 0.000000 0.000000 0.720022 655.000000
 92.750000 0.715089 657.149059 0.000000 0.000000 0.000000 0.000000 0.715089 647.000000
 93.000000 0.717226 651.638950 0.000000 0.000000 0.000000 0.000000 0.717226 641.000000
 93.250000 0.714702 654.303438 0.000000 0.000000 0.000000 0.000000 0.714702 653.000000
 93.500000 0.718399 655.133852 0.000000 0.000000 0.000000 0.000000 0.718399 645.000000
 93.750000 0.714262 649.460328 0.000000 0.000000 0.291246 1.164982 0.714262 641.000000
 94.000000 0.716062 650.895566 0.000000 0.000000 0.000000 0.000000 0.716062 647.000000
 94.250000 0.719761 659.630600 0.000000 0.000000 0.000000 0.000000 0.719761 649.000000
 94.500000 0.719054 650.841152 0.000000 0.000000 0.000000 0.000000 0.719054 640.000000
 94.750000 0.718791 652.592370 0.000000 0.000000 0.000000 0.000000 0.718791 645.000000
 95.000000 0.716408 649.265578 0.000000 0.000000 0.539375 2.157500 0.716408 648.000000
 95.250000 0.717947 651.337957 0.000000 0.000000 0.000000 0.000000 0.717947 639.000000
 95.500000 0.716026 649.716758 0.000000 0.000000 0.080226 0.320903 0.716026 637.000000
 95.750000 0.717169 651.156826 0.000000 0.000000 0.000000 0.000000 0.717169 649.000000
 96.000000 0.716806 654.267825 0.000000 0.000000 0.000000 0.000000 0.716806 646.000000
 96.250000 0.717430 654.826350 0.000000 0.000000 0.000000 0.000000 0.717430 649.000000
 96.500000 0.716919 652.558374 0.000000 0.000000 0.000000 0.000000 0.716919 652.000000
 96.750000 0.714063 649.060913 0.000000 0.000000 0.881885 3.527540 0.714063 648.000000
 97.000000 0.716398 654.001441 0.000000 0.000000 0.000000 0.000000 0.716398 652.000000
 97.250000 0.717907 648.717571 0.000000 0.000000 1.644623 6.578493 0.717907 642.000000
 97.500000 0.720555 657.996284 0.000000 0.000000 0.000000 0.000000 0.720555 655.000000
 97.750000 0.717586 652.917818 0.000000 0.000000 0.000000 0.000000 0.717586 644.000000
 98.000000 0.719251 651.496462 0.000000 0.000000 0.000000 0.000000 0.719251 648.000000
 98.250000 0.719898 651.968740 0.000000 0.000000 0.000000 0.000000 0.719898 642.000000
 98.500000 0.715784 649.329448 0.000000 0.000000 0.449640 1.798561 0.715784 651.000000
 98.750000 0.717865 653.340492 0.000000 0.000000 0.000000 0.000000 0.717865 656.000000
 99.000000 0.715199 653.701314 0.000000 0.000000 0.000000 0.000000 0.715199 650.000000
 99.250000 0.717146 660.841115 0.000000 0.000000 0.000000 0.000000 0.717146 659.000000
 99.500000 0.714936 649.313587 0.000000 0.000000 0.471162 1.884649 0.714936 650.000000
 99.750000 0.716354 652.610737 0.000000 0.000000 0.000000 0.000000 0.716354 644.000000
 100.000000 0.718201 653.225642 0.000000 0.000000 0.000000 0.000000 0.718201 649.000000
 100.250000 0.714498 654.548909 0.000000 0.000000 0.000000 0.000000 0.714498 651.000000
 100.500000 0.713965 649.943285 0.000000 0.000000 0.003217 0.012866 0.713965 645.000000
