#! FIELDS time refcv.mean refcv.morethan uwall.bias uwall.force2 lwall.bias lwall.force2 refcv2.mean refcv2.morethan
 0.750000 0.886217 385.156397 0.000000 0.000000 0.000000 0.000000 0.930391 404.000000
 1.000000 0.873328 380.622840 0.000000 0.000000 0.000000 0.000000 0.920324 412.000000
 1.250000 0.870633 380.924545 0.000000 0.000000 0.000000 0.000000 0.917862 414.000000
 1.500000 0.865588 372.551621 0.000000 0.000000 0.000000 0.000000 0.911814 407.000000
 1.750000 0.863517 368.509679 0.000000 0.000000 0.000000 0.000000 0.910145 401.000000
 2.000000 0.863969 369.755977 0.000000 0.000000 0.000000 0.000000 0.911392 408.000000
 2.250000 0.857863 359.626022 0.000000 0.000000 0.000000 0.000000 0.905432 388.000000
 2.500000 0.861179 360.525331 0.000000 0.000000 0.000000 0.000000 0.908222 394.000000
 2.750000 0.862088 367.293213 0.000000 0.000000 0.000000 0.000000 0.909321 400.000000
 3.000000 0.867227 374.598134 0.000000 0.000000 0.000000 0.000000 0.913922 407.000000
 3.250000 0.866738 373.651095 0.000000 0.000000 0.000000 0.000000 0.913228 408.000000
 3.500000 0.866509 373.305489 0.000000 0.000000 0.000000 0.000000 0.913346 412.000000
 3.750000 0.867073 373.934894 0.000000 0.000000 0.000000 0.000000 0.913926 402.000000
 4.000000 0.867687 377.574845 0.000000 0.000000 0.000000 0.000000 0.914311 409.000000
 4.250000 0.863345 373.316996 0.000000 0.000000 0.000000 0.000000 0.909690 411.000000
 4.500000 0.864427 371.709380 0.000000 0.000000 0.000000 0.000000 0.911229 413.000000
 4.750000 0.864667 371.346946 0.000000 0.000000 0.000000 0.000000 0.911694 409.000000
 5.000000 0.860379 368.191464 0.000000 0.000000 0.000000 0.000000 0.907181 405.000000
 5.250000 0.865022 372.971589 0.000000 0.000000 0.000000 0.000000 0.910736 405.000000
 5.500000 0.862299 365.651744 0.000000 0.000000 0.000000 0.000000 0.909245 404.000000
 5.750000 0.866883 375.731190 0.000000 0.000000 0.000000 0.000000 0.914086 412.000000
 6.000000 0.865170 377.514772 0.000000 0.000000 0.000000 0.000000 0.911638 405.000000
 6.250000 0.867153 378.618880 0.000000 0.000000 0.000000 0.000000 0.912845 405.000000
 6.500000 0.864645 373.524390 0.000000 0.000000 0.000000 0.000000 0.910492 411.000000
 6.750000 0.869016 372.893668 0.000000 0.000000 0.000000 0.000000 0.915476 407.000000
 7.000000 0.869853 379.908342 0.000000 0.000000 0.000000 0.000000 0.916174 412.000000
 7.250000 0.862790 372.493346 0.000000 0.000000 0.000000 0.000000 0.908641 407.000000
 7.500000 0.862775 369.807567 0.000000 0.000000 0.000000 0.000000 0.909007 408.000000
 7.750000 0.868368 374.430582 0.000000 0.000000 0.000000 0.000000 0.914815 406.000000
 8.000000 0.858839 360.744522 0.000000 0.000000 0.000000 0.000000 0.905604 395.000000
 8.250000 0.858181 366.069369 0.000000 0.000000 0.000000 0.000000 0.904895 403.000000
 8.500000 0.856881 355.588635 0.000000 0.000000 0.000000 0.000000 0.903658 395.000000
 8.750000 0.861610 364.324816 0.000000 0.000000 0.000000 0.000000 0.907971 394.000000
 9.000000 0.860207 363.246776 0.000000 0.000000 0.000000 0.000000 0.907134 403.000000
 9.250000 0.858372 361.217038 0.000000 0.000000 0.000000 0.000000 0.905159 396.000000
 9.500000 0.853449 360.247768 0.000000 0.000000 0.000000 0.000000 0.900557 403.000000
 9.750000 0.854943 355.038943 0.000000 0.000000 0.000000 0.000000 0.902468 392.000000
 10.000000 0.863153 369.415890 0.000000 0.000000 0.000000 0.000000 0.910087 401.000000
 10.250000 0.853240 354.591493 0.000000 0.000000 0.000000 0.000000 0.900581 393.000000
 10.500000 0.857727 359.602019 0.000000 0.000000 0.000000 0.000000 0.904736 396.000000
 10.750000 0.858963 364.108478 0.000000 0.000000 0.000000 0.000000 0.906142 409.000000
 11.000000 0.855615 352.985423 0.000000 0.000000 0.000000 0.000000 0.902758 392.000000
 11.250000 0.862465 368.644464 0.000000 0.000000 0.000000 0.000000 0.909357 403.000000
 11.500000 0.859130 362.630535 0.000000 0.000000 0.000000 0.000000 0.906273 400.000000
 11.750000 0.854175 356.108040 0.000000 0.000000 0.000000 0.000000 0.900667 390.000000
 12.000000 0.856225 359.168264 0.000000 0.000000 0.000000 0.000000 0.902675 401.000000
 12.250000 0.857787 356.087558 0.000000 0.000000 0.000000 0.000000 0.905272 397.000000
 12.500000 0.859403 361.799369 0.000000 0.000000 0.000000 0.000000 0.906695 400.000000
 12.750000 0.855024 354.623843 0.000000 0.000000 0.000000 0.000000 0.901939 394.000000
 13.000000 0.857802 362.618956 0.000000 0.000000 0.000000 0.000000 0.903876 387.000000
 13.250000 0.852722 352.807831 0.000000 0.000000 0.000000 0.000000 0.899509 389.000000
 13.500000 0.858612 364.651391 0.000000 0.000000 0.000000 0.000000 0.905084 405.000000
 13.750000 0.854525 360.601221 0.000000 0.000000 0.000000 0.000000 0.901831 399.000000
 14.000000 0.854845 357.725737 0.000000 0.000000 0.000000 0.000000 0.902031 398.000000
 14.250000 0.852595 355.967704 0.000000 0.000000 0.000000 0.000000 0.899062 393.000000
 14.500000 0.855008 357.667941 0.000000 0.000000 0.000000 0.000000 0.901515 397.000000
 14.750000 0.855790 357.962121 0.000000 0.000000 0.000000 0.000000 0.902903 397.000000
 15.000000 0.858237 359.165467 0.000000 0.000000 0.000000 0.000000 0.905405 396.000000
 15.250000 0.854567 358.781867 0.000000 0.000000 0.000000 0.000000 0.901188 391.000000
 15.500000 0.861727 369.747429 0.000000 0.000000 0.000000 0.000000 0.907959 400.000000
 15.750000 0.858061 363.184218 0.000000 0.000000 0.000000 0.000000 0.904853 399.000000
 16.000000 0.860023 368.461774 0.000000 0.000000 0.000000 0.000000 0.907057 406.000000
 16.250000 0.856179 358.829495 0.000000 0.000000 0.000000 0.000000 0.903752 399.000000
 16.500000 0.855582 359.678554 0.000000 0.000000 0.000000 0.000000 0.902359 394.000000
 16.750000 0.856008 359.084536 0.000000 0.000000 0.000000 0.000000 0.902487 395.000000
 17.000000 0.859328 368.313964 0.000000 0.000000 0.000000 0.000000 0.905611 403.000000
 17.250000 0.862063 370.905017 0.000000 0.000000 0.000000 0.000000 0.908600 405.000000
 17.500000 0.863504 372.675413 0.000000 0.000000 0.000000 0.000000 0.909756 410.000000
 17.750000 0.862922 372.656132 0.000000 0.000000 0.000000 0.000000 0.908533 404.000000
 18.000000 0.860226 367.142545 0.000000 0.000000 0.000000 0.000000 0.906789 405.000000
 18.250000 0.863366 371.919398 0.000000 0.000000 0.000000 0.000000 0.910158 403.000000
 18.500000 0.860277 364.253794 0.000000 0.000000 0.000000 0.000000 0.906621 402.000000
 18.750000 0.857142 364.691937 0.000000 0.000000 0.000000 0.000000 0.903580 401.000000
 19.000000 0.861420 369.169432 0.000000 0.000000 0.000000 0.000000 0.908248 400.000000
 19.250000 0.860089 368.071841 0.000000 0.000000 0.000000 0.000000 0.906677 398.000000
 19.500000 0.857292 360.459190 0.000000 0.000000 0.000000 0.000000 0.904064 405.000000
 19.750000 0.851716 350.734489 0.000000 0.000000 0.000000 0.000000 0.899490 395.000000
 20.000000 0.857983 360.499089 0.000000 0.000000 0.000000 0.000000 0.905585 397.000000
 20.250000 0.859420 365.737502 0.000000 0.000000 0.000000 0.000000 0.906098 405.000000
 20.500000 0.860491 361.800267 0.000000 0.000000 0.000000 0.000000 0.906930 400.000000
 20.750000 0.860294 365.531121 0.000000 0.000000 0.000000 0.000000 0.907575 408.000000
 21.000000 0.860560 361.948005 0.000000 0.000000 0.000000 0.000000 0.907530 392.000000
 21.250000 0.861220 365.237839 0.000000 0.000000 0.000000 0.000000 0.907400 399.000000
 21.500000 0.859297 361.776992 0.000000 0.000000 0.000000 0.000000 0.906378 398.000000
 21.750000 0.858784 360.607240 0.000000 0.000000 0.000000 0.000000 0.905984 395.000000
 22.000000 0.860673 363.756012 0.000000 0.000000 0.000000 0.000000 0.907014 398.000000
 22.250000 0.862532 367.642993 0.000000 0.000000 0.000000 0.000000 0.909394 406.000000
 22.500000 0.861021 363.951477 0.000000 0.000000 0.000000 0.000000 0.909083 406.000000
 22.750000 0.859408 361.763397 0.000000 0.000000 0.000000 0.000000 0.907276 405.000000
 23.000000 0.853424 352.389926 0.000000 0.000000 0.000000 0.000000 0.900630 396.000000
 23.250000 0.851592 350.185393 0.000000 0.000000 0.000000 0.000000 0.898861 393.000000
 23.500000 0.855036 354.172425 0.000000 0.000000 0.000000 0.000000 0.902613 396.000000
 23.750000 0.857396 357.047250 0.000000 0.000000 0.000000 0.000000 0.904975 395.000000
 24.000000 0.859547 357.444685 0.000000 0.000000 0.000000 0.000000 0.906634 396.000000
 24.250000 0.853213 353.900279 0.000000 0.000000 0.000000 0.000000 0.900917 401.000000
 24.500000 0.860934 361.614488 0.000000 0.000000 0.000000 0.000000 0.908395 404.000000
 24.750000 0.855822 358.182368 0.000000 0.000000 0.000000 0.000000 0.903415 392.000000
 25.000000 0.852574 356.868585 0.000000 0.000000 0.000000 0.000000 0.899529 388.000000
 25.250000 0.849068 348.478216 0.000000 0.000000 0.000000 0.000000 0.896137 392.000000
 25.500000 0.852160 355.616653 0.000000 0.000000 0.000000 0.000000 0.899146 394.000000
 25.750000 0.856261 356.909931 0.000000 0.000000 0.000000 0.000000 0.902878 392.000000
 26.000000 0.852974 349.393354 0.000000 0.000000 0.000000 0.000000 0.900592 392.000000
 26.250000 0.860722 361.691959 0.000000 0.000000 0.000000 0.000000 0.907714 397.000000
 26.500000 0.851195 347.330326 0.000000 0.000000 0.000000 0.000000 0.898479 383.000000
 26.750000 0.854133 352.374642 0.000000 0.000000 0.000000 0.000000 0.901036 391.000000
 27.000000 0.855898 358.823033 0.000000 0.000000 0.000000 0.000000 0.903217 395.000000
 27.250000 0.861299 363.947286 0.000000 0.000000 0.000000 0.000000 0.908509 407.000000
 27.500000 0.851767 351.611846 0.000000 0.000000 0.000000 0.000000 0.898963 389.000000
 27.750000 0.855836 355.111152 0.000000 0.000000 0.000000 0.000000 0.903134 393.000000
 28.000000 0.852329 356.282931 0.000000 0.000000 0.000000 0.000000 0.899766 392.000000
 28.250000 0.854651 359.409852 0.000000 0.000000 0.000000 0.000000 0.901551 393.000000
 28.500000 0.851817 355.845514 0.000000 0.000000 0.000000 0.000000 0.899250 394.000000
 28.750000 0.857530 361.706742 0.000000 0.000000 0.000000 0.000000 0.904527 394.000000
 29.000000 0.858491 357.483852 0.000000 0.000000 0.000000 0.000000 0.905828 392.000000
 29.250000 0.851767 349.002654 0.000000 0.000000 0.000000 0.000000 0.899594 387.000000
 29.500000 0.856985 356.478985 0.000000 0.000000 0.000000 0.000000 0.903984 395.000000
 29.750000 0.864672 371.573401 0.000000 0.000000 0.000000 0.000000 0.911163 410.000000
 30.000000 0.859107 365.366395 0.000000 0.000000 0.000000 0.000000 0.906121 405.000000
 30.250000 0.860068 363.609158 0.000000 0.000000 0.000000 0.000000 0.906147 398.000000
 30.500000 0.853542 356.060372 0.000000 0.000000 0.000000 0.000000 0.900430 391.000000
 30.750000 0.861430 365.369038 0.000000 0.000000 0.000000 0.000000 0.908618 413.000000
 31.000000 0.862542 365.904563 0.000000 0.000000 0.000000 0.000000 0.909298 403.000000
 31.250000 0.855097 358.822108 0.000000 0.000000 0.000000 0.000000 0.902291 394.000000
 31.500000 0.851736 357.183854 0.000000 0.000000 0.000000 0.000000 0.898648 392.000000
 31.750000 0.856916 360.311960 0.000000 0.000000 0.000000 0.000000 0.903754 400.000000
 32.000000 0.855333 354.623870 0.000000 0.000000 0.000000 0.000000 0.902898 394.000000
 32.250000 0.856125 357.184054 0.000000 0.000000 0.000000 0.000000 0.903392 387.000000
 32.500000 0.849936 355.369109 0.000000 0.000000 0.000000 0.000000 0.897058 396.000000
 32.750000 0.855805 362.618548 0.000000 0.000000 0.000000 0.000000 0.902630 403.000000
 33.000000 0.857096 360.936140 0.000000 0.000000 0.000000 0.000000 0.904701 398.000000
 33.250000 0.858054 366.658834 0.000000 0.000000 0.000000 0.000000 0.904932 403.000000
 33.500000 0.855598 360.085432 0.000000 0.000000 0.000000 0.000000 0.901715 393.000000
 33.750000 0.861521 370.653989 0.000000 0.000000 0.000000 0.000000 0.907752 408.000000
 34.000000 0.856656 356.952796 0.000000 0.000000 0.000000 0.000000 0.904365 397.000000
 34.250000 0.859225 365.475335 0.000000 0.000000 0.000000 0.000000 0.906378 400.000000
 34.500000 0.859192 362.998828 0.000000 0.000000 0.000000 0.000000 0.905688 395.000000
 34.750000 0.856568 361.316314 0.000000 0.000000 0.000000 0.000000 0.903750 392.000000
 35.000000 0.864909 371.181820 0.000000 0.000000 0.000000 0.000000 0.911353 399.000000
 35.250000 0.854066 360.189137 0.000000 0.000000 0.000000 0.000000 0.900776 391.000000
 35.500000 0.856903 362.604008 0.000000 0.000000 0.000000 0.000000 0.903433 388.000000
 35.750000 0.854890 356.534634 0.000000 0.000000 0.000000 0.000000 0.902324 389.000000
 36.000000 0.865039 370.565559 0.000000 0.000000 0.000000 0.000000 0.911796 404.000000
 36.250000 0.860227 361.442957 0.000000 0.000000 0.000000 0.000000 0.907207 390.000000
 36.500000 0.855708 360.225895 0.000000 0.000000 0.000000 0.000000 0.902637 396.000000
 36.750000 0.860175 367.481734 0.000000 0.000000 0.000000 0.000000 0.906368 398.000000
 37.000000 0.859013 365.498704 0.000000 0.000000 0.000000 0.000000 0.905699 399.000000
 37.250000 0.863115 373.129236 0.000000 0.000000 0.000000 0.000000 0.909680 404.000000
 37.500000 0.857914 364.050032 0.000000 0.000000 0.000000 0.000000 0.904400 398.000000
 37.750000 0.857723 368.922893 0.000000 0.000000 0.000000 0.000000 0.904394 407.000000
 38.000000 0.861406 366.912531 0.000000 0.000000 0.000000 0.000000 0.908251 398.000000
 38.250000 0.860877 366.999261 0.000000 0.000000 0.000000 0.000000 0.907753 404.000000
 38.500000 0.857035 357.966828 0.000000 0.000000 0.000000 0.000000 0.904208 396.000000
 38.750000 0.867128 375.148780 0.000000 0.000000 0.000000 0.000000 0.914173 412.000000
 39.000000 0.855886 357.269412 0.000000 0.000000 0.000000 0.000000 0.903667 396.000000
 39.250000 0.859852 362.983540 0.000000 0.000000 0.000000 0.000000 0.906188 402.000000
 39.500000 0.863959 374.114291 0.000000 0.000000 0.000000 0.000000 0.910092 403.000000
 39.750000 0.863901 377.929310 0.000000 0.000000 0.000000 0.000000 0.910953 412.000000
 40.000000 0.865334 374.318690 0.000000 0.000000 0.000000 0.000000 0.911968 403.000000
 40.250000 0.864208 373.766770 0.000000 0.000000 0.000000 0.000000 0.910001 407.000000
 40.500000 0.868585 380.330993 0.000000 0.000000 0.000000 0.000000 0.914563 416.155345
 40.750000 0.869868 378.231414 0.000000 0.000000 0.000000 0.000000 0.916400 407.000000
 41.000000 0.864581 372.186317 0.000000 0.000000 0.000000 0.000000 0.911063 407.000000
 41.250000 0.860118 366.903672 0.000000 0.000000 0.000000 0.000000 0.906722 399.000000
 41.500000 0.860202 366.932588 0.000000 0.000000 0.000000 0.000000 0.907168 395.000000
 41.750000 0.861521 368.617141 0.000000 0.000000 0.000000 0.000000 0.908847 411.000000
 42.000000 0.868038 376.257073 0.000000 0.000000 0.000000 0.000000 0.914714 410.000000
 42.250000 0.862824 370.652462 0.000000 0.000000 0.000000 0.000000 0.908990 398.000000
 42.500000 0.864989 372.192496 0.000000 0.000000 0.000000 0.000000 0.911435 403.000000
 42.750000 0.861609 369.789313 0.000000 0.000000 0.000000 0.000000 0.908614 401.000000
 43.000000 0.863863 372.740391 0.000000 0.000000 0.000000 0.000000 0.910042 406.000000
 43.250000 0.858117 366.990073 0.000000 0.000000 0.000000 0.000000 0.905310 408.000000
 43.500000 0.862598 371.838169 0.000000 0.000000 0.000000 0.000000 0.909712 413.000000
 43.750000 0.864510 375.286299 0.000000 0.000000 0.000000 0.000000 0.911206 405.000000
 44.000000 0.866153 379.655072 0.000000 0.000000 0.000000 0.000000 0.913044 418.000000
 44.250000 0.865566 378.461042 0.000000 0.000000 0.000000 0.000000 0.912608 418.000000
 44.500000 0.862726 377.090637 0.000000 0.000000 0.000000 0.000000 0.908987 412.000000
 44.750000 0.865470 377.413698 0.000000 0.000000 0.000000 0.000000 0.911903 412.000000
 45.000000 0.870274 384.856413 0.000000 0.000000 0.000000 0.000000 0.916904 417.000000
 45.250000 0.870037 387.131346 0.000000 0.000000 0.000000 0.000000 0.916291 422.000000
 45.500000 0.871348 387.669642 0.000000 0.000000 0.000000 0.000000 0.916550 422.000000
 45.750000 0.865579 378.882340 0.000000 0.000000 0.000000 0.000000 0.911347 417.000000
 46.000000 0.861267 376.923152 0.000000 0.000000 0.000000 0.000000 0.907879 419.000000
 46.250000 0.861213 371.307384 0.000000 0.000000 0.000000 0.000000 0.907565 405.000000
 46.500000 0.860078 375.088587 0.000000 0.000000 0.000000 0.000000 0.906361 417.000000
 46.750000 0.863931 378.746135 0.000000 0.000000 0.000000 0.000000 0.909920 416.000000
 47.000000 0.863802 379.713898 0.000000 0.000000 0.000000 0.000000 0.909698 415.000000
 47.250000 0.862285 377.122833 0.000000 0.000000 0.000000 0.000000 0.908396 417.000000
 47.500000 0.866045 381.381672 0.000000 0.000000 0.000000 0.000000 0.911744 417.000000
 47.750000 0.864859 377.191009 0.000000 0.000000 0.000000 0.000000 0.911307 418.000000
 48.000000 0.868885 378.601802 0.000000 0.000000 0.000000 0.000000 0.915375 412.000000
 48.250000 0.864521 376.434823 0.000000 0.000000 0.000000 0.000000 0.911177 419.000000
 48.500000 0.866685 378.153123 0.000000 0.000000 0.000000 0.000000 0.912917 423.000000
 48.750000 0.869177 380.313260 0.000000 0.000000 0.000000 0.000000 0.915592 417.000000
 49.000000 0.864658 380.781345 0.000000 0.000000 0.000000 0.000000 0.911212 426.000000
 49.250000 0.861596 372.266172 0.000000 0.000000 0.000000 0.000000 0.908607 410.000000
 49.500000 0.861994 372.398762 0.000000 0.000000 0.000000 0.000000 0.908752 410.000000
 49.750000 0.866984 377.241199 0.000000 0.000000 0.000000 0.000000 0.913166 421.000000
 50.000000 0.866423 382.120704 0.000000 0.000000 0.000000 0.000000 0.912807 429.000000
 50.250000 0.868086 380.328516 0.000000 0.000000 0.000000 0.000000 0.914649 426.000000
 50.500000 0.868090 381.445069 0.000000 0.000000 0.000000 0.000000 0.914223 418.000000
 50.750000 0.865554 374.273790 0.000000 0.000000 0.000000 0.000000 0.911891 411.000000
 51.000000 0.864588 371.777373 0.000000 0.000000 0.000000 0.000000 0.911232 409.000000
 51.250000 0.868318 379.089661 0.000000 0.000000 0.000000 0.000000 0.915376 418.000000
 51.500000 0.860051 364.852115 0.000000 0.000000 0.000000 0.000000 0.908129 405.000000
 51.750000 0.864688 371.775862 0.000000 0.000000 0.000000 0.000000 0.911664 408.000000
 52.000000 0.864740 377.126771 0.000000 0.000000 0.000000 0.000000 0.911392 414.000000
 52.250000 0.867993 376.257412 0.000000 0.000000 0.000000 0.000000 0.914618 412.000000
 52.500000 0.866454 377.655144 0.000000 0.000000 0.000000 0.000000 0.913405 409.000000
 52.750000 0.867207 378.129994 0.000000 0.000000 0.000000 0.000000 0.913626 419.000000
 53.000000 0.869770 382.119376 0.000000 0.000000 0.000000 0.000000 0.916045 420.000000
 53.250000 0.868897 382.580552 0.000000 0.000000 0.000000 0.000000 0.916004 416.000000
 53.500000 0.874264 389.111572 0.000000 0.000000 0.000000 0.000000 0.920532 424.000000
 53.750000 0.866758 378.123926 0.000000 0.000000 0.000000 0.000000 0.912911 425.000000
 54.000000 0.868635 376.333962 0.000000 0.000000 0.000000 0.000000 0.915387 412.000000
 54.250000 0.864272 374.687110 0.000000 0.000000 0.000000 0.000000 0.911562 426.000000
 54.500000 0.869053 378.555659 0.000000 0.000000 0.000000 0.000000 0.915425 417.000000
 54.750000 0.868760 382.345109 0.000000 0.000000 0.000000 0.000000 0.915255 422.000000
 55.000000 0.863369 377.850419 0.000000 0.000000 0.000000 0.000000 0.910052 413.000000
 55.250000 0.857991 366.460606 0.000000 0.000000 0.000000 0.000000 0.904668 405.000000
 55.500000 0.865121 378.397882 0.000000 0.000000 0.000000 0.000000 0.911146 420.000000
 55.750000 0.866382 380.180043 0.000000 0.000000 0.000000 0.000000 0.913175 422.000000
 56.000000 0.867522 378.876079 0.000000 0.000000 0.000000 0.000000 0.913905 424.000000
 56.250000 0.864060 376.011423 0.000000 0.000000 0.000000 0.000000 0.910186 418.000000
 56.500000 0.866727 377.041177 0.000000 0.000000 0.000000 0.000000 0.913051 421.000000
 56.750000 0.866035 372.118312 0.000000 0.000000 0.000000 0.000000 0.913343 412.000000
 57.000000 0.870893 381.825207 0.000000 0.000000 0.000000 0.000000 0.917498 418.000000
 57.250000 0.866565 374.245272 0.000000 0.000000 0.000000 0.000000 0.912990 420.000000
 57.500000 0.867390 379.493580 0.000000 0.000000 0.000000 0.000000 0.914001 418.000000
 57.750000 0.867861 381.040917 0.000000 0.000000 0.000000 0.000000 0.915458 427.000000
 58.000000 0.870234 386.238129 0.000000 0.000000 0.000000 0.000000 0.916762 431.000000
 58.250000 0.867574 382.886688 0.000000 0.000000 0.000000 0.000000 0.913668 416.000000
 58.500000 0.868251 382.753019 0.000000 0.000000 0.000000 0.000000 0.914419 416.000000
 58.750000 0.875911 391.231316 0.000000 0.000000 0.000000 0.000000 0.922196 428.000000
 59.000000 0.873791 386.473446 0.000000 0.000000 0.000000 0.000000 0.920432 424.000000
 59.250000 0.868886 382.136683 0.000000 0.000000 0.000000 0.000000 0.915486 416.000000
 59.500000 0.871227 379.693604 0.000000 0.000000 0.000000 0.000000 0.917193 411.000000
 59.750000 0.863738 379.502960 0.000000 0.000000 0.000000 0.000000 0.910405 420.000000
 60.000000 0.871838 384.253701 0.000000 0.000000 0.000000 0.000000 0.918364 420.000000
 60.250000 0.873859 389.035896 0.000000 0.000000 0.000000 0.000000 0.920364 427.000000
 60.500000 0.872508 387.891985 0.000000 0.000000 0.000000 0.000000 0.918537 428.000000
 60.750000 0.870972 388.487627 0.000000 0.000000 0.000000 0.000000 0.917149 432.000000
 61.000000 0.873956 390.925565 0.000000 0.000000 0.000000 0.000000 0.919563 431.000000
 61.250000 0.868031 384.046430 0.000000 0.000000 0.000000 0.000000 0.913838 421.000000
 61.500000 0.868803 384.293479 0.000000 0.000000 0.000000 0.000000 0.915086 428.000000
 61.750000 0.869563 388.952167 0.000000 0.000000 0.000000 0.000000 0.916363 435.000000
 62.000000 0.864856 381.063333 0.000000 0.000000 0.000000 0.000000 0.911049 421.000000
 62.250000 0.863521 373.843583 0.000000 0.000000 0.000000 0.000000 0.909221 414.000000
 62.500000 0.864981 379.633229 0.000000 0.000000 0.000000 0.000000 0.911518 422.000000
 62.750000 0.865874 373.872712 0.000000 0.000000 0.000000 0.000000 0.912602 421.000000
 63.000000 0.868408 380.111456 0.000000 0.000000 0.000000 0.000000 0.914649 422.000000
 63.250000 0.867072 379.744127 0.000000 0.000000 0.000000 0.000000 0.913104 423.000000
 63.500000 0.867328 382.175176 0.000000 0.000000 0.000000 0.000000 0.914057 427.000000
 63.750000 0.863801 375.293398 0.000000 0.000000 0.000000 0.000000 0.911062 427.000000
 64.000000 0.861356 373.905915 0.000000 0.000000 0.000000 0.000000 0.907605 418.000000
 64.250000 0.857266 368.670199 0.000000 0.000000 0.000000 0.000000 0.903844 418.000000
 64.500000 0.856272 366.309784 0.000000 0.000000 0.000000 0.000000 0.903473 409.000000
 64.750000 0.858756 369.639440 0.000000 0.000000 0.000000 0.000000 0.905404 403.000000
 65.000000 0.853706 366.361657 0.000000 0.000000 0.000000 0.000000 0.900161 407.000000
 65.250000 0.856878 368.461127 0.000000 0.000000 0.000000 0.000000 0.903595 415.000000
 65.500000 0.862995 371.087853 0.000000 0.000000 0.000000 0.000000 0.910108 419.000000
 65.750000 0.857140 359.482553 0.000000 0.000000 0.000000 0.000000 0.904884 411.000000
 66.000000 0.858200 366.749621 0.000000 0.000000 0.000000 0.000000 0.904801 408.000000
 66.250000 0.852010 355.250933 0.000000 0.000000 0.000000 0.000000 0.898931 403.000000
 66.500000 0.858774 364.628849 0.000000 0.000000 0.000000 0.000000 0.905488 407.000000
 66.750000 0.863723 374.303550 0.000000 0.000000 0.000000 0.000000 0.910738 411.000000
 67.000000 0.854649 358.974743 0.000000 0.000000 0.000000 0.000000 0.901600 395.000000
 67.250000 0.856910 362.978007 0.000000 0.000000 0.000000 0.000000 0.903642 408.000000
 67.500000 0.860531 370.526647 0.000000 0.000000 0.000000 0.000000 0.907152 403.000000
 67.750000 0.858409 361.601653 0.000000 0.000000 0.000000 0.000000 0.905697 394.000000
 68.000000 0.854903 358.388517 0.000000 0.000000 0.000000 0.000000 0.902023 393.000000
 68.250000 0.855624 361.753538 0.000000 0.000000 0.000000 0.000000 0.902088 397.000000
 68.500000 0.860612 368.459436 0.000000 0.000000 0.000000 0.000000 0.907526 400.000000
 68.750000 0.859824 363.902615 0.000000 0.000000 0.000000 0.000000 0.907159 400.000000
 69.000000 0.854452 357.417548 0.000000 0.000000 0.000000 0.000000 0.901965 396.000000
 69.250000 0.856164 360.348913 0.000000 0.000000 0.000000 0.000000 0.903245 401.000000
 69.500000 0.859255 362.509850 0.000000 0.000000 0.000000 0.000000 0.906161 400.000000
 69.750000 0.862183 367.185299 0.000000 0.000000 0.000000 0.000000 0.909000 410.000000
 70.000000 0.863818 368.662164 0.000000 0.000000 0.000000 0.000000 0.910441 403.000000
 70.250000 0.859631 362.676323 0.000000 0.000000 0.000000 0.000000 0.906484 392.000000
 70.500000 0.857920 360.859307 0.000000 0.000000 0.000000 0.000000 0.904765 397.000000
 70.750000 0.859608 364.089325 0.000000 0.000000 0.000000 0.000000 0.905966 404.000000
 71.000000 0.860927 362.521287 0.000000 0.000000 0.000000 0.000000 0.907592 396.000000
 71.250000 0.867548 374.013171 0.000000 0.000000 0.000000 0.000000 0.914140 409.000000
 71.500000 0.865352 368.154560 0.000000 0.000000 0.000000 0.000000 0.911974 401.000000
 71.750000 0.859230 362.243326 0.000000 0.000000 0.000000 0.000000 0.906216 394.000000
 72.000000 0.859863 368.085453 0.000000 0.000000 0.000000 0.000000 0.906751 406.000000
 72.250000 0.862691 374.151614 0.000000 0.000000 0.000000 0.000000 0.909116 412.000000
 72.500000 0.862514 370.935406 0.000000 0.000000 0.000000 0.000000 0.908973 406.000000
 72.750000 0.864972 376.855454 0.000000 0.000000 0.000000 0.000000 0.911576 411.000000
 73.000000 0.864733 377.958548 0.000000 0.000000 0.000000 0.000000 0.911412 419.000000
 73.250000 0.862569 367.933371 0.000000 0.000000 0.000000 0.000000 0.909515 406.000000
 73.500000 0.857778 369.697311 0.000000 0.000000 0.000000 0.000000 0.904550 408.000000
 73.750000 0.858739 371.966711 0.000000 0.000000 0.000000 0.000000 0.905336 410.000000
 74.000000 0.857922 370.484068 0.000000 0.000000 0.000000 0.000000 0.904526 409.000000
 74.250000 0.858122 368.754173 0.000000 0.000000 0.000000 0.000000 0.905035 406.000000
 74.500000 0.863527 371.278485 0.000000 0.000000 0.000000 0.000000 0.910436 405.000000
 74.750000 0.863634 375.912944 0.000000 0.000000 0.000000 0.000000 0.910763 419.000000
 75.000000 0.858317 371.010856 0.000000 0.000000 0.000000 0.000000 0.905137 416.000000
 75.250000 0.857743 369.569254 0.000000 0.000000 0.000000 0.000000 0.903589 411.000000
 75.500000 0.861330 371.296843 0.000000 0.000000 0.000000 0.000000 0.907565 412.000000
 75.750000 0.863886 375.603537 0.000000 0.000000 0.000000 0.000000 0.910319 414.000000
 76.000000 0.860153 370.365778 0.000000 0.000000 0.000000 0.000000 0.906801 415.000000
 76.250000 0.863276 374.357626 0.000000 0.000000 0.000000 0.000000 0.909528 415.000000
 76.500000 0.866764 379.922061 0.000000 0.000000 0.000000 0.000000 0.912673 415.000000
 76.750000 0.869856 384.950545 0.000000 0.000000 0.000000 0.000000 0.916078 423.000000
 77.000000 0.873319 390.123240 0.000000 0.000000 0.000000 0.000000 0.919638 423.000000
 77.250000 0.868337 379.886367 0.000000 0.000000 0.000000 0.000000 0.914119 412.000000
 77.500000 0.872422 388.839324 0.000000 0.000000 0.000000 0.000000 0.917996 426.000000
 77.750000 0.872387 388.737992 0.000000 0.000000 0.000000 0.000000 0.918714 429.000000
 78.000000 0.876796 391.966725 0.000000 0.000000 0.000000 0.000000 0.923022 437.000000
 78.250000 0.863528 378.962834 0.000000 0.000000 0.000000 0.000000 0.909998 423.000000
 78.500000 0.858435 366.538318 0.000000 0.000000 0.000000 0.000000 0.904648 405.000000
 78.750000 0.869786 386.341122 0.000000 0.000000 0.000000 0.000000 0.916347 432.000000
 79.000000 0.872260 385.640594 0.000000 0.000000 0.000000 0.000000 0.918624 425.000000
 79.250000 0.866830 382.752717 0.000000 0.000000 0.000000 0.000000 0.913349 427.000000
 79.500000 0.864183 375.070751 0.000000 0.000000 0.000000 0.000000 0.910905 419.000000
 79.750000 0.873826 390.124723 0.000000 0.000000 0.000000 0.000000 0.920495 442.000000
 80.000000 0.873900 387.411362 0.000000 0.000000 0.000000 0.000000 0.920426 433.000000
 80.250000 0.874841 390.999334 0.000000 0.000000 0.000000 0.000000 0.920709 441.000000
 80.500000 0.873127 390.622440 0.000000 0.000000 0.000000 0.000000 0.918570 435.000000
 80.750000 0.873731 383.700045 0.000000 0.000000 0.000000 0.000000 0.920164 430.000000
 81.000000 0.869706 386.907441 0.000000 0.000000 0.000000 0.000000 0.917094 445.000000
 81.250000 0.868245 382.071168 0.000000 0.000000 0.000000 0.000000 0.914485 423.000000
 81.500000 0.872867 390.796308 0.000000 0.000000 0.000000 0.000000 0.918090 438.000000
 81.750000 0.868302 383.515590 0.000000 0.000000 0.000000 0.000000 0.914415 428.000000
 82.000000 0.866856 377.011304 0.000000 0.000000 0.000000 0.000000 0.912528 420.000000
 82.250000 0.863882 376.819581 0.000000 0.000000 0.000000 0.000000 0.909588 413.000000
 82.500000 0.871303 384.717156 0.000000 0.000000 0.000000 0.000000 0.917539 421.000000
 82.750000 0.868419 375.092367 0.000000 0.000000 0.000000 0.000000 0.914788 417.000000
 83.000000 0.871785 389.776261 0.000000 0.000000 0.000000 0.000000 0.916848 420.000000
 83.250000 0.859633 373.881660 0.000000 0.000000 0.000000 0.000000 0.905655 415.000000
 83.500000 0.868282 386.269946 0.000000 0.000000 0.000000 0.000000 0.914246 423.000000
 83.750000 0.871871 389.839164 0.000000 0.000000 0.000000 0.000000 0.918070 417.000000
 84.000000 0.862841 383.943771 0.000000 0.000000 0.000000 0.000000 0.908750 432.000000
 84.250000 0.869827 390.036722 0.000000 0.000000 0.000000 0.000000 0.915238 428.000000
 84.500000 0.871876 390.066257 0.000000 0.000000 0.000000 0.000000 0.918015 430.000000
 84.750000 0.864998 381.469192 0.000000 0.000000 0.000000 0.000000 0.911227 415.000000
 85.000000 0.858677 373.714712 0.000000 0.000000 0.000000 0.000000 0.904746 412.000000
 85.250000 0.861433 377.057063 0.000000 0.000000 0.000000 0.000000 0.907908 420.000000
 85.500000 0.865858 380.457507 0.000000 0.000000 0.000000 0.000000 0.913001 421.000000
 85.750000 0.868353 386.389722 0.000000 0.000000 0.000000 0.000000 0.914822 434.000000
 86.000000 0.866846 382.793203 0.000000 0.000000 0.000000 0.000000 0.913195 429.000000
 86.250000 0.863546 379.628126 0.000000 0.000000 0.000000 0.000000 0.910090 427.000000
 86.500000 0.867871 385.516451 0.000000 0.000000 0.000000 0.000000 0.914009 425.000000
 86.750000 0.864356 376.501405 0.000000 0.000000 0.000000 0.000000 0.910925 418.000000
 87.000000 0.871006 389.958838 0.000000 0.000000 0.000000 0.000000 0.917163 433.000000
 87.250000 0.868740 382.272244 0.000000 0.000000 0.000000 0.000000 0.914496 432.000000
 87.500000 0.865976 380.046745 0.000000 0.000000 0.000000 0.000000 0.912136 422.000000
 87.750000 0.863469 375.153443 0.000000 0.000000 0.000000 0.000000 0.910300 424.000000
 88.000000 0.863194 374.052267 0.000000 0.000000 0.000000 0.000000 0.909901 410.000000
 88.250000 0.865666 384.119013 0.000000 0.000000 0.000000 0.000000 0.911932 435.000000
 88.500000 0.864906 377.670530 0.000000 0.000000 0.000000 0.000000 0.911704 418.000000
 88.750000 0.860927 371.588701 0.000000 0.000000 0.000000 0.000000 0.907828 418.000000
 89.000000 0.867760 383.283615 0.000000 0.000000 0.000000 0.000000 0.913181 419.000000
 89.250000 0.867715 384.717413 0.000000 0.000000 0.000000 0.000000 0.914036 425.000000
 89.500000 0.874324 391.371873 0.000000 0.000000 0.000000 0.000000 0.920836 434.000000
 89.750000 0.869046 384.059860 0.000000 0.000000 0.000000 0.000000 0.915352 424.000000
 90.000000 0.871636 385.943970 0.000000 0.000000 0.000000 0.000000 0.916938 421.000000
 90.250000 0.873654 390.890514 0.000000 0.000000 0.000000 0.000000 0.919515 432.000000
 90.500000 0.870050 387.163759 0.000000 0.000000 0.000000 0.000000 0.916246 429.000000
 90.750000 0.869478 382.484826 0.000000 0.000000 0.000000 0.000000 0.915359 420.000000
 91.000000 0.869804 386.128453 0.000000 0.000000 0.000000 0.000000 0.915966 432.000000
 91.250000 0.870299 385.822470 0.000000 0.000000 0.000000 0.000000 0.916048 423.000000
 91.500000 0.861108 368.886590 0.000000 0.000000 0.000000 0.000000 0.907915 407.000000
 91.750000 0.870411 383.461031 0.000000 0.000000 0.000000 0.000000 0.916637 427.000000
 92.000000 0.866077 379.380710 0.000000 0.000000 0.000000 0.000000 0.912728 429.000000
 92.250000 0.868630 381.882581 0.000000 0.000000 0.000000 0.000000 0.914656 423.000000
 92.500000 0.864412 374.127080 0.000000 0.000000 0.000000 0.000000 0.910879 421.000000
 92.750000 0.865155 375.684938 0.000000 0.000000 0.000000 0.000000 0.911564 420.000000
 93.000000 0.861261 369.645354 0.000000 0.000000 0.000000 0.000000 0.907214 404.000000
 93.250000 0.863710 381.932270 0.000000 0.000000 0.000000 0.000000 0.909484 422.000000
 93.500000 0.870390 384.577470 0.000000 0.000000 0.000000 0.000000 0.916522 426.000000
 93.750000 0.870661 387.195137 0.000000 0.000000 0.000000 0.000000 0.917198 437.000000
 94.000000 0.872850 388.778522 0.000000 0.000000 0.000000 0.000000 0.918558 435.000000
 94.250000 0.865066 380.796459 0.000000 0.000000 0.000000 0.000000 0.911347 424.000000
 94.500000 0.867866 382.320106 0.000000 0.000000 0.000000 0.000000 0.913966 422.000000
 94.750000 0.862592 377.843208 0.000000 0.000000 0.000000 0.000000 0.909149 426.000000
 95.000000 0.865774 381.867800 0.000000 0.000000 0.000000 0.000000 0.911818 430.000000
 95.250000 0.863050 376.277770 0.000000 0.000000 0.000000 0.000000 0.909764 423.000000
 95.500000 0.868211 381.630210 0.000000 0.000000 0.000000 0.000000 0.915295 425.000000
 95.750000 0.866405 380.781383 0.000000 0.000000 0.000000 0.000000 0.913056 421.000000
 96.000000 0.868455 381.142823 0.000000 0.000000 0.000000 0.000000 0.913906 426.000000
 96.250000 0.867649 378.572055 0.000000 0.000000 0.000000 0.000000 0.913996 423.000000
 96.500000 0.872269 390.429440 0.000000 0.000000 0.000000 0.000000 0.918871 437.000000
 96.750000 0.866309 378.083087 0.000000 0.000000 0.000000 0.000000 0.912365 422.000000
 97.000000 0.863846 380.636469 0.000000 0.000000 0.000000 0.000000 0.909690 428.000000
 97.250000 0.869129 383.566698 0.000000 0.000000 0.000000 0.000000 0.915751 429.000000
 97.500000 0.870115 381.877901 0.000000 0.000000 0.000000 0.000000 0.916681 422.000000
 97.750000 0.872207 389.451260 0.000000 0.000000 0.000000 0.000000 0.918128 428.000000
 98.000000 0.864743 379.009348 0.000000 0.000000 0.000000 0.000000 0.910864 427.000000
 98.250000 0.867215 378.539996 0.000000 0.000000 0.000000 0.000000 0.913566 418.000000
 98.500000 0.874952 393.193600 1.424680 5.698721 0.000000 0.000000 0.921078 430.000000
 98.750000 0.867900 377.486838 0.000000 0.000000 0.000000 0.000000 0.914364 422.000000
 99.000000 0.866679 379.606865 0.000000 0.000000 0.000000 0.000000 0.912502 420.000000
 99.250000 0.867242 382.904376 0.000000 0.000000 0.000000 0.000000 0.913538 426.000000
 99.500000 0.869819 380.349933 0.000000 0.000000 0.000000 0.000000 0.916561 421.000000
 99.750000 0.867538 382.066347 0.000000 0.000000 0.000000 0.000000 0.913880 429.000000
 100.000000 0.862854 378.409417 0.000000 0.000000 0.000000 0.000000 0.908880 424.000000
 100.250000 0.856245 367.091396 0.000000 0.000000 0.000000 0.000000 0.902608 418.000000
 100.500000 0.861234 369.365198 0.000000 0.000000 0.000000 0.000000 0.907835 410.000000
