#! FIELDS time s.mean
 0.000000 0.958102
 1.000000 0.948238
 2.000000 0.949033
 3.000000 0.954022
 4.000000 0.947592
 5.000000 0.959106
 6.000000 0.940365
 7.000000 0.944397
 8.000000 0.967755
 9.000000 0.943396
 10.000000 0.948267
 11.000000 0.960727
 12.000000 0.943383
 13.000000 0.953736
 14.000000 0.962083
 15.000000 0.939758
 16.000000 0.953658
 17.000000 0.944744
 18.000000 0.929829
 19.000000 0.957469
 20.000000 0.948612
 21.000000 0.940646
 22.000000 0.954862
 23.000000 0.955290
 24.000000 0.957370
 25.000000 0.951980
 26.000000 0.964924
 27.000000 0.962685
 28.000000 0.952199
 29.000000 0.956193
 30.000000 0.951967
 31.000000 0.936630
 32.000000 0.934829
 33.000000 0.954287
 34.000000 0.961560
 35.000000 0.943310
 36.000000 0.959689
 37.000000 0.949333
 38.000000 0.936146
 39.000000 0.952253
 40.000000 0.938994
 41.000000 0.950941
 42.000000 0.957426
 43.000000 0.949909
 44.000000 0.941495
 45.000000 0.941040
 46.000000 0.951112
 47.000000 0.951932
 48.000000 0.947383
 49.000000 0.946812
 50.000000 0.960857
 51.000000 0.954274
 52.000000 0.944231
 53.000000 0.953701
 54.000000 0.949235
 55.000000 0.937750
 56.000000 0.951826
 57.000000 0.954577
 58.000000 0.929712
 59.000000 0.965679
 60.000000 0.955198
 61.000000 0.937485
 62.000000 0.948208
 63.000000 0.957790
 64.000000 0.949558
 65.000000 0.965602
 66.000000 0.966428
 67.000000 0.946333
 68.000000 0.965596
 69.000000 0.959331
 70.000000 0.955409
 71.000000 0.955415
 72.000000 0.954194
 73.000000 0.961335
 74.000000 0.946640
 75.000000 0.954284
 76.000000 0.963444
 77.000000 0.944341
 78.000000 0.963405
 79.000000 0.957947
 80.000000 0.952518
 81.000000 0.960656
 82.000000 0.946641
 83.000000 0.941107
 84.000000 0.955101
 85.000000 0.961362
 86.000000 0.948742
 87.000000 0.942361
 88.000000 0.954085
 89.000000 0.950218
 90.000000 0.952242
 91.000000 0.944742
 92.000000 0.947103
 93.000000 0.947904
 94.000000 0.949117
 95.000000 0.935208
 96.000000 0.939285
 97.000000 0.960677
 98.000000 0.955167
 99.000000 0.947739
 100.000000 0.951940
 101.000000 0.951588
 102.000000 0.954459
 103.000000 0.956086
 104.000000 0.947132
 105.000000 0.953731
 106.000000 0.951046
 107.000000 0.961284
 108.000000 0.960253
 109.000000 0.954937
 110.000000 0.948068
 111.000000 0.947556
 112.000000 0.942832
 113.000000 0.946354
 114.000000 0.961411
 115.000000 0.945397
 116.000000 0.947611
 117.000000 0.956282
 118.000000 0.941852
 119.000000 0.961443
 120.000000 0.958971
 121.000000 0.945414
 122.000000 0.960311
 123.000000 0.966688
 124.000000 0.955255
 125.000000 0.955898
 126.000000 0.940757
 127.000000 0.950162
 128.000000 0.962463
 129.000000 0.940959
 130.000000 0.942450
 131.000000 0.947345
 132.000000 0.947509
 133.000000 0.948607
 134.000000 0.958248
 135.000000 0.943661
 136.000000 0.935210
 137.000000 0.949595
 138.000000 0.937984
 139.000000 0.933203
 140.000000 0.942067
 141.000000 0.952918
 142.000000 0.944624
 143.000000 0.953233
 144.000000 0.959507
 145.000000 0.940708
 146.000000 0.952558
 147.000000 0.945649
 148.000000 0.943675
 149.000000 0.949322
 150.000000 0.951102
 151.000000 0.948603
 152.000000 0.944449
 153.000000 0.942942
 154.000000 0.968907
 155.000000 0.964064
 156.000000 0.955439
 157.000000 0.963818
 158.000000 0.965439
 159.000000 0.957624
 160.000000 0.956166
 161.000000 0.944717
 162.000000 0.949151
 163.000000 0.944882
 164.000000 0.955641
 165.000000 0.953928
 166.000000 0.934032
 167.000000 0.954484
 168.000000 0.958396
 169.000000 0.947207
 170.000000 0.948850
 171.000000 0.953338
 172.000000 0.940921
 173.000000 0.953505
 174.000000 0.961013
 175.000000 0.945543
 176.000000 0.946239
 177.000000 0.951175
 178.000000 0.942877
 179.000000 0.949171
 180.000000 0.953913
 181.000000 0.959162
 182.000000 0.952941
 183.000000 0.960096
 184.000000 0.957897
 185.000000 0.937913
 186.000000 0.956807
 187.000000 0.952635
 188.000000 0.957415
 189.000000 0.973363
 190.000000 0.964690
 191.000000 0.966978
 192.000000 0.972623
 193.000000 0.962456
 194.000000 0.937319
 195.000000 0.954141
 196.000000 0.954359
 197.000000 0.952134
 198.000000 0.961365
 199.000000 0.945477
 200.000000 0.961083
 201.000000 0.958323
 202.000000 0.955228
 203.000000 0.951528
 204.000000 0.953944
 205.000000 0.965904
 206.000000 0.958553
 207.000000 0.956499
 208.000000 0.953152
 209.000000 0.934184
 210.000000 0.963936
 211.000000 0.957899
 212.000000 0.933221
 213.000000 0.951489
 214.000000 0.955210
 215.000000 0.959442
 216.000000 0.958248
 217.000000 0.947576
 218.000000 0.960895
 219.000000 0.959372
 220.000000 0.955477
 221.000000 0.962171
 222.000000 0.954404
 223.000000 0.940847
 224.000000 0.959532
 225.000000 0.956951
 226.000000 0.938179
 227.000000 0.962667
 228.000000 0.962768
 229.000000 0.934829
 230.000000 0.954174
 231.000000 0.950956
 232.000000 0.949096
 233.000000 0.951018
 234.000000 0.953877
 235.000000 0.960323
 236.000000 0.951925
 237.000000 0.942426
 238.000000 0.961431
 239.000000 0.955879
 240.000000 0.937725
 241.000000 0.951155
 242.000000 0.951992
 243.000000 0.946344
 244.000000 0.948062
 245.000000 0.956662
 246.000000 0.949058
 247.000000 0.950235
 248.000000 0.948138
 249.000000 0.951450
 250.000000 0.950992
 251.000000 0.962886
 252.000000 0.969436
 253.000000 0.956316
 254.000000 0.963354
 255.000000 0.956067
 256.000000 0.950787
 257.000000 0.954482
 258.000000 0.959629
 259.000000 0.946955
 260.000000 0.952192
 261.000000 0.951822
 262.000000 0.949719
 263.000000 0.946872
 264.000000 0.949422
 265.000000 0.955228
 266.000000 0.949332
 267.000000 0.953266
 268.000000 0.966501
 269.000000 0.954219
 270.000000 0.951892
 271.000000 0.958115
 272.000000 0.962512
 273.000000 0.947126
 274.000000 0.945407
 275.000000 0.957174
 276.000000 0.952615
 277.000000 0.943365
 278.000000 0.954853
 279.000000 0.948842
 280.000000 0.945343
 281.000000 0.955899
 282.000000 0.955109
 283.000000 0.942600
 284.000000 0.960774
 285.000000 0.951459
 286.000000 0.943160
 287.000000 0.967215
 288.000000 0.946692
 289.000000 0.952570
 290.000000 0.963093
 291.000000 0.955646
 292.000000 0.947762
 293.000000 0.952756
 294.000000 0.965922
 295.000000 0.947303
 296.000000 0.950746
 297.000000 0.961894
 298.000000 0.951725
 299.000000 0.958311
 300.000000 0.952657
 301.000000 0.949677
 302.000000 0.973192
 303.000000 0.950112
 304.000000 0.956009
 305.000000 0.955759
 306.000000 0.935221
 307.000000 0.957785
 308.000000 0.964502
 309.000000 0.949197
 310.000000 0.951446
 311.000000 0.946308
 312.000000 0.954647
 313.000000 0.954808
 314.000000 0.947873
 315.000000 0.952205
 316.000000 0.945445
 317.000000 0.946117
 318.000000 0.945848
 319.000000 0.954410
 320.000000 0.943630
 321.000000 0.952211
 322.000000 0.945638
 323.000000 0.937253
 324.000000 0.958963
 325.000000 0.954834
 326.000000 0.946819
 327.000000 0.964281
 328.000000 0.953218
 329.000000 0.953434
 330.000000 0.959093
 331.000000 0.939548
 332.000000 0.959469
 333.000000 0.962463
 334.000000 0.963069
 335.000000 0.965044
 336.000000 0.952775
 337.000000 0.961207
 338.000000 0.956015
 339.000000 0.941593
 340.000000 0.958293
 341.000000 0.954701
 342.000000 0.941690
 343.000000 0.951375
 344.000000 0.960909
 345.000000 0.944794
 346.000000 0.958758
 347.000000 0.951955
 348.000000 0.943780
 349.000000 0.965494
 350.000000 0.957303
 351.000000 0.958288
 352.000000 0.950306
 353.000000 0.942528
 354.000000 0.945881
 355.000000 0.947719
 356.000000 0.948027
 357.000000 0.955736
 358.000000 0.952501
 359.000000 0.946070
 360.000000 0.961416
 361.000000 0.967389
 362.000000 0.951392
 363.000000 0.956352
 364.000000 0.953915
 365.000000 0.947823
 366.000000 0.947175
 367.000000 0.958885
 368.000000 0.949921
 369.000000 0.952561
 370.000000 0.961529
 371.000000 0.941224
 372.000000 0.945093
 373.000000 0.953784
 374.000000 0.945516
 375.000000 0.951751
 376.000000 0.961140
 377.000000 0.949344
 378.000000 0.954478
 379.000000 0.957378
 380.000000 0.935666
 381.000000 0.950101
 382.000000 0.955783
 383.000000 0.958320
 384.000000 0.958046
 385.000000 0.952346
 386.000000 0.962751
 387.000000 0.959348
 388.000000 0.957803
 389.000000 0.967638
 390.000000 0.954923
 391.000000 0.951057
 392.000000 0.959131
 393.000000 0.947897
 394.000000 0.961316
 395.000000 0.957749
 396.000000 0.961334
 397.000000 0.971476
 398.000000 0.949667
 399.000000 0.953766
