#! FIELDS time s.mean
 0.000000 0.154160
 1.000000 0.139182
 2.000000 0.138399
 3.000000 0.154974
 4.000000 0.151578
 5.000000 0.146902
 6.000000 0.151120
 7.000000 0.149466
 8.000000 0.163230
 9.000000 0.151561
 10.000000 0.147122
 11.000000 0.144964
 12.000000 0.153613
 13.000000 0.150305
 14.000000 0.153608
 15.000000 0.148160
 16.000000 0.147095
 17.000000 0.144474
 18.000000 0.139974
 19.000000 0.152575
 20.000000 0.147100
 21.000000 0.151310
 22.000000 0.153499
 23.000000 0.147072
 24.000000 0.147323
 25.000000 0.155022
 26.000000 0.156110
 27.000000 0.161289
 28.000000 0.149967
 29.000000 0.149359
 30.000000 0.158521
 31.000000 0.151589
 32.000000 0.152228
 33.000000 0.153105
 34.000000 0.158141
 35.000000 0.157384
 36.000000 0.157680
 37.000000 0.152369
 38.000000 0.139102
 39.000000 0.147200
 40.000000 0.149811
 41.000000 0.149952
 42.000000 0.154671
 43.000000 0.153437
 44.000000 0.139784
 45.000000 0.141297
 46.000000 0.149179
 47.000000 0.149161
 48.000000 0.137902
 49.000000 0.140767
 50.000000 0.150139
 51.000000 0.143102
 52.000000 0.150672
 53.000000 0.148468
 54.000000 0.144226
 55.000000 0.145650
 56.000000 0.146481
 57.000000 0.148330
 58.000000 0.144078
 59.000000 0.144220
 60.000000 0.145584
 61.000000 0.141548
 62.000000 0.145476
 63.000000 0.145993
 64.000000 0.148483
 65.000000 0.153789
 66.000000 0.156489
 67.000000 0.158731
 68.000000 0.167517
 69.000000 0.146695
 70.000000 0.154991
 71.000000 0.151883
 72.000000 0.146998
 73.000000 0.153692
 74.000000 0.150916
 75.000000 0.153969
 76.000000 0.152005
 77.000000 0.152993
 78.000000 0.151477
 79.000000 0.153851
 80.000000 0.156773
 81.000000 0.150540
 82.000000 0.146870
 83.000000 0.145427
 84.000000 0.154297
 85.000000 0.154157
 86.000000 0.148109
 87.000000 0.135972
 88.000000 0.155821
 89.000000 0.145595
 90.000000 0.141592
 91.000000 0.145789
 92.000000 0.147340
 93.000000 0.152099
 94.000000 0.144284
 95.000000 0.137478
 96.000000 0.147486
 97.000000 0.153943
 98.000000 0.154022
 99.000000 0.146577
 100.000000 0.146426
 101.000000 0.145721
 102.000000 0.151685
 103.000000 0.147086
 104.000000 0.145108
 105.000000 0.147907
 106.000000 0.151411
 107.000000 0.159479
 108.000000 0.160848
 109.000000 0.150275
 110.000000 0.138104
 111.000000 0.134199
 112.000000 0.140114
 113.000000 0.140709
 114.000000 0.147530
 115.000000 0.143123
 116.000000 0.136814
 117.000000 0.142944
 118.000000 0.149843
 119.000000 0.161547
 120.000000 0.160219
 121.000000 0.151868
 122.000000 0.166375
 123.000000 0.166381
 124.000000 0.154236
 125.000000 0.146681
 126.000000 0.142209
 127.000000 0.154142
 128.000000 0.152048
 129.000000 0.147676
 130.000000 0.152170
 131.000000 0.150298
 132.000000 0.160144
 133.000000 0.150683
 134.000000 0.148859
 135.000000 0.143859
 136.000000 0.141578
 137.000000 0.149487
 138.000000 0.152998
 139.000000 0.152721
 140.000000 0.144400
 141.000000 0.140655
 142.000000 0.143538
 143.000000 0.145054
 144.000000 0.146544
 145.000000 0.139509
 146.000000 0.141211
 147.000000 0.144542
 148.000000 0.141861
 149.000000 0.144164
 150.000000 0.152668
 151.000000 0.152188
 152.000000 0.154008
 153.000000 0.147557
 154.000000 0.162003
 155.000000 0.172264
 156.000000 0.172390
 157.000000 0.156524
 158.000000 0.169736
 159.000000 0.164405
 160.000000 0.161897
 161.000000 0.144343
 162.000000 0.141513
 163.000000 0.148510
 164.000000 0.153250
 165.000000 0.149947
 166.000000 0.142983
 167.000000 0.149645
 168.000000 0.157335
 169.000000 0.150043
 170.000000 0.153717
 171.000000 0.152577
 172.000000 0.148614
 173.000000 0.152566
 174.000000 0.153293
 175.000000 0.140072
 176.000000 0.148966
 177.000000 0.146564
 178.000000 0.139866
 179.000000 0.151733
 180.000000 0.149941
 181.000000 0.159687
 182.000000 0.147198
 183.000000 0.152304
 184.000000 0.161712
 185.000000 0.150265
 186.000000 0.148450
 187.000000 0.149388
 188.000000 0.149120
 189.000000 0.162945
 190.000000 0.154411
 191.000000 0.162960
 192.000000 0.173198
 193.000000 0.169327
 194.000000 0.149715
 195.000000 0.151259
 196.000000 0.142472
 197.000000 0.154642
 198.000000 0.152885
 199.000000 0.162694
 200.000000 0.162560
 201.000000 0.154993
 202.000000 0.150792
 203.000000 0.152030
 204.000000 0.153645
 205.000000 0.159535
 206.000000 0.159387
 207.000000 0.151189
 208.000000 0.148072
 209.000000 0.145995
 210.000000 0.153349
 211.000000 0.149187
 212.000000 0.149976
 213.000000 0.147842
 214.000000 0.143809
 215.000000 0.156551
 216.000000 0.158859
 217.000000 0.148408
 218.000000 0.155606
 219.000000 0.151338
 220.000000 0.158472
 221.000000 0.162752
 222.000000 0.146889
 223.000000 0.147974
 224.000000 0.157144
 225.000000 0.162249
 226.000000 0.153936
 227.000000 0.147294
 228.000000 0.155188
 229.000000 0.138634
 230.000000 0.151978
 231.000000 0.145866
 232.000000 0.150767
 233.000000 0.153241
 234.000000 0.154467
 235.000000 0.154081
 236.000000 0.153426
 237.000000 0.148667
 238.000000 0.153247
 239.000000 0.144757
 240.000000 0.147217
 241.000000 0.146640
 242.000000 0.152601
 243.000000 0.154326
 244.000000 0.149849
 245.000000 0.151960
 246.000000 0.150073
 247.000000 0.145817
 248.000000 0.152836
 249.000000 0.153263
 250.000000 0.163488
 251.000000 0.154040
 252.000000 0.167888
 253.000000 0.160288
 254.000000 0.163883
 255.000000 0.152552
 256.000000 0.154455
 257.000000 0.152806
 258.000000 0.151710
 259.000000 0.138240
 260.000000 0.153221
 261.000000 0.145540
 262.000000 0.145356
 263.000000 0.147782
 264.000000 0.144048
 265.000000 0.140881
 266.000000 0.155730
 267.000000 0.163678
 268.000000 0.161776
 269.000000 0.150424
 270.000000 0.148938
 271.000000 0.149853
 272.000000 0.148421
 273.000000 0.146063
 274.000000 0.143214
 275.000000 0.142259
 276.000000 0.144465
 277.000000 0.147507
 278.000000 0.145178
 279.000000 0.154797
 280.000000 0.148942
 281.000000 0.151982
 282.000000 0.169191
 283.000000 0.158226
 284.000000 0.154453
 285.000000 0.164712
 286.000000 0.156357
 287.000000 0.165744
 288.000000 0.158058
 289.000000 0.152502
 290.000000 0.158704
 291.000000 0.155440
 292.000000 0.157242
 293.000000 0.166315
 294.000000 0.154053
 295.000000 0.156099
 296.000000 0.147488
 297.000000 0.150773
 298.000000 0.159048
 299.000000 0.145131
 300.000000 0.146015
 301.000000 0.154067
 302.000000 0.159754
 303.000000 0.161232
 304.000000 0.151129
 305.000000 0.149596
 306.000000 0.149484
 307.000000 0.150591
 308.000000 0.160195
 309.000000 0.146762
 310.000000 0.145382
 311.000000 0.141164
 312.000000 0.148478
 313.000000 0.145517
 314.000000 0.147018
 315.000000 0.154474
 316.000000 0.150849
 317.000000 0.147430
 318.000000 0.146684
 319.000000 0.149546
 320.000000 0.150536
 321.000000 0.149480
 322.000000 0.144875
 323.000000 0.139778
 324.000000 0.147285
 325.000000 0.144832
 326.000000 0.142401
 327.000000 0.152227
 328.000000 0.150839
 329.000000 0.154531
 330.000000 0.158664
 331.000000 0.154168
 332.000000 0.152333
 333.000000 0.148521
 334.000000 0.156318
 335.000000 0.150226
 336.000000 0.151611
 337.000000 0.157071
 338.000000 0.153112
 339.000000 0.146685
 340.000000 0.151437
 341.000000 0.149100
 342.000000 0.149964
 343.000000 0.147250
 344.000000 0.151657
 345.000000 0.152619
 346.000000 0.156713
 347.000000 0.160763
 348.000000 0.148279
 349.000000 0.157225
 350.000000 0.153305
 351.000000 0.168844
 352.000000 0.155709
 353.000000 0.157280
 354.000000 0.143902
 355.000000 0.144696
 356.000000 0.150497
 357.000000 0.148078
 358.000000 0.149212
 359.000000 0.148666
 360.000000 0.158915
 361.000000 0.165241
 362.000000 0.148659
 363.000000 0.156781
 364.000000 0.150803
 365.000000 0.146027
 366.000000 0.144328
 367.000000 0.155782
 368.000000 0.149820
 369.000000 0.148579
 370.000000 0.147275
 371.000000 0.150081
 372.000000 0.152540
 373.000000 0.152945
 374.000000 0.155162
 375.000000 0.152455
 376.000000 0.147324
 377.000000 0.149759
 378.000000 0.152446
 379.000000 0.152076
 380.000000 0.141140
 381.000000 0.149456
 382.000000 0.147537
 383.000000 0.157259
 384.000000 0.163928
 385.000000 0.150943
 386.000000 0.163672
 387.000000 0.159280
 388.000000 0.154981
 389.000000 0.161173
 390.000000 0.149553
 391.000000 0.145777
 392.000000 0.153290
 393.000000 0.145647
 394.000000 0.154388
 395.000000 0.146570
 396.000000 0.156121
 397.000000 0.161063
 398.000000 0.155268
 399.000000 0.158137
