#! FIELDS time s.mean
 0.000000 0.664163
 1.000000 0.653623
 2.000000 0.652398
 3.000000 0.661588
 4.000000 0.656785
 5.000000 0.661623
 6.000000 0.652294
 7.000000 0.653123
 8.000000 0.673828
 9.000000 0.655577
 10.000000 0.655483
 11.000000 0.663084
 12.000000 0.654311
 13.000000 0.659849
 14.000000 0.667401
 15.000000 0.650927
 16.000000 0.659148
 17.000000 0.651237
 18.000000 0.641248
 19.000000 0.661657
 20.000000 0.655791
 21.000000 0.652071
 22.000000 0.662166
 23.000000 0.659419
 24.000000 0.661221
 25.000000 0.661393
 26.000000 0.672011
 27.000000 0.670288
 28.000000 0.659721
 29.000000 0.661487
 30.000000 0.661906
 31.000000 0.650312
 32.000000 0.648416
 33.000000 0.660589
 34.000000 0.668132
 35.000000 0.657568
 36.000000 0.664910
 37.000000 0.657353
 38.000000 0.643451
 39.000000 0.656311
 40.000000 0.650487
 41.000000 0.659058
 42.000000 0.665399
 43.000000 0.659826
 44.000000 0.648408
 45.000000 0.648355
 46.000000 0.658656
 47.000000 0.658382
 48.000000 0.650053
 49.000000 0.653187
 50.000000 0.663826
 51.000000 0.658235
 52.000000 0.653856
 53.000000 0.658455
 54.000000 0.655287
 55.000000 0.649410
 56.000000 0.656568
 57.000000 0.659587
 58.000000 0.642415
 59.000000 0.664760
 60.000000 0.658939
 61.000000 0.645581
 62.000000 0.655035
 63.000000 0.661539
 64.000000 0.658213
 65.000000 0.670943
 66.000000 0.671701
 67.000000 0.660267
 68.000000 0.675149
 69.000000 0.662947
 70.000000 0.663439
 71.000000 0.661769
 72.000000 0.659781
 73.000000 0.667169
 74.000000 0.657158
 75.000000 0.662672
 76.000000 0.666206
 77.000000 0.655148
 78.000000 0.665737
 79.000000 0.664491
 80.000000 0.663159
 81.000000 0.663646
 82.000000 0.653162
 83.000000 0.649825
 84.000000 0.662889
 85.000000 0.665769
 86.000000 0.657585
 87.000000 0.648251
 88.000000 0.663474
 89.000000 0.656873
 90.000000 0.658307
 91.000000 0.653501
 92.000000 0.655038
 93.000000 0.657406
 94.000000 0.653904
 95.000000 0.643441
 96.000000 0.651029
 97.000000 0.667293
 98.000000 0.663574
 99.000000 0.655472
 100.000000 0.657169
 101.000000 0.657613
 102.000000 0.661506
 103.000000 0.661584
 104.000000 0.654393
 105.000000 0.659358
 106.000000 0.658866
 107.000000 0.670031
 108.000000 0.669396
 109.000000 0.661864
 110.000000 0.651979
 111.000000 0.650497
 112.000000 0.649055
 113.000000 0.653289
 114.000000 0.663762
 115.000000 0.651907
 116.000000 0.650260
 117.000000 0.659989
 118.000000 0.652855
 119.000000 0.670774
 120.000000 0.668907
 121.000000 0.656304
 122.000000 0.670552
 123.000000 0.675169
 124.000000 0.664744
 125.000000 0.660860
 126.000000 0.649517
 127.000000 0.659230
 128.000000 0.665675
 129.000000 0.651394
 130.000000 0.652959
 131.000000 0.654395
 132.000000 0.661153
 133.000000 0.657151
 134.000000 0.662406
 135.000000 0.652407
 136.000000 0.644863
 137.000000 0.656960
 138.000000 0.650752
 139.000000 0.648176
 140.000000 0.649687
 141.000000 0.655288
 142.000000 0.650880
 143.000000 0.658384
 144.000000 0.661672
 145.000000 0.648346
 146.000000 0.654556
 147.000000 0.652920
 148.000000 0.649881
 149.000000 0.655097
 150.000000 0.659856
 151.000000 0.657867
 152.000000 0.655888
 153.000000 0.653544
 154.000000 0.674034
 155.000000 0.676951
 156.000000 0.669904
 157.000000 0.669666
 158.000000 0.675340
 159.000000 0.669275
 160.000000 0.667697
 161.000000 0.652390
 162.000000 0.653715
 163.000000 0.653261
 164.000000 0.660550
 165.000000 0.661315
 166.000000 0.645732
 167.000000 0.661490
 168.000000 0.666102
 169.000000 0.655920
 170.000000 0.658036
 171.000000 0.661564
 172.000000 0.651439
 173.000000 0.661884
 174.000000 0.665759
 175.000000 0.651906
 176.000000 0.655267
 177.000000 0.657369
 178.000000 0.648681
 179.000000 0.658796
 180.000000 0.660801
 181.000000 0.667525
 182.000000 0.658844
 183.000000 0.664722
 184.000000 0.667920
 185.000000 0.650512
 186.000000 0.660511
 187.000000 0.660341
 188.000000 0.661108
 189.000000 0.677733
 190.000000 0.669352
 191.000000 0.673748
 192.000000 0.681732
 193.000000 0.672914
 194.000000 0.650031
 195.000000 0.661677
 196.000000 0.657864
 197.000000 0.662523
 198.000000 0.666784
 199.000000 0.659808
 200.000000 0.669432
 201.000000 0.664445
 202.000000 0.661792
 203.000000 0.659653
 204.000000 0.662941
 205.000000 0.673037
 206.000000 0.668085
 207.000000 0.662079
 208.000000 0.659172
 209.000000 0.645179
 210.000000 0.667186
 211.000000 0.662533
 212.000000 0.647421
 213.000000 0.658318
 214.000000 0.658603
 215.000000 0.666704
 216.000000 0.666001
 217.000000 0.655199
 218.000000 0.668139
 219.000000 0.664506
 220.000000 0.664813
 221.000000 0.670464
 222.000000 0.660251
 223.000000 0.652524
 224.000000 0.665471
 225.000000 0.665625
 226.000000 0.652362
 227.000000 0.663209
 228.000000 0.667574
 229.000000 0.643724
 230.000000 0.661143
 231.000000 0.655412
 232.000000 0.658272
 233.000000 0.658748
 234.000000 0.661196
 235.000000 0.666040
 236.000000 0.658586
 237.000000 0.652243
 238.000000 0.665614
 239.000000 0.659916
 240.000000 0.648024
 241.000000 0.656926
 242.000000 0.660028
 243.000000 0.658330
 244.000000 0.656833
 245.000000 0.663299
 246.000000 0.657859
 247.000000 0.656977
 248.000000 0.655068
 249.000000 0.660368
 250.000000 0.665165
 251.000000 0.668810
 252.000000 0.677560
 253.000000 0.666189
 254.000000 0.671594
 255.000000 0.662696
 256.000000 0.660389
 257.000000 0.661888
 258.000000 0.663649
 259.000000 0.652373
 260.000000 0.660462
 261.000000 0.658499
 262.000000 0.656550
 263.000000 0.655927
 264.000000 0.654424
 265.000000 0.657788
 266.000000 0.660201
 267.000000 0.665856
 268.000000 0.672026
 269.000000 0.661401
 270.000000 0.658393
 271.000000 0.663379
 272.000000 0.664349
 273.000000 0.654874
 274.000000 0.652185
 275.000000 0.660735
 276.000000 0.657185
 277.000000 0.653012
 278.000000 0.659053
 279.000000 0.657629
 280.000000 0.654867
 281.000000 0.662709
 282.000000 0.668630
 283.000000 0.655499
 284.000000 0.666507
 285.000000 0.664307
 286.000000 0.654403
 287.000000 0.673762
 288.000000 0.659145
 289.000000 0.661634
 290.000000 0.669656
 291.000000 0.663139
 292.000000 0.660652
 293.000000 0.665629
 294.000000 0.670145
 295.000000 0.658764
 296.000000 0.657706
 297.000000 0.666130
 298.000000 0.662454
 299.000000 0.661215
 300.000000 0.657910
 301.000000 0.659252
 302.000000 0.676443
 303.000000 0.661723
 304.000000 0.661492
 305.000000 0.661328
 306.000000 0.648838
 307.000000 0.663374
 308.000000 0.670840
 309.000000 0.656061
 310.000000 0.657408
 311.000000 0.652190
 312.000000 0.658391
 313.000000 0.658386
 314.000000 0.654840
 315.000000 0.659256
 316.000000 0.654545
 317.000000 0.654716
 318.000000 0.652896
 319.000000 0.660123
 320.000000 0.653935
 321.000000 0.659424
 322.000000 0.654027
 323.000000 0.646655
 324.000000 0.661824
 325.000000 0.659606
 326.000000 0.655281
 327.000000 0.668496
 328.000000 0.661114
 329.000000 0.661881
 330.000000 0.667009
 331.000000 0.653917
 332.000000 0.664325
 333.000000 0.665664
 334.000000 0.668117
 335.000000 0.666634
 336.000000 0.661682
 337.000000 0.666857
 338.000000 0.664711
 339.000000 0.651712
 340.000000 0.661869
 341.000000 0.659287
 342.000000 0.653606
 343.000000 0.657922
 344.000000 0.665179
 345.000000 0.656068
 346.000000 0.666319
 347.000000 0.663192
 348.000000 0.656077
 349.000000 0.672323
 350.000000 0.664972
 351.000000 0.670198
 352.000000 0.660459
 353.000000 0.656745
 354.000000 0.652547
 355.000000 0.652759
 356.000000 0.655891
 357.000000 0.660470
 358.000000 0.660062
 359.000000 0.656693
 360.000000 0.668761
 361.000000 0.675304
 362.000000 0.660030
 363.000000 0.665363
 364.000000 0.659824
 365.000000 0.656170
 366.000000 0.654501
 367.000000 0.664312
 368.000000 0.657570
 369.000000 0.659070
 370.000000 0.666133
 371.000000 0.652911
 372.000000 0.656180
 373.000000 0.662198
 374.000000 0.656906
 375.000000 0.659266
 376.000000 0.663523
 377.000000 0.657260
 378.000000 0.660594
 379.000000 0.663506
 380.000000 0.645366
 381.000000 0.657056
 382.000000 0.659602
 383.000000 0.665483
 384.000000 0.667265
 385.000000 0.657684
 386.000000 0.671081
 387.000000 0.668592
 388.000000 0.665329
 389.000000 0.674126
 390.000000 0.661142
 391.000000 0.656860
 392.000000 0.664113
 393.000000 0.653408
 394.000000 0.665905
 395.000000 0.662517
 396.000000 0.668444
 397.000000 0.676448
 398.000000 0.659050
 399.000000 0.664151
