#! FIELDS time s.mean
 0.000000 0.544116
 1.000000 0.532947
 2.000000 0.531788
 3.000000 0.542857
 4.000000 0.538251
 5.000000 0.540749
 6.000000 0.535161
 7.000000 0.534749
 8.000000 0.554542
 9.000000 0.537249
 10.000000 0.535694
 11.000000 0.541081
 12.000000 0.536660
 13.000000 0.540009
 14.000000 0.546660
 15.000000 0.533157
 16.000000 0.538861
 17.000000 0.531263
 18.000000 0.523435
 19.000000 0.541502
 20.000000 0.535985
 21.000000 0.533891
 22.000000 0.542953
 23.000000 0.538207
 24.000000 0.539761
 25.000000 0.542941
 26.000000 0.551751
 27.000000 0.551161
 28.000000 0.540394
 29.000000 0.541258
 30.000000 0.543872
 31.000000 0.532848
 32.000000 0.531780
 33.000000 0.541346
 34.000000 0.548993
 35.000000 0.540801
 36.000000 0.545776
 37.000000 0.538587
 38.000000 0.523487
 39.000000 0.535885
 40.000000 0.532715
 41.000000 0.539911
 42.000000 0.546732
 43.000000 0.541457
 44.000000 0.528117
 45.000000 0.529176
 46.000000 0.539404
 47.000000 0.539003
 48.000000 0.528249
 49.000000 0.533014
 50.000000 0.542604
 51.000000 0.536962
 52.000000 0.535469
 53.000000 0.538056
 54.000000 0.534898
 55.000000 0.530952
 56.000000 0.536204
 57.000000 0.540220
 58.000000 0.524945
 59.000000 0.541661
 60.000000 0.537873
 61.000000 0.525963
 62.000000 0.534853
 63.000000 0.540320
 64.000000 0.539120
 65.000000 0.550337
 66.000000 0.551039
 67.000000 0.543445
 68.000000 0.557019
 69.000000 0.541975
 70.000000 0.544533
 71.000000 0.541916
 72.000000 0.539056
 73.000000 0.546839
 74.000000 0.539065
 75.000000 0.543994
 76.000000 0.546034
 77.000000 0.537692
 78.000000 0.545087
 79.000000 0.544862
 80.000000 0.544760
 81.000000 0.542805
 82.000000 0.533413
 83.000000 0.531226
 84.000000 0.543438
 85.000000 0.545358
 86.000000 0.538404
 87.000000 0.527291
 88.000000 0.544389
 89.000000 0.536901
 90.000000 0.537884
 91.000000 0.534089
 92.000000 0.535910
 93.000000 0.538553
 94.000000 0.533180
 95.000000 0.524257
 96.000000 0.532881
 97.000000 0.547704
 98.000000 0.544778
 99.000000 0.536021
 100.000000 0.537158
 101.000000 0.537640
 102.000000 0.541685
 103.000000 0.541035
 104.000000 0.534860
 105.000000 0.538990
 106.000000 0.540107
 107.000000 0.550690
 108.000000 0.550307
 109.000000 0.541826
 110.000000 0.531306
 111.000000 0.527899
 112.000000 0.528532
 113.000000 0.533241
 114.000000 0.542525
 115.000000 0.532098
 116.000000 0.528816
 117.000000 0.539068
 118.000000 0.534085
 119.000000 0.551493
 120.000000 0.550459
 121.000000 0.538382
 122.000000 0.552634
 123.000000 0.556643
 124.000000 0.546134
 125.000000 0.540440
 126.000000 0.529875
 127.000000 0.540726
 128.000000 0.544558
 129.000000 0.533435
 130.000000 0.534570
 131.000000 0.535321
 132.000000 0.543903
 133.000000 0.537958
 134.000000 0.541004
 135.000000 0.532637
 136.000000 0.526044
 137.000000 0.537959
 138.000000 0.533729
 139.000000 0.532017
 140.000000 0.531173
 141.000000 0.533900
 142.000000 0.531278
 143.000000 0.537589
 144.000000 0.540101
 145.000000 0.528776
 146.000000 0.533301
 147.000000 0.532914
 148.000000 0.530336
 149.000000 0.534455
 150.000000 0.541066
 151.000000 0.539053
 152.000000 0.538574
 153.000000 0.535094
 154.000000 0.553673
 155.000000 0.560100
 156.000000 0.554013
 157.000000 0.549312
 158.000000 0.557552
 159.000000 0.551892
 160.000000 0.549276
 161.000000 0.532932
 162.000000 0.532514
 163.000000 0.534135
 164.000000 0.540490
 165.000000 0.541246
 166.000000 0.528139
 167.000000 0.541695
 168.000000 0.547353
 169.000000 0.536527
 170.000000 0.539748
 171.000000 0.542416
 172.000000 0.533599
 173.000000 0.543422
 174.000000 0.545262
 175.000000 0.531698
 176.000000 0.536779
 177.000000 0.537672
 178.000000 0.529000
 179.000000 0.540130
 180.000000 0.541247
 181.000000 0.548856
 182.000000 0.538620
 183.000000 0.544265
 184.000000 0.549586
 185.000000 0.533476
 186.000000 0.539963
 187.000000 0.540960
 188.000000 0.540917
 189.000000 0.556888
 190.000000 0.548941
 191.000000 0.555036
 192.000000 0.563165
 193.000000 0.555757
 194.000000 0.532875
 195.000000 0.542240
 196.000000 0.536801
 197.000000 0.544028
 198.000000 0.546505
 199.000000 0.543819
 200.000000 0.550757
 201.000000 0.545063
 202.000000 0.542023
 203.000000 0.540352
 204.000000 0.543965
 205.000000 0.553263
 206.000000 0.549686
 207.000000 0.541683
 208.000000 0.538538
 209.000000 0.527228
 210.000000 0.546114
 211.000000 0.541888
 212.000000 0.530918
 213.000000 0.538356
 214.000000 0.537093
 215.000000 0.547300
 216.000000 0.546867
 217.000000 0.536335
 218.000000 0.548002
 219.000000 0.543931
 220.000000 0.546672
 221.000000 0.551713
 222.000000 0.539806
 223.000000 0.534891
 224.000000 0.546176
 225.000000 0.547599
 226.000000 0.535148
 227.000000 0.541560
 228.000000 0.547606
 229.000000 0.524630
 230.000000 0.541768
 231.000000 0.534651
 232.000000 0.539196
 233.000000 0.540119
 234.000000 0.542071
 235.000000 0.546171
 236.000000 0.539240
 237.000000 0.533919
 238.000000 0.545479
 239.000000 0.538198
 240.000000 0.529665
 241.000000 0.536757
 242.000000 0.540606
 243.000000 0.540735
 244.000000 0.537608
 245.000000 0.543301
 246.000000 0.538893
 247.000000 0.537122
 248.000000 0.536413
 249.000000 0.541167
 250.000000 0.548698
 251.000000 0.548853
 252.000000 0.559542
 253.000000 0.547787
 254.000000 0.552831
 255.000000 0.543588
 256.000000 0.542573
 257.000000 0.542505
 258.000000 0.543266
 259.000000 0.531778
 260.000000 0.541548
 261.000000 0.538746
 262.000000 0.536610
 263.000000 0.537033
 264.000000 0.533026
 265.000000 0.536012
 266.000000 0.541842
 267.000000 0.549413
 268.000000 0.551891
 269.000000 0.541108
 270.000000 0.538406
 271.000000 0.543087
 272.000000 0.542865
 273.000000 0.535249
 274.000000 0.532587
 275.000000 0.539436
 276.000000 0.535629
 277.000000 0.534166
 278.000000 0.537751
 279.000000 0.539466
 280.000000 0.536788
 281.000000 0.543287
 282.000000 0.552514
 283.000000 0.538764
 284.000000 0.546966
 285.000000 0.547360
 286.000000 0.537167
 287.000000 0.555056
 288.000000 0.542314
 289.000000 0.543178
 290.000000 0.550573
 291.000000 0.543980
 292.000000 0.543698
 293.000000 0.549320
 294.000000 0.549742
 295.000000 0.540290
 296.000000 0.538535
 297.000000 0.544491
 298.000000 0.544506
 299.000000 0.540047
 300.000000 0.537740
 301.000000 0.540376
 302.000000 0.555580
 303.000000 0.545168
 304.000000 0.541454
 305.000000 0.540686
 306.000000 0.532213
 307.000000 0.543143
 308.000000 0.551596
 309.000000 0.536091
 310.000000 0.537453
 311.000000 0.531817
 312.000000 0.537904
 313.000000 0.536762
 314.000000 0.534877
 315.000000 0.540352
 316.000000 0.535818
 317.000000 0.534980
 318.000000 0.533125
 319.000000 0.539686
 320.000000 0.535883
 321.000000 0.539571
 322.000000 0.534519
 323.000000 0.527900
 324.000000 0.540469
 325.000000 0.538800
 326.000000 0.536132
 327.000000 0.547439
 328.000000 0.541842
 329.000000 0.542605
 330.000000 0.548370
 331.000000 0.537384
 332.000000 0.543766
 333.000000 0.544378
 334.000000 0.548236
 335.000000 0.545366
 336.000000 0.542882
 337.000000 0.546678
 338.000000 0.545914
 339.000000 0.533187
 340.000000 0.541556
 341.000000 0.539060
 342.000000 0.535816
 343.000000 0.538108
 344.000000 0.544976
 345.000000 0.537814
 346.000000 0.546480
 347.000000 0.545633
 348.000000 0.537675
 349.000000 0.552272
 350.000000 0.545746
 351.000000 0.553593
 352.000000 0.542233
 353.000000 0.540162
 354.000000 0.533364
 355.000000 0.532829
 356.000000 0.537095
 357.000000 0.540697
 358.000000 0.540623
 359.000000 0.538478
 360.000000 0.548982
 361.000000 0.556137
 362.000000 0.540309
 363.000000 0.545995
 364.000000 0.540045
 365.000000 0.536618
 366.000000 0.534177
 367.000000 0.544744
 368.000000 0.538393
 369.000000 0.539964
 370.000000 0.545063
 371.000000 0.534664
 372.000000 0.538272
 373.000000 0.542889
 374.000000 0.538806
 375.000000 0.540079
 376.000000 0.542493
 377.000000 0.538204
 378.000000 0.540985
 379.000000 0.543335
 380.000000 0.526510
 381.000000 0.537620
 382.000000 0.539024
 383.000000 0.546060
 384.000000 0.549598
 385.000000 0.538547
 386.000000 0.552408
 387.000000 0.549505
 388.000000 0.545627
 389.000000 0.554779
 390.000000 0.540486
 391.000000 0.536743
 392.000000 0.543936
 393.000000 0.533819
 394.000000 0.545760
 395.000000 0.541340
 396.000000 0.548183
 397.000000 0.556416
 398.000000 0.540913
 399.000000 0.546322
