#! FIELDS time s.mean
 0.000000 0.440130
 1.000000 0.427913
 2.000000 0.426456
 3.000000 0.439753
 4.000000 0.435635
 5.000000 0.435667
 6.000000 0.433483
 7.000000 0.432258
 8.000000 0.450976
 9.000000 0.434376
 10.000000 0.431815
 11.000000 0.435253
 12.000000 0.434648
 13.000000 0.435862
 14.000000 0.442395
 15.000000 0.430712
 16.000000 0.433723
 17.000000 0.427333
 18.000000 0.420227
 19.000000 0.437412
 20.000000 0.431927
 21.000000 0.431507
 22.000000 0.439324
 23.000000 0.433670
 24.000000 0.434658
 25.000000 0.440400
 26.000000 0.446951
 27.000000 0.447994
 28.000000 0.436961
 29.000000 0.436376
 30.000000 0.441943
 31.000000 0.431401
 32.000000 0.430704
 33.000000 0.437935
 34.000000 0.445497
 35.000000 0.439288
 36.000000 0.442423
 37.000000 0.434966
 38.000000 0.420175
 39.000000 0.431566
 40.000000 0.430717
 41.000000 0.436671
 42.000000 0.442972
 43.000000 0.438594
 44.000000 0.424162
 45.000000 0.425237
 46.000000 0.435706
 47.000000 0.435419
 48.000000 0.422756
 49.000000 0.428425
 50.000000 0.438077
 51.000000 0.431376
 52.000000 0.432263
 53.000000 0.433594
 54.000000 0.430421
 55.000000 0.428145
 56.000000 0.431788
 57.000000 0.435405
 58.000000 0.422473
 59.000000 0.434511
 60.000000 0.433090
 61.000000 0.422575
 62.000000 0.430582
 63.000000 0.434701
 64.000000 0.435383
 65.000000 0.445270
 66.000000 0.446468
 67.000000 0.441504
 68.000000 0.454343
 69.000000 0.436667
 70.000000 0.440838
 71.000000 0.438157
 72.000000 0.434111
 73.000000 0.442549
 74.000000 0.436159
 75.000000 0.440446
 76.000000 0.441236
 77.000000 0.435468
 78.000000 0.440056
 79.000000 0.441060
 80.000000 0.442330
 81.000000 0.438358
 82.000000 0.429632
 83.000000 0.428136
 84.000000 0.439443
 85.000000 0.441113
 86.000000 0.434475
 87.000000 0.422203
 88.000000 0.441558
 89.000000 0.432398
 90.000000 0.432478
 91.000000 0.430717
 92.000000 0.432519
 93.000000 0.436439
 94.000000 0.428956
 95.000000 0.420522
 96.000000 0.430134
 97.000000 0.443455
 98.000000 0.440958
 99.000000 0.432297
 100.000000 0.432256
 101.000000 0.433048
 102.000000 0.438358
 103.000000 0.436217
 104.000000 0.430721
 105.000000 0.434551
 106.000000 0.436517
 107.000000 0.447399
 108.000000 0.447417
 109.000000 0.437534
 110.000000 0.426192
 111.000000 0.421672
 112.000000 0.423707
 113.000000 0.428634
 114.000000 0.437181
 115.000000 0.428330
 116.000000 0.423304
 117.000000 0.433659
 118.000000 0.431006
 119.000000 0.448363
 120.000000 0.447550
 121.000000 0.435610
 122.000000 0.450574
 123.000000 0.454088
 124.000000 0.442216
 125.000000 0.435591
 126.000000 0.426338
 127.000000 0.438004
 128.000000 0.439353
 129.000000 0.430671
 130.000000 0.432001
 131.000000 0.431807
 132.000000 0.442754
 133.000000 0.434784
 134.000000 0.435884
 135.000000 0.428640
 136.000000 0.423397
 137.000000 0.434836
 138.000000 0.432508
 139.000000 0.431334
 140.000000 0.427212
 141.000000 0.428307
 142.000000 0.427009
 143.000000 0.432675
 144.000000 0.434375
 145.000000 0.424507
 146.000000 0.427793
 147.000000 0.428764
 148.000000 0.426129
 149.000000 0.430250
 150.000000 0.437854
 151.000000 0.435808
 152.000000 0.436578
 153.000000 0.432338
 154.000000 0.449630
 155.000000 0.458210
 156.000000 0.453660
 157.000000 0.444949
 158.000000 0.455324
 159.000000 0.450052
 160.000000 0.447009
 161.000000 0.429051
 162.000000 0.427615
 163.000000 0.430610
 164.000000 0.436348
 165.000000 0.437187
 166.000000 0.425747
 167.000000 0.437069
 168.000000 0.444176
 169.000000 0.432937
 170.000000 0.437091
 171.000000 0.439087
 172.000000 0.431181
 173.000000 0.440074
 174.000000 0.440904
 175.000000 0.427286
 176.000000 0.433669
 177.000000 0.433503
 178.000000 0.424342
 179.000000 0.437161
 180.000000 0.437716
 181.000000 0.445899
 182.000000 0.434342
 183.000000 0.439734
 184.000000 0.446892
 185.000000 0.430951
 186.000000 0.434804
 187.000000 0.436235
 188.000000 0.436170
 189.000000 0.452815
 190.000000 0.444268
 191.000000 0.451612
 192.000000 0.460372
 193.000000 0.453451
 194.000000 0.430807
 195.000000 0.438607
 196.000000 0.432077
 197.000000 0.440772
 198.000000 0.441326
 199.000000 0.443400
 200.000000 0.448060
 201.000000 0.441175
 202.000000 0.438039
 203.000000 0.436571
 204.000000 0.440485
 205.000000 0.449468
 206.000000 0.446612
 207.000000 0.437308
 208.000000 0.433880
 209.000000 0.424880
 210.000000 0.441159
 211.000000 0.437016
 212.000000 0.429544
 213.000000 0.433917
 214.000000 0.431752
 215.000000 0.443349
 216.000000 0.443652
 217.000000 0.432542
 218.000000 0.444117
 219.000000 0.439236
 220.000000 0.443813
 221.000000 0.449314
 222.000000 0.435369
 223.000000 0.432406
 224.000000 0.442646
 225.000000 0.445570
 226.000000 0.433635
 227.000000 0.436466
 228.000000 0.443500
 229.000000 0.421177
 230.000000 0.437961
 231.000000 0.429887
 232.000000 0.436214
 233.000000 0.437190
 234.000000 0.438848
 235.000000 0.441609
 236.000000 0.435795
 237.000000 0.431437
 238.000000 0.441082
 239.000000 0.432813
 240.000000 0.427571
 241.000000 0.432575
 242.000000 0.437125
 243.000000 0.438216
 244.000000 0.433914
 245.000000 0.439128
 246.000000 0.435160
 247.000000 0.433193
 248.000000 0.433245
 249.000000 0.437658
 250.000000 0.447407
 251.000000 0.444280
 252.000000 0.457284
 253.000000 0.445190
 254.000000 0.450006
 255.000000 0.439707
 256.000000 0.439893
 257.000000 0.438851
 258.000000 0.439110
 259.000000 0.426203
 260.000000 0.438212
 261.000000 0.434570
 262.000000 0.432344
 263.000000 0.433122
 264.000000 0.428746
 265.000000 0.429761
 266.000000 0.439416
 267.000000 0.448207
 268.000000 0.447698
 269.000000 0.436972
 270.000000 0.434035
 271.000000 0.438187
 272.000000 0.437290
 273.000000 0.430747
 274.000000 0.428853
 275.000000 0.433499
 276.000000 0.430956
 277.000000 0.431045
 278.000000 0.432728
 279.000000 0.437188
 280.000000 0.433976
 281.000000 0.439040
 282.000000 0.451845
 283.000000 0.437766
 284.000000 0.443116
 285.000000 0.445645
 286.000000 0.435536
 287.000000 0.452476
 288.000000 0.440759
 289.000000 0.440204
 290.000000 0.447207
 291.000000 0.440732
 292.000000 0.442137
 293.000000 0.448514
 294.000000 0.444775
 295.000000 0.438008
 296.000000 0.433421
 297.000000 0.439557
 298.000000 0.442201
 299.000000 0.434246
 300.000000 0.432789
 301.000000 0.436951
 302.000000 0.450778
 303.000000 0.444034
 304.000000 0.437153
 305.000000 0.435761
 306.000000 0.430517
 307.000000 0.438900
 308.000000 0.447876
 309.000000 0.431668
 310.000000 0.432890
 311.000000 0.427340
 312.000000 0.433315
 313.000000 0.431379
 314.000000 0.431218
 315.000000 0.437607
 316.000000 0.432878
 317.000000 0.430737
 318.000000 0.429550
 319.000000 0.435328
 320.000000 0.433581
 321.000000 0.435832
 322.000000 0.430601
 323.000000 0.424551
 324.000000 0.434958
 325.000000 0.433435
 326.000000 0.431761
 327.000000 0.441812
 328.000000 0.438197
 329.000000 0.439439
 330.000000 0.444714
 331.000000 0.435827
 332.000000 0.439213
 333.000000 0.438598
 334.000000 0.444183
 335.000000 0.440058
 336.000000 0.439073
 337.000000 0.442696
 338.000000 0.442698
 339.000000 0.430579
 340.000000 0.437481
 341.000000 0.434831
 342.000000 0.433734
 343.000000 0.434157
 344.000000 0.439803
 345.000000 0.435301
 346.000000 0.443171
 347.000000 0.443452
 348.000000 0.434307
 349.000000 0.447669
 350.000000 0.442168
 351.000000 0.452450
 352.000000 0.439228
 353.000000 0.438978
 354.000000 0.429371
 355.000000 0.429036
 356.000000 0.433445
 357.000000 0.436219
 358.000000 0.436329
 359.000000 0.435309
 360.000000 0.445812
 361.000000 0.452754
 362.000000 0.436006
 363.000000 0.442456
 364.000000 0.436016
 365.000000 0.432389
 366.000000 0.430170
 367.000000 0.441314
 368.000000 0.434945
 369.000000 0.436284
 370.000000 0.439474
 371.000000 0.432619
 372.000000 0.435323
 373.000000 0.439238
 374.000000 0.436428
 375.000000 0.436447
 376.000000 0.436764
 377.000000 0.435246
 378.000000 0.437473
 379.000000 0.438883
 380.000000 0.422625
 381.000000 0.433321
 382.000000 0.434419
 383.000000 0.442330
 384.000000 0.447711
 385.000000 0.435351
 386.000000 0.449593
 387.000000 0.446637
 388.000000 0.441580
 389.000000 0.450844
 390.000000 0.436565
 391.000000 0.432207
 392.000000 0.439914
 393.000000 0.429881
 394.000000 0.441439
 395.000000 0.436072
 396.000000 0.444487
 397.000000 0.452173
 398.000000 0.437964
 399.000000 0.443535
