#! FIELDS time s.mean
 0.000000 0.208572
 1.000000 0.193757
 2.000000 0.192334
 3.000000 0.209392
 4.000000 0.205712
 5.000000 0.201405
 6.000000 0.205601
 7.000000 0.203239
 8.000000 0.219105
 9.000000 0.205577
 10.000000 0.201070
 11.000000 0.199866
 12.000000 0.206908
 13.000000 0.204460
 14.000000 0.208877
 15.000000 0.201602
 16.000000 0.201035
 17.000000 0.197238
 18.000000 0.192719
 19.000000 0.206396
 20.000000 0.200895
 21.000000 0.204731
 22.000000 0.208028
 23.000000 0.201042
 24.000000 0.201564
 25.000000 0.209737
 26.000000 0.212849
 27.000000 0.216625
 28.000000 0.204989
 29.000000 0.203945
 30.000000 0.213082
 31.000000 0.205226
 32.000000 0.205277
 33.000000 0.206984
 34.000000 0.213370
 35.000000 0.211652
 36.000000 0.212112
 37.000000 0.205917
 38.000000 0.191799
 39.000000 0.200816
 40.000000 0.203428
 41.000000 0.204868
 42.000000 0.210075
 43.000000 0.208183
 44.000000 0.193302
 45.000000 0.194437
 46.000000 0.203799
 47.000000 0.203139
 48.000000 0.190720
 49.000000 0.195036
 50.000000 0.204718
 51.000000 0.197503
 52.000000 0.204033
 53.000000 0.202216
 54.000000 0.197991
 55.000000 0.199627
 56.000000 0.200488
 57.000000 0.202575
 58.000000 0.196635
 59.000000 0.198438
 60.000000 0.199848
 61.000000 0.194224
 62.000000 0.199290
 63.000000 0.200169
 64.000000 0.203031
 65.000000 0.209561
 66.000000 0.211668
 67.000000 0.213196
 68.000000 0.223452
 69.000000 0.201743
 70.000000 0.209436
 71.000000 0.206606
 72.000000 0.201547
 73.000000 0.208863
 74.000000 0.205294
 75.000000 0.208883
 76.000000 0.207100
 77.000000 0.207205
 78.000000 0.206508
 79.000000 0.208957
 80.000000 0.212142
 81.000000 0.205327
 82.000000 0.200031
 83.000000 0.198777
 84.000000 0.208486
 85.000000 0.209048
 86.000000 0.202329
 87.000000 0.189347
 88.000000 0.210639
 89.000000 0.199568
 90.000000 0.196571
 91.000000 0.199643
 92.000000 0.201390
 93.000000 0.206393
 94.000000 0.197824
 95.000000 0.190198
 96.000000 0.201144
 97.000000 0.209156
 98.000000 0.208639
 99.000000 0.200520
 100.000000 0.200295
 101.000000 0.200246
 102.000000 0.206393
 103.000000 0.201777
 104.000000 0.199011
 105.000000 0.202368
 106.000000 0.205682
 107.000000 0.215494
 108.000000 0.216227
 109.000000 0.205075
 110.000000 0.192296
 111.000000 0.187270
 112.000000 0.193272
 113.000000 0.194909
 114.000000 0.202494
 115.000000 0.197056
 116.000000 0.190128
 117.000000 0.197686
 118.000000 0.203136
 119.000000 0.217119
 120.000000 0.215549
 121.000000 0.206032
 122.000000 0.221435
 123.000000 0.222682
 124.000000 0.209931
 125.000000 0.201298
 126.000000 0.195754
 127.000000 0.208216
 128.000000 0.206484
 129.000000 0.201140
 130.000000 0.205098
 131.000000 0.203722
 132.000000 0.214771
 133.000000 0.204705
 134.000000 0.202918
 135.000000 0.197535
 136.000000 0.194728
 137.000000 0.203639
 138.000000 0.206313
 139.000000 0.205998
 140.000000 0.197646
 141.000000 0.194565
 142.000000 0.196546
 143.000000 0.199304
 144.000000 0.200638
 145.000000 0.193120
 146.000000 0.195010
 147.000000 0.197917
 148.000000 0.195493
 149.000000 0.198351
 150.000000 0.207203
 151.000000 0.205785
 152.000000 0.208381
 153.000000 0.201515
 154.000000 0.217209
 155.000000 0.228340
 156.000000 0.227576
 157.000000 0.212260
 158.000000 0.225921
 159.000000 0.220116
 160.000000 0.217140
 161.000000 0.198302
 162.000000 0.195536
 163.000000 0.201729
 164.000000 0.206638
 165.000000 0.204872
 166.000000 0.196869
 167.000000 0.204116
 168.000000 0.212861
 169.000000 0.203824
 170.000000 0.208064
 171.000000 0.207659
 172.000000 0.202303
 173.000000 0.207908
 174.000000 0.208013
 175.000000 0.193910
 176.000000 0.203277
 177.000000 0.201135
 178.000000 0.193261
 179.000000 0.206573
 180.000000 0.205081
 181.000000 0.214627
 182.000000 0.201721
 183.000000 0.207110
 184.000000 0.217013
 185.000000 0.203758
 186.000000 0.202808
 187.000000 0.203950
 188.000000 0.203720
 189.000000 0.218972
 190.000000 0.210078
 191.000000 0.218969
 192.000000 0.229250
 193.000000 0.224620
 194.000000 0.203248
 195.000000 0.206255
 196.000000 0.197449
 197.000000 0.209287
 198.000000 0.207915
 199.000000 0.217342
 200.000000 0.217688
 201.000000 0.209570
 202.000000 0.205722
 203.000000 0.205932
 204.000000 0.208756
 205.000000 0.215751
 206.000000 0.214843
 207.000000 0.205891
 208.000000 0.202293
 209.000000 0.198808
 210.000000 0.208188
 211.000000 0.203779
 212.000000 0.203247
 213.000000 0.201972
 214.000000 0.197996
 215.000000 0.211307
 216.000000 0.213058
 217.000000 0.202250
 218.000000 0.211326
 219.000000 0.206297
 220.000000 0.213535
 221.000000 0.218459
 222.000000 0.201774
 223.000000 0.202120
 224.000000 0.211603
 225.000000 0.217168
 226.000000 0.207563
 227.000000 0.201890
 228.000000 0.210249
 229.000000 0.191918
 230.000000 0.206812
 231.000000 0.199539
 232.000000 0.205731
 233.000000 0.207416
 234.000000 0.208895
 235.000000 0.209171
 236.000000 0.206949
 237.000000 0.202795
 238.000000 0.207991
 239.000000 0.199235
 240.000000 0.200589
 241.000000 0.200764
 242.000000 0.206584
 243.000000 0.209066
 244.000000 0.203749
 245.000000 0.206781
 246.000000 0.204280
 247.000000 0.200177
 248.000000 0.205740
 249.000000 0.207800
 250.000000 0.219136
 251.000000 0.209711
 252.000000 0.224740
 253.000000 0.214867
 254.000000 0.219300
 255.000000 0.207684
 256.000000 0.209355
 257.000000 0.207452
 258.000000 0.206566
 259.000000 0.191887
 260.000000 0.207529
 261.000000 0.200838
 262.000000 0.200062
 263.000000 0.202229
 264.000000 0.197174
 265.000000 0.194732
 266.000000 0.210131
 267.000000 0.218953
 268.000000 0.216696
 269.000000 0.204646
 270.000000 0.202913
 271.000000 0.205003
 272.000000 0.202720
 273.000000 0.200066
 274.000000 0.196856
 275.000000 0.196813
 276.000000 0.198018
 277.000000 0.200944
 278.000000 0.199450
 279.000000 0.209023
 280.000000 0.203322
 281.000000 0.206547
 282.000000 0.224173
 283.000000 0.211398
 284.000000 0.209990
 285.000000 0.219039
 286.000000 0.209814
 287.000000 0.221386
 288.000000 0.212674
 289.000000 0.208053
 290.000000 0.214870
 291.000000 0.210034
 292.000000 0.212541
 293.000000 0.220975
 294.000000 0.209772
 295.000000 0.209754
 296.000000 0.201252
 297.000000 0.205593
 298.000000 0.213435
 299.000000 0.199437
 300.000000 0.199836
 301.000000 0.207989
 302.000000 0.215722
 303.000000 0.216310
 304.000000 0.205337
 305.000000 0.203919
 306.000000 0.203302
 307.000000 0.205593
 308.000000 0.215727
 309.000000 0.200668
 310.000000 0.199977
 311.000000 0.195143
 312.000000 0.202070
 313.000000 0.199231
 314.000000 0.200730
 315.000000 0.208416
 316.000000 0.204844
 317.000000 0.200691
 318.000000 0.200048
 319.000000 0.203589
 320.000000 0.204915
 321.000000 0.204173
 322.000000 0.199164
 323.000000 0.193522
 324.000000 0.201451
 325.000000 0.199621
 326.000000 0.197626
 327.000000 0.207166
 328.000000 0.205979
 329.000000 0.208991
 330.000000 0.213455
 331.000000 0.208345
 332.000000 0.206966
 333.000000 0.203134
 334.000000 0.211131
 335.000000 0.205350
 336.000000 0.206797
 337.000000 0.211604
 338.000000 0.209115
 339.000000 0.200565
 340.000000 0.205739
 341.000000 0.203458
 342.000000 0.204369
 343.000000 0.202061
 344.000000 0.206527
 345.000000 0.206575
 346.000000 0.211586
 347.000000 0.215117
 348.000000 0.202569
 349.000000 0.213099
 350.000000 0.208603
 351.000000 0.224307
 352.000000 0.210030
 353.000000 0.211704
 354.000000 0.197836
 355.000000 0.198396
 356.000000 0.204126
 357.000000 0.203113
 358.000000 0.203593
 359.000000 0.203415
 360.000000 0.214109
 361.000000 0.220925
 362.000000 0.203596
 363.000000 0.211641
 364.000000 0.205018
 365.000000 0.200586
 366.000000 0.198409
 367.000000 0.210131
 368.000000 0.203904
 369.000000 0.203712
 370.000000 0.203164
 371.000000 0.203991
 372.000000 0.206215
 373.000000 0.207515
 374.000000 0.208976
 375.000000 0.206539
 376.000000 0.202030
 377.000000 0.204310
 378.000000 0.206825
 379.000000 0.206630
 380.000000 0.193850
 381.000000 0.202964
 382.000000 0.201860
 383.000000 0.211918
 384.000000 0.218474
 385.000000 0.204720
 386.000000 0.218605
 387.000000 0.214483
 388.000000 0.209712
 389.000000 0.217248
 390.000000 0.204183
 391.000000 0.199836
 392.000000 0.207623
 393.000000 0.199434
 394.000000 0.209053
 395.000000 0.201980
 396.000000 0.211514
 397.000000 0.217205
 398.000000 0.208883
 399.000000 0.213032
