#! FIELDS time s.mean
 0.000000 0.350219
 1.000000 0.337160
 2.000000 0.335474
 3.000000 0.350746
 4.000000 0.346798
 5.000000 0.344668
 6.000000 0.345374
 7.000000 0.343471
 8.000000 0.361377
 9.000000 0.346332
 10.000000 0.342289
 11.000000 0.343542
 12.000000 0.346467
 13.000000 0.346012
 14.000000 0.352029
 15.000000 0.341918
 16.000000 0.343536
 17.000000 0.337536
 18.000000 0.331526
 19.000000 0.347548
 20.000000 0.342291
 21.000000 0.343854
 22.000000 0.350152
 23.000000 0.342989
 24.000000 0.343770
 25.000000 0.350983
 26.000000 0.357026
 27.000000 0.358832
 28.000000 0.347455
 29.000000 0.346450
 30.000000 0.353798
 31.000000 0.344132
 32.000000 0.343679
 33.000000 0.348692
 34.000000 0.356352
 35.000000 0.351631
 36.000000 0.353283
 37.000000 0.345884
 38.000000 0.331273
 39.000000 0.341761
 40.000000 0.342868
 41.000000 0.347162
 42.000000 0.353140
 43.000000 0.349638
 44.000000 0.333881
 45.000000 0.335656
 46.000000 0.345850
 47.000000 0.345026
 48.000000 0.331870
 49.000000 0.337843
 50.000000 0.347476
 51.000000 0.340520
 52.000000 0.343771
 53.000000 0.343482
 54.000000 0.339753
 55.000000 0.339729
 56.000000 0.341853
 57.000000 0.345356
 58.000000 0.334641
 59.000000 0.342536
 60.000000 0.342642
 61.000000 0.333745
 62.000000 0.340592
 63.000000 0.343962
 64.000000 0.345574
 65.000000 0.353831
 66.000000 0.355860
 67.000000 0.353695
 68.000000 0.365788
 69.000000 0.345593
 70.000000 0.351653
 71.000000 0.348493
 72.000000 0.343533
 73.000000 0.352410
 74.000000 0.346955
 75.000000 0.351039
 76.000000 0.350565
 77.000000 0.347392
 78.000000 0.349849
 79.000000 0.351215
 80.000000 0.353664
 81.000000 0.348023
 82.000000 0.340355
 83.000000 0.339016
 84.000000 0.349685
 85.000000 0.351376
 86.000000 0.344450
 87.000000 0.331193
 88.000000 0.352449
 89.000000 0.342067
 90.000000 0.341046
 91.000000 0.341423
 92.000000 0.343349
 93.000000 0.347543
 94.000000 0.339250
 95.000000 0.330664
 96.000000 0.341504
 97.000000 0.352876
 98.000000 0.351030
 99.000000 0.342651
 100.000000 0.341999
 101.000000 0.342772
 102.000000 0.348662
 103.000000 0.345331
 104.000000 0.340840
 105.000000 0.344509
 106.000000 0.346883
 107.000000 0.357948
 108.000000 0.358295
 109.000000 0.347663
 110.000000 0.335521
 111.000000 0.330399
 112.000000 0.333798
 113.000000 0.338073
 114.000000 0.345940
 115.000000 0.338630
 116.000000 0.332176
 117.000000 0.342148
 118.000000 0.342357
 119.000000 0.359054
 120.000000 0.358423
 121.000000 0.346870
 122.000000 0.362344
 123.000000 0.365122
 124.000000 0.352792
 125.000000 0.345218
 126.000000 0.336769
 127.000000 0.348875
 128.000000 0.348954
 129.000000 0.341528
 130.000000 0.343745
 131.000000 0.343351
 132.000000 0.354912
 133.000000 0.345613
 134.000000 0.345538
 135.000000 0.339043
 136.000000 0.334654
 137.000000 0.345263
 138.000000 0.345234
 139.000000 0.344470
 140.000000 0.338019
 141.000000 0.337444
 142.000000 0.337357
 143.000000 0.342257
 144.000000 0.343333
 145.000000 0.334265
 146.000000 0.336992
 147.000000 0.338829
 148.000000 0.336366
 149.000000 0.340592
 150.000000 0.348380
 151.000000 0.347081
 152.000000 0.348581
 153.000000 0.343109
 154.000000 0.360018
 155.000000 0.370294
 156.000000 0.366869
 157.000000 0.354745
 158.000000 0.367631
 159.000000 0.361717
 160.000000 0.358648
 161.000000 0.339559
 162.000000 0.337594
 163.000000 0.341464
 164.000000 0.346958
 165.000000 0.347357
 166.000000 0.337329
 167.000000 0.346862
 168.000000 0.354873
 169.000000 0.343947
 170.000000 0.348650
 171.000000 0.349702
 172.000000 0.342809
 173.000000 0.350629
 174.000000 0.350710
 175.000000 0.336709
 176.000000 0.344718
 177.000000 0.343961
 178.000000 0.334333
 179.000000 0.348231
 180.000000 0.347941
 181.000000 0.356624
 182.000000 0.344160
 183.000000 0.349726
 184.000000 0.358483
 185.000000 0.343026
 186.000000 0.344690
 187.000000 0.346573
 188.000000 0.346204
 189.000000 0.362497
 190.000000 0.353543
 191.000000 0.362142
 192.000000 0.371761
 193.000000 0.365544
 194.000000 0.342686
 195.000000 0.348863
 196.000000 0.341046
 197.000000 0.351397
 198.000000 0.351107
 199.000000 0.356538
 200.000000 0.359112
 201.000000 0.351348
 202.000000 0.348098
 203.000000 0.346986
 204.000000 0.350824
 205.000000 0.359656
 206.000000 0.357544
 207.000000 0.347519
 208.000000 0.344099
 209.000000 0.337203
 210.000000 0.350806
 211.000000 0.346352
 212.000000 0.342185
 213.000000 0.343999
 214.000000 0.340562
 215.000000 0.353640
 216.000000 0.354412
 217.000000 0.343399
 218.000000 0.354488
 219.000000 0.349364
 220.000000 0.354974
 221.000000 0.360518
 222.000000 0.345114
 223.000000 0.343192
 224.000000 0.353294
 225.000000 0.357283
 226.000000 0.346339
 227.000000 0.345378
 228.000000 0.353179
 229.000000 0.331866
 230.000000 0.348609
 231.000000 0.339694
 232.000000 0.347108
 233.000000 0.348170
 234.000000 0.350021
 235.000000 0.352008
 236.000000 0.346876
 237.000000 0.342939
 238.000000 0.350471
 239.000000 0.342259
 240.000000 0.339692
 241.000000 0.342685
 242.000000 0.347589
 243.000000 0.350022
 244.000000 0.344647
 245.000000 0.348953
 246.000000 0.346226
 247.000000 0.343033
 248.000000 0.344432
 249.000000 0.348746
 250.000000 0.359590
 251.000000 0.353881
 252.000000 0.368244
 253.000000 0.356399
 254.000000 0.361400
 255.000000 0.350039
 256.000000 0.351180
 257.000000 0.349463
 258.000000 0.349162
 259.000000 0.334973
 260.000000 0.348964
 261.000000 0.344114
 262.000000 0.342241
 263.000000 0.343676
 264.000000 0.338415
 265.000000 0.338301
 266.000000 0.350459
 267.000000 0.360040
 268.000000 0.358354
 269.000000 0.346924
 270.000000 0.344634
 271.000000 0.347904
 272.000000 0.345862
 273.000000 0.341245
 274.000000 0.338523
 275.000000 0.341854
 276.000000 0.340345
 277.000000 0.341834
 278.000000 0.341782
 279.000000 0.348939
 280.000000 0.344621
 281.000000 0.349047
 282.000000 0.364497
 283.000000 0.350626
 284.000000 0.353084
 285.000000 0.358231
 286.000000 0.348433
 287.000000 0.363785
 288.000000 0.352800
 289.000000 0.350877
 290.000000 0.357716
 291.000000 0.351753
 292.000000 0.353542
 293.000000 0.360980
 294.000000 0.353933
 295.000000 0.349803
 296.000000 0.343317
 297.000000 0.348822
 298.000000 0.353980
 299.000000 0.343145
 300.000000 0.342164
 301.000000 0.348068
 302.000000 0.360316
 303.000000 0.356543
 304.000000 0.347234
 305.000000 0.345977
 306.000000 0.342340
 307.000000 0.348481
 308.000000 0.358324
 309.000000 0.342014
 310.000000 0.342758
 311.000000 0.337363
 312.000000 0.343545
 313.000000 0.340877
 314.000000 0.341845
 315.000000 0.349144
 316.000000 0.344458
 317.000000 0.341382
 318.000000 0.340417
 319.000000 0.345514
 320.000000 0.345133
 321.000000 0.345972
 322.000000 0.340909
 323.000000 0.334987
 324.000000 0.344364
 325.000000 0.342730
 326.000000 0.341215
 327.000000 0.350903
 328.000000 0.348240
 329.000000 0.350375
 330.000000 0.355151
 331.000000 0.348212
 332.000000 0.349304
 333.000000 0.347345
 334.000000 0.354134
 335.000000 0.349206
 336.000000 0.349669
 337.000000 0.353318
 338.000000 0.352748
 339.000000 0.341565
 340.000000 0.347438
 341.000000 0.345182
 342.000000 0.345369
 343.000000 0.344383
 344.000000 0.349176
 345.000000 0.346637
 346.000000 0.353858
 347.000000 0.355290
 348.000000 0.344867
 349.000000 0.357442
 350.000000 0.351957
 351.000000 0.364849
 352.000000 0.350560
 353.000000 0.351515
 354.000000 0.339504
 355.000000 0.339505
 356.000000 0.344214
 357.000000 0.346129
 358.000000 0.346446
 359.000000 0.345842
 360.000000 0.356495
 361.000000 0.363595
 362.000000 0.346185
 363.000000 0.353536
 364.000000 0.346738
 365.000000 0.342658
 366.000000 0.340448
 367.000000 0.352011
 368.000000 0.345822
 369.000000 0.346683
 370.000000 0.348023
 371.000000 0.343900
 372.000000 0.346617
 373.000000 0.349654
 374.000000 0.348221
 375.000000 0.347636
 376.000000 0.345780
 377.000000 0.346046
 378.000000 0.348122
 379.000000 0.348821
 380.000000 0.333741
 381.000000 0.343460
 382.000000 0.344309
 383.000000 0.353045
 384.000000 0.359437
 385.000000 0.345654
 386.000000 0.360584
 387.000000 0.357205
 388.000000 0.352296
 389.000000 0.361163
 390.000000 0.346423
 391.000000 0.342090
 392.000000 0.349871
 393.000000 0.340488
 394.000000 0.351252
 395.000000 0.345473
 396.000000 0.354745
 397.000000 0.361700
 398.000000 0.349274
 399.000000 0.354330
