#! FIELDS time s.mean
 0.000000 0.273259
 1.000000 0.259495
 2.000000 0.257686
 3.000000 0.274276
 4.000000 0.270622
 5.000000 0.267152
 6.000000 0.269870
 7.000000 0.267541
 8.000000 0.284684
 9.000000 0.270380
 10.000000 0.265857
 11.000000 0.265587
 12.000000 0.271046
 13.000000 0.269488
 14.000000 0.274727
 15.000000 0.265977
 16.000000 0.266134
 17.000000 0.261149
 18.000000 0.256259
 19.000000 0.270673
 20.000000 0.265819
 21.000000 0.268606
 22.000000 0.273477
 23.000000 0.265833
 24.000000 0.266732
 25.000000 0.274852
 26.000000 0.279305
 27.000000 0.282232
 28.000000 0.270507
 29.000000 0.269264
 30.000000 0.278185
 31.000000 0.269234
 32.000000 0.268612
 33.000000 0.271664
 34.000000 0.278880
 35.000000 0.276189
 36.000000 0.276872
 37.000000 0.270107
 38.000000 0.255645
 39.000000 0.265286
 40.000000 0.267272
 41.000000 0.270005
 42.000000 0.275947
 43.000000 0.273284
 44.000000 0.257552
 45.000000 0.258764
 46.000000 0.269219
 47.000000 0.268297
 48.000000 0.254902
 49.000000 0.260257
 50.000000 0.269902
 51.000000 0.263099
 52.000000 0.267904
 53.000000 0.266888
 54.000000 0.262847
 55.000000 0.263851
 56.000000 0.265322
 57.000000 0.268343
 58.000000 0.259871
 59.000000 0.264094
 60.000000 0.265389
 61.000000 0.257899
 62.000000 0.263788
 63.000000 0.265942
 64.000000 0.268704
 65.000000 0.275683
 66.000000 0.278052
 67.000000 0.277984
 68.000000 0.289148
 69.000000 0.267396
 70.000000 0.274648
 71.000000 0.271800
 72.000000 0.266571
 73.000000 0.274882
 74.000000 0.270315
 75.000000 0.274228
 76.000000 0.272957
 77.000000 0.271681
 78.000000 0.272416
 79.000000 0.274277
 80.000000 0.277461
 81.000000 0.270766
 82.000000 0.264359
 83.000000 0.263092
 84.000000 0.273217
 85.000000 0.274670
 86.000000 0.267371
 87.000000 0.254202
 88.000000 0.275858
 89.000000 0.264838
 90.000000 0.262709
 91.000000 0.264366
 92.000000 0.266508
 93.000000 0.271041
 94.000000 0.262524
 95.000000 0.254077
 96.000000 0.265362
 97.000000 0.275078
 98.000000 0.274190
 99.000000 0.265578
 100.000000 0.265261
 101.000000 0.265468
 102.000000 0.271749
 103.000000 0.267748
 104.000000 0.264022
 105.000000 0.267738
 106.000000 0.270481
 107.000000 0.281399
 108.000000 0.281746
 109.000000 0.270418
 110.000000 0.257721
 111.000000 0.252478
 112.000000 0.257426
 113.000000 0.260422
 114.000000 0.268229
 115.000000 0.261937
 116.000000 0.254985
 117.000000 0.263886
 118.000000 0.267156
 119.000000 0.282411
 120.000000 0.281564
 121.000000 0.270637
 122.000000 0.286635
 123.000000 0.288313
 124.000000 0.275923
 125.000000 0.267301
 126.000000 0.260325
 127.000000 0.272604
 128.000000 0.271736
 129.000000 0.265529
 130.000000 0.268485
 131.000000 0.267762
 132.000000 0.279180
 133.000000 0.269249
 134.000000 0.268143
 135.000000 0.262372
 136.000000 0.258978
 137.000000 0.268489
 138.000000 0.270120
 139.000000 0.269544
 140.000000 0.261957
 141.000000 0.259606
 142.000000 0.261199
 143.000000 0.264574
 144.000000 0.265814
 145.000000 0.257546
 146.000000 0.259736
 147.000000 0.262429
 148.000000 0.259917
 149.000000 0.263158
 150.000000 0.272131
 151.000000 0.270769
 152.000000 0.272710
 153.000000 0.266433
 154.000000 0.282750
 155.000000 0.294193
 156.000000 0.291857
 157.000000 0.277877
 158.000000 0.291411
 159.000000 0.285199
 160.000000 0.282455
 161.000000 0.262981
 162.000000 0.260302
 163.000000 0.265819
 164.000000 0.270903
 165.000000 0.270144
 166.000000 0.261403
 167.000000 0.269502
 168.000000 0.278343
 169.000000 0.267870
 170.000000 0.272751
 171.000000 0.273184
 172.000000 0.266792
 173.000000 0.273828
 174.000000 0.273567
 175.000000 0.259302
 176.000000 0.268263
 177.000000 0.266887
 178.000000 0.257645
 179.000000 0.271950
 180.000000 0.270678
 181.000000 0.280128
 182.000000 0.267098
 183.000000 0.272605
 184.000000 0.282262
 185.000000 0.267667
 186.000000 0.267834
 187.000000 0.269344
 188.000000 0.269110
 189.000000 0.284801
 190.000000 0.276116
 191.000000 0.285210
 192.000000 0.295292
 193.000000 0.289801
 194.000000 0.267559
 195.000000 0.271404
 196.000000 0.263150
 197.000000 0.274759
 198.000000 0.273502
 199.000000 0.281438
 200.000000 0.282815
 201.000000 0.274512
 202.000000 0.271109
 203.000000 0.270538
 204.000000 0.273942
 205.000000 0.282074
 206.000000 0.280697
 207.000000 0.270834
 208.000000 0.267244
 209.000000 0.262151
 210.000000 0.273731
 211.000000 0.269154
 212.000000 0.267013
 213.000000 0.267012
 214.000000 0.263331
 215.000000 0.276573
 216.000000 0.278154
 217.000000 0.267100
 218.000000 0.277172
 219.000000 0.272033
 220.000000 0.278525
 221.000000 0.284042
 222.000000 0.267392
 223.000000 0.266794
 224.000000 0.276491
 225.000000 0.281579
 226.000000 0.271506
 227.000000 0.267679
 228.000000 0.276099
 229.000000 0.256108
 230.000000 0.272124
 231.000000 0.263702
 232.000000 0.270976
 233.000000 0.272110
 234.000000 0.273696
 235.000000 0.274950
 236.000000 0.271124
 237.000000 0.267236
 238.000000 0.273322
 239.000000 0.264645
 240.000000 0.264427
 241.000000 0.265858
 242.000000 0.271374
 243.000000 0.274061
 244.000000 0.268247
 245.000000 0.271904
 246.000000 0.269585
 247.000000 0.265801
 248.000000 0.269118
 249.000000 0.272553
 250.000000 0.284152
 251.000000 0.276006
 252.000000 0.291178
 253.000000 0.280011
 254.000000 0.285060
 255.000000 0.273105
 256.000000 0.274721
 257.000000 0.272604
 258.000000 0.271975
 259.000000 0.257335
 260.000000 0.272298
 261.000000 0.266471
 262.000000 0.265032
 263.000000 0.267197
 264.000000 0.261576
 265.000000 0.260112
 266.000000 0.274656
 267.000000 0.284066
 268.000000 0.281738
 269.000000 0.269674
 270.000000 0.267969
 271.000000 0.270297
 272.000000 0.268337
 273.000000 0.264794
 274.000000 0.261564
 275.000000 0.263216
 276.000000 0.263167
 277.000000 0.265292
 278.000000 0.264862
 279.000000 0.273229
 280.000000 0.268216
 281.000000 0.272065
 282.000000 0.288872
 283.000000 0.275542
 284.000000 0.275974
 285.000000 0.283218
 286.000000 0.273422
 287.000000 0.287035
 288.000000 0.277335
 289.000000 0.273800
 290.000000 0.280853
 291.000000 0.275156
 292.000000 0.277597
 293.000000 0.285526
 294.000000 0.276033
 295.000000 0.274267
 296.000000 0.266294
 297.000000 0.271450
 298.000000 0.278143
 299.000000 0.265166
 300.000000 0.264692
 301.000000 0.272123
 302.000000 0.282256
 303.000000 0.280944
 304.000000 0.270337
 305.000000 0.269031
 306.000000 0.267091
 307.000000 0.271207
 308.000000 0.281313
 309.000000 0.265353
 310.000000 0.265235
 311.000000 0.260531
 312.000000 0.266770
 313.000000 0.263880
 314.000000 0.265582
 315.000000 0.272958
 316.000000 0.269061
 317.000000 0.265083
 318.000000 0.264336
 319.000000 0.268492
 320.000000 0.269381
 321.000000 0.269358
 322.000000 0.264123
 323.000000 0.258111
 324.000000 0.266730
 325.000000 0.265117
 326.000000 0.263697
 327.000000 0.273069
 328.000000 0.271328
 329.000000 0.273963
 330.000000 0.278806
 331.000000 0.272878
 332.000000 0.272271
 333.000000 0.269214
 334.000000 0.276813
 335.000000 0.271310
 336.000000 0.272379
 337.000000 0.276626
 338.000000 0.275273
 339.000000 0.265321
 340.000000 0.270716
 341.000000 0.268343
 342.000000 0.269312
 343.000000 0.267333
 344.000000 0.271889
 345.000000 0.270991
 346.000000 0.277274
 347.000000 0.279587
 348.000000 0.267872
 349.000000 0.279391
 350.000000 0.274585
 351.000000 0.289139
 352.000000 0.274538
 353.000000 0.276320
 354.000000 0.262676
 355.000000 0.262869
 356.000000 0.268126
 357.000000 0.268645
 358.000000 0.269262
 359.000000 0.268818
 360.000000 0.279783
 361.000000 0.286435
 362.000000 0.269154
 363.000000 0.276788
 364.000000 0.269743
 365.000000 0.265777
 366.000000 0.263223
 367.000000 0.275404
 368.000000 0.268883
 369.000000 0.269654
 370.000000 0.269832
 371.000000 0.268240
 372.000000 0.270649
 373.000000 0.272798
 374.000000 0.273092
 375.000000 0.271215
 376.000000 0.267935
 377.000000 0.269403
 378.000000 0.271568
 379.000000 0.272081
 380.000000 0.257596
 381.000000 0.267276
 382.000000 0.267282
 383.000000 0.276807
 384.000000 0.283223
 385.000000 0.269660
 386.000000 0.284024
 387.000000 0.280277
 388.000000 0.275363
 389.000000 0.283564
 390.000000 0.269396
 391.000000 0.264897
 392.000000 0.272744
 393.000000 0.263873
 394.000000 0.274221
 395.000000 0.267779
 396.000000 0.277376
 397.000000 0.283672
 398.000000 0.273260
 399.000000 0.277826
