#! FIELDS s hh dhh_s
#! SET normalisation  399.000000
#! SET min_s -0.5
#! SET max_s 1.5
#! SET nbins_s  2000
#! SET periodic_s false
 -0.500000 0.000000 0.000000
 -0.499000 0.000000 0.000000
 -0.498000 0.000000 0.000000
 -0.497000 0.000000 0.000000
 -0.496000 0.000000 0.000000
 -0.495000 0.000000 0.000000
 -0.494000 0.000000 0.000000
 -0.493000 0.000000 0.000000
 -0.492000 0.000000 0.000000
 -0.491000 0.000000 0.000000
 -0.490000 0.000000 0.000000
 -0.489000 0.000000 0.000000
 -0.488000 0.000000 0.000000
 -0.487000 0.000000 0.000000
 -0.486000 0.000000 0.000000
 -0.485000 0.000000 0.000000
 -0.484000 0.000000 0.000000
 -0.483000 0.000000 0.000000
 -0.482000 0.000000 0.000000
 -0.481000 0.000000 0.000000
 -0.480000 0.000000 0.000000
 -0.479000 0.000000 0.000000
 -0.478000 0.000000 0.000000
 -0.477000 0.000000 0.000000
 -0.476000 0.000000 0.000000
 -0.475000 0.000000 0.000000
 -0.474000 0.000000 0.000000
 -0.473000 0.000000 0.000000
 -0.472000 0.000000 0.000000
 -0.471000 0.000000 0.000000
 -0.470000 0.000000 0.000000
 -0.469000 0.000000 0.000000
 -0.468000 0.000000 0.000000
 -0.467000 0.000000 0.000000
 -0.466000 0.000000 0.000000
 -0.465000 0.000000 0.000000
 -0.464000 0.000000 0.000000
 -0.463000 0.000000 0.000000
 -0.462000 0.000000 0.000000
 -0.461000 0.000000 0.000000
 -0.460000 0.000000 0.000000
 -0.459000 0.000000 0.000000
 -0.458000 0.000000 0.000000
 -0.457000 0.000000 0.000000
 -0.456000 0.000000 0.000000
 -0.455000 0.000000 0.000000
 -0.454000 0.000000 0.000000
 -0.453000 0.000000 0.000000
 -0.452000 0.000000 0.000000
 -0.451000 0.000000 0.000000
 -0.450000 0.000000 0.000000
 -0.449000 0.000000 0.000000
 -0.448000 0.000000 0.000000
 -0.447000 0.000000 0.000000
 -0.446000 0.000000 0.000000
 -0.445000 0.000000 0.000000
 -0.444000 0.000000 0.000000
 -0.443000 0.000000 0.000000
 -0.442000 0.000000 0.000000
 -0.441000 0.000000 0.000000
 -0.440000 0.000000 0.000000
 -0.439000 0.000000 0.000000
 -0.438000 0.000000 0.000000
 -0.437000 0.000000 0.000000
 -0.436000 0.000000 0.000000
 -0.435000 0.000000 0.000000
 -0.434000 0.000000 0.000000
 -0.433000 0.000000 0.000000
 -0.432000 0.000000 0.000000
 -0.431000 0.000000 0.000000
 -0.430000 0.000000 0.000000
 -0.429000 0.000000 0.000000
 -0.428000 0.000000 0.000000
 -0.427000 0.000000 0.000000
 -0.426000 0.000000 0.000000
 -0.425000 0.000000 0.000000
 -0.424000 0.000000 0.000000
 -0.423000 0.000000 0.000000
 -0.422000 0.000000 0.000000
 -0.421000 0.000000 0.000000
 -0.420000 0.000000 0.000000
 -0.419000 0.000000 0.000000
 -0.418000 0.000000 0.000000
 -0.417000 0.000000 0.000000
 -0.416000 0.000000 0.000000
 -0.415000 0.000000 0.000000
 -0.414000 0.000000 0.000000
 -0.413000 0.000000 0.000000
 -0.412000 0.000000 0.000000
 -0.411000 0.000000 0.000000
 -0.410000 0.000000 0.000000
 -0.409000 0.000000 0.000000
 -0.408000 0.000000 0.000000
 -0.407000 0.000000 0.000000
 -0.406000 0.000000 0.000000
 -0.405000 0.000000 0.000000
 -0.404000 0.000000 0.000000
 -0.403000 0.000000 0.000000
 -0.402000 0.000000 0.000000
 -0.401000 0.000000 0.000000
 -0.400000 0.000000 0.000000
 -0.399000 0.000000 0.000000
 -0.398000 0.000000 0.000000
 -0.397000 0.000000 0.000000
 -0.396000 0.000000 0.000000
 -0.395000 0.000000 0.000000
 -0.394000 0.000000 0.000000
 -0.393000 0.000000 0.000000
 -0.392000 0.000000 0.000000
 -0.391000 0.000000 0.000000
 -0.390000 0.000000 0.000000
 -0.389000 0.000000 0.000000
 -0.388000 0.000000 0.000000
 -0.387000 0.000000 0.000000
 -0.386000 0.000000 0.000000
 -0.385000 0.000000 0.000000
 -0.384000 0.000000 0.000000
 -0.383000 0.000000 0.000000
 -0.382000 0.000000 0.000000
 -0.381000 0.000000 0.000000
 -0.380000 0.000000 0.000000
 -0.379000 0.000000 0.000000
 -0.378000 0.000000 0.000000
 -0.377000 0.000000 0.000000
 -0.376000 0.000000 0.000000
 -0.375000 0.000000 0.000000
 -0.374000 0.000000 0.000000
 -0.373000 0.000000 0.000000
 -0.372000 0.000000 0.000000
 -0.371000 0.000000 0.000000
 -0.370000 0.000000 0.000000
 -0.369000 0.000000 0.000000
 -0.368000 0.000000 0.000000
 -0.367000 0.000000 0.000000
 -0.366000 0.000000 0.000000
 -0.365000 0.000000 0.000000
 -0.364000 0.000000 0.000000
 -0.363000 0.000000 0.000000
 -0.362000 0.000000 0.000000
 -0.361000 0.000000 0.000000
 -0.360000 0.000000 0.000000
 -0.359000 0.000000 0.000000
 -0.358000 0.000000 0.000000
 -0.357000 0.000000 0.000000
 -0.356000 0.000000 0.000000
 -0.355000 0.000000 0.000000
 -0.354000 0.000000 0.000000
 -0.353000 0.000000 0.000000
 -0.352000 0.000000 0.000000
 -0.351000 0.000000 0.000000
 -0.350000 0.000000 0.000000
 -0.349000 0.000000 0.000000
 -0.348000 0.000000 0.000000
 -0.347000 0.000000 0.000000
 -0.346000 0.000000 0.000000
 -0.345000 0.000000 0.000000
 -0.344000 0.000000 0.000000
 -0.343000 0.000000 0.000000
 -0.342000 0.000000 0.000000
 -0.341000 0.000000 0.000000
 -0.340000 0.000000 0.000000
 -0.339000 0.000000 0.000000
 -0.338000 0.000000 0.000000
 -0.337000 0.000000 0.000000
 -0.336000 0.000000 0.000000
 -0.335000 0.000000 0.000000
 -0.334000 0.000000 0.000000
 -0.333000 0.000000 0.000000
 -0.332000 0.000000 0.000000
 -0.331000 0.000000 0.000000
 -0.330000 0.000000 0.000000
 -0.329000 0.000000 0.000000
 -0.328000 0.000000 0.000000
 -0.327000 0.000000 0.000000
 -0.326000 0.000000 0.000000
 -0.325000 0.000000 0.000000
 -0.324000 0.000000 0.000000
 -0.323000 0.000000 0.000000
 -0.322000 0.000000 0.000000
 -0.321000 0.000000 0.000000
 -0.320000 0.000000 0.000000
 -0.319000 0.000000 0.000000
 -0.318000 0.000000 0.000000
 -0.317000 0.000000 0.000000
 -0.316000 0.000000 0.000000
 -0.315000 0.000000 0.000000
 -0.314000 0.000000 0.000000
 -0.313000 0.000000 0.000000
 -0.312000 0.000000 0.000000
 -0.311000 0.000000 0.000000
 -0.310000 0.000000 0.000000
 -0.309000 0.000000 0.000000
 -0.308000 0.000000 0.000000
 -0.307000 0.000000 0.000000
 -0.306000 0.000000 0.000000
 -0.305000 0.000000 0.000000
 -0.304000 0.000000 0.000000
 -0.303000 0.000000 0.000000
 -0.302000 0.000000 0.000000
 -0.301000 0.000000 0.000000
 -0.300000 0.000000 0.000000
 -0.299000 0.000000 0.000000
 -0.298000 0.000000 0.000000
 -0.297000 0.000000 0.000000
 -0.296000 0.000000 0.000000
 -0.295000 0.000000 0.000000
 -0.294000 0.000000 0.000000
 -0.293000 0.000000 0.000000
 -0.292000 0.000000 0.000000
 -0.291000 0.000000 0.000000
 -0.290000 0.000000 0.000000
 -0.289000 0.000000 0.000000
 -0.288000 0.000000 0.000000
 -0.287000 0.000000 0.000000
 -0.286000 0.000000 0.000000
 -0.285000 0.000000 0.000000
 -0.284000 0.000000 0.000000
 -0.283000 0.000000 0.000000
 -0.282000 0.000000 0.000000
 -0.281000 0.000000 0.000000
 -0.280000 0.000000 0.000000
 -0.279000 0.000000 0.000000
 -0.278000 0.000000 0.000000
 -0.277000 0.000000 0.000000
 -0.276000 0.000000 0.000000
 -0.275000 0.000000 0.000000
 -0.274000 0.000000 0.000000
 -0.273000 0.000000 0.000000
 -0.272000 0.000000 0.000000
 -0.271000 0.000000 0.000000
 -0.270000 0.000000 0.000000
 -0.269000 0.000000 0.000000
 -0.268000 0.000000 0.000000
 -0.267000 0.000000 0.000000
 -0.266000 0.000000 0.000000
 -0.265000 0.000000 0.000000
 -0.264000 0.000000 0.000000
 -0.263000 0.000000 0.000000
 -0.262000 0.000000 0.000000
 -0.261000 0.000000 0.000000
 -0.260000 0.000000 0.000000
 -0.259000 0.000000 0.000000
 -0.258000 0.000000 0.000000
 -0.257000 0.000000 0.000000
 -0.256000 0.000000 0.000000
 -0.255000 0.000000 0.000000
 -0.254000 0.000000 0.000000
 -0.253000 0.000000 0.000000
 -0.252000 0.000000 0.000000
 -0.251000 0.000000 0.000000
 -0.250000 0.000000 0.000000
 -0.249000 0.000000 0.000000
 -0.248000 0.000000 0.000000
 -0.247000 0.000000 0.000000
 -0.246000 0.000000 0.000000
 -0.245000 0.000000 0.000000
 -0.244000 0.000000 0.000000
 -0.243000 0.000000 0.000000
 -0.242000 0.000000 0.000000
 -0.241000 0.000000 0.000000
 -0.240000 0.000000 0.000000
 -0.239000 0.000000 0.000000
 -0.238000 0.000000 0.000000
 -0.237000 0.000000 0.000000
 -0.236000 0.000000 0.000000
 -0.235000 0.000000 0.000000
 -0.234000 0.000000 0.000000
 -0.233000 0.000000 0.000000
 -0.232000 0.000000 0.000000
 -0.231000 0.000000 0.000000
 -0.230000 0.000000 0.000000
 -0.229000 0.000000 0.000000
 -0.228000 0.000000 0.000000
 -0.227000 0.000000 0.000000
 -0.226000 0.000000 0.000000
 -0.225000 0.000000 0.000000
 -0.224000 0.000000 0.000000
 -0.223000 0.000000 0.000000
 -0.222000 0.000000 0.000000
 -0.221000 0.000000 0.000000
 -0.220000 0.000000 0.000000
 -0.219000 0.000000 0.000000
 -0.218000 0.000000 0.000000
 -0.217000 0.000000 0.000000
 -0.216000 0.000000 0.000000
 -0.215000 0.000000 0.000000
 -0.214000 0.000000 0.000000
 -0.213000 0.000000 0.000000
 -0.212000 0.000000 0.000000
 -0.211000 0.000000 0.000000
 -0.210000 0.000000 0.000000
 -0.209000 0.000000 0.000000
 -0.208000 0.000000 0.000000
 -0.207000 0.000000 0.000000
 -0.206000 0.000000 0.000000
 -0.205000 0.000000 0.000000
 -0.204000 0.000000 0.000000
 -0.203000 0.000000 0.000000
 -0.202000 0.000000 0.000000
 -0.201000 0.000000 0.000000
 -0.200000 0.000000 0.000000
 -0.199000 0.000000 0.000000
 -0.198000 0.000000 0.000000
 -0.197000 0.000000 0.000000
 -0.196000 0.000000 0.000000
 -0.195000 0.000000 0.000000
 -0.194000 0.000000 0.000000
 -0.193000 0.000000 0.000000
 -0.192000 0.000000 0.000000
 -0.191000 0.000000 0.000000
 -0.190000 0.000000 0.000000
 -0.189000 0.000000 0.000000
 -0.188000 0.000000 0.000000
 -0.187000 0.000000 0.000000
 -0.186000 0.000000 0.000000
 -0.185000 0.000000 0.000000
 -0.184000 0.000000 0.000000
 -0.183000 0.000000 0.000000
 -0.182000 0.000000 0.000000
 -0.181000 0.000000 0.000000
 -0.180000 0.000000 0.000000
 -0.179000 0.000000 0.000000
 -0.178000 0.000000 0.000000
 -0.177000 0.000000 0.000000
 -0.176000 0.000000 0.000000
 -0.175000 0.000000 0.000000
 -0.174000 0.000000 0.000000
 -0.173000 0.000000 0.000000
 -0.172000 0.000000 0.000000
 -0.171000 0.000000 0.000000
 -0.170000 0.000000 0.000000
 -0.169000 0.000000 0.000000
 -0.168000 0.000000 0.000000
 -0.167000 0.000000 0.000000
 -0.166000 0.000000 0.000000
 -0.165000 0.000000 0.000000
 -0.164000 0.000000 0.000000
 -0.163000 0.000000 0.000000
 -0.162000 0.000000 0.000000
 -0.161000 0.000000 0.000000
 -0.160000 0.000000 0.000000
 -0.159000 0.000000 0.000000
 -0.158000 0.000000 0.000000
 -0.157000 0.000000 0.000000
 -0.156000 0.000000 0.000000
 -0.155000 0.000000 0.000000
 -0.154000 0.000000 0.000000
 -0.153000 0.000000 0.000000
 -0.152000 0.000000 0.000000
 -0.151000 0.000000 0.000000
 -0.150000 0.000000 0.000000
 -0.149000 0.000000 0.000000
 -0.148000 0.000000 0.000000
 -0.147000 0.000000 0.000000
 -0.146000 0.000000 0.000000
 -0.145000 0.000000 0.000000
 -0.144000 0.000000 0.000000
 -0.143000 0.000000 0.000000
 -0.142000 0.000000 0.000000
 -0.141000 0.000000 0.000000
 -0.140000 0.000000 0.000000
 -0.139000 0.000000 0.000000
 -0.138000 0.000000 0.000000
 -0.137000 0.000000 0.000000
 -0.136000 0.000000 0.000000
 -0.135000 0.000000 0.000000
 -0.134000 0.000000 0.000000
 -0.133000 0.000000 0.000000
 -0.132000 0.000000 0.000000
 -0.131000 0.000000 0.000000
 -0.130000 0.000000 0.000000
 -0.129000 0.000000 0.000000
 -0.128000 0.000000 0.000000
 -0.127000 0.000000 0.000000
 -0.126000 0.000000 0.000000
 -0.125000 0.000000 0.000000
 -0.124000 0.000000 0.000000
 -0.123000 0.000000 0.000000
 -0.122000 0.000000 0.000000
 -0.121000 0.000000 0.000000
 -0.120000 0.000000 0.000000
 -0.119000 0.000000 0.000000
 -0.118000 0.000000 0.000000
 -0.117000 0.000000 0.000000
 -0.116000 0.000000 0.000000
 -0.115000 0.000000 0.000000
 -0.114000 0.000000 0.000000
 -0.113000 0.000000 0.000000
 -0.112000 0.000000 0.000000
 -0.111000 0.000000 0.000000
 -0.110000 0.000000 0.000000
 -0.109000 0.000000 0.000000
 -0.108000 0.000000 0.000000
 -0.107000 0.000000 0.000000
 -0.106000 0.000000 0.000000
 -0.105000 0.000000 0.000000
 -0.104000 0.000000 0.000000
 -0.103000 0.000000 0.000000
 -0.102000 0.000000 0.000000
 -0.101000 0.000000 0.000000
 -0.100000 0.000000 0.000000
 -0.099000 0.000000 0.000000
 -0.098000 0.000000 0.000000
 -0.097000 0.000000 0.000000
 -0.096000 0.000000 0.000000
 -0.095000 0.000000 0.000000
 -0.094000 0.000000 0.000000
 -0.093000 0.000000 0.000000
 -0.092000 0.000000 0.000000
 -0.091000 0.000000 0.000000
 -0.090000 0.000000 0.000000
 -0.089000 0.000000 0.000000
 -0.088000 0.000000 0.000000
 -0.087000 0.000000 0.000000
 -0.086000 0.000000 0.000000
 -0.085000 0.000000 0.000000
 -0.084000 0.000000 0.000000
 -0.083000 0.000000 0.000000
 -0.082000 0.000000 0.000000
 -0.081000 0.000000 0.000000
 -0.080000 0.000000 0.000000
 -0.079000 0.000000 0.000000
 -0.078000 0.000000 0.000000
 -0.077000 0.000000 0.000000
 -0.076000 0.000000 0.000000
 -0.075000 0.000000 0.000000
 -0.074000 0.000000 0.000000
 -0.073000 0.000000 0.000000
 -0.072000 0.000000 0.000000
 -0.071000 0.000000 0.000000
 -0.070000 0.000000 0.000000
 -0.069000 0.000000 0.000000
 -0.068000 0.000000 0.000000
 -0.067000 0.000000 0.000000
 -0.066000 0.000000 0.000000
 -0.065000 0.000000 0.000000
 -0.064000 0.000000 0.000000
 -0.063000 0.000000 0.000000
 -0.062000 0.000000 0.000000
 -0.061000 0.000000 0.000000
 -0.060000 0.000000 0.000000
 -0.059000 0.000000 0.000000
 -0.058000 0.000000 0.000000
 -0.057000 0.000000 0.000000
 -0.056000 0.000000 0.000000
 -0.055000 0.000000 0.000000
 -0.054000 0.000000 0.000000
 -0.053000 0.000000 0.000000
 -0.052000 0.000000 0.000000
 -0.051000 0.000000 0.000000
 -0.050000 0.000000 0.000000
 -0.049000 0.000000 0.000000
 -0.048000 0.000000 0.000000
 -0.047000 0.000000 0.000000
 -0.046000 0.000000 0.000000
 -0.045000 0.000000 0.000000
 -0.044000 0.000000 0.000000
 -0.043000 0.000000 0.000000
 -0.042000 0.000000 0.000000
 -0.041000 0.000000 0.000000
 -0.040000 0.000000 0.000000
 -0.039000 0.000000 0.000000
 -0.038000 0.000000 0.000000
 -0.037000 0.000000 0.000000
 -0.036000 0.000000 0.000000
 -0.035000 0.000000 0.000000
 -0.034000 0.000000 0.000000
 -0.033000 0.000000 0.000000
 -0.032000 0.000000 0.000000
 -0.031000 0.000000 0.000000
 -0.030000 0.000000 0.000000
 -0.029000 0.000000 0.000000
 -0.028000 0.000000 0.000000
 -0.027000 0.000000 0.000000
 -0.026000 0.000000 0.000000
 -0.025000 0.000000 0.000000
 -0.024000 0.000000 0.000000
 -0.023000 0.000000 0.000000
 -0.022000 0.000000 0.000000
 -0.021000 0.000000 0.000000
 -0.020000 0.000000 0.000000
 -0.019000 0.000000 0.000000
 -0.018000 0.000000 0.000000
 -0.017000 0.000000 0.000000
 -0.016000 0.000000 0.000000
 -0.015000 0.000000 0.000000
 -0.014000 0.000000 0.000000
 -0.013000 0.000000 0.000000
 -0.012000 0.000000 0.000000
 -0.011000 0.000000 0.000000
 -0.010000 0.000000 0.000000
 -0.009000 0.000000 0.000000
 -0.008000 0.000000 0.000000
 -0.007000 0.000000 0.000000
 -0.006000 0.000000 0.000000
 -0.005000 0.000000 0.000000
 -0.004000 0.000000 0.000000
 -0.003000 0.000000 0.000000
 -0.002000 0.000000 0.000000
 -0.001000 0.000000 0.000000
 0.000000 0.000000 0.000000
 0.001000 0.000000 0.000000
 0.002000 0.000000 0.000000
 0.003000 0.000000 0.000000
 0.004000 0.000000 0.000000
 0.005000 0.000000 0.000000
 0.006000 0.000000 0.000000
 0.007000 0.000000 0.000000
 0.008000 0.000000 0.000000
 0.009000 0.000000 0.000000
 0.010000 0.000000 0.000000
 0.011000 0.000000 0.000000
 0.012000 0.000000 0.000000
 0.013000 0.000000 0.000000
 0.014000 0.000000 0.000000
 0.015000 0.000000 0.000000
 0.016000 0.000000 0.000000
 0.017000 0.000000 0.000000
 0.018000 0.000000 0.000000
 0.019000 0.000000 0.000000
 0.020000 0.000000 0.000000
 0.021000 0.000000 0.000000
 0.022000 0.000000 0.000000
 0.023000 0.000000 0.000000
 0.024000 0.000000 0.000000
 0.025000 0.000000 0.000000
 0.026000 0.000000 0.000000
 0.027000 0.000000 0.000000
 0.028000 0.000000 0.000000
 0.029000 0.000000 0.000000
 0.030000 0.000000 0.000000
 0.031000 0.000000 0.000000
 0.032000 0.000000 0.000000
 0.033000 0.000000 0.000000
 0.034000 0.000000 0.000000
 0.035000 0.000000 0.000000
 0.036000 0.000000 0.000000
 0.037000 0.000000 0.000000
 0.038000 0.000000 0.000000
 0.039000 0.000000 0.000000
 0.040000 0.000000 0.000000
 0.041000 0.000000 0.000000
 0.042000 0.000000 0.000000
 0.043000 0.000000 0.000000
 0.044000 0.000000 0.000000
 0.045000 0.000000 0.000000
 0.046000 0.000000 0.000000
 0.047000 0.000000 0.000000
 0.048000 0.000000 0.000000
 0.049000 0.000000 0.000000
 0.050000 0.000000 0.000000
 0.051000 0.000000 0.000000
 0.052000 0.000000 0.000000
 0.053000 0.000000 0.000000
 0.054000 0.000000 0.000000
 0.055000 0.000000 0.000000
 0.056000 0.000000 0.000000
 0.057000 0.000000 0.000000
 0.058000 0.000000 0.000000
 0.059000 0.000000 0.000000
 0.060000 0.000000 0.000000
 0.061000 0.000000 0.000000
 0.062000 0.000000 0.000000
 0.063000 0.000000 0.000000
 0.064000 0.000000 0.000000
 0.065000 0.000000 0.000000
 0.066000 0.000000 0.000000
 0.067000 0.000000 0.000000
 0.068000 0.000000 0.000000
 0.069000 0.000000 0.000000
 0.070000 0.000000 0.000000
 0.071000 0.000000 0.000000
 0.072000 0.000000 0.000000
 0.073000 0.000000 0.000000
 0.074000 0.000000 0.000000
 0.075000 0.000000 0.000000
 0.076000 0.000000 0.000000
 0.077000 0.000000 0.000000
 0.078000 0.000000 0.000000
 0.079000 0.000000 0.000000
 0.080000 0.000000 0.000000
 0.081000 0.000000 0.000000
 0.082000 0.000000 0.000000
 0.083000 0.000000 0.000000
 0.084000 0.000000 0.000000
 0.085000 0.000000 0.000000
 0.086000 0.000000 0.000000
 0.087000 0.000000 0.000000
 0.088000 0.000000 0.000000
 0.089000 0.000000 0.000000
 0.090000 0.000000 0.000000
 0.091000 0.000000 0.000000
 0.092000 0.000000 0.000000
 0.093000 0.000000 0.000000
 0.094000 0.000000 0.000000
 0.095000 0.000000 0.000000
 0.096000 0.000000 0.000000
 0.097000 0.000000 0.000000
 0.098000 0.000000 0.000000
 0.099000 0.000000 0.000000
 0.100000 0.000000 0.000000
 0.101000 0.000000 0.000000
 0.102000 0.000000 0.000000
 0.103000 0.000000 0.000000
 0.104000 0.000000 0.000000
 0.105000 0.000000 0.000000
 0.106000 0.000000 0.000000
 0.107000 0.000000 0.000000
 0.108000 0.000000 0.000000
 0.109000 0.000000 0.000000
 0.110000 0.000000 0.000000
 0.111000 0.000000 0.000000
 0.112000 0.000000 0.000000
 0.113000 0.000000 0.000000
 0.114000 0.000000 0.000000
 0.115000 0.000000 0.000000
 0.116000 0.000000 0.000000
 0.117000 0.000000 0.000000
 0.118000 0.000000 0.000000
 0.119000 0.000000 0.000000
 0.120000 0.000000 0.000000
 0.121000 0.000000 0.000000
 0.122000 0.000000 0.000000
 0.123000 0.000000 0.000000
 0.124000 0.000000 0.000000
 0.125000 0.000000 0.000000
 0.126000 0.000000 0.000000
 0.127000 0.000000 0.000000
 0.128000 0.000000 0.000000
 0.129000 0.000000 0.000000
 0.130000 0.000000 0.000000
 0.131000 0.000000 0.000000
 0.132000 0.000000 0.000000
 0.133000 0.000000 0.000000
 0.134000 0.000000 0.000000
 0.135000 0.000000 0.000000
 0.136000 0.000000 0.000000
 0.137000 0.000000 0.000000
 0.138000 0.000000 0.000000
 0.139000 0.000000 0.000000
 0.140000 0.000000 0.000000
 0.141000 0.000000 0.000000
 0.142000 0.000000 0.000000
 0.143000 0.000000 0.000000
 0.144000 0.000000 0.000000
 0.145000 0.000000 0.000000
 0.146000 0.000000 0.000000
 0.147000 0.000000 0.000000
 0.148000 0.000000 0.000000
 0.149000 0.000000 0.000000
 0.150000 0.000000 0.000000
 0.151000 0.000000 0.000000
 0.152000 0.000000 0.000000
 0.153000 0.000000 0.000000
 0.154000 0.000000 0.000000
 0.155000 0.000000 0.000000
 0.156000 0.000000 0.000000
 0.157000 0.000000 0.000000
 0.158000 0.000000 0.000000
 0.159000 0.000000 0.000000
 0.160000 0.000000 0.000000
 0.161000 0.000000 0.000000
 0.162000 0.000000 0.000000
 0.163000 0.000000 0.000000
 0.164000 0.000000 0.000000
 0.165000 0.000000 0.000000
 0.166000 0.000000 0.000000
 0.167000 0.000000 0.000000
 0.168000 0.000000 0.000000
 0.169000 0.000000 0.000000
 0.170000 0.000000 0.000000
 0.171000 0.000000 0.000000
 0.172000 0.000000 0.000000
 0.173000 0.000000 0.000000
 0.174000 0.000000 0.000000
 0.175000 0.000000 0.000000
 0.176000 0.000000 0.000000
 0.177000 0.000000 0.000000
 0.178000 0.000000 0.000000
 0.179000 0.000000 0.000000
 0.180000 0.000000 0.000000
 0.181000 0.000000 0.000000
 0.182000 0.000000 0.000000
 0.183000 0.000000 0.000000
 0.184000 0.000000 0.000000
 0.185000 0.000000 0.000000
 0.186000 0.000000 0.000000
 0.187000 0.000000 0.000000
 0.188000 0.000000 0.000000
 0.189000 0.000000 0.000000
 0.190000 0.000000 0.000000
 0.191000 0.000000 0.000000
 0.192000 0.000000 0.000000
 0.193000 0.000000 0.000000
 0.194000 0.000000 0.000000
 0.195000 0.000000 0.000000
 0.196000 0.000000 0.000000
 0.197000 0.000000 0.000166
 0.198000 0.000001 0.000231
 0.199000 0.000001 0.000318
 0.200000 0.000001 0.000433
 0.201000 0.000002 0.000585
 0.202000 0.000002 0.000780
 0.203000 0.000003 0.001029
 0.204000 0.000005 0.001342
 0.205000 0.000006 0.001731
 0.206000 0.000008 0.002209
 0.207000 0.000011 0.002786
 0.208000 0.000014 0.003475
 0.209000 0.000018 0.004284
 0.210000 0.000022 0.005220
 0.211000 0.000028 0.006285
 0.212000 0.000035 0.007478
 0.213000 0.000043 0.008790
 0.214000 0.000052 0.010204
 0.215000 0.000063 0.011697
 0.216000 0.000076 0.013236
 0.217000 0.000090 0.014780
 0.218000 0.000105 0.016279
 0.219000 0.000122 0.017677
 0.220000 0.000141 0.019076
 0.221000 0.000161 0.020150
 0.222000 0.000182 0.021101
 0.223000 0.000203 0.021645
 0.224000 0.000225 0.021843
 0.225000 0.000247 0.021669
 0.226000 0.000269 0.021282
 0.227000 0.000290 0.020590
 0.228000 0.000311 0.019665
 0.229000 0.000330 0.018383
 0.230000 0.000347 0.016971
 0.231000 0.000364 0.015693
 0.232000 0.000380 0.014761
 0.233000 0.000395 0.014097
 0.234000 0.000409 0.013980
 0.235000 0.000423 0.014406
 0.236000 0.000439 0.015968
 0.237000 0.000456 0.018354
 0.238000 0.000477 0.022242
 0.239000 0.000503 0.027862
 0.240000 0.000536 0.034967
 0.241000 0.000575 0.043475
 0.242000 0.000625 0.053984
 0.243000 0.000685 0.065986
 0.244000 0.000760 0.080139
 0.245000 0.000848 0.095817
 0.246000 0.000953 0.113032
 0.247000 0.001076 0.131989
 0.248000 0.001221 0.153275
 0.249000 0.001388 0.176060
 0.250000 0.001576 0.199845
 0.251000 0.001791 0.225465
 0.252000 0.002031 0.252547
 0.253000 0.002301 0.281374
 0.254000 0.002602 0.312536
 0.255000 0.002935 0.345480
 0.256000 0.003298 0.379354
 0.257000 0.003704 0.417598
 0.258000 0.004146 0.457932
 0.259000 0.004630 0.501077
 0.260000 0.005160 0.547982
 0.261000 0.005744 0.600872
 0.262000 0.006376 0.656587
 0.263000 0.007070 0.718822
 0.264000 0.007833 0.788866
 0.265000 0.008670 0.866764
 0.266000 0.009587 0.952488
 0.267000 0.010594 1.048242
 0.268000 0.011703 1.155095
 0.269000 0.012925 1.274212
 0.270000 0.014275 1.408009
 0.271000 0.015767 1.556666
 0.272000 0.017420 1.723081
 0.273000 0.019249 1.907675
 0.274000 0.021270 2.110626
 0.275000 0.023505 2.333815
 0.276000 0.025974 2.577453
 0.277000 0.028709 2.845797
 0.278000 0.031713 3.132891
 0.279000 0.035018 3.442052
 0.280000 0.038647 3.773618
 0.281000 0.042619 4.125738
 0.282000 0.046950 4.496321
 0.283000 0.051667 4.887081
 0.284000 0.056783 5.295051
 0.285000 0.062323 5.722113
 0.286000 0.068304 6.166934
 0.287000 0.074728 6.623787
 0.288000 0.081618 7.095787
 0.289000 0.088995 7.584657
 0.290000 0.096866 8.088282
 0.291000 0.105253 8.608863
 0.292000 0.114169 9.147136
 0.293000 0.123638 9.706585
 0.294000 0.133679 10.288191
 0.295000 0.144309 10.892575
 0.296000 0.155565 11.525505
 0.297000 0.167465 12.186648
 0.298000 0.180050 12.881157
 0.299000 0.193349 13.610414
 0.300000 0.207400 14.376381
 0.301000 0.222231 15.176819
 0.302000 0.237889 16.015241
 0.303000 0.254410 16.891408
 0.304000 0.271818 17.800124
 0.305000 0.290165 18.745827
 0.306000 0.309466 19.718934
 0.307000 0.329755 20.718602
 0.308000 0.351082 21.750175
 0.309000 0.373443 22.800946
 0.310000 0.396852 23.864414
 0.311000 0.421345 24.946212
 0.312000 0.446933 26.042273
 0.313000 0.473614 27.144940
 0.314000 0.501417 28.259451
 0.315000 0.530335 29.381031
 0.316000 0.560381 30.510437
 0.317000 0.591565 31.650365
 0.318000 0.623896 32.800573
 0.319000 0.657393 33.965375
 0.320000 0.692053 35.141956
 0.321000 0.727910 36.340621
 0.322000 0.764999 37.566639
 0.323000 0.803317 38.811517
 0.324000 0.842908 40.087441
 0.325000 0.883760 41.380042
 0.326000 0.925942 42.705421
 0.327000 0.969465 44.057240
 0.328000 1.014345 45.428788
 0.329000 1.060622 46.821914
 0.330000 1.108285 48.230066
 0.331000 1.157393 49.655651
 0.332000 1.207926 51.084805
 0.333000 1.259906 52.521150
 0.334000 1.313320 53.957872
 0.335000 1.368166 55.381666
 0.336000 1.424430 56.796157
 0.337000 1.482092 58.195392
 0.338000 1.541151 59.578663
 0.339000 1.601587 60.943155
 0.340000 1.663381 62.291529
 0.341000 1.726514 63.623248
 0.342000 1.790977 64.942732
 0.343000 1.856770 66.258293
 0.344000 1.923879 67.567101
 0.345000 1.992294 68.872940
 0.346000 2.062010 70.173798
 0.347000 2.133036 71.472143
 0.348000 2.205364 72.767546
 0.349000 2.278966 74.048642
 0.350000 2.353849 75.323843
 0.351000 2.430009 76.572314
 0.352000 2.507414 77.793599
 0.353000 2.586028 78.977469
 0.354000 2.665794 80.106734
 0.355000 2.746659 81.167511
 0.356000 2.828555 82.156436
 0.357000 2.911364 83.042504
 0.358000 2.995017 83.833258
 0.359000 3.079421 84.520052
 0.360000 3.164452 85.081812
 0.361000 3.249985 85.528118
 0.362000 3.335888 85.854789
 0.363000 3.422069 86.067712
 0.364000 3.508439 86.186290
 0.365000 3.594854 86.203344
 0.366000 3.681257 86.147133
 0.367000 3.767564 86.026109
 0.368000 3.853717 85.850332
 0.369000 3.939697 85.652980
 0.370000 4.025469 85.438120
 0.371000 4.111018 85.221242
 0.372000 4.196345 85.010734
 0.373000 4.281447 84.808235
 0.374000 4.366373 84.621702
 0.375000 4.451127 84.453672
 0.376000 4.535715 84.294307
 0.377000 4.620148 84.129891
 0.378000 4.704361 83.941397
 0.379000 4.788377 83.713087
 0.380000 4.872153 83.435893
 0.381000 4.955575 83.094804
 0.382000 5.038621 82.658023
 0.383000 5.121193 82.112074
 0.384000 5.203151 81.458018
 0.385000 5.284379 80.679882
 0.386000 5.364769 79.763850
 0.387000 5.444168 78.719790
 0.388000 5.522489 77.547802
 0.389000 5.599546 76.243334
 0.390000 5.675242 74.818972
 0.391000 5.749438 73.275516
 0.392000 5.822029 71.627238
 0.393000 5.892937 69.874318
 0.394000 5.962046 68.040138
 0.395000 6.029222 66.117540
 0.396000 6.094444 64.101535
 0.397000 6.157595 62.017318
 0.398000 6.218646 59.839225
 0.399000 6.277450 57.594101
 0.400000 6.333963 55.271873
 0.401000 6.388149 52.877370
 0.402000 6.439851 50.408687
 0.403000 6.489064 47.872294
 0.404000 6.535689 45.292580
 0.405000 6.579716 42.664610
 0.406000 6.621081 40.013936
 0.407000 6.659750 37.335688
 0.408000 6.695763 34.659834
 0.409000 6.729128 32.014839
 0.410000 6.759867 29.410597
 0.411000 6.788000 26.858998
 0.412000 6.813639 24.390224
 0.413000 6.836844 22.010313
 0.414000 6.857695 19.721775
 0.415000 6.876293 17.533421
 0.416000 6.892747 15.453087
 0.417000 6.907171 13.469946
 0.418000 6.919619 11.560307
 0.419000 6.930208 9.718532
 0.420000 6.938974 7.932110
 0.421000 6.945948 6.171865
 0.422000 6.951184 4.415426
 0.423000 6.954642 2.662012
 0.424000 6.956320 0.879619
 0.425000 6.956197 -0.937436
 0.426000 6.954220 -2.791813
 0.427000 6.950376 -4.696688
 0.428000 6.944563 -6.666088
 0.429000 6.936778 -8.662733
 0.430000 6.926992 -10.709341
 0.431000 6.915117 -12.771905
 0.432000 6.901167 -14.834623
 0.433000 6.885152 -16.898235
 0.434000 6.867081 -18.939421
 0.435000 6.846995 -20.945284
 0.436000 6.824913 -22.891396
 0.437000 6.800876 -24.760335
 0.438000 6.775040 -26.561244
 0.439000 6.747432 -28.266256
 0.440000 6.718143 -29.884848
 0.441000 6.687301 -31.409565
 0.442000 6.654955 -32.832984
 0.443000 6.621214 -34.167047
 0.444000 6.586193 -35.405602
 0.445000 6.549998 -36.549749
 0.446000 6.512698 -37.620207
 0.447000 6.474351 -38.603986
 0.448000 6.435028 -39.514002
 0.449000 6.394840 -40.356098
 0.450000 6.353806 -41.157557
 0.451000 6.311988 -41.940775
 0.452000 6.269443 -42.685126
 0.453000 6.226145 -43.405341
 0.454000 6.182145 -44.123601
 0.455000 6.137412 -44.853724
 0.456000 6.091923 -45.605431
 0.457000 6.045671 -46.381938
 0.458000 5.998637 -47.197448
 0.459000 5.950745 -48.062634
 0.460000 5.901955 -48.971932
 0.461000 5.852222 -49.919796
 0.462000 5.801515 -50.929796
 0.463000 5.749751 -51.985338
 0.464000 5.696942 -53.077497
 0.465000 5.642997 -54.197104
 0.466000 5.587920 -55.327299
 0.467000 5.531707 -56.453142
 0.468000 5.474392 -57.574727
 0.469000 5.415978 -58.671258
 0.470000 5.356462 -59.720197
 0.471000 5.295939 -60.718243
 0.472000 5.234442 -61.656205
 0.473000 5.172039 -62.532202
 0.474000 5.108769 -63.328411
 0.475000 5.044778 -64.059953
 0.476000 4.980093 -64.712967
 0.477000 4.914780 -65.295963
 0.478000 4.848910 -65.809433
 0.479000 4.782561 -66.258912
 0.480000 4.715810 -66.662896
 0.481000 4.648679 -67.002965
 0.482000 4.581197 -67.289934
 0.483000 4.513451 -67.537912
 0.484000 4.445507 -67.760285
 0.485000 4.377326 -67.937497
 0.486000 4.309020 -68.079152
 0.487000 4.240586 -68.192938
 0.488000 4.172075 -68.265212
 0.489000 4.103489 -68.292713
 0.490000 4.034880 -68.271693
 0.491000 3.966360 -68.204365
 0.492000 3.897919 -68.078882
 0.493000 3.829615 -67.892505
 0.494000 3.761552 -67.645949
 0.495000 3.693773 -67.330643
 0.496000 3.626327 -66.944574
 0.497000 3.559324 -66.491885
 0.498000 3.492798 -65.967043
 0.499000 3.426837 -65.370138
 0.500000 3.361486 -64.706911
 0.501000 3.296865 -64.000404
 0.502000 3.232934 -63.224421
 0.503000 3.169814 -62.406513
 0.504000 3.107549 -61.551005
 0.505000 3.046155 -60.653110
 0.506000 2.985682 -59.733413
 0.507000 2.926156 -58.795061
 0.508000 2.867565 -57.842680
 0.509000 2.809948 -56.886107
 0.510000 2.753274 -55.933718
 0.511000 2.697554 -54.980133
 0.512000 2.642774 -54.037138
 0.513000 2.588944 -53.117377
 0.514000 2.536019 -52.206295
 0.515000 2.484014 -51.317427
 0.516000 2.432891 -50.455914
 0.517000 2.382621 -49.607894
 0.518000 2.333166 -48.775420
 0.519000 2.284555 -47.973017
 0.520000 2.236730 -47.189710
 0.521000 2.189699 -46.428241
 0.522000 2.143396 -45.678042
 0.523000 2.097853 -44.957487
 0.524000 2.053067 -44.261509
 0.525000 2.008925 -43.564048
 0.526000 1.965479 -42.884052
 0.527000 1.922702 -42.217056
 0.528000 1.880592 -41.570019
 0.529000 1.839136 -40.943851
 0.530000 1.798289 -40.329314
 0.531000 1.758058 -39.723639
 0.532000 1.718432 -39.143362
 0.533000 1.679378 -38.574584
 0.534000 1.640882 -38.019002
 0.535000 1.602944 -37.486175
 0.536000 1.565549 -36.974388
 0.537000 1.528645 -36.469205
 0.538000 1.492261 -35.981765
 0.539000 1.456354 -35.505780
 0.540000 1.420914 -35.033990
 0.541000 1.385947 -34.570565
 0.542000 1.351443 -34.107410
 0.543000 1.317412 -33.643930
 0.544000 1.283835 -33.173843
 0.545000 1.250743 -32.698669
 0.546000 1.218135 -32.216930
 0.547000 1.186023 -31.724417
 0.548000 1.154404 -31.212884
 0.549000 1.123300 -30.686743
 0.550000 1.092742 -30.148175
 0.551000 1.062736 -29.596719
 0.552000 1.033293 -29.026196
 0.553000 1.004435 -28.442523
 0.554000 0.976151 -27.841807
 0.555000 0.948481 -27.238372
 0.556000 0.921430 -26.625074
 0.557000 0.894989 -26.007597
 0.558000 0.869181 -25.389959
 0.559000 0.843969 -24.763612
 0.560000 0.819402 -24.148962
 0.561000 0.795439 -23.535404
 0.562000 0.772106 -22.933843
 0.563000 0.749377 -22.344784
 0.564000 0.727210 -21.756519
 0.565000 0.705637 -21.188361
 0.566000 0.684634 -20.636837
 0.567000 0.664173 -20.097012
 0.568000 0.644236 -19.573901
 0.569000 0.624830 -19.072073
 0.570000 0.605908 -18.583693
 0.571000 0.587470 -18.111973
 0.572000 0.569487 -17.652446
 0.573000 0.551974 -17.206553
 0.574000 0.534905 -16.771312
 0.575000 0.518277 -16.342605
 0.576000 0.502075 -15.916804
 0.577000 0.486300 -15.488108
 0.578000 0.470946 -15.051313
 0.579000 0.456032 -14.612278
 0.580000 0.441562 -14.164957
 0.581000 0.427545 -13.714657
 0.582000 0.413978 -13.254006
 0.583000 0.400891 -12.796998
 0.584000 0.388260 -12.332569
 0.585000 0.376098 -11.869841
 0.586000 0.364406 -11.413250
 0.587000 0.353163 -10.960931
 0.588000 0.342363 -10.520249
 0.589000 0.332002 -10.101025
 0.590000 0.322049 -9.698634
 0.591000 0.312487 -9.322526
 0.592000 0.303289 -8.974552
 0.593000 0.294426 -8.655608
 0.594000 0.285862 -8.366103
 0.595000 0.277576 -8.108740
 0.596000 0.269541 -7.883408
 0.597000 0.261709 -7.683822
 0.598000 0.254070 -7.512268
 0.599000 0.246590 -7.363149
 0.600000 0.239252 -7.233288
 0.601000 0.232038 -7.121003
 0.602000 0.224936 -7.019259
 0.603000 0.217936 -6.925522
 0.604000 0.211016 -6.828190
 0.605000 0.204202 -6.736202
 0.606000 0.197479 -6.639263
 0.607000 0.190854 -6.535464
 0.608000 0.184337 -6.424427
 0.609000 0.177940 -6.305098
 0.610000 0.171669 -6.175484
 0.611000 0.165528 -6.033691
 0.612000 0.159543 -5.885243
 0.613000 0.153710 -5.726978
 0.614000 0.148038 -5.562029
 0.615000 0.142535 -5.390066
 0.616000 0.137203 -5.213083
 0.617000 0.132053 -5.037247
 0.618000 0.127078 -4.861048
 0.619000 0.122283 -4.688530
 0.620000 0.117659 -4.520289
 0.621000 0.113202 -4.356596
 0.622000 0.108910 -4.200620
 0.623000 0.104768 -4.051264
 0.624000 0.100774 -3.910384
 0.625000 0.096913 -3.774565
 0.626000 0.093181 -3.645718
 0.627000 0.089577 -3.525597
 0.628000 0.086094 -3.413756
 0.629000 0.082713 -3.304208
 0.630000 0.079446 -3.202234
 0.631000 0.076277 -3.102651
 0.632000 0.073206 -3.006807
 0.633000 0.070231 -2.913482
 0.634000 0.067350 -2.822431
 0.635000 0.064556 -2.730548
 0.636000 0.061858 -2.640083
 0.637000 0.059250 -2.550308
 0.638000 0.056733 -2.460195
 0.639000 0.054306 -2.369520
 0.640000 0.051965 -2.277830
 0.641000 0.049720 -2.187724
 0.642000 0.047564 -2.096912
 0.643000 0.045499 -2.007712
 0.644000 0.043525 -1.919531
 0.645000 0.041643 -1.833804
 0.646000 0.039841 -1.746790
 0.647000 0.038127 -1.663110
 0.648000 0.036494 -1.581154
 0.649000 0.034947 -1.503133
 0.650000 0.033475 -1.427015
 0.651000 0.032075 -1.353396
 0.652000 0.030751 -1.284604
 0.653000 0.029491 -1.217946
 0.654000 0.028299 -1.156010
 0.655000 0.027165 -1.096499
 0.656000 0.026093 -1.041496
 0.657000 0.025071 -0.988610
 0.658000 0.024102 -0.939037
 0.659000 0.023180 -0.892012
 0.660000 0.022303 -0.847577
 0.661000 0.021470 -0.806520
 0.662000 0.020680 -0.768463
 0.663000 0.019923 -0.730818
 0.664000 0.019204 -0.696323
 0.665000 0.018520 -0.664099
 0.666000 0.017866 -0.633370
 0.667000 0.017243 -0.605232
 0.668000 0.016647 -0.578402
 0.669000 0.016076 -0.552826
 0.670000 0.015531 -0.529813
 0.671000 0.015008 -0.507957
 0.672000 0.014508 -0.488103
 0.673000 0.014026 -0.469394
 0.674000 0.013565 -0.452746
 0.675000 0.013118 -0.435761
 0.676000 0.012686 -0.420321
 0.677000 0.012268 -0.405727
 0.678000 0.011867 -0.392928
 0.679000 0.011477 -0.381505
 0.680000 0.011099 -0.371546
 0.681000 0.010730 -0.362953
 0.682000 0.010369 -0.355599
 0.683000 0.010015 -0.349547
 0.684000 0.009666 -0.344963
 0.685000 0.009321 -0.341881
 0.686000 0.008978 -0.340102
 0.687000 0.008638 -0.340085
 0.688000 0.008296 -0.339918
 0.689000 0.007953 -0.340181
 0.690000 0.007612 -0.341030
 0.691000 0.007270 -0.341377
 0.692000 0.006926 -0.340337
 0.693000 0.006586 -0.338267
 0.694000 0.006248 -0.333963
 0.695000 0.005914 -0.327321
 0.696000 0.005590 -0.318754
 0.697000 0.005276 -0.307667
 0.698000 0.004974 -0.293708
 0.699000 0.004687 -0.277222
 0.700000 0.004418 -0.258509
 0.701000 0.004170 -0.238091
 0.702000 0.003942 -0.216031
 0.703000 0.003736 -0.193321
 0.704000 0.003553 -0.170357
 0.705000 0.003393 -0.148141
 0.706000 0.003254 -0.127357
 0.707000 0.003137 -0.108440
 0.708000 0.003036 -0.091374
 0.709000 0.002950 -0.076696
 0.710000 0.002879 -0.065357
 0.711000 0.002816 -0.056739
 0.712000 0.002762 -0.051423
 0.713000 0.002711 -0.049256
 0.714000 0.002661 -0.049262
 0.715000 0.002611 -0.051708
 0.716000 0.002557 -0.056053
 0.717000 0.002498 -0.061641
 0.718000 0.002433 -0.067843
 0.719000 0.002361 -0.074169
 0.720000 0.002283 -0.080711
 0.721000 0.002199 -0.086438
 0.722000 0.002109 -0.091031
 0.723000 0.002015 -0.094522
 0.724000 0.001919 -0.096984
 0.725000 0.001821 -0.097718
 0.726000 0.001723 -0.096972
 0.727000 0.001627 -0.094778
 0.728000 0.001533 -0.091301
 0.729000 0.001443 -0.086556
 0.730000 0.001359 -0.081302
 0.731000 0.001280 -0.075082
 0.732000 0.001208 -0.068726
 0.733000 0.001142 -0.062446
 0.734000 0.001083 -0.056286
 0.735000 0.001029 -0.050475
 0.736000 0.000981 -0.045057
 0.737000 0.000938 -0.040508
 0.738000 0.000900 -0.036725
 0.739000 0.000865 -0.033758
 0.740000 0.000832 -0.031615
 0.741000 0.000801 -0.030261
 0.742000 0.000772 -0.029463
 0.743000 0.000742 -0.029387
 0.744000 0.000713 -0.029794
 0.745000 0.000683 -0.030547
 0.746000 0.000652 -0.031504
 0.747000 0.000620 -0.032521
 0.748000 0.000586 -0.033141
 0.749000 0.000552 -0.033980
 0.750000 0.000518 -0.034489
 0.751000 0.000482 -0.034282
 0.752000 0.000448 -0.034001
 0.753000 0.000415 -0.033190
 0.754000 0.000382 -0.031837
 0.755000 0.000351 -0.029954
 0.756000 0.000322 -0.027278
 0.757000 0.000296 -0.024528
 0.758000 0.000273 -0.021366
 0.759000 0.000253 -0.017873
 0.760000 0.000237 -0.014142
 0.761000 0.000224 -0.010122
 0.762000 0.000216 -0.006258
 0.763000 0.000212 -0.002450
 0.764000 0.000211 0.001195
 0.765000 0.000214 0.004573
 0.766000 0.000220 0.007589
 0.767000 0.000229 0.010157
 0.768000 0.000240 0.012203
 0.769000 0.000253 0.013669
 0.770000 0.000268 0.014513
 0.771000 0.000282 0.014716
 0.772000 0.000297 0.014277
 0.773000 0.000311 0.013218
 0.774000 0.000323 0.011755
 0.775000 0.000333 0.009557
 0.776000 0.000341 0.006943
 0.777000 0.000347 0.004005
 0.778000 0.000349 0.000849
 0.779000 0.000349 -0.002413
 0.780000 0.000345 -0.005667
 0.781000 0.000337 -0.008804
 0.782000 0.000327 -0.011724
 0.783000 0.000314 -0.014160
 0.784000 0.000298 -0.016449
 0.785000 0.000281 -0.018296
 0.786000 0.000262 -0.019673
 0.787000 0.000242 -0.020573
 0.788000 0.000221 -0.021007
 0.789000 0.000200 -0.021002
 0.790000 0.000179 -0.020600
 0.791000 0.000159 -0.019854
 0.792000 0.000139 -0.018823
 0.793000 0.000121 -0.017572
 0.794000 0.000104 -0.016163
 0.795000 0.000089 -0.014659
 0.796000 0.000075 -0.013114
 0.797000 0.000063 -0.011577
 0.798000 0.000052 -0.010089
 0.799000 0.000042 -0.008682
 0.800000 0.000034 -0.007379
 0.801000 0.000028 -0.006196
 0.802000 0.000022 -0.005141
 0.803000 0.000017 -0.004215
 0.804000 0.000013 -0.003416
 0.805000 0.000010 -0.002737
 0.806000 0.000008 -0.002168
 0.807000 0.000006 -0.001698
 0.808000 0.000004 -0.001315
 0.809000 0.000003 -0.001007
 0.810000 0.000002 -0.000762
 0.811000 0.000002 -0.000571
 0.812000 0.000001 -0.000423
 0.813000 0.000001 -0.000310
 0.814000 0.000001 -0.000225
 0.815000 0.000000 0.000000
 0.816000 0.000000 0.000000
 0.817000 0.000000 0.000000
 0.818000 0.000000 0.000000
 0.819000 0.000000 0.000000
 0.820000 0.000000 0.000000
 0.821000 0.000000 0.000000
 0.822000 0.000000 0.000000
 0.823000 0.000000 0.000000
 0.824000 0.000000 0.000000
 0.825000 0.000000 0.000000
 0.826000 0.000000 0.000000
 0.827000 0.000000 0.000000
 0.828000 0.000000 0.000000
 0.829000 0.000000 0.000000
 0.830000 0.000000 0.000000
 0.831000 0.000000 0.000000
 0.832000 0.000000 0.000000
 0.833000 0.000000 0.000000
 0.834000 0.000000 0.000000
 0.835000 0.000000 0.000000
 0.836000 0.000000 0.000000
 0.837000 0.000000 0.000000
 0.838000 0.000000 0.000000
 0.839000 0.000000 0.000000
 0.840000 0.000000 0.000000
 0.841000 0.000000 0.000000
 0.842000 0.000000 0.000000
 0.843000 0.000000 0.000000
 0.844000 0.000000 0.000000
 0.845000 0.000000 0.000000
 0.846000 0.000000 0.000000
 0.847000 0.000000 0.000000
 0.848000 0.000000 0.000000
 0.849000 0.000000 0.000000
 0.850000 0.000000 0.000000
 0.851000 0.000000 0.000000
 0.852000 0.000000 0.000000
 0.853000 0.000000 0.000000
 0.854000 0.000000 0.000000
 0.855000 0.000000 0.000000
 0.856000 0.000000 0.000000
 0.857000 0.000000 0.000000
 0.858000 0.000000 0.000000
 0.859000 0.000000 0.000000
 0.860000 0.000000 0.000000
 0.861000 0.000000 0.000000
 0.862000 0.000000 0.000000
 0.863000 0.000000 0.000000
 0.864000 0.000000 0.000000
 0.865000 0.000000 0.000000
 0.866000 0.000000 0.000000
 0.867000 0.000000 0.000000
 0.868000 0.000000 0.000000
 0.869000 0.000000 0.000000
 0.870000 0.000000 0.000000
 0.871000 0.000000 0.000000
 0.872000 0.000000 0.000000
 0.873000 0.000000 0.000000
 0.874000 0.000000 0.000000
 0.875000 0.000000 0.000000
 0.876000 0.000000 0.000000
 0.877000 0.000000 0.000000
 0.878000 0.000000 0.000000
 0.879000 0.000000 0.000000
 0.880000 0.000000 0.000000
 0.881000 0.000000 0.000000
 0.882000 0.000000 0.000000
 0.883000 0.000000 0.000000
 0.884000 0.000000 0.000000
 0.885000 0.000000 0.000000
 0.886000 0.000000 0.000000
 0.887000 0.000000 0.000000
 0.888000 0.000000 0.000000
 0.889000 0.000000 0.000000
 0.890000 0.000000 0.000000
 0.891000 0.000000 0.000000
 0.892000 0.000000 0.000000
 0.893000 0.000000 0.000000
 0.894000 0.000000 0.000000
 0.895000 0.000000 0.000000
 0.896000 0.000000 0.000000
 0.897000 0.000000 0.000000
 0.898000 0.000000 0.000000
 0.899000 0.000000 0.000000
 0.900000 0.000000 0.000000
 0.901000 0.000000 0.000000
 0.902000 0.000000 0.000000
 0.903000 0.000000 0.000000
 0.904000 0.000000 0.000000
 0.905000 0.000000 0.000000
 0.906000 0.000000 0.000000
 0.907000 0.000000 0.000000
 0.908000 0.000000 0.000000
 0.909000 0.000000 0.000000
 0.910000 0.000000 0.000000
 0.911000 0.000000 0.000000
 0.912000 0.000000 0.000000
 0.913000 0.000000 0.000000
 0.914000 0.000000 0.000000
 0.915000 0.000000 0.000000
 0.916000 0.000000 0.000000
 0.917000 0.000000 0.000000
 0.918000 0.000000 0.000000
 0.919000 0.000000 0.000000
 0.920000 0.000000 0.000000
 0.921000 0.000000 0.000000
 0.922000 0.000000 0.000000
 0.923000 0.000000 0.000000
 0.924000 0.000000 0.000000
 0.925000 0.000000 0.000000
 0.926000 0.000000 0.000000
 0.927000 0.000000 0.000000
 0.928000 0.000000 0.000000
 0.929000 0.000000 0.000000
 0.930000 0.000000 0.000000
 0.931000 0.000000 0.000000
 0.932000 0.000000 0.000000
 0.933000 0.000000 0.000000
 0.934000 0.000000 0.000000
 0.935000 0.000000 0.000000
 0.936000 0.000000 0.000000
 0.937000 0.000000 0.000000
 0.938000 0.000000 0.000000
 0.939000 0.000000 0.000000
 0.940000 0.000000 0.000000
 0.941000 0.000000 0.000000
 0.942000 0.000000 0.000000
 0.943000 0.000000 0.000000
 0.944000 0.000000 0.000000
 0.945000 0.000000 0.000000
 0.946000 0.000000 0.000000
 0.947000 0.000000 0.000000
 0.948000 0.000000 0.000000
 0.949000 0.000000 0.000000
 0.950000 0.000000 0.000000
 0.951000 0.000000 0.000000
 0.952000 0.000000 0.000000
 0.953000 0.000000 0.000000
 0.954000 0.000000 0.000000
 0.955000 0.000000 0.000000
 0.956000 0.000000 0.000000
 0.957000 0.000000 0.000000
 0.958000 0.000000 0.000000
 0.959000 0.000000 0.000000
 0.960000 0.000000 0.000000
 0.961000 0.000000 0.000000
 0.962000 0.000000 0.000000
 0.963000 0.000000 0.000000
 0.964000 0.000000 0.000000
 0.965000 0.000000 0.000000
 0.966000 0.000000 0.000000
 0.967000 0.000000 0.000000
 0.968000 0.000000 0.000000
 0.969000 0.000000 0.000000
 0.970000 0.000000 0.000000
 0.971000 0.000000 0.000000
 0.972000 0.000000 0.000000
 0.973000 0.000000 0.000000
 0.974000 0.000000 0.000000
 0.975000 0.000000 0.000000
 0.976000 0.000000 0.000000
 0.977000 0.000000 0.000000
 0.978000 0.000000 0.000000
 0.979000 0.000000 0.000000
 0.980000 0.000000 0.000000
 0.981000 0.000000 0.000000
 0.982000 0.000000 0.000000
 0.983000 0.000000 0.000000
 0.984000 0.000000 0.000000
 0.985000 0.000000 0.000000
 0.986000 0.000000 0.000000
 0.987000 0.000000 0.000000
 0.988000 0.000000 0.000000
 0.989000 0.000000 0.000000
 0.990000 0.000000 0.000000
 0.991000 0.000000 0.000000
 0.992000 0.000000 0.000000
 0.993000 0.000000 0.000000
 0.994000 0.000000 0.000000
 0.995000 0.000000 0.000000
 0.996000 0.000000 0.000000
 0.997000 0.000000 0.000000
 0.998000 0.000000 0.000000
 0.999000 0.000000 0.000000
 1.000000 0.000000 0.000000
 1.001000 0.000000 0.000000
 1.002000 0.000000 0.000000
 1.003000 0.000000 0.000000
 1.004000 0.000000 0.000000
 1.005000 0.000000 0.000000
 1.006000 0.000000 0.000000
 1.007000 0.000000 0.000000
 1.008000 0.000000 0.000000
 1.009000 0.000000 0.000000
 1.010000 0.000000 0.000000
 1.011000 0.000000 0.000000
 1.012000 0.000000 0.000000
 1.013000 0.000000 0.000000
 1.014000 0.000000 0.000000
 1.015000 0.000000 0.000000
 1.016000 0.000000 0.000000
 1.017000 0.000000 0.000000
 1.018000 0.000000 0.000000
 1.019000 0.000000 0.000000
 1.020000 0.000000 0.000000
 1.021000 0.000000 0.000000
 1.022000 0.000000 0.000000
 1.023000 0.000000 0.000000
 1.024000 0.000000 0.000000
 1.025000 0.000000 0.000000
 1.026000 0.000000 0.000000
 1.027000 0.000000 0.000000
 1.028000 0.000000 0.000000
 1.029000 0.000000 0.000000
 1.030000 0.000000 0.000000
 1.031000 0.000000 0.000000
 1.032000 0.000000 0.000000
 1.033000 0.000000 0.000000
 1.034000 0.000000 0.000000
 1.035000 0.000000 0.000000
 1.036000 0.000000 0.000000
 1.037000 0.000000 0.000000
 1.038000 0.000000 0.000000
 1.039000 0.000000 0.000000
 1.040000 0.000000 0.000000
 1.041000 0.000000 0.000000
 1.042000 0.000000 0.000000
 1.043000 0.000000 0.000000
 1.044000 0.000000 0.000000
 1.045000 0.000000 0.000000
 1.046000 0.000000 0.000000
 1.047000 0.000000 0.000000
 1.048000 0.000000 0.000000
 1.049000 0.000000 0.000000
 1.050000 0.000000 0.000000
 1.051000 0.000000 0.000000
 1.052000 0.000000 0.000000
 1.053000 0.000000 0.000000
 1.054000 0.000000 0.000000
 1.055000 0.000000 0.000000
 1.056000 0.000000 0.000000
 1.057000 0.000000 0.000000
 1.058000 0.000000 0.000000
 1.059000 0.000000 0.000000
 1.060000 0.000000 0.000000
 1.061000 0.000000 0.000000
 1.062000 0.000000 0.000000
 1.063000 0.000000 0.000000
 1.064000 0.000000 0.000000
 1.065000 0.000000 0.000000
 1.066000 0.000000 0.000000
 1.067000 0.000000 0.000000
 1.068000 0.000000 0.000000
 1.069000 0.000000 0.000000
 1.070000 0.000000 0.000000
 1.071000 0.000000 0.000000
 1.072000 0.000000 0.000000
 1.073000 0.000000 0.000000
 1.074000 0.000000 0.000000
 1.075000 0.000000 0.000000
 1.076000 0.000000 0.000000
 1.077000 0.000000 0.000000
 1.078000 0.000000 0.000000
 1.079000 0.000000 0.000000
 1.080000 0.000000 0.000000
 1.081000 0.000000 0.000000
 1.082000 0.000000 0.000000
 1.083000 0.000000 0.000000
 1.084000 0.000000 0.000000
 1.085000 0.000000 0.000000
 1.086000 0.000000 0.000000
 1.087000 0.000000 0.000000
 1.088000 0.000000 0.000000
 1.089000 0.000000 0.000000
 1.090000 0.000000 0.000000
 1.091000 0.000000 0.000000
 1.092000 0.000000 0.000000
 1.093000 0.000000 0.000000
 1.094000 0.000000 0.000000
 1.095000 0.000000 0.000000
 1.096000 0.000000 0.000000
 1.097000 0.000000 0.000000
 1.098000 0.000000 0.000000
 1.099000 0.000000 0.000000
 1.100000 0.000000 0.000000
 1.101000 0.000000 0.000000
 1.102000 0.000000 0.000000
 1.103000 0.000000 0.000000
 1.104000 0.000000 0.000000
 1.105000 0.000000 0.000000
 1.106000 0.000000 0.000000
 1.107000 0.000000 0.000000
 1.108000 0.000000 0.000000
 1.109000 0.000000 0.000000
 1.110000 0.000000 0.000000
 1.111000 0.000000 0.000000
 1.112000 0.000000 0.000000
 1.113000 0.000000 0.000000
 1.114000 0.000000 0.000000
 1.115000 0.000000 0.000000
 1.116000 0.000000 0.000000
 1.117000 0.000000 0.000000
 1.118000 0.000000 0.000000
 1.119000 0.000000 0.000000
 1.120000 0.000000 0.000000
 1.121000 0.000000 0.000000
 1.122000 0.000000 0.000000
 1.123000 0.000000 0.000000
 1.124000 0.000000 0.000000
 1.125000 0.000000 0.000000
 1.126000 0.000000 0.000000
 1.127000 0.000000 0.000000
 1.128000 0.000000 0.000000
 1.129000 0.000000 0.000000
 1.130000 0.000000 0.000000
 1.131000 0.000000 0.000000
 1.132000 0.000000 0.000000
 1.133000 0.000000 0.000000
 1.134000 0.000000 0.000000
 1.135000 0.000000 0.000000
 1.136000 0.000000 0.000000
 1.137000 0.000000 0.000000
 1.138000 0.000000 0.000000
 1.139000 0.000000 0.000000
 1.140000 0.000000 0.000000
 1.141000 0.000000 0.000000
 1.142000 0.000000 0.000000
 1.143000 0.000000 0.000000
 1.144000 0.000000 0.000000
 1.145000 0.000000 0.000000
 1.146000 0.000000 0.000000
 1.147000 0.000000 0.000000
 1.148000 0.000000 0.000000
 1.149000 0.000000 0.000000
 1.150000 0.000000 0.000000
 1.151000 0.000000 0.000000
 1.152000 0.000000 0.000000
 1.153000 0.000000 0.000000
 1.154000 0.000000 0.000000
 1.155000 0.000000 0.000000
 1.156000 0.000000 0.000000
 1.157000 0.000000 0.000000
 1.158000 0.000000 0.000000
 1.159000 0.000000 0.000000
 1.160000 0.000000 0.000000
 1.161000 0.000000 0.000000
 1.162000 0.000000 0.000000
 1.163000 0.000000 0.000000
 1.164000 0.000000 0.000000
 1.165000 0.000000 0.000000
 1.166000 0.000000 0.000000
 1.167000 0.000000 0.000000
 1.168000 0.000000 0.000000
 1.169000 0.000000 0.000000
 1.170000 0.000000 0.000000
 1.171000 0.000000 0.000000
 1.172000 0.000000 0.000000
 1.173000 0.000000 0.000000
 1.174000 0.000000 0.000000
 1.175000 0.000000 0.000000
 1.176000 0.000000 0.000000
 1.177000 0.000000 0.000000
 1.178000 0.000000 0.000000
 1.179000 0.000000 0.000000
 1.180000 0.000000 0.000000
 1.181000 0.000000 0.000000
 1.182000 0.000000 0.000000
 1.183000 0.000000 0.000000
 1.184000 0.000000 0.000000
 1.185000 0.000000 0.000000
 1.186000 0.000000 0.000000
 1.187000 0.000000 0.000000
 1.188000 0.000000 0.000000
 1.189000 0.000000 0.000000
 1.190000 0.000000 0.000000
 1.191000 0.000000 0.000000
 1.192000 0.000000 0.000000
 1.193000 0.000000 0.000000
 1.194000 0.000000 0.000000
 1.195000 0.000000 0.000000
 1.196000 0.000000 0.000000
 1.197000 0.000000 0.000000
 1.198000 0.000000 0.000000
 1.199000 0.000000 0.000000
 1.200000 0.000000 0.000000
 1.201000 0.000000 0.000000
 1.202000 0.000000 0.000000
 1.203000 0.000000 0.000000
 1.204000 0.000000 0.000000
 1.205000 0.000000 0.000000
 1.206000 0.000000 0.000000
 1.207000 0.000000 0.000000
 1.208000 0.000000 0.000000
 1.209000 0.000000 0.000000
 1.210000 0.000000 0.000000
 1.211000 0.000000 0.000000
 1.212000 0.000000 0.000000
 1.213000 0.000000 0.000000
 1.214000 0.000000 0.000000
 1.215000 0.000000 0.000000
 1.216000 0.000000 0.000000
 1.217000 0.000000 0.000000
 1.218000 0.000000 0.000000
 1.219000 0.000000 0.000000
 1.220000 0.000000 0.000000
 1.221000 0.000000 0.000000
 1.222000 0.000000 0.000000
 1.223000 0.000000 0.000000
 1.224000 0.000000 0.000000
 1.225000 0.000000 0.000000
 1.226000 0.000000 0.000000
 1.227000 0.000000 0.000000
 1.228000 0.000000 0.000000
 1.229000 0.000000 0.000000
 1.230000 0.000000 0.000000
 1.231000 0.000000 0.000000
 1.232000 0.000000 0.000000
 1.233000 0.000000 0.000000
 1.234000 0.000000 0.000000
 1.235000 0.000000 0.000000
 1.236000 0.000000 0.000000
 1.237000 0.000000 0.000000
 1.238000 0.000000 0.000000
 1.239000 0.000000 0.000000
 1.240000 0.000000 0.000000
 1.241000 0.000000 0.000000
 1.242000 0.000000 0.000000
 1.243000 0.000000 0.000000
 1.244000 0.000000 0.000000
 1.245000 0.000000 0.000000
 1.246000 0.000000 0.000000
 1.247000 0.000000 0.000000
 1.248000 0.000000 0.000000
 1.249000 0.000000 0.000000
 1.250000 0.000000 0.000000
 1.251000 0.000000 0.000000
 1.252000 0.000000 0.000000
 1.253000 0.000000 0.000000
 1.254000 0.000000 0.000000
 1.255000 0.000000 0.000000
 1.256000 0.000000 0.000000
 1.257000 0.000000 0.000000
 1.258000 0.000000 0.000000
 1.259000 0.000000 0.000000
 1.260000 0.000000 0.000000
 1.261000 0.000000 0.000000
 1.262000 0.000000 0.000000
 1.263000 0.000000 0.000000
 1.264000 0.000000 0.000000
 1.265000 0.000000 0.000000
 1.266000 0.000000 0.000000
 1.267000 0.000000 0.000000
 1.268000 0.000000 0.000000
 1.269000 0.000000 0.000000
 1.270000 0.000000 0.000000
 1.271000 0.000000 0.000000
 1.272000 0.000000 0.000000
 1.273000 0.000000 0.000000
 1.274000 0.000000 0.000000
 1.275000 0.000000 0.000000
 1.276000 0.000000 0.000000
 1.277000 0.000000 0.000000
 1.278000 0.000000 0.000000
 1.279000 0.000000 0.000000
 1.280000 0.000000 0.000000
 1.281000 0.000000 0.000000
 1.282000 0.000000 0.000000
 1.283000 0.000000 0.000000
 1.284000 0.000000 0.000000
 1.285000 0.000000 0.000000
 1.286000 0.000000 0.000000
 1.287000 0.000000 0.000000
 1.288000 0.000000 0.000000
 1.289000 0.000000 0.000000
 1.290000 0.000000 0.000000
 1.291000 0.000000 0.000000
 1.292000 0.000000 0.000000
 1.293000 0.000000 0.000000
 1.294000 0.000000 0.000000
 1.295000 0.000000 0.000000
 1.296000 0.000000 0.000000
 1.297000 0.000000 0.000000
 1.298000 0.000000 0.000000
 1.299000 0.000000 0.000000
 1.300000 0.000000 0.000000
 1.301000 0.000000 0.000000
 1.302000 0.000000 0.000000
 1.303000 0.000000 0.000000
 1.304000 0.000000 0.000000
 1.305000 0.000000 0.000000
 1.306000 0.000000 0.000000
 1.307000 0.000000 0.000000
 1.308000 0.000000 0.000000
 1.309000 0.000000 0.000000
 1.310000 0.000000 0.000000
 1.311000 0.000000 0.000000
 1.312000 0.000000 0.000000
 1.313000 0.000000 0.000000
 1.314000 0.000000 0.000000
 1.315000 0.000000 0.000000
 1.316000 0.000000 0.000000
 1.317000 0.000000 0.000000
 1.318000 0.000000 0.000000
 1.319000 0.000000 0.000000
 1.320000 0.000000 0.000000
 1.321000 0.000000 0.000000
 1.322000 0.000000 0.000000
 1.323000 0.000000 0.000000
 1.324000 0.000000 0.000000
 1.325000 0.000000 0.000000
 1.326000 0.000000 0.000000
 1.327000 0.000000 0.000000
 1.328000 0.000000 0.000000
 1.329000 0.000000 0.000000
 1.330000 0.000000 0.000000
 1.331000 0.000000 0.000000
 1.332000 0.000000 0.000000
 1.333000 0.000000 0.000000
 1.334000 0.000000 0.000000
 1.335000 0.000000 0.000000
 1.336000 0.000000 0.000000
 1.337000 0.000000 0.000000
 1.338000 0.000000 0.000000
 1.339000 0.000000 0.000000
 1.340000 0.000000 0.000000
 1.341000 0.000000 0.000000
 1.342000 0.000000 0.000000
 1.343000 0.000000 0.000000
 1.344000 0.000000 0.000000
 1.345000 0.000000 0.000000
 1.346000 0.000000 0.000000
 1.347000 0.000000 0.000000
 1.348000 0.000000 0.000000
 1.349000 0.000000 0.000000
 1.350000 0.000000 0.000000
 1.351000 0.000000 0.000000
 1.352000 0.000000 0.000000
 1.353000 0.000000 0.000000
 1.354000 0.000000 0.000000
 1.355000 0.000000 0.000000
 1.356000 0.000000 0.000000
 1.357000 0.000000 0.000000
 1.358000 0.000000 0.000000
 1.359000 0.000000 0.000000
 1.360000 0.000000 0.000000
 1.361000 0.000000 0.000000
 1.362000 0.000000 0.000000
 1.363000 0.000000 0.000000
 1.364000 0.000000 0.000000
 1.365000 0.000000 0.000000
 1.366000 0.000000 0.000000
 1.367000 0.000000 0.000000
 1.368000 0.000000 0.000000
 1.369000 0.000000 0.000000
 1.370000 0.000000 0.000000
 1.371000 0.000000 0.000000
 1.372000 0.000000 0.000000
 1.373000 0.000000 0.000000
 1.374000 0.000000 0.000000
 1.375000 0.000000 0.000000
 1.376000 0.000000 0.000000
 1.377000 0.000000 0.000000
 1.378000 0.000000 0.000000
 1.379000 0.000000 0.000000
 1.380000 0.000000 0.000000
 1.381000 0.000000 0.000000
 1.382000 0.000000 0.000000
 1.383000 0.000000 0.000000
 1.384000 0.000000 0.000000
 1.385000 0.000000 0.000000
 1.386000 0.000000 0.000000
 1.387000 0.000000 0.000000
 1.388000 0.000000 0.000000
 1.389000 0.000000 0.000000
 1.390000 0.000000 0.000000
 1.391000 0.000000 0.000000
 1.392000 0.000000 0.000000
 1.393000 0.000000 0.000000
 1.394000 0.000000 0.000000
 1.395000 0.000000 0.000000
 1.396000 0.000000 0.000000
 1.397000 0.000000 0.000000
 1.398000 0.000000 0.000000
 1.399000 0.000000 0.000000
 1.400000 0.000000 0.000000
 1.401000 0.000000 0.000000
 1.402000 0.000000 0.000000
 1.403000 0.000000 0.000000
 1.404000 0.000000 0.000000
 1.405000 0.000000 0.000000
 1.406000 0.000000 0.000000
 1.407000 0.000000 0.000000
 1.408000 0.000000 0.000000
 1.409000 0.000000 0.000000
 1.410000 0.000000 0.000000
 1.411000 0.000000 0.000000
 1.412000 0.000000 0.000000
 1.413000 0.000000 0.000000
 1.414000 0.000000 0.000000
 1.415000 0.000000 0.000000
 1.416000 0.000000 0.000000
 1.417000 0.000000 0.000000
 1.418000 0.000000 0.000000
 1.419000 0.000000 0.000000
 1.420000 0.000000 0.000000
 1.421000 0.000000 0.000000
 1.422000 0.000000 0.000000
 1.423000 0.000000 0.000000
 1.424000 0.000000 0.000000
 1.425000 0.000000 0.000000
 1.426000 0.000000 0.000000
 1.427000 0.000000 0.000000
 1.428000 0.000000 0.000000
 1.429000 0.000000 0.000000
 1.430000 0.000000 0.000000
 1.431000 0.000000 0.000000
 1.432000 0.000000 0.000000
 1.433000 0.000000 0.000000
 1.434000 0.000000 0.000000
 1.435000 0.000000 0.000000
 1.436000 0.000000 0.000000
 1.437000 0.000000 0.000000
 1.438000 0.000000 0.000000
 1.439000 0.000000 0.000000
 1.440000 0.000000 0.000000
 1.441000 0.000000 0.000000
 1.442000 0.000000 0.000000
 1.443000 0.000000 0.000000
 1.444000 0.000000 0.000000
 1.445000 0.000000 0.000000
 1.446000 0.000000 0.000000
 1.447000 0.000000 0.000000
 1.448000 0.000000 0.000000
 1.449000 0.000000 0.000000
 1.450000 0.000000 0.000000
 1.451000 0.000000 0.000000
 1.452000 0.000000 0.000000
 1.453000 0.000000 0.000000
 1.454000 0.000000 0.000000
 1.455000 0.000000 0.000000
 1.456000 0.000000 0.000000
 1.457000 0.000000 0.000000
 1.458000 0.000000 0.000000
 1.459000 0.000000 0.000000
 1.460000 0.000000 0.000000
 1.461000 0.000000 0.000000
 1.462000 0.000000 0.000000
 1.463000 0.000000 0.000000
 1.464000 0.000000 0.000000
 1.465000 0.000000 0.000000
 1.466000 0.000000 0.000000
 1.467000 0.000000 0.000000
 1.468000 0.000000 0.000000
 1.469000 0.000000 0.000000
 1.470000 0.000000 0.000000
 1.471000 0.000000 0.000000
 1.472000 0.000000 0.000000
 1.473000 0.000000 0.000000
 1.474000 0.000000 0.000000
 1.475000 0.000000 0.000000
 1.476000 0.000000 0.000000
 1.477000 0.000000 0.000000
 1.478000 0.000000 0.000000
 1.479000 0.000000 0.000000
 1.480000 0.000000 0.000000
 1.481000 0.000000 0.000000
 1.482000 0.000000 0.000000
 1.483000 0.000000 0.000000
 1.484000 0.000000 0.000000
 1.485000 0.000000 0.000000
 1.486000 0.000000 0.000000
 1.487000 0.000000 0.000000
 1.488000 0.000000 0.000000
 1.489000 0.000000 0.000000
 1.490000 0.000000 0.000000
 1.491000 0.000000 0.000000
 1.492000 0.000000 0.000000
 1.493000 0.000000 0.000000
 1.494000 0.000000 0.000000
 1.495000 0.000000 0.000000
 1.496000 0.000000 0.000000
 1.497000 0.000000 0.000000
 1.498000 0.000000 0.000000
 1.499000 0.000000 0.000000
 1.500000 0.000000 0.000000
