#! FIELDS s hh dhh_s
#! SET normalisation  399.000000
#! SET min_s -0.5
#! SET max_s 1.5
#! SET nbins_s  2000
#! SET periodic_s false
 -0.500000 0.000000 0.000000
 -0.499000 0.000000 0.000000
 -0.498000 0.000000 0.000000
 -0.497000 0.000000 0.000000
 -0.496000 0.000000 0.000000
 -0.495000 0.000000 0.000000
 -0.494000 0.000000 0.000000
 -0.493000 0.000000 0.000000
 -0.492000 0.000000 0.000000
 -0.491000 0.000000 0.000000
 -0.490000 0.000000 0.000000
 -0.489000 0.000000 0.000000
 -0.488000 0.000000 0.000000
 -0.487000 0.000000 0.000000
 -0.486000 0.000000 0.000000
 -0.485000 0.000000 0.000000
 -0.484000 0.000000 0.000000
 -0.483000 0.000000 0.000000
 -0.482000 0.000000 0.000000
 -0.481000 0.000000 0.000000
 -0.480000 0.000000 0.000000
 -0.479000 0.000000 0.000000
 -0.478000 0.000000 0.000000
 -0.477000 0.000000 0.000000
 -0.476000 0.000000 0.000000
 -0.475000 0.000000 0.000000
 -0.474000 0.000000 0.000000
 -0.473000 0.000000 0.000000
 -0.472000 0.000000 0.000000
 -0.471000 0.000000 0.000000
 -0.470000 0.000000 0.000000
 -0.469000 0.000000 0.000000
 -0.468000 0.000000 0.000000
 -0.467000 0.000000 0.000000
 -0.466000 0.000000 0.000000
 -0.465000 0.000000 0.000000
 -0.464000 0.000000 0.000000
 -0.463000 0.000000 0.000000
 -0.462000 0.000000 0.000000
 -0.461000 0.000000 0.000000
 -0.460000 0.000000 0.000000
 -0.459000 0.000000 0.000000
 -0.458000 0.000000 0.000000
 -0.457000 0.000000 0.000000
 -0.456000 0.000000 0.000000
 -0.455000 0.000000 0.000000
 -0.454000 0.000000 0.000000
 -0.453000 0.000000 0.000000
 -0.452000 0.000000 0.000000
 -0.451000 0.000000 0.000000
 -0.450000 0.000000 0.000000
 -0.449000 0.000000 0.000000
 -0.448000 0.000000 0.000000
 -0.447000 0.000000 0.000000
 -0.446000 0.000000 0.000000
 -0.445000 0.000000 0.000000
 -0.444000 0.000000 0.000000
 -0.443000 0.000000 0.000000
 -0.442000 0.000000 0.000000
 -0.441000 0.000000 0.000000
 -0.440000 0.000000 0.000000
 -0.439000 0.000000 0.000000
 -0.438000 0.000000 0.000000
 -0.437000 0.000000 0.000000
 -0.436000 0.000000 0.000000
 -0.435000 0.000000 0.000000
 -0.434000 0.000000 0.000000
 -0.433000 0.000000 0.000000
 -0.432000 0.000000 0.000000
 -0.431000 0.000000 0.000000
 -0.430000 0.000000 0.000000
 -0.429000 0.000000 0.000000
 -0.428000 0.000000 0.000000
 -0.427000 0.000000 0.000000
 -0.426000 0.000000 0.000000
 -0.425000 0.000000 0.000000
 -0.424000 0.000000 0.000000
 -0.423000 0.000000 0.000000
 -0.422000 0.000000 0.000000
 -0.421000 0.000000 0.000000
 -0.420000 0.000000 0.000000
 -0.419000 0.000000 0.000000
 -0.418000 0.000000 0.000000
 -0.417000 0.000000 0.000000
 -0.416000 0.000000 0.000000
 -0.415000 0.000000 0.000000
 -0.414000 0.000000 0.000000
 -0.413000 0.000000 0.000000
 -0.412000 0.000000 0.000000
 -0.411000 0.000000 0.000000
 -0.410000 0.000000 0.000000
 -0.409000 0.000000 0.000000
 -0.408000 0.000000 0.000000
 -0.407000 0.000000 0.000000
 -0.406000 0.000000 0.000000
 -0.405000 0.000000 0.000000
 -0.404000 0.000000 0.000000
 -0.403000 0.000000 0.000000
 -0.402000 0.000000 0.000000
 -0.401000 0.000000 0.000000
 -0.400000 0.000000 0.000000
 -0.399000 0.000000 0.000000
 -0.398000 0.000000 0.000000
 -0.397000 0.000000 0.000000
 -0.396000 0.000000 0.000000
 -0.395000 0.000000 0.000000
 -0.394000 0.000000 0.000000
 -0.393000 0.000000 0.000000
 -0.392000 0.000000 0.000000
 -0.391000 0.000000 0.000000
 -0.390000 0.000000 0.000000
 -0.389000 0.000000 0.000000
 -0.388000 0.000000 0.000000
 -0.387000 0.000000 0.000000
 -0.386000 0.000000 0.000000
 -0.385000 0.000000 0.000000
 -0.384000 0.000000 0.000000
 -0.383000 0.000000 0.000000
 -0.382000 0.000000 0.000000
 -0.381000 0.000000 0.000000
 -0.380000 0.000000 0.000000
 -0.379000 0.000000 0.000000
 -0.378000 0.000000 0.000000
 -0.377000 0.000000 0.000000
 -0.376000 0.000000 0.000000
 -0.375000 0.000000 0.000000
 -0.374000 0.000000 0.000000
 -0.373000 0.000000 0.000000
 -0.372000 0.000000 0.000000
 -0.371000 0.000000 0.000000
 -0.370000 0.000000 0.000000
 -0.369000 0.000000 0.000000
 -0.368000 0.000000 0.000000
 -0.367000 0.000000 0.000000
 -0.366000 0.000000 0.000000
 -0.365000 0.000000 0.000000
 -0.364000 0.000000 0.000000
 -0.363000 0.000000 0.000000
 -0.362000 0.000000 0.000000
 -0.361000 0.000000 0.000000
 -0.360000 0.000000 0.000000
 -0.359000 0.000000 0.000000
 -0.358000 0.000000 0.000000
 -0.357000 0.000000 0.000000
 -0.356000 0.000000 0.000000
 -0.355000 0.000000 0.000000
 -0.354000 0.000000 0.000000
 -0.353000 0.000000 0.000000
 -0.352000 0.000000 0.000000
 -0.351000 0.000000 0.000000
 -0.350000 0.000000 0.000000
 -0.349000 0.000000 0.000000
 -0.348000 0.000000 0.000000
 -0.347000 0.000000 0.000000
 -0.346000 0.000000 0.000000
 -0.345000 0.000000 0.000000
 -0.344000 0.000000 0.000000
 -0.343000 0.000000 0.000000
 -0.342000 0.000000 0.000000
 -0.341000 0.000000 0.000000
 -0.340000 0.000000 0.000000
 -0.339000 0.000000 0.000000
 -0.338000 0.000000 0.000000
 -0.337000 0.000000 0.000000
 -0.336000 0.000000 0.000000
 -0.335000 0.000000 0.000000
 -0.334000 0.000000 0.000000
 -0.333000 0.000000 0.000000
 -0.332000 0.000000 0.000000
 -0.331000 0.000000 0.000000
 -0.330000 0.000000 0.000000
 -0.329000 0.000000 0.000000
 -0.328000 0.000000 0.000000
 -0.327000 0.000000 0.000000
 -0.326000 0.000000 0.000000
 -0.325000 0.000000 0.000000
 -0.324000 0.000000 0.000000
 -0.323000 0.000000 0.000000
 -0.322000 0.000000 0.000000
 -0.321000 0.000000 0.000000
 -0.320000 0.000000 0.000000
 -0.319000 0.000000 0.000000
 -0.318000 0.000000 0.000000
 -0.317000 0.000000 0.000000
 -0.316000 0.000000 0.000000
 -0.315000 0.000000 0.000000
 -0.314000 0.000000 0.000000
 -0.313000 0.000000 0.000000
 -0.312000 0.000000 0.000000
 -0.311000 0.000000 0.000000
 -0.310000 0.000000 0.000000
 -0.309000 0.000000 0.000000
 -0.308000 0.000000 0.000000
 -0.307000 0.000000 0.000000
 -0.306000 0.000000 0.000000
 -0.305000 0.000000 0.000000
 -0.304000 0.000000 0.000000
 -0.303000 0.000000 0.000000
 -0.302000 0.000000 0.000000
 -0.301000 0.000000 0.000000
 -0.300000 0.000000 0.000000
 -0.299000 0.000000 0.000000
 -0.298000 0.000000 0.000000
 -0.297000 0.000000 0.000000
 -0.296000 0.000000 0.000000
 -0.295000 0.000000 0.000000
 -0.294000 0.000000 0.000000
 -0.293000 0.000000 0.000000
 -0.292000 0.000000 0.000000
 -0.291000 0.000000 0.000000
 -0.290000 0.000000 0.000000
 -0.289000 0.000000 0.000000
 -0.288000 0.000000 0.000000
 -0.287000 0.000000 0.000000
 -0.286000 0.000000 0.000000
 -0.285000 0.000000 0.000000
 -0.284000 0.000000 0.000000
 -0.283000 0.000000 0.000000
 -0.282000 0.000000 0.000000
 -0.281000 0.000000 0.000000
 -0.280000 0.000000 0.000000
 -0.279000 0.000000 0.000000
 -0.278000 0.000000 0.000000
 -0.277000 0.000000 0.000000
 -0.276000 0.000000 0.000000
 -0.275000 0.000000 0.000000
 -0.274000 0.000000 0.000000
 -0.273000 0.000000 0.000000
 -0.272000 0.000000 0.000000
 -0.271000 0.000000 0.000000
 -0.270000 0.000000 0.000000
 -0.269000 0.000000 0.000000
 -0.268000 0.000000 0.000000
 -0.267000 0.000000 0.000000
 -0.266000 0.000000 0.000000
 -0.265000 0.000000 0.000000
 -0.264000 0.000000 0.000000
 -0.263000 0.000000 0.000000
 -0.262000 0.000000 0.000000
 -0.261000 0.000000 0.000000
 -0.260000 0.000000 0.000000
 -0.259000 0.000000 0.000000
 -0.258000 0.000000 0.000000
 -0.257000 0.000000 0.000000
 -0.256000 0.000000 0.000000
 -0.255000 0.000000 0.000000
 -0.254000 0.000000 0.000000
 -0.253000 0.000000 0.000000
 -0.252000 0.000000 0.000000
 -0.251000 0.000000 0.000000
 -0.250000 0.000000 0.000000
 -0.249000 0.000000 0.000000
 -0.248000 0.000000 0.000000
 -0.247000 0.000000 0.000000
 -0.246000 0.000000 0.000000
 -0.245000 0.000000 0.000000
 -0.244000 0.000000 0.000000
 -0.243000 0.000000 0.000000
 -0.242000 0.000000 0.000000
 -0.241000 0.000000 0.000000
 -0.240000 0.000000 0.000000
 -0.239000 0.000000 0.000000
 -0.238000 0.000000 0.000000
 -0.237000 0.000000 0.000000
 -0.236000 0.000000 0.000000
 -0.235000 0.000000 0.000000
 -0.234000 0.000000 0.000000
 -0.233000 0.000000 0.000000
 -0.232000 0.000000 0.000000
 -0.231000 0.000000 0.000000
 -0.230000 0.000000 0.000000
 -0.229000 0.000000 0.000000
 -0.228000 0.000000 0.000000
 -0.227000 0.000000 0.000000
 -0.226000 0.000000 0.000000
 -0.225000 0.000000 0.000000
 -0.224000 0.000000 0.000000
 -0.223000 0.000000 0.000000
 -0.222000 0.000000 0.000000
 -0.221000 0.000000 0.000000
 -0.220000 0.000000 0.000000
 -0.219000 0.000000 0.000000
 -0.218000 0.000000 0.000000
 -0.217000 0.000000 0.000000
 -0.216000 0.000000 0.000000
 -0.215000 0.000000 0.000000
 -0.214000 0.000000 0.000000
 -0.213000 0.000000 0.000000
 -0.212000 0.000000 0.000000
 -0.211000 0.000000 0.000000
 -0.210000 0.000000 0.000000
 -0.209000 0.000000 0.000000
 -0.208000 0.000000 0.000000
 -0.207000 0.000000 0.000000
 -0.206000 0.000000 0.000000
 -0.205000 0.000000 0.000000
 -0.204000 0.000000 0.000000
 -0.203000 0.000000 0.000000
 -0.202000 0.000000 0.000000
 -0.201000 0.000000 0.000000
 -0.200000 0.000000 0.000000
 -0.199000 0.000000 0.000000
 -0.198000 0.000000 0.000000
 -0.197000 0.000000 0.000000
 -0.196000 0.000000 0.000000
 -0.195000 0.000000 0.000000
 -0.194000 0.000000 0.000000
 -0.193000 0.000000 0.000000
 -0.192000 0.000000 0.000000
 -0.191000 0.000000 0.000000
 -0.190000 0.000000 0.000000
 -0.189000 0.000000 0.000000
 -0.188000 0.000000 0.000000
 -0.187000 0.000000 0.000000
 -0.186000 0.000000 0.000000
 -0.185000 0.000000 0.000000
 -0.184000 0.000000 0.000000
 -0.183000 0.000000 0.000000
 -0.182000 0.000000 0.000000
 -0.181000 0.000000 0.000000
 -0.180000 0.000000 0.000000
 -0.179000 0.000000 0.000000
 -0.178000 0.000000 0.000000
 -0.177000 0.000000 0.000000
 -0.176000 0.000000 0.000000
 -0.175000 0.000000 0.000000
 -0.174000 0.000000 0.000000
 -0.173000 0.000000 0.000000
 -0.172000 0.000000 0.000000
 -0.171000 0.000000 0.000000
 -0.170000 0.000000 0.000000
 -0.169000 0.000000 0.000000
 -0.168000 0.000000 0.000000
 -0.167000 0.000000 0.000000
 -0.166000 0.000000 0.000000
 -0.165000 0.000000 0.000000
 -0.164000 0.000000 0.000000
 -0.163000 0.000000 0.000000
 -0.162000 0.000000 0.000000
 -0.161000 0.000000 0.000000
 -0.160000 0.000000 0.000000
 -0.159000 0.000000 0.000000
 -0.158000 0.000000 0.000000
 -0.157000 0.000000 0.000000
 -0.156000 0.000000 0.000000
 -0.155000 0.000000 0.000000
 -0.154000 0.000000 0.000000
 -0.153000 0.000000 0.000000
 -0.152000 0.000000 0.000000
 -0.151000 0.000000 0.000000
 -0.150000 0.000000 0.000000
 -0.149000 0.000000 0.000000
 -0.148000 0.000000 0.000000
 -0.147000 0.000000 0.000000
 -0.146000 0.000000 0.000000
 -0.145000 0.000000 0.000000
 -0.144000 0.000000 0.000000
 -0.143000 0.000000 0.000000
 -0.142000 0.000000 0.000000
 -0.141000 0.000000 0.000000
 -0.140000 0.000000 0.000000
 -0.139000 0.000000 0.000000
 -0.138000 0.000000 0.000000
 -0.137000 0.000000 0.000000
 -0.136000 0.000000 0.000000
 -0.135000 0.000000 0.000000
 -0.134000 0.000000 0.000000
 -0.133000 0.000000 0.000000
 -0.132000 0.000000 0.000000
 -0.131000 0.000000 0.000000
 -0.130000 0.000000 0.000000
 -0.129000 0.000000 0.000000
 -0.128000 0.000000 0.000000
 -0.127000 0.000000 0.000000
 -0.126000 0.000000 0.000000
 -0.125000 0.000000 0.000000
 -0.124000 0.000000 0.000000
 -0.123000 0.000000 0.000000
 -0.122000 0.000000 0.000000
 -0.121000 0.000000 0.000000
 -0.120000 0.000000 0.000000
 -0.119000 0.000000 0.000000
 -0.118000 0.000000 0.000000
 -0.117000 0.000000 0.000000
 -0.116000 0.000000 0.000000
 -0.115000 0.000000 0.000000
 -0.114000 0.000000 0.000000
 -0.113000 0.000000 0.000000
 -0.112000 0.000000 0.000000
 -0.111000 0.000000 0.000000
 -0.110000 0.000000 0.000000
 -0.109000 0.000000 0.000000
 -0.108000 0.000000 0.000000
 -0.107000 0.000000 0.000000
 -0.106000 0.000000 0.000000
 -0.105000 0.000000 0.000000
 -0.104000 0.000000 0.000000
 -0.103000 0.000000 0.000000
 -0.102000 0.000000 0.000000
 -0.101000 0.000000 0.000000
 -0.100000 0.000000 0.000000
 -0.099000 0.000000 0.000000
 -0.098000 0.000000 0.000000
 -0.097000 0.000000 0.000000
 -0.096000 0.000000 0.000000
 -0.095000 0.000000 0.000000
 -0.094000 0.000000 0.000000
 -0.093000 0.000000 0.000000
 -0.092000 0.000000 0.000000
 -0.091000 0.000000 0.000000
 -0.090000 0.000000 0.000000
 -0.089000 0.000000 0.000000
 -0.088000 0.000000 0.000000
 -0.087000 0.000000 0.000000
 -0.086000 0.000000 0.000000
 -0.085000 0.000000 0.000000
 -0.084000 0.000000 0.000000
 -0.083000 0.000000 0.000000
 -0.082000 0.000000 0.000000
 -0.081000 0.000000 0.000000
 -0.080000 0.000000 0.000000
 -0.079000 0.000000 0.000000
 -0.078000 0.000000 0.000000
 -0.077000 0.000000 0.000000
 -0.076000 0.000000 0.000000
 -0.075000 0.000000 0.000000
 -0.074000 0.000000 0.000000
 -0.073000 0.000000 0.000000
 -0.072000 0.000000 0.000000
 -0.071000 0.000000 0.000000
 -0.070000 0.000000 0.000000
 -0.069000 0.000000 0.000000
 -0.068000 0.000000 0.000000
 -0.067000 0.000000 0.000000
 -0.066000 0.000000 0.000000
 -0.065000 0.000000 0.000000
 -0.064000 0.000000 0.000000
 -0.063000 0.000000 0.000000
 -0.062000 0.000000 0.000000
 -0.061000 0.000000 0.000000
 -0.060000 0.000000 0.000000
 -0.059000 0.000000 0.000000
 -0.058000 0.000000 0.000000
 -0.057000 0.000000 0.000000
 -0.056000 0.000000 0.000000
 -0.055000 0.000000 0.000000
 -0.054000 0.000000 0.000000
 -0.053000 0.000000 0.000000
 -0.052000 0.000000 0.000000
 -0.051000 0.000000 0.000000
 -0.050000 0.000000 0.000000
 -0.049000 0.000000 0.000000
 -0.048000 0.000000 0.000000
 -0.047000 0.000000 0.000000
 -0.046000 0.000000 0.000000
 -0.045000 0.000000 0.000000
 -0.044000 0.000000 0.000000
 -0.043000 0.000000 0.000000
 -0.042000 0.000000 0.000000
 -0.041000 0.000000 0.000000
 -0.040000 0.000000 0.000000
 -0.039000 0.000000 0.000000
 -0.038000 0.000000 0.000000
 -0.037000 0.000000 0.000000
 -0.036000 0.000000 0.000000
 -0.035000 0.000000 0.000000
 -0.034000 0.000000 0.000000
 -0.033000 0.000000 0.000000
 -0.032000 0.000000 0.000000
 -0.031000 0.000000 0.000000
 -0.030000 0.000000 0.000000
 -0.029000 0.000000 0.000000
 -0.028000 0.000000 0.000000
 -0.027000 0.000000 0.000000
 -0.026000 0.000000 0.000000
 -0.025000 0.000000 0.000000
 -0.024000 0.000000 0.000000
 -0.023000 0.000000 0.000000
 -0.022000 0.000000 0.000000
 -0.021000 0.000000 0.000000
 -0.020000 0.000000 0.000000
 -0.019000 0.000000 0.000000
 -0.018000 0.000000 0.000000
 -0.017000 0.000000 0.000000
 -0.016000 0.000000 0.000000
 -0.015000 0.000000 0.000000
 -0.014000 0.000000 0.000000
 -0.013000 0.000000 0.000000
 -0.012000 0.000000 0.000000
 -0.011000 0.000000 0.000000
 -0.010000 0.000000 0.000000
 -0.009000 0.000000 0.000000
 -0.008000 0.000000 0.000000
 -0.007000 0.000000 0.000000
 -0.006000 0.000000 0.000000
 -0.005000 0.000000 0.000000
 -0.004000 0.000000 0.000000
 -0.003000 0.000000 0.000000
 -0.002000 0.000000 0.000000
 -0.001000 0.000000 0.000000
 0.000000 0.000000 0.000000
 0.001000 0.000000 0.000000
 0.002000 0.000000 0.000000
 0.003000 0.000000 0.000000
 0.004000 0.000000 0.000000
 0.005000 0.000000 0.000000
 0.006000 0.000000 0.000000
 0.007000 0.000000 0.000000
 0.008000 0.000000 0.000000
 0.009000 0.000000 0.000000
 0.010000 0.000000 0.000000
 0.011000 0.000000 0.000000
 0.012000 0.000000 0.000000
 0.013000 0.000000 0.000000
 0.014000 0.000000 0.000000
 0.015000 0.000000 0.000000
 0.016000 0.000000 0.000000
 0.017000 0.000000 0.000000
 0.018000 0.000000 0.000000
 0.019000 0.000000 0.000000
 0.020000 0.000000 0.000000
 0.021000 0.000000 0.000000
 0.022000 0.000000 0.000000
 0.023000 0.000000 0.000000
 0.024000 0.000000 0.000000
 0.025000 0.000000 0.000000
 0.026000 0.000000 0.000000
 0.027000 0.000000 0.000000
 0.028000 0.000000 0.000000
 0.029000 0.000000 0.000000
 0.030000 0.000000 0.000000
 0.031000 0.000000 0.000000
 0.032000 0.000000 0.000000
 0.033000 0.000000 0.000000
 0.034000 0.000000 0.000000
 0.035000 0.000000 0.000000
 0.036000 0.000000 0.000000
 0.037000 0.000000 0.000000
 0.038000 0.000000 0.000000
 0.039000 0.000000 0.000000
 0.040000 0.000000 0.000000
 0.041000 0.000000 0.000000
 0.042000 0.000000 0.000000
 0.043000 0.000000 0.000000
 0.044000 0.000000 0.000000
 0.045000 0.000000 0.000000
 0.046000 0.000000 0.000000
 0.047000 0.000000 0.000000
 0.048000 0.000000 0.000000
 0.049000 0.000000 0.000000
 0.050000 0.000000 0.000000
 0.051000 0.000000 0.000000
 0.052000 0.000000 0.000000
 0.053000 0.000000 0.000000
 0.054000 0.000000 0.000000
 0.055000 0.000000 0.000000
 0.056000 0.000000 0.000000
 0.057000 0.000000 0.000000
 0.058000 0.000000 0.000000
 0.059000 0.000000 0.000000
 0.060000 0.000000 0.000000
 0.061000 0.000000 0.000000
 0.062000 0.000000 0.000000
 0.063000 0.000000 0.000000
 0.064000 0.000000 0.000000
 0.065000 0.000000 0.000000
 0.066000 0.000000 0.000000
 0.067000 0.000000 0.000000
 0.068000 0.000000 0.000000
 0.069000 0.000000 0.000000
 0.070000 0.000000 0.000000
 0.071000 0.000000 0.000000
 0.072000 0.000000 0.000000
 0.073000 0.000000 0.000000
 0.074000 0.000000 0.000000
 0.075000 0.000000 0.000000
 0.076000 0.000000 0.000000
 0.077000 0.000000 0.000000
 0.078000 0.000000 0.000000
 0.079000 0.000000 0.000000
 0.080000 0.000000 0.000000
 0.081000 0.000000 0.000000
 0.082000 0.000000 0.000000
 0.083000 0.000000 0.000000
 0.084000 0.000000 0.000000
 0.085000 0.000000 0.000000
 0.086000 0.000000 0.000000
 0.087000 0.000000 0.000000
 0.088000 0.000000 0.000000
 0.089000 0.000000 0.000000
 0.090000 0.000000 0.000000
 0.091000 0.000000 0.000000
 0.092000 0.000000 0.000000
 0.093000 0.000000 0.000000
 0.094000 0.000000 0.000000
 0.095000 0.000000 0.000000
 0.096000 0.000000 0.000000
 0.097000 0.000000 0.000000
 0.098000 0.000000 0.000000
 0.099000 0.000000 0.000000
 0.100000 0.000000 0.000000
 0.101000 0.000000 0.000000
 0.102000 0.000000 0.000000
 0.103000 0.000000 0.000000
 0.104000 0.000000 0.000000
 0.105000 0.000000 0.000000
 0.106000 0.000000 0.000000
 0.107000 0.000000 0.000000
 0.108000 0.000000 0.000000
 0.109000 0.000000 0.000000
 0.110000 0.000000 0.000000
 0.111000 0.000000 0.000000
 0.112000 0.000000 0.000000
 0.113000 0.000000 0.000000
 0.114000 0.000000 0.000000
 0.115000 0.000000 0.000000
 0.116000 0.000000 0.000000
 0.117000 0.000000 0.000000
 0.118000 0.000000 0.000000
 0.119000 0.000000 0.000000
 0.120000 0.000000 0.000000
 0.121000 0.000000 0.000174
 0.122000 0.000001 0.000243
 0.123000 0.000001 0.000334
 0.124000 0.000001 0.000454
 0.125000 0.000002 0.000612
 0.126000 0.000003 0.000814
 0.127000 0.000004 0.001072
 0.128000 0.000005 0.001397
 0.129000 0.000006 0.001799
 0.130000 0.000008 0.002291
 0.131000 0.000011 0.002885
 0.132000 0.000014 0.003592
 0.133000 0.000018 0.004420
 0.134000 0.000023 0.005376
 0.135000 0.000029 0.006620
 0.136000 0.000037 0.008060
 0.137000 0.000046 0.009722
 0.138000 0.000057 0.011421
 0.139000 0.000070 0.013608
 0.140000 0.000085 0.015746
 0.141000 0.000102 0.018060
 0.142000 0.000121 0.020681
 0.143000 0.000144 0.023550
 0.144000 0.000170 0.026775
 0.145000 0.000198 0.030148
 0.146000 0.000231 0.033978
 0.147000 0.000268 0.038212
 0.148000 0.000308 0.042613
 0.149000 0.000354 0.047776
 0.150000 0.000406 0.053611
 0.151000 0.000465 0.060750
 0.152000 0.000530 0.068685
 0.153000 0.000605 0.077839
 0.154000 0.000688 0.088255
 0.155000 0.000784 0.100728
 0.156000 0.000894 0.115235
 0.157000 0.001019 0.131657
 0.158000 0.001161 0.150295
 0.159000 0.001323 0.171538
 0.160000 0.001507 0.195500
 0.161000 0.001720 0.223020
 0.162000 0.001961 0.253799
 0.163000 0.002235 0.288159
 0.164000 0.002546 0.326122
 0.165000 0.002897 0.368010
 0.166000 0.003292 0.413996
 0.167000 0.003736 0.464466
 0.168000 0.004234 0.520023
 0.169000 0.004788 0.579992
 0.170000 0.005408 0.646272
 0.171000 0.006100 0.719379
 0.172000 0.006863 0.797374
 0.173000 0.007709 0.882730
 0.174000 0.008646 0.976490
 0.175000 0.009686 1.080164
 0.176000 0.010833 1.193700
 0.177000 0.012099 1.317627
 0.178000 0.013494 1.453455
 0.179000 0.015039 1.604502
 0.180000 0.016740 1.769532
 0.181000 0.018614 1.950449
 0.182000 0.020679 2.148910
 0.183000 0.022950 2.365476
 0.184000 0.025449 2.601737
 0.185000 0.028200 2.860837
 0.186000 0.031227 3.143920
 0.187000 0.034542 3.448882
 0.188000 0.038178 3.779164
 0.189000 0.042160 4.136300
 0.190000 0.046515 4.520723
 0.191000 0.051272 4.933707
 0.192000 0.056452 5.373766
 0.193000 0.062096 5.845318
 0.194000 0.068222 6.345500
 0.195000 0.074861 6.874296
 0.196000 0.082051 7.435471
 0.197000 0.089821 8.028045
 0.198000 0.098200 8.651675
 0.199000 0.107210 9.303189
 0.200000 0.116905 9.991133
 0.201000 0.127292 10.705702
 0.202000 0.138416 11.452741
 0.203000 0.150305 12.229757
 0.204000 0.162994 13.038708
 0.205000 0.176505 13.875114
 0.206000 0.190873 14.740568
 0.207000 0.206125 15.633818
 0.208000 0.222271 16.547181
 0.209000 0.239348 17.483956
 0.210000 0.257377 18.441273
 0.211000 0.276377 19.417048
 0.212000 0.296356 20.406339
 0.213000 0.317334 21.407755
 0.214000 0.339335 22.424291
 0.215000 0.362353 23.448329
 0.216000 0.386402 24.480354
 0.217000 0.411488 25.518624
 0.218000 0.437617 26.561919
 0.219000 0.464796 27.611881
 0.220000 0.493031 28.667593
 0.221000 0.522334 29.732131
 0.222000 0.552705 30.804796
 0.223000 0.584158 31.888272
 0.224000 0.616723 32.992246
 0.225000 0.650395 34.109924
 0.226000 0.685181 35.241231
 0.227000 0.721114 36.392560
 0.228000 0.758220 37.569498
 0.229000 0.796517 38.770289
 0.230000 0.836017 39.990789
 0.231000 0.876756 41.236188
 0.232000 0.918769 42.510427
 0.233000 0.962062 43.805856
 0.234000 1.006668 45.126355
 0.235000 1.052600 46.464674
 0.236000 1.099894 47.824682
 0.237000 1.148557 49.199881
 0.238000 1.198617 50.593012
 0.239000 1.250057 51.989749
 0.240000 1.302918 53.399097
 0.241000 1.357187 54.809799
 0.242000 1.412858 56.214348
 0.243000 1.469929 57.612474
 0.244000 1.528396 58.999299
 0.245000 1.588276 60.375569
 0.246000 1.649496 61.722099
 0.247000 1.712071 63.046317
 0.248000 1.775952 64.337246
 0.249000 1.841089 65.580650
 0.250000 1.907465 66.780238
 0.251000 1.975013 67.925244
 0.252000 2.043668 69.011659
 0.253000 2.113379 70.032239
 0.254000 2.184082 70.986281
 0.255000 2.255701 71.868751
 0.256000 2.328186 72.685440
 0.257000 2.401458 73.434349
 0.258000 2.475428 74.114138
 0.259000 2.550033 74.727256
 0.260000 2.625229 75.275135
 0.261000 2.700966 75.774091
 0.262000 2.777175 76.224164
 0.263000 2.853797 76.624904
 0.264000 2.930791 76.980449
 0.265000 3.008159 77.306716
 0.266000 3.085818 77.597687
 0.267000 3.163774 77.861567
 0.268000 3.241959 78.088326
 0.269000 3.320330 78.279646
 0.270000 3.398888 78.444391
 0.271000 3.477608 78.577706
 0.272000 3.556444 78.669082
 0.273000 3.635334 78.728533
 0.274000 3.714281 78.741999
 0.275000 3.793211 78.713840
 0.276000 3.872090 78.640252
 0.277000 3.950860 78.519717
 0.278000 4.029476 78.342977
 0.279000 4.107901 78.118123
 0.280000 4.186076 77.846107
 0.281000 4.263960 77.515017
 0.282000 4.341497 77.142295
 0.283000 4.418623 76.718320
 0.284000 4.495282 76.241180
 0.285000 4.571465 75.720769
 0.286000 4.647087 75.152053
 0.287000 4.722099 74.540439
 0.288000 4.796474 73.877170
 0.289000 4.870143 73.161355
 0.290000 4.943078 72.398697
 0.291000 5.015239 71.588305
 0.292000 5.086545 70.723468
 0.293000 5.156958 69.804265
 0.294000 5.226415 68.831447
 0.295000 5.294860 67.797233
 0.296000 5.362251 66.708473
 0.297000 5.428504 65.570704
 0.298000 5.493559 64.359272
 0.299000 5.557388 63.082883
 0.300000 5.619919 61.754160
 0.301000 5.681105 60.378864
 0.302000 5.740851 58.937002
 0.303000 5.799128 57.427360
 0.304000 5.855886 55.866618
 0.305000 5.911031 54.248228
 0.306000 5.964536 52.559751
 0.307000 6.016275 50.790803
 0.308000 6.066207 48.938410
 0.309000 6.114255 47.012934
 0.310000 6.160321 44.996706
 0.311000 6.204305 42.891610
 0.312000 6.246150 40.684316
 0.313000 6.285730 38.395906
 0.314000 6.322994 36.029566
 0.315000 6.357809 33.567233
 0.316000 6.390126 31.043312
 0.317000 6.419903 28.479120
 0.318000 6.447063 25.896476
 0.319000 6.471674 23.306735
 0.320000 6.493671 20.744790
 0.321000 6.513122 18.228002
 0.322000 6.530107 15.772106
 0.323000 6.544661 13.415510
 0.324000 6.556889 11.161072
 0.325000 6.566927 9.024119
 0.326000 6.574889 7.016917
 0.327000 6.580915 5.147989
 0.328000 6.585126 3.403499
 0.329000 6.587633 1.790242
 0.330000 6.588570 0.284256
 0.331000 6.588049 -1.139715
 0.332000 6.586156 -2.490392
 0.333000 6.582943 -3.784236
 0.334000 6.578431 -5.037468
 0.335000 6.572657 -6.283386
 0.336000 6.565620 -7.547123
 0.337000 6.557305 -8.840133
 0.338000 6.547671 -10.148800
 0.339000 6.536721 -11.505310
 0.340000 6.524362 -12.903973
 0.341000 6.510599 -14.352049
 0.342000 6.495386 -15.844587
 0.343000 6.478647 -17.355412
 0.344000 6.460371 -18.877912
 0.345000 6.440559 -20.412932
 0.346000 6.419234 -21.933028
 0.347000 6.396394 -23.418413
 0.348000 6.372074 -24.868184
 0.349000 6.346319 -26.266449
 0.350000 6.319177 -27.611035
 0.351000 6.290731 -28.886769
 0.352000 6.261029 -30.089797
 0.353000 6.230144 -31.221342
 0.354000 6.198176 -32.278279
 0.355000 6.165152 -33.261046
 0.356000 6.131175 -34.187115
 0.357000 6.096337 -35.054497
 0.358000 6.060615 -35.869636
 0.359000 6.024113 -36.642663
 0.360000 5.986886 -37.378638
 0.361000 5.948925 -38.088102
 0.362000 5.910254 -38.788718
 0.363000 5.870902 -39.466273
 0.364000 5.830857 -40.134937
 0.365000 5.790139 -40.817820
 0.366000 5.748722 -41.517825
 0.367000 5.706598 -42.234775
 0.368000 5.663746 -42.982318
 0.369000 5.620124 -43.758188
 0.370000 5.575688 -44.572528
 0.371000 5.530458 -45.436473
 0.372000 5.484351 -46.330416
 0.373000 5.437320 -47.252675
 0.374000 5.389297 -48.211294
 0.375000 5.340321 -49.208598
 0.376000 5.290337 -50.230331
 0.377000 5.239306 -51.245982
 0.378000 5.187258 -52.258509
 0.379000 5.134208 -53.249416
 0.380000 5.080205 -54.218279
 0.381000 5.025271 -55.130236
 0.382000 4.969427 -55.968305
 0.383000 4.912779 -56.731351
 0.384000 4.855430 -57.397298
 0.385000 4.797454 -57.970464
 0.386000 4.738942 -58.436234
 0.387000 4.680006 -58.784547
 0.388000 4.620833 -59.056193
 0.389000 4.561444 -59.220137
 0.390000 4.501906 -59.290080
 0.391000 4.442345 -59.291078
 0.392000 4.382797 -59.221175
 0.393000 4.323353 -59.104822
 0.394000 4.264038 -58.959475
 0.395000 4.204872 -58.797864
 0.396000 4.145862 -58.630830
 0.397000 4.087043 -58.477053
 0.398000 4.028380 -58.329038
 0.399000 3.969855 -58.198944
 0.400000 3.911433 -58.080262
 0.401000 3.853131 -57.980670
 0.402000 3.794923 -57.883415
 0.403000 3.736823 -57.787775
 0.404000 3.678824 -57.689155
 0.405000 3.620936 -57.554590
 0.406000 3.563179 -57.384251
 0.407000 3.505620 -57.167784
 0.408000 3.448307 -56.901483
 0.409000 3.391310 -56.573501
 0.410000 3.334684 -56.179836
 0.411000 3.278464 -55.699391
 0.412000 3.222764 -55.145098
 0.413000 3.167663 -54.529583
 0.414000 3.113194 -53.848812
 0.415000 3.059445 -53.118877
 0.416000 3.006431 -52.355289
 0.417000 2.954222 -51.558926
 0.418000 2.902824 -50.759456
 0.419000 2.852221 -49.952412
 0.420000 2.802414 -49.154028
 0.421000 2.753388 -48.394719
 0.422000 2.705106 -47.678724
 0.423000 2.657534 -47.014289
 0.424000 2.610603 -46.393983
 0.425000 2.564270 -45.834351
 0.426000 2.518481 -45.332414
 0.427000 2.473153 -44.878435
 0.428000 2.428262 -44.477955
 0.429000 2.383757 -44.125780
 0.430000 2.339572 -43.799947
 0.431000 2.295723 -43.509286
 0.432000 2.252154 -43.229641
 0.433000 2.208838 -42.948699
 0.434000 2.165802 -42.675148
 0.435000 2.123074 -42.394451
 0.436000 2.080625 -42.074914
 0.437000 2.038504 -41.726812
 0.438000 1.996767 -41.346872
 0.439000 1.955449 -40.919127
 0.440000 1.914578 -40.437402
 0.441000 1.874203 -39.907636
 0.442000 1.834391 -39.324168
 0.443000 1.795211 -38.696593
 0.444000 1.756657 -38.019133
 0.445000 1.718791 -37.297128
 0.446000 1.681667 -36.544247
 0.447000 1.645338 -35.783364
 0.448000 1.609776 -35.007863
 0.449000 1.575003 -34.229332
 0.450000 1.540993 -33.455656
 0.451000 1.507765 -32.699424
 0.452000 1.475269 -31.965904
 0.453000 1.443504 -31.271564
 0.454000 1.412409 -30.611512
 0.455000 1.381962 -30.002852
 0.456000 1.352105 -29.445338
 0.457000 1.322764 -28.930504
 0.458000 1.293931 -28.470576
 0.459000 1.265537 -28.058272
 0.460000 1.237521 -27.686736
 0.461000 1.209862 -27.355062
 0.462000 1.182508 -27.053279
 0.463000 1.155458 -26.784334
 0.464000 1.128669 -26.536094
 0.465000 1.102126 -26.301125
 0.466000 1.075810 -26.068920
 0.467000 1.049730 -25.840224
 0.468000 1.023885 -25.607318
 0.469000 0.998285 -25.362630
 0.470000 0.972945 -25.094760
 0.471000 0.947868 -24.800162
 0.472000 0.923108 -24.481096
 0.473000 0.898685 -24.132661
 0.474000 0.874630 -23.750710
 0.475000 0.850974 -23.330891
 0.476000 0.827755 -22.871604
 0.477000 0.805035 -22.380838
 0.478000 0.782806 -21.847626
 0.479000 0.761139 -21.285490
 0.480000 0.740050 -20.691073
 0.481000 0.719578 -20.075602
 0.482000 0.699730 -19.440207
 0.483000 0.680531 -18.794292
 0.484000 0.661980 -18.141091
 0.485000 0.644078 -17.490733
 0.486000 0.626826 -16.856285
 0.487000 0.610198 -16.243766
 0.488000 0.594168 -15.655784
 0.489000 0.578727 -15.110607
 0.490000 0.563791 -14.594054
 0.491000 0.549359 -14.126486
 0.492000 0.535368 -13.701859
 0.493000 0.521773 -13.320022
 0.494000 0.508553 -12.990509
 0.495000 0.495652 -12.701927
 0.496000 0.483020 -12.447133
 0.497000 0.470616 -12.218404
 0.498000 0.458434 -12.016202
 0.499000 0.446443 -11.830359
 0.500000 0.434638 -11.654190
 0.501000 0.423010 -11.482717
 0.502000 0.411557 -11.308966
 0.503000 0.400277 -11.127444
 0.504000 0.389182 -10.933982
 0.505000 0.378286 -10.726764
 0.506000 0.367609 -10.506736
 0.507000 0.357174 -10.277350
 0.508000 0.346977 -10.030565
 0.509000 0.337021 -9.767679
 0.510000 0.327345 -9.498901
 0.511000 0.317938 -9.224397
 0.512000 0.308800 -8.943373
 0.513000 0.299944 -8.664965
 0.514000 0.291376 -8.395920
 0.515000 0.283068 -8.129866
 0.516000 0.275019 -7.875610
 0.517000 0.267230 -7.638421
 0.518000 0.259667 -7.413986
 0.519000 0.252316 -7.205647
 0.520000 0.245175 -7.015606
 0.521000 0.238220 -6.842978
 0.522000 0.231426 -6.684324
 0.523000 0.224792 -6.542914
 0.524000 0.218287 -6.410339
 0.525000 0.211909 -6.289652
 0.526000 0.205647 -6.177070
 0.527000 0.199486 -6.067917
 0.528000 0.193438 -5.963472
 0.529000 0.187495 -5.860674
 0.530000 0.181659 -5.755511
 0.531000 0.175927 -5.645281
 0.532000 0.170310 -5.529958
 0.533000 0.164813 -5.409732
 0.534000 0.159443 -5.279300
 0.535000 0.154205 -5.139994
 0.536000 0.149113 -4.992198
 0.537000 0.144170 -4.837459
 0.538000 0.139386 -4.674898
 0.539000 0.134769 -4.506814
 0.540000 0.130325 -4.337111
 0.541000 0.126056 -4.166998
 0.542000 0.121957 -3.996921
 0.543000 0.118021 -3.826144
 0.544000 0.114258 -3.661734
 0.545000 0.110656 -3.503626
 0.546000 0.107211 -3.355119
 0.547000 0.103912 -3.216295
 0.548000 0.100747 -3.088221
 0.549000 0.097701 -2.971482
 0.550000 0.094761 -2.866948
 0.551000 0.091925 -2.777595
 0.552000 0.089174 -2.700851
 0.553000 0.086489 -2.635841
 0.554000 0.083866 -2.584012
 0.555000 0.081291 -2.543230
 0.556000 0.078752 -2.511065
 0.557000 0.076238 -2.486254
 0.558000 0.073747 -2.467063
 0.559000 0.071275 -2.453553
 0.560000 0.068816 -2.443552
 0.561000 0.066365 -2.431634
 0.562000 0.063928 -2.419123
 0.563000 0.061504 -2.403070
 0.564000 0.059101 -2.381717
 0.565000 0.056719 -2.353656
 0.566000 0.054371 -2.318083
 0.567000 0.052063 -2.274519
 0.568000 0.049801 -2.221699
 0.569000 0.047599 -2.160969
 0.570000 0.045464 -2.092105
 0.571000 0.043403 -2.015473
 0.572000 0.041422 -1.932199
 0.573000 0.039527 -1.841318
 0.574000 0.037725 -1.747217
 0.575000 0.036018 -1.650887
 0.576000 0.034410 -1.553928
 0.577000 0.032899 -1.457264
 0.578000 0.031483 -1.362772
 0.579000 0.030160 -1.271996
 0.580000 0.028926 -1.186377
 0.581000 0.027774 -1.104608
 0.582000 0.026700 -1.030846
 0.583000 0.025696 -0.963430
 0.584000 0.024759 -0.905423
 0.585000 0.023875 -0.853603
 0.586000 0.023040 -0.809122
 0.587000 0.022246 -0.771282
 0.588000 0.021484 -0.737783
 0.589000 0.020756 -0.710571
 0.590000 0.020052 -0.687167
 0.591000 0.019371 -0.666617
 0.592000 0.018712 -0.648847
 0.593000 0.018067 -0.630781
 0.594000 0.017439 -0.612583
 0.595000 0.016831 -0.594497
 0.596000 0.016242 -0.574959
 0.597000 0.015672 -0.553481
 0.598000 0.015126 -0.530620
 0.599000 0.014604 -0.505677
 0.600000 0.014109 -0.479371
 0.601000 0.013640 -0.450469
 0.602000 0.013201 -0.421103
 0.603000 0.012791 -0.390567
 0.604000 0.012412 -0.360526
 0.605000 0.012063 -0.331586
 0.606000 0.011745 -0.304890
 0.607000 0.011450 -0.278853
 0.608000 0.011181 -0.256344
 0.609000 0.010932 -0.237033
 0.610000 0.010703 -0.222156
 0.611000 0.010485 -0.210775
 0.612000 0.010275 -0.202893
 0.613000 0.010073 -0.199855
 0.614000 0.009871 -0.201060
 0.615000 0.009668 -0.206254
 0.616000 0.009457 -0.214307
 0.617000 0.009236 -0.225023
 0.618000 0.009003 -0.237908
 0.619000 0.008757 -0.252476
 0.620000 0.008494 -0.267849
 0.621000 0.008217 -0.283156
 0.622000 0.007924 -0.298442
 0.623000 0.007619 -0.312885
 0.624000 0.007298 -0.325163
 0.625000 0.006966 -0.334773
 0.626000 0.006627 -0.342160
 0.627000 0.006282 -0.346287
 0.628000 0.005934 -0.346763
 0.629000 0.005587 -0.343215
 0.630000 0.005246 -0.336840
 0.631000 0.004912 -0.326262
 0.632000 0.004590 -0.312861
 0.633000 0.004285 -0.296992
 0.634000 0.003996 -0.277908
 0.635000 0.003728 -0.257130
 0.636000 0.003482 -0.234897
 0.637000 0.003257 -0.211258
 0.638000 0.003058 -0.187498
 0.639000 0.002882 -0.163637
 0.640000 0.002730 -0.140285
 0.641000 0.002601 -0.118309
 0.642000 0.002493 -0.097850
 0.643000 0.002404 -0.078940
 0.644000 0.002332 -0.062314
 0.645000 0.002277 -0.048312
 0.646000 0.002233 -0.036067
 0.647000 0.002201 -0.027126
 0.648000 0.002177 -0.020759
 0.649000 0.002159 -0.016288
 0.650000 0.002143 -0.014054
 0.651000 0.002129 -0.013874
 0.652000 0.002115 -0.015243
 0.653000 0.002098 -0.017871
 0.654000 0.002076 -0.020615
 0.655000 0.002053 -0.024918
 0.656000 0.002024 -0.029188
 0.657000 0.001993 -0.034063
 0.658000 0.001956 -0.038291
 0.659000 0.001915 -0.042402
 0.660000 0.001871 -0.045772
 0.661000 0.001823 -0.048104
 0.662000 0.001774 -0.049528
 0.663000 0.001724 -0.050150
 0.664000 0.001673 -0.049460
 0.665000 0.001624 -0.048039
 0.666000 0.001576 -0.045813
 0.667000 0.001532 -0.043085
 0.668000 0.001490 -0.039811
 0.669000 0.001452 -0.036053
 0.670000 0.001418 -0.032379
 0.671000 0.001387 -0.028809
 0.672000 0.001360 -0.025560
 0.673000 0.001336 -0.022830
 0.674000 0.001314 -0.020786
 0.675000 0.001294 -0.019554
 0.676000 0.001275 -0.019219
 0.677000 0.001255 -0.019813
 0.678000 0.001235 -0.021322
 0.679000 0.001212 -0.023680
 0.680000 0.001187 -0.026596
 0.681000 0.001158 -0.030346
 0.682000 0.001126 -0.034505
 0.683000 0.001089 -0.038717
 0.684000 0.001048 -0.043161
 0.685000 0.001003 -0.047234
 0.686000 0.000953 -0.050858
 0.687000 0.000901 -0.054169
 0.688000 0.000845 -0.056771
 0.689000 0.000787 -0.058563
 0.690000 0.000728 -0.059475
 0.691000 0.000668 -0.059311
 0.692000 0.000609 -0.058453
 0.693000 0.000552 -0.056710
 0.694000 0.000496 -0.053984
 0.695000 0.000443 -0.050735
 0.696000 0.000394 -0.046695
 0.697000 0.000349 -0.042322
 0.698000 0.000309 -0.037532
 0.699000 0.000274 -0.032449
 0.700000 0.000245 -0.027191
 0.701000 0.000220 -0.021870
 0.702000 0.000200 -0.016409
 0.703000 0.000187 -0.011319
 0.704000 0.000178 -0.006437
 0.705000 0.000174 -0.001846
 0.706000 0.000174 0.002382
 0.707000 0.000178 0.006179
 0.708000 0.000186 0.009489
 0.709000 0.000197 0.012258
 0.710000 0.000210 0.014446
 0.711000 0.000226 0.016017
 0.712000 0.000242 0.016950
 0.713000 0.000259 0.017409
 0.714000 0.000276 0.017001
 0.715000 0.000293 0.015985
 0.716000 0.000308 0.014397
 0.717000 0.000321 0.012290
 0.718000 0.000332 0.009909
 0.719000 0.000340 0.006943
 0.720000 0.000346 0.003727
 0.721000 0.000348 0.000364
 0.722000 0.000346 -0.002884
 0.723000 0.000341 -0.006259
 0.724000 0.000334 -0.009450
 0.725000 0.000323 -0.012366
 0.726000 0.000309 -0.014930
 0.727000 0.000293 -0.017084
 0.728000 0.000275 -0.018784
 0.729000 0.000255 -0.020010
 0.730000 0.000235 -0.020760
 0.731000 0.000214 -0.021051
 0.732000 0.000193 -0.020915
 0.733000 0.000172 -0.020398
 0.734000 0.000152 -0.019555
 0.735000 0.000133 -0.018447
 0.736000 0.000116 -0.017139
 0.737000 0.000099 -0.015694
 0.738000 0.000084 -0.014171
 0.739000 0.000071 -0.012624
 0.740000 0.000059 -0.011098
 0.741000 0.000049 -0.009633
 0.742000 0.000040 -0.008257
 0.743000 0.000032 -0.006991
 0.744000 0.000026 -0.005848
 0.745000 0.000020 -0.004833
 0.746000 0.000016 -0.003948
 0.747000 0.000012 -0.003188
 0.748000 0.000009 -0.002545
 0.749000 0.000007 -0.002008
 0.750000 0.000005 -0.001567
 0.751000 0.000004 -0.001209
 0.752000 0.000003 -0.000923
 0.753000 0.000002 -0.000697
 0.754000 0.000002 -0.000520
 0.755000 0.000001 -0.000384
 0.756000 0.000001 -0.000280
 0.757000 0.000001 -0.000203
 0.758000 0.000000 0.000000
 0.759000 0.000000 0.000000
 0.760000 0.000000 0.000000
 0.761000 0.000000 0.000000
 0.762000 0.000000 0.000000
 0.763000 0.000000 0.000000
 0.764000 0.000000 0.000000
 0.765000 0.000000 0.000000
 0.766000 0.000000 0.000000
 0.767000 0.000000 0.000000
 0.768000 0.000000 0.000000
 0.769000 0.000000 0.000000
 0.770000 0.000000 0.000000
 0.771000 0.000000 0.000000
 0.772000 0.000000 0.000000
 0.773000 0.000000 0.000000
 0.774000 0.000000 0.000000
 0.775000 0.000000 0.000000
 0.776000 0.000000 0.000000
 0.777000 0.000000 0.000000
 0.778000 0.000000 0.000000
 0.779000 0.000000 0.000000
 0.780000 0.000000 0.000000
 0.781000 0.000000 0.000000
 0.782000 0.000000 0.000000
 0.783000 0.000000 0.000000
 0.784000 0.000000 0.000000
 0.785000 0.000000 0.000000
 0.786000 0.000000 0.000000
 0.787000 0.000000 0.000000
 0.788000 0.000000 0.000000
 0.789000 0.000000 0.000000
 0.790000 0.000000 0.000000
 0.791000 0.000000 0.000000
 0.792000 0.000000 0.000000
 0.793000 0.000000 0.000000
 0.794000 0.000000 0.000000
 0.795000 0.000000 0.000000
 0.796000 0.000000 0.000000
 0.797000 0.000000 0.000000
 0.798000 0.000000 0.000000
 0.799000 0.000000 0.000000
 0.800000 0.000000 0.000000
 0.801000 0.000000 0.000000
 0.802000 0.000000 0.000000
 0.803000 0.000000 0.000000
 0.804000 0.000000 0.000000
 0.805000 0.000000 0.000000
 0.806000 0.000000 0.000000
 0.807000 0.000000 0.000000
 0.808000 0.000000 0.000000
 0.809000 0.000000 0.000000
 0.810000 0.000000 0.000000
 0.811000 0.000000 0.000000
 0.812000 0.000000 0.000000
 0.813000 0.000000 0.000000
 0.814000 0.000000 0.000000
 0.815000 0.000000 0.000000
 0.816000 0.000000 0.000000
 0.817000 0.000000 0.000000
 0.818000 0.000000 0.000000
 0.819000 0.000000 0.000000
 0.820000 0.000000 0.000000
 0.821000 0.000000 0.000000
 0.822000 0.000000 0.000000
 0.823000 0.000000 0.000000
 0.824000 0.000000 0.000000
 0.825000 0.000000 0.000000
 0.826000 0.000000 0.000000
 0.827000 0.000000 0.000000
 0.828000 0.000000 0.000000
 0.829000 0.000000 0.000000
 0.830000 0.000000 0.000000
 0.831000 0.000000 0.000000
 0.832000 0.000000 0.000000
 0.833000 0.000000 0.000000
 0.834000 0.000000 0.000000
 0.835000 0.000000 0.000000
 0.836000 0.000000 0.000000
 0.837000 0.000000 0.000000
 0.838000 0.000000 0.000000
 0.839000 0.000000 0.000000
 0.840000 0.000000 0.000000
 0.841000 0.000000 0.000000
 0.842000 0.000000 0.000000
 0.843000 0.000000 0.000000
 0.844000 0.000000 0.000000
 0.845000 0.000000 0.000000
 0.846000 0.000000 0.000000
 0.847000 0.000000 0.000000
 0.848000 0.000000 0.000000
 0.849000 0.000000 0.000000
 0.850000 0.000000 0.000000
 0.851000 0.000000 0.000000
 0.852000 0.000000 0.000000
 0.853000 0.000000 0.000000
 0.854000 0.000000 0.000000
 0.855000 0.000000 0.000000
 0.856000 0.000000 0.000000
 0.857000 0.000000 0.000000
 0.858000 0.000000 0.000000
 0.859000 0.000000 0.000000
 0.860000 0.000000 0.000000
 0.861000 0.000000 0.000000
 0.862000 0.000000 0.000000
 0.863000 0.000000 0.000000
 0.864000 0.000000 0.000000
 0.865000 0.000000 0.000000
 0.866000 0.000000 0.000000
 0.867000 0.000000 0.000000
 0.868000 0.000000 0.000000
 0.869000 0.000000 0.000000
 0.870000 0.000000 0.000000
 0.871000 0.000000 0.000000
 0.872000 0.000000 0.000000
 0.873000 0.000000 0.000000
 0.874000 0.000000 0.000000
 0.875000 0.000000 0.000000
 0.876000 0.000000 0.000000
 0.877000 0.000000 0.000000
 0.878000 0.000000 0.000000
 0.879000 0.000000 0.000000
 0.880000 0.000000 0.000000
 0.881000 0.000000 0.000000
 0.882000 0.000000 0.000000
 0.883000 0.000000 0.000000
 0.884000 0.000000 0.000000
 0.885000 0.000000 0.000000
 0.886000 0.000000 0.000000
 0.887000 0.000000 0.000000
 0.888000 0.000000 0.000000
 0.889000 0.000000 0.000000
 0.890000 0.000000 0.000000
 0.891000 0.000000 0.000000
 0.892000 0.000000 0.000000
 0.893000 0.000000 0.000000
 0.894000 0.000000 0.000000
 0.895000 0.000000 0.000000
 0.896000 0.000000 0.000000
 0.897000 0.000000 0.000000
 0.898000 0.000000 0.000000
 0.899000 0.000000 0.000000
 0.900000 0.000000 0.000000
 0.901000 0.000000 0.000000
 0.902000 0.000000 0.000000
 0.903000 0.000000 0.000000
 0.904000 0.000000 0.000000
 0.905000 0.000000 0.000000
 0.906000 0.000000 0.000000
 0.907000 0.000000 0.000000
 0.908000 0.000000 0.000000
 0.909000 0.000000 0.000000
 0.910000 0.000000 0.000000
 0.911000 0.000000 0.000000
 0.912000 0.000000 0.000000
 0.913000 0.000000 0.000000
 0.914000 0.000000 0.000000
 0.915000 0.000000 0.000000
 0.916000 0.000000 0.000000
 0.917000 0.000000 0.000000
 0.918000 0.000000 0.000000
 0.919000 0.000000 0.000000
 0.920000 0.000000 0.000000
 0.921000 0.000000 0.000000
 0.922000 0.000000 0.000000
 0.923000 0.000000 0.000000
 0.924000 0.000000 0.000000
 0.925000 0.000000 0.000000
 0.926000 0.000000 0.000000
 0.927000 0.000000 0.000000
 0.928000 0.000000 0.000000
 0.929000 0.000000 0.000000
 0.930000 0.000000 0.000000
 0.931000 0.000000 0.000000
 0.932000 0.000000 0.000000
 0.933000 0.000000 0.000000
 0.934000 0.000000 0.000000
 0.935000 0.000000 0.000000
 0.936000 0.000000 0.000000
 0.937000 0.000000 0.000000
 0.938000 0.000000 0.000000
 0.939000 0.000000 0.000000
 0.940000 0.000000 0.000000
 0.941000 0.000000 0.000000
 0.942000 0.000000 0.000000
 0.943000 0.000000 0.000000
 0.944000 0.000000 0.000000
 0.945000 0.000000 0.000000
 0.946000 0.000000 0.000000
 0.947000 0.000000 0.000000
 0.948000 0.000000 0.000000
 0.949000 0.000000 0.000000
 0.950000 0.000000 0.000000
 0.951000 0.000000 0.000000
 0.952000 0.000000 0.000000
 0.953000 0.000000 0.000000
 0.954000 0.000000 0.000000
 0.955000 0.000000 0.000000
 0.956000 0.000000 0.000000
 0.957000 0.000000 0.000000
 0.958000 0.000000 0.000000
 0.959000 0.000000 0.000000
 0.960000 0.000000 0.000000
 0.961000 0.000000 0.000000
 0.962000 0.000000 0.000000
 0.963000 0.000000 0.000000
 0.964000 0.000000 0.000000
 0.965000 0.000000 0.000000
 0.966000 0.000000 0.000000
 0.967000 0.000000 0.000000
 0.968000 0.000000 0.000000
 0.969000 0.000000 0.000000
 0.970000 0.000000 0.000000
 0.971000 0.000000 0.000000
 0.972000 0.000000 0.000000
 0.973000 0.000000 0.000000
 0.974000 0.000000 0.000000
 0.975000 0.000000 0.000000
 0.976000 0.000000 0.000000
 0.977000 0.000000 0.000000
 0.978000 0.000000 0.000000
 0.979000 0.000000 0.000000
 0.980000 0.000000 0.000000
 0.981000 0.000000 0.000000
 0.982000 0.000000 0.000000
 0.983000 0.000000 0.000000
 0.984000 0.000000 0.000000
 0.985000 0.000000 0.000000
 0.986000 0.000000 0.000000
 0.987000 0.000000 0.000000
 0.988000 0.000000 0.000000
 0.989000 0.000000 0.000000
 0.990000 0.000000 0.000000
 0.991000 0.000000 0.000000
 0.992000 0.000000 0.000000
 0.993000 0.000000 0.000000
 0.994000 0.000000 0.000000
 0.995000 0.000000 0.000000
 0.996000 0.000000 0.000000
 0.997000 0.000000 0.000000
 0.998000 0.000000 0.000000
 0.999000 0.000000 0.000000
 1.000000 0.000000 0.000000
 1.001000 0.000000 0.000000
 1.002000 0.000000 0.000000
 1.003000 0.000000 0.000000
 1.004000 0.000000 0.000000
 1.005000 0.000000 0.000000
 1.006000 0.000000 0.000000
 1.007000 0.000000 0.000000
 1.008000 0.000000 0.000000
 1.009000 0.000000 0.000000
 1.010000 0.000000 0.000000
 1.011000 0.000000 0.000000
 1.012000 0.000000 0.000000
 1.013000 0.000000 0.000000
 1.014000 0.000000 0.000000
 1.015000 0.000000 0.000000
 1.016000 0.000000 0.000000
 1.017000 0.000000 0.000000
 1.018000 0.000000 0.000000
 1.019000 0.000000 0.000000
 1.020000 0.000000 0.000000
 1.021000 0.000000 0.000000
 1.022000 0.000000 0.000000
 1.023000 0.000000 0.000000
 1.024000 0.000000 0.000000
 1.025000 0.000000 0.000000
 1.026000 0.000000 0.000000
 1.027000 0.000000 0.000000
 1.028000 0.000000 0.000000
 1.029000 0.000000 0.000000
 1.030000 0.000000 0.000000
 1.031000 0.000000 0.000000
 1.032000 0.000000 0.000000
 1.033000 0.000000 0.000000
 1.034000 0.000000 0.000000
 1.035000 0.000000 0.000000
 1.036000 0.000000 0.000000
 1.037000 0.000000 0.000000
 1.038000 0.000000 0.000000
 1.039000 0.000000 0.000000
 1.040000 0.000000 0.000000
 1.041000 0.000000 0.000000
 1.042000 0.000000 0.000000
 1.043000 0.000000 0.000000
 1.044000 0.000000 0.000000
 1.045000 0.000000 0.000000
 1.046000 0.000000 0.000000
 1.047000 0.000000 0.000000
 1.048000 0.000000 0.000000
 1.049000 0.000000 0.000000
 1.050000 0.000000 0.000000
 1.051000 0.000000 0.000000
 1.052000 0.000000 0.000000
 1.053000 0.000000 0.000000
 1.054000 0.000000 0.000000
 1.055000 0.000000 0.000000
 1.056000 0.000000 0.000000
 1.057000 0.000000 0.000000
 1.058000 0.000000 0.000000
 1.059000 0.000000 0.000000
 1.060000 0.000000 0.000000
 1.061000 0.000000 0.000000
 1.062000 0.000000 0.000000
 1.063000 0.000000 0.000000
 1.064000 0.000000 0.000000
 1.065000 0.000000 0.000000
 1.066000 0.000000 0.000000
 1.067000 0.000000 0.000000
 1.068000 0.000000 0.000000
 1.069000 0.000000 0.000000
 1.070000 0.000000 0.000000
 1.071000 0.000000 0.000000
 1.072000 0.000000 0.000000
 1.073000 0.000000 0.000000
 1.074000 0.000000 0.000000
 1.075000 0.000000 0.000000
 1.076000 0.000000 0.000000
 1.077000 0.000000 0.000000
 1.078000 0.000000 0.000000
 1.079000 0.000000 0.000000
 1.080000 0.000000 0.000000
 1.081000 0.000000 0.000000
 1.082000 0.000000 0.000000
 1.083000 0.000000 0.000000
 1.084000 0.000000 0.000000
 1.085000 0.000000 0.000000
 1.086000 0.000000 0.000000
 1.087000 0.000000 0.000000
 1.088000 0.000000 0.000000
 1.089000 0.000000 0.000000
 1.090000 0.000000 0.000000
 1.091000 0.000000 0.000000
 1.092000 0.000000 0.000000
 1.093000 0.000000 0.000000
 1.094000 0.000000 0.000000
 1.095000 0.000000 0.000000
 1.096000 0.000000 0.000000
 1.097000 0.000000 0.000000
 1.098000 0.000000 0.000000
 1.099000 0.000000 0.000000
 1.100000 0.000000 0.000000
 1.101000 0.000000 0.000000
 1.102000 0.000000 0.000000
 1.103000 0.000000 0.000000
 1.104000 0.000000 0.000000
 1.105000 0.000000 0.000000
 1.106000 0.000000 0.000000
 1.107000 0.000000 0.000000
 1.108000 0.000000 0.000000
 1.109000 0.000000 0.000000
 1.110000 0.000000 0.000000
 1.111000 0.000000 0.000000
 1.112000 0.000000 0.000000
 1.113000 0.000000 0.000000
 1.114000 0.000000 0.000000
 1.115000 0.000000 0.000000
 1.116000 0.000000 0.000000
 1.117000 0.000000 0.000000
 1.118000 0.000000 0.000000
 1.119000 0.000000 0.000000
 1.120000 0.000000 0.000000
 1.121000 0.000000 0.000000
 1.122000 0.000000 0.000000
 1.123000 0.000000 0.000000
 1.124000 0.000000 0.000000
 1.125000 0.000000 0.000000
 1.126000 0.000000 0.000000
 1.127000 0.000000 0.000000
 1.128000 0.000000 0.000000
 1.129000 0.000000 0.000000
 1.130000 0.000000 0.000000
 1.131000 0.000000 0.000000
 1.132000 0.000000 0.000000
 1.133000 0.000000 0.000000
 1.134000 0.000000 0.000000
 1.135000 0.000000 0.000000
 1.136000 0.000000 0.000000
 1.137000 0.000000 0.000000
 1.138000 0.000000 0.000000
 1.139000 0.000000 0.000000
 1.140000 0.000000 0.000000
 1.141000 0.000000 0.000000
 1.142000 0.000000 0.000000
 1.143000 0.000000 0.000000
 1.144000 0.000000 0.000000
 1.145000 0.000000 0.000000
 1.146000 0.000000 0.000000
 1.147000 0.000000 0.000000
 1.148000 0.000000 0.000000
 1.149000 0.000000 0.000000
 1.150000 0.000000 0.000000
 1.151000 0.000000 0.000000
 1.152000 0.000000 0.000000
 1.153000 0.000000 0.000000
 1.154000 0.000000 0.000000
 1.155000 0.000000 0.000000
 1.156000 0.000000 0.000000
 1.157000 0.000000 0.000000
 1.158000 0.000000 0.000000
 1.159000 0.000000 0.000000
 1.160000 0.000000 0.000000
 1.161000 0.000000 0.000000
 1.162000 0.000000 0.000000
 1.163000 0.000000 0.000000
 1.164000 0.000000 0.000000
 1.165000 0.000000 0.000000
 1.166000 0.000000 0.000000
 1.167000 0.000000 0.000000
 1.168000 0.000000 0.000000
 1.169000 0.000000 0.000000
 1.170000 0.000000 0.000000
 1.171000 0.000000 0.000000
 1.172000 0.000000 0.000000
 1.173000 0.000000 0.000000
 1.174000 0.000000 0.000000
 1.175000 0.000000 0.000000
 1.176000 0.000000 0.000000
 1.177000 0.000000 0.000000
 1.178000 0.000000 0.000000
 1.179000 0.000000 0.000000
 1.180000 0.000000 0.000000
 1.181000 0.000000 0.000000
 1.182000 0.000000 0.000000
 1.183000 0.000000 0.000000
 1.184000 0.000000 0.000000
 1.185000 0.000000 0.000000
 1.186000 0.000000 0.000000
 1.187000 0.000000 0.000000
 1.188000 0.000000 0.000000
 1.189000 0.000000 0.000000
 1.190000 0.000000 0.000000
 1.191000 0.000000 0.000000
 1.192000 0.000000 0.000000
 1.193000 0.000000 0.000000
 1.194000 0.000000 0.000000
 1.195000 0.000000 0.000000
 1.196000 0.000000 0.000000
 1.197000 0.000000 0.000000
 1.198000 0.000000 0.000000
 1.199000 0.000000 0.000000
 1.200000 0.000000 0.000000
 1.201000 0.000000 0.000000
 1.202000 0.000000 0.000000
 1.203000 0.000000 0.000000
 1.204000 0.000000 0.000000
 1.205000 0.000000 0.000000
 1.206000 0.000000 0.000000
 1.207000 0.000000 0.000000
 1.208000 0.000000 0.000000
 1.209000 0.000000 0.000000
 1.210000 0.000000 0.000000
 1.211000 0.000000 0.000000
 1.212000 0.000000 0.000000
 1.213000 0.000000 0.000000
 1.214000 0.000000 0.000000
 1.215000 0.000000 0.000000
 1.216000 0.000000 0.000000
 1.217000 0.000000 0.000000
 1.218000 0.000000 0.000000
 1.219000 0.000000 0.000000
 1.220000 0.000000 0.000000
 1.221000 0.000000 0.000000
 1.222000 0.000000 0.000000
 1.223000 0.000000 0.000000
 1.224000 0.000000 0.000000
 1.225000 0.000000 0.000000
 1.226000 0.000000 0.000000
 1.227000 0.000000 0.000000
 1.228000 0.000000 0.000000
 1.229000 0.000000 0.000000
 1.230000 0.000000 0.000000
 1.231000 0.000000 0.000000
 1.232000 0.000000 0.000000
 1.233000 0.000000 0.000000
 1.234000 0.000000 0.000000
 1.235000 0.000000 0.000000
 1.236000 0.000000 0.000000
 1.237000 0.000000 0.000000
 1.238000 0.000000 0.000000
 1.239000 0.000000 0.000000
 1.240000 0.000000 0.000000
 1.241000 0.000000 0.000000
 1.242000 0.000000 0.000000
 1.243000 0.000000 0.000000
 1.244000 0.000000 0.000000
 1.245000 0.000000 0.000000
 1.246000 0.000000 0.000000
 1.247000 0.000000 0.000000
 1.248000 0.000000 0.000000
 1.249000 0.000000 0.000000
 1.250000 0.000000 0.000000
 1.251000 0.000000 0.000000
 1.252000 0.000000 0.000000
 1.253000 0.000000 0.000000
 1.254000 0.000000 0.000000
 1.255000 0.000000 0.000000
 1.256000 0.000000 0.000000
 1.257000 0.000000 0.000000
 1.258000 0.000000 0.000000
 1.259000 0.000000 0.000000
 1.260000 0.000000 0.000000
 1.261000 0.000000 0.000000
 1.262000 0.000000 0.000000
 1.263000 0.000000 0.000000
 1.264000 0.000000 0.000000
 1.265000 0.000000 0.000000
 1.266000 0.000000 0.000000
 1.267000 0.000000 0.000000
 1.268000 0.000000 0.000000
 1.269000 0.000000 0.000000
 1.270000 0.000000 0.000000
 1.271000 0.000000 0.000000
 1.272000 0.000000 0.000000
 1.273000 0.000000 0.000000
 1.274000 0.000000 0.000000
 1.275000 0.000000 0.000000
 1.276000 0.000000 0.000000
 1.277000 0.000000 0.000000
 1.278000 0.000000 0.000000
 1.279000 0.000000 0.000000
 1.280000 0.000000 0.000000
 1.281000 0.000000 0.000000
 1.282000 0.000000 0.000000
 1.283000 0.000000 0.000000
 1.284000 0.000000 0.000000
 1.285000 0.000000 0.000000
 1.286000 0.000000 0.000000
 1.287000 0.000000 0.000000
 1.288000 0.000000 0.000000
 1.289000 0.000000 0.000000
 1.290000 0.000000 0.000000
 1.291000 0.000000 0.000000
 1.292000 0.000000 0.000000
 1.293000 0.000000 0.000000
 1.294000 0.000000 0.000000
 1.295000 0.000000 0.000000
 1.296000 0.000000 0.000000
 1.297000 0.000000 0.000000
 1.298000 0.000000 0.000000
 1.299000 0.000000 0.000000
 1.300000 0.000000 0.000000
 1.301000 0.000000 0.000000
 1.302000 0.000000 0.000000
 1.303000 0.000000 0.000000
 1.304000 0.000000 0.000000
 1.305000 0.000000 0.000000
 1.306000 0.000000 0.000000
 1.307000 0.000000 0.000000
 1.308000 0.000000 0.000000
 1.309000 0.000000 0.000000
 1.310000 0.000000 0.000000
 1.311000 0.000000 0.000000
 1.312000 0.000000 0.000000
 1.313000 0.000000 0.000000
 1.314000 0.000000 0.000000
 1.315000 0.000000 0.000000
 1.316000 0.000000 0.000000
 1.317000 0.000000 0.000000
 1.318000 0.000000 0.000000
 1.319000 0.000000 0.000000
 1.320000 0.000000 0.000000
 1.321000 0.000000 0.000000
 1.322000 0.000000 0.000000
 1.323000 0.000000 0.000000
 1.324000 0.000000 0.000000
 1.325000 0.000000 0.000000
 1.326000 0.000000 0.000000
 1.327000 0.000000 0.000000
 1.328000 0.000000 0.000000
 1.329000 0.000000 0.000000
 1.330000 0.000000 0.000000
 1.331000 0.000000 0.000000
 1.332000 0.000000 0.000000
 1.333000 0.000000 0.000000
 1.334000 0.000000 0.000000
 1.335000 0.000000 0.000000
 1.336000 0.000000 0.000000
 1.337000 0.000000 0.000000
 1.338000 0.000000 0.000000
 1.339000 0.000000 0.000000
 1.340000 0.000000 0.000000
 1.341000 0.000000 0.000000
 1.342000 0.000000 0.000000
 1.343000 0.000000 0.000000
 1.344000 0.000000 0.000000
 1.345000 0.000000 0.000000
 1.346000 0.000000 0.000000
 1.347000 0.000000 0.000000
 1.348000 0.000000 0.000000
 1.349000 0.000000 0.000000
 1.350000 0.000000 0.000000
 1.351000 0.000000 0.000000
 1.352000 0.000000 0.000000
 1.353000 0.000000 0.000000
 1.354000 0.000000 0.000000
 1.355000 0.000000 0.000000
 1.356000 0.000000 0.000000
 1.357000 0.000000 0.000000
 1.358000 0.000000 0.000000
 1.359000 0.000000 0.000000
 1.360000 0.000000 0.000000
 1.361000 0.000000 0.000000
 1.362000 0.000000 0.000000
 1.363000 0.000000 0.000000
 1.364000 0.000000 0.000000
 1.365000 0.000000 0.000000
 1.366000 0.000000 0.000000
 1.367000 0.000000 0.000000
 1.368000 0.000000 0.000000
 1.369000 0.000000 0.000000
 1.370000 0.000000 0.000000
 1.371000 0.000000 0.000000
 1.372000 0.000000 0.000000
 1.373000 0.000000 0.000000
 1.374000 0.000000 0.000000
 1.375000 0.000000 0.000000
 1.376000 0.000000 0.000000
 1.377000 0.000000 0.000000
 1.378000 0.000000 0.000000
 1.379000 0.000000 0.000000
 1.380000 0.000000 0.000000
 1.381000 0.000000 0.000000
 1.382000 0.000000 0.000000
 1.383000 0.000000 0.000000
 1.384000 0.000000 0.000000
 1.385000 0.000000 0.000000
 1.386000 0.000000 0.000000
 1.387000 0.000000 0.000000
 1.388000 0.000000 0.000000
 1.389000 0.000000 0.000000
 1.390000 0.000000 0.000000
 1.391000 0.000000 0.000000
 1.392000 0.000000 0.000000
 1.393000 0.000000 0.000000
 1.394000 0.000000 0.000000
 1.395000 0.000000 0.000000
 1.396000 0.000000 0.000000
 1.397000 0.000000 0.000000
 1.398000 0.000000 0.000000
 1.399000 0.000000 0.000000
 1.400000 0.000000 0.000000
 1.401000 0.000000 0.000000
 1.402000 0.000000 0.000000
 1.403000 0.000000 0.000000
 1.404000 0.000000 0.000000
 1.405000 0.000000 0.000000
 1.406000 0.000000 0.000000
 1.407000 0.000000 0.000000
 1.408000 0.000000 0.000000
 1.409000 0.000000 0.000000
 1.410000 0.000000 0.000000
 1.411000 0.000000 0.000000
 1.412000 0.000000 0.000000
 1.413000 0.000000 0.000000
 1.414000 0.000000 0.000000
 1.415000 0.000000 0.000000
 1.416000 0.000000 0.000000
 1.417000 0.000000 0.000000
 1.418000 0.000000 0.000000
 1.419000 0.000000 0.000000
 1.420000 0.000000 0.000000
 1.421000 0.000000 0.000000
 1.422000 0.000000 0.000000
 1.423000 0.000000 0.000000
 1.424000 0.000000 0.000000
 1.425000 0.000000 0.000000
 1.426000 0.000000 0.000000
 1.427000 0.000000 0.000000
 1.428000 0.000000 0.000000
 1.429000 0.000000 0.000000
 1.430000 0.000000 0.000000
 1.431000 0.000000 0.000000
 1.432000 0.000000 0.000000
 1.433000 0.000000 0.000000
 1.434000 0.000000 0.000000
 1.435000 0.000000 0.000000
 1.436000 0.000000 0.000000
 1.437000 0.000000 0.000000
 1.438000 0.000000 0.000000
 1.439000 0.000000 0.000000
 1.440000 0.000000 0.000000
 1.441000 0.000000 0.000000
 1.442000 0.000000 0.000000
 1.443000 0.000000 0.000000
 1.444000 0.000000 0.000000
 1.445000 0.000000 0.000000
 1.446000 0.000000 0.000000
 1.447000 0.000000 0.000000
 1.448000 0.000000 0.000000
 1.449000 0.000000 0.000000
 1.450000 0.000000 0.000000
 1.451000 0.000000 0.000000
 1.452000 0.000000 0.000000
 1.453000 0.000000 0.000000
 1.454000 0.000000 0.000000
 1.455000 0.000000 0.000000
 1.456000 0.000000 0.000000
 1.457000 0.000000 0.000000
 1.458000 0.000000 0.000000
 1.459000 0.000000 0.000000
 1.460000 0.000000 0.000000
 1.461000 0.000000 0.000000
 1.462000 0.000000 0.000000
 1.463000 0.000000 0.000000
 1.464000 0.000000 0.000000
 1.465000 0.000000 0.000000
 1.466000 0.000000 0.000000
 1.467000 0.000000 0.000000
 1.468000 0.000000 0.000000
 1.469000 0.000000 0.000000
 1.470000 0.000000 0.000000
 1.471000 0.000000 0.000000
 1.472000 0.000000 0.000000
 1.473000 0.000000 0.000000
 1.474000 0.000000 0.000000
 1.475000 0.000000 0.000000
 1.476000 0.000000 0.000000
 1.477000 0.000000 0.000000
 1.478000 0.000000 0.000000
 1.479000 0.000000 0.000000
 1.480000 0.000000 0.000000
 1.481000 0.000000 0.000000
 1.482000 0.000000 0.000000
 1.483000 0.000000 0.000000
 1.484000 0.000000 0.000000
 1.485000 0.000000 0.000000
 1.486000 0.000000 0.000000
 1.487000 0.000000 0.000000
 1.488000 0.000000 0.000000
 1.489000 0.000000 0.000000
 1.490000 0.000000 0.000000
 1.491000 0.000000 0.000000
 1.492000 0.000000 0.000000
 1.493000 0.000000 0.000000
 1.494000 0.000000 0.000000
 1.495000 0.000000 0.000000
 1.496000 0.000000 0.000000
 1.497000 0.000000 0.000000
 1.498000 0.000000 0.000000
 1.499000 0.000000 0.000000
 1.500000 0.000000 0.000000
