#! FIELDS s hh dhh_s
#! SET normalisation  399.000000
#! SET min_s -0.5
#! SET max_s 1.5
#! SET nbins_s  2000
#! SET periodic_s false
 -0.500000 0.000000 0.000000
 -0.499000 0.000000 0.000000
 -0.498000 0.000000 0.000000
 -0.497000 0.000000 0.000000
 -0.496000 0.000000 0.000000
 -0.495000 0.000000 0.000000
 -0.494000 0.000000 0.000000
 -0.493000 0.000000 0.000000
 -0.492000 0.000000 0.000000
 -0.491000 0.000000 0.000000
 -0.490000 0.000000 0.000000
 -0.489000 0.000000 0.000000
 -0.488000 0.000000 0.000000
 -0.487000 0.000000 0.000000
 -0.486000 0.000000 0.000000
 -0.485000 0.000000 0.000000
 -0.484000 0.000000 0.000000
 -0.483000 0.000000 0.000000
 -0.482000 0.000000 0.000000
 -0.481000 0.000000 0.000000
 -0.480000 0.000000 0.000000
 -0.479000 0.000000 0.000000
 -0.478000 0.000000 0.000000
 -0.477000 0.000000 0.000000
 -0.476000 0.000000 0.000000
 -0.475000 0.000000 0.000000
 -0.474000 0.000000 0.000000
 -0.473000 0.000000 0.000000
 -0.472000 0.000000 0.000000
 -0.471000 0.000000 0.000000
 -0.470000 0.000000 0.000000
 -0.469000 0.000000 0.000000
 -0.468000 0.000000 0.000000
 -0.467000 0.000000 0.000000
 -0.466000 0.000000 0.000000
 -0.465000 0.000000 0.000000
 -0.464000 0.000000 0.000000
 -0.463000 0.000000 0.000000
 -0.462000 0.000000 0.000000
 -0.461000 0.000000 0.000000
 -0.460000 0.000000 0.000000
 -0.459000 0.000000 0.000000
 -0.458000 0.000000 0.000000
 -0.457000 0.000000 0.000000
 -0.456000 0.000000 0.000000
 -0.455000 0.000000 0.000000
 -0.454000 0.000000 0.000000
 -0.453000 0.000000 0.000000
 -0.452000 0.000000 0.000000
 -0.451000 0.000000 0.000000
 -0.450000 0.000000 0.000000
 -0.449000 0.000000 0.000000
 -0.448000 0.000000 0.000000
 -0.447000 0.000000 0.000000
 -0.446000 0.000000 0.000000
 -0.445000 0.000000 0.000000
 -0.444000 0.000000 0.000000
 -0.443000 0.000000 0.000000
 -0.442000 0.000000 0.000000
 -0.441000 0.000000 0.000000
 -0.440000 0.000000 0.000000
 -0.439000 0.000000 0.000000
 -0.438000 0.000000 0.000000
 -0.437000 0.000000 0.000000
 -0.436000 0.000000 0.000000
 -0.435000 0.000000 0.000000
 -0.434000 0.000000 0.000000
 -0.433000 0.000000 0.000000
 -0.432000 0.000000 0.000000
 -0.431000 0.000000 0.000000
 -0.430000 0.000000 0.000000
 -0.429000 0.000000 0.000000
 -0.428000 0.000000 0.000000
 -0.427000 0.000000 0.000000
 -0.426000 0.000000 0.000000
 -0.425000 0.000000 0.000000
 -0.424000 0.000000 0.000000
 -0.423000 0.000000 0.000000
 -0.422000 0.000000 0.000000
 -0.421000 0.000000 0.000000
 -0.420000 0.000000 0.000000
 -0.419000 0.000000 0.000000
 -0.418000 0.000000 0.000000
 -0.417000 0.000000 0.000000
 -0.416000 0.000000 0.000000
 -0.415000 0.000000 0.000000
 -0.414000 0.000000 0.000000
 -0.413000 0.000000 0.000000
 -0.412000 0.000000 0.000000
 -0.411000 0.000000 0.000000
 -0.410000 0.000000 0.000000
 -0.409000 0.000000 0.000000
 -0.408000 0.000000 0.000000
 -0.407000 0.000000 0.000000
 -0.406000 0.000000 0.000000
 -0.405000 0.000000 0.000000
 -0.404000 0.000000 0.000000
 -0.403000 0.000000 0.000000
 -0.402000 0.000000 0.000000
 -0.401000 0.000000 0.000000
 -0.400000 0.000000 0.000000
 -0.399000 0.000000 0.000000
 -0.398000 0.000000 0.000000
 -0.397000 0.000000 0.000000
 -0.396000 0.000000 0.000000
 -0.395000 0.000000 0.000000
 -0.394000 0.000000 0.000000
 -0.393000 0.000000 0.000000
 -0.392000 0.000000 0.000000
 -0.391000 0.000000 0.000000
 -0.390000 0.000000 0.000000
 -0.389000 0.000000 0.000000
 -0.388000 0.000000 0.000000
 -0.387000 0.000000 0.000000
 -0.386000 0.000000 0.000000
 -0.385000 0.000000 0.000000
 -0.384000 0.000000 0.000000
 -0.383000 0.000000 0.000000
 -0.382000 0.000000 0.000000
 -0.381000 0.000000 0.000000
 -0.380000 0.000000 0.000000
 -0.379000 0.000000 0.000000
 -0.378000 0.000000 0.000000
 -0.377000 0.000000 0.000000
 -0.376000 0.000000 0.000000
 -0.375000 0.000000 0.000000
 -0.374000 0.000000 0.000000
 -0.373000 0.000000 0.000000
 -0.372000 0.000000 0.000000
 -0.371000 0.000000 0.000000
 -0.370000 0.000000 0.000000
 -0.369000 0.000000 0.000000
 -0.368000 0.000000 0.000000
 -0.367000 0.000000 0.000000
 -0.366000 0.000000 0.000000
 -0.365000 0.000000 0.000000
 -0.364000 0.000000 0.000000
 -0.363000 0.000000 0.000000
 -0.362000 0.000000 0.000000
 -0.361000 0.000000 0.000000
 -0.360000 0.000000 0.000000
 -0.359000 0.000000 0.000000
 -0.358000 0.000000 0.000000
 -0.357000 0.000000 0.000000
 -0.356000 0.000000 0.000000
 -0.355000 0.000000 0.000000
 -0.354000 0.000000 0.000000
 -0.353000 0.000000 0.000000
 -0.352000 0.000000 0.000000
 -0.351000 0.000000 0.000000
 -0.350000 0.000000 0.000000
 -0.349000 0.000000 0.000000
 -0.348000 0.000000 0.000000
 -0.347000 0.000000 0.000000
 -0.346000 0.000000 0.000000
 -0.345000 0.000000 0.000000
 -0.344000 0.000000 0.000000
 -0.343000 0.000000 0.000000
 -0.342000 0.000000 0.000000
 -0.341000 0.000000 0.000000
 -0.340000 0.000000 0.000000
 -0.339000 0.000000 0.000000
 -0.338000 0.000000 0.000000
 -0.337000 0.000000 0.000000
 -0.336000 0.000000 0.000000
 -0.335000 0.000000 0.000000
 -0.334000 0.000000 0.000000
 -0.333000 0.000000 0.000000
 -0.332000 0.000000 0.000000
 -0.331000 0.000000 0.000000
 -0.330000 0.000000 0.000000
 -0.329000 0.000000 0.000000
 -0.328000 0.000000 0.000000
 -0.327000 0.000000 0.000000
 -0.326000 0.000000 0.000000
 -0.325000 0.000000 0.000000
 -0.324000 0.000000 0.000000
 -0.323000 0.000000 0.000000
 -0.322000 0.000000 0.000000
 -0.321000 0.000000 0.000000
 -0.320000 0.000000 0.000000
 -0.319000 0.000000 0.000000
 -0.318000 0.000000 0.000000
 -0.317000 0.000000 0.000000
 -0.316000 0.000000 0.000000
 -0.315000 0.000000 0.000000
 -0.314000 0.000000 0.000000
 -0.313000 0.000000 0.000000
 -0.312000 0.000000 0.000000
 -0.311000 0.000000 0.000000
 -0.310000 0.000000 0.000000
 -0.309000 0.000000 0.000000
 -0.308000 0.000000 0.000000
 -0.307000 0.000000 0.000000
 -0.306000 0.000000 0.000000
 -0.305000 0.000000 0.000000
 -0.304000 0.000000 0.000000
 -0.303000 0.000000 0.000000
 -0.302000 0.000000 0.000000
 -0.301000 0.000000 0.000000
 -0.300000 0.000000 0.000000
 -0.299000 0.000000 0.000000
 -0.298000 0.000000 0.000000
 -0.297000 0.000000 0.000000
 -0.296000 0.000000 0.000000
 -0.295000 0.000000 0.000000
 -0.294000 0.000000 0.000000
 -0.293000 0.000000 0.000000
 -0.292000 0.000000 0.000000
 -0.291000 0.000000 0.000000
 -0.290000 0.000000 0.000000
 -0.289000 0.000000 0.000000
 -0.288000 0.000000 0.000000
 -0.287000 0.000000 0.000000
 -0.286000 0.000000 0.000000
 -0.285000 0.000000 0.000000
 -0.284000 0.000000 0.000000
 -0.283000 0.000000 0.000000
 -0.282000 0.000000 0.000000
 -0.281000 0.000000 0.000000
 -0.280000 0.000000 0.000000
 -0.279000 0.000000 0.000000
 -0.278000 0.000000 0.000000
 -0.277000 0.000000 0.000000
 -0.276000 0.000000 0.000000
 -0.275000 0.000000 0.000000
 -0.274000 0.000000 0.000000
 -0.273000 0.000000 0.000000
 -0.272000 0.000000 0.000000
 -0.271000 0.000000 0.000000
 -0.270000 0.000000 0.000000
 -0.269000 0.000000 0.000000
 -0.268000 0.000000 0.000000
 -0.267000 0.000000 0.000000
 -0.266000 0.000000 0.000000
 -0.265000 0.000000 0.000000
 -0.264000 0.000000 0.000000
 -0.263000 0.000000 0.000000
 -0.262000 0.000000 0.000000
 -0.261000 0.000000 0.000000
 -0.260000 0.000000 0.000000
 -0.259000 0.000000 0.000000
 -0.258000 0.000000 0.000000
 -0.257000 0.000000 0.000000
 -0.256000 0.000000 0.000000
 -0.255000 0.000000 0.000000
 -0.254000 0.000000 0.000000
 -0.253000 0.000000 0.000000
 -0.252000 0.000000 0.000000
 -0.251000 0.000000 0.000000
 -0.250000 0.000000 0.000000
 -0.249000 0.000000 0.000000
 -0.248000 0.000000 0.000000
 -0.247000 0.000000 0.000000
 -0.246000 0.000000 0.000000
 -0.245000 0.000000 0.000000
 -0.244000 0.000000 0.000000
 -0.243000 0.000000 0.000000
 -0.242000 0.000000 0.000000
 -0.241000 0.000000 0.000000
 -0.240000 0.000000 0.000000
 -0.239000 0.000000 0.000000
 -0.238000 0.000000 0.000000
 -0.237000 0.000000 0.000000
 -0.236000 0.000000 0.000000
 -0.235000 0.000000 0.000000
 -0.234000 0.000000 0.000000
 -0.233000 0.000000 0.000000
 -0.232000 0.000000 0.000000
 -0.231000 0.000000 0.000000
 -0.230000 0.000000 0.000000
 -0.229000 0.000000 0.000000
 -0.228000 0.000000 0.000000
 -0.227000 0.000000 0.000000
 -0.226000 0.000000 0.000000
 -0.225000 0.000000 0.000000
 -0.224000 0.000000 0.000000
 -0.223000 0.000000 0.000000
 -0.222000 0.000000 0.000000
 -0.221000 0.000000 0.000000
 -0.220000 0.000000 0.000000
 -0.219000 0.000000 0.000000
 -0.218000 0.000000 0.000000
 -0.217000 0.000000 0.000000
 -0.216000 0.000000 0.000000
 -0.215000 0.000000 0.000000
 -0.214000 0.000000 0.000000
 -0.213000 0.000000 0.000000
 -0.212000 0.000000 0.000000
 -0.211000 0.000000 0.000000
 -0.210000 0.000000 0.000000
 -0.209000 0.000000 0.000000
 -0.208000 0.000000 0.000000
 -0.207000 0.000000 0.000000
 -0.206000 0.000000 0.000000
 -0.205000 0.000000 0.000000
 -0.204000 0.000000 0.000000
 -0.203000 0.000000 0.000000
 -0.202000 0.000000 0.000000
 -0.201000 0.000000 0.000000
 -0.200000 0.000000 0.000000
 -0.199000 0.000000 0.000000
 -0.198000 0.000000 0.000000
 -0.197000 0.000000 0.000000
 -0.196000 0.000000 0.000000
 -0.195000 0.000000 0.000000
 -0.194000 0.000000 0.000000
 -0.193000 0.000000 0.000000
 -0.192000 0.000000 0.000000
 -0.191000 0.000000 0.000000
 -0.190000 0.000000 0.000000
 -0.189000 0.000000 0.000000
 -0.188000 0.000000 0.000000
 -0.187000 0.000000 0.000000
 -0.186000 0.000000 0.000000
 -0.185000 0.000000 0.000000
 -0.184000 0.000000 0.000000
 -0.183000 0.000000 0.000000
 -0.182000 0.000000 0.000000
 -0.181000 0.000000 0.000000
 -0.180000 0.000000 0.000000
 -0.179000 0.000000 0.000000
 -0.178000 0.000000 0.000000
 -0.177000 0.000000 0.000000
 -0.176000 0.000000 0.000000
 -0.175000 0.000000 0.000000
 -0.174000 0.000000 0.000000
 -0.173000 0.000000 0.000000
 -0.172000 0.000000 0.000000
 -0.171000 0.000000 0.000000
 -0.170000 0.000000 0.000000
 -0.169000 0.000000 0.000000
 -0.168000 0.000000 0.000000
 -0.167000 0.000000 0.000000
 -0.166000 0.000000 0.000000
 -0.165000 0.000000 0.000000
 -0.164000 0.000000 0.000000
 -0.163000 0.000000 0.000000
 -0.162000 0.000000 0.000000
 -0.161000 0.000000 0.000000
 -0.160000 0.000000 0.000000
 -0.159000 0.000000 0.000000
 -0.158000 0.000000 0.000000
 -0.157000 0.000000 0.000000
 -0.156000 0.000000 0.000000
 -0.155000 0.000000 0.000000
 -0.154000 0.000000 0.000000
 -0.153000 0.000000 0.000000
 -0.152000 0.000000 0.000000
 -0.151000 0.000000 0.000000
 -0.150000 0.000000 0.000000
 -0.149000 0.000000 0.000000
 -0.148000 0.000000 0.000000
 -0.147000 0.000000 0.000000
 -0.146000 0.000000 0.000000
 -0.145000 0.000000 0.000000
 -0.144000 0.000000 0.000000
 -0.143000 0.000000 0.000000
 -0.142000 0.000000 0.000000
 -0.141000 0.000000 0.000000
 -0.140000 0.000000 0.000000
 -0.139000 0.000000 0.000000
 -0.138000 0.000000 0.000000
 -0.137000 0.000000 0.000000
 -0.136000 0.000000 0.000000
 -0.135000 0.000000 0.000000
 -0.134000 0.000000 0.000000
 -0.133000 0.000000 0.000000
 -0.132000 0.000000 0.000000
 -0.131000 0.000000 0.000000
 -0.130000 0.000000 0.000000
 -0.129000 0.000000 0.000000
 -0.128000 0.000000 0.000000
 -0.127000 0.000000 0.000000
 -0.126000 0.000000 0.000000
 -0.125000 0.000000 0.000000
 -0.124000 0.000000 0.000000
 -0.123000 0.000000 0.000000
 -0.122000 0.000000 0.000000
 -0.121000 0.000000 0.000000
 -0.120000 0.000000 0.000000
 -0.119000 0.000000 0.000000
 -0.118000 0.000000 0.000000
 -0.117000 0.000000 0.000000
 -0.116000 0.000000 0.000000
 -0.115000 0.000000 0.000000
 -0.114000 0.000000 0.000000
 -0.113000 0.000000 0.000000
 -0.112000 0.000000 0.000000
 -0.111000 0.000000 0.000000
 -0.110000 0.000000 0.000000
 -0.109000 0.000000 0.000000
 -0.108000 0.000000 0.000000
 -0.107000 0.000000 0.000000
 -0.106000 0.000000 0.000000
 -0.105000 0.000000 0.000000
 -0.104000 0.000000 0.000000
 -0.103000 0.000000 0.000000
 -0.102000 0.000000 0.000000
 -0.101000 0.000000 0.000000
 -0.100000 0.000000 0.000000
 -0.099000 0.000000 0.000000
 -0.098000 0.000000 0.000000
 -0.097000 0.000000 0.000000
 -0.096000 0.000000 0.000000
 -0.095000 0.000000 0.000000
 -0.094000 0.000000 0.000000
 -0.093000 0.000000 0.000000
 -0.092000 0.000000 0.000000
 -0.091000 0.000000 0.000000
 -0.090000 0.000000 0.000000
 -0.089000 0.000000 0.000000
 -0.088000 0.000000 0.000000
 -0.087000 0.000000 0.000000
 -0.086000 0.000000 0.000000
 -0.085000 0.000000 0.000000
 -0.084000 0.000000 0.000000
 -0.083000 0.000000 0.000000
 -0.082000 0.000000 0.000000
 -0.081000 0.000000 0.000000
 -0.080000 0.000000 0.000000
 -0.079000 0.000000 0.000000
 -0.078000 0.000000 0.000000
 -0.077000 0.000000 0.000000
 -0.076000 0.000000 0.000000
 -0.075000 0.000000 0.000000
 -0.074000 0.000000 0.000000
 -0.073000 0.000000 0.000000
 -0.072000 0.000000 0.000000
 -0.071000 0.000000 0.000000
 -0.070000 0.000000 0.000000
 -0.069000 0.000000 0.000000
 -0.068000 0.000000 0.000000
 -0.067000 0.000000 0.000000
 -0.066000 0.000000 0.000000
 -0.065000 0.000000 0.000000
 -0.064000 0.000000 0.000000
 -0.063000 0.000000 0.000000
 -0.062000 0.000000 0.000000
 -0.061000 0.000000 0.000000
 -0.060000 0.000000 0.000000
 -0.059000 0.000000 0.000000
 -0.058000 0.000000 0.000000
 -0.057000 0.000000 0.000000
 -0.056000 0.000000 0.000000
 -0.055000 0.000000 0.000000
 -0.054000 0.000000 0.000000
 -0.053000 0.000000 0.000000
 -0.052000 0.000000 0.000000
 -0.051000 0.000000 0.000000
 -0.050000 0.000000 0.000000
 -0.049000 0.000000 0.000000
 -0.048000 0.000000 0.000000
 -0.047000 0.000000 0.000000
 -0.046000 0.000000 0.000000
 -0.045000 0.000000 0.000000
 -0.044000 0.000000 0.000000
 -0.043000 0.000000 0.000000
 -0.042000 0.000000 0.000000
 -0.041000 0.000000 0.000000
 -0.040000 0.000000 0.000000
 -0.039000 0.000000 0.000000
 -0.038000 0.000000 0.000000
 -0.037000 0.000000 0.000000
 -0.036000 0.000000 0.000000
 -0.035000 0.000000 0.000000
 -0.034000 0.000000 0.000000
 -0.033000 0.000000 0.000000
 -0.032000 0.000000 0.000000
 -0.031000 0.000000 0.000000
 -0.030000 0.000000 0.000000
 -0.029000 0.000000 0.000000
 -0.028000 0.000000 0.000000
 -0.027000 0.000000 0.000000
 -0.026000 0.000000 0.000000
 -0.025000 0.000000 0.000000
 -0.024000 0.000000 0.000000
 -0.023000 0.000000 0.000000
 -0.022000 0.000000 0.000000
 -0.021000 0.000000 0.000000
 -0.020000 0.000000 0.000000
 -0.019000 0.000001 0.000307
 -0.018000 0.000001 0.000429
 -0.017000 0.000002 0.000592
 -0.016000 0.000002 0.000809
 -0.015000 0.000004 0.001275
 -0.014000 0.000005 0.001714
 -0.013000 0.000008 0.002649
 -0.012000 0.000012 0.003834
 -0.011000 0.000018 0.005478
 -0.010000 0.000026 0.007847
 -0.009000 0.000037 0.011071
 -0.008000 0.000052 0.015362
 -0.007000 0.000072 0.020576
 -0.006000 0.000098 0.027538
 -0.005000 0.000138 0.038375
 -0.004000 0.000188 0.051482
 -0.003000 0.000253 0.068152
 -0.002000 0.000344 0.091328
 -0.001000 0.000462 0.121376
 0.000000 0.000616 0.159479
 0.001000 0.000815 0.207923
 0.002000 0.001070 0.268573
 0.003000 0.001396 0.344930
 0.004000 0.001804 0.437866
 0.005000 0.002322 0.553462
 0.006000 0.002973 0.696130
 0.007000 0.003783 0.869294
 0.008000 0.004782 1.076886
 0.009000 0.006012 1.325824
 0.010000 0.007525 1.625134
 0.011000 0.009367 1.979779
 0.012000 0.011594 2.395584
 0.013000 0.014277 2.882104
 0.014000 0.017492 3.447807
 0.015000 0.021310 4.096641
 0.016000 0.025825 4.837829
 0.017000 0.031156 5.686897
 0.018000 0.037386 6.642551
 0.019000 0.044617 7.708419
 0.020000 0.052979 8.893963
 0.021000 0.062596 10.204398
 0.022000 0.073595 11.643254
 0.023000 0.086097 13.209784
 0.024000 0.100234 14.905157
 0.025000 0.116138 16.729387
 0.026000 0.133945 18.682640
 0.027000 0.153750 20.750710
 0.028000 0.175697 22.936746
 0.029000 0.199884 25.228911
 0.030000 0.226428 27.623865
 0.031000 0.255416 30.108402
 0.032000 0.286937 32.674400
 0.033000 0.321066 35.310374
 0.034000 0.357854 38.000627
 0.035000 0.397366 40.738162
 0.036000 0.439653 43.515089
 0.037000 0.484747 46.320701
 0.038000 0.532633 49.131877
 0.039000 0.583322 51.939699
 0.040000 0.636824 54.738741
 0.041000 0.693143 57.526932
 0.042000 0.752227 60.284339
 0.043000 0.814041 63.001866
 0.044000 0.878567 65.680810
 0.045000 0.945749 68.310863
 0.046000 1.015547 70.890459
 0.047000 1.087901 73.413796
 0.048000 1.162736 75.870482
 0.049000 1.239991 78.258164
 0.050000 1.319624 80.581975
 0.051000 1.401572 82.840536
 0.052000 1.485717 85.013169
 0.053000 1.571990 87.098844
 0.054000 1.660319 89.096745
 0.055000 1.750606 90.996336
 0.056000 1.842742 92.786848
 0.057000 1.936620 94.460970
 0.058000 2.032097 96.001152
 0.059000 2.129094 97.415438
 0.060000 2.227399 98.670435
 0.061000 2.326858 99.755816
 0.062000 2.427363 100.685178
 0.063000 2.528686 101.431678
 0.064000 2.630676 102.002399
 0.065000 2.733130 102.388616
 0.066000 2.835903 102.604967
 0.067000 2.938829 102.662647
 0.068000 3.041735 102.572240
 0.069000 3.144460 102.336698
 0.070000 3.246907 101.988419
 0.071000 3.348941 101.543112
 0.072000 3.450493 101.025967
 0.073000 3.551508 100.460310
 0.074000 3.651916 99.858822
 0.075000 3.751713 99.246157
 0.076000 3.850913 98.643804
 0.077000 3.949510 98.052834
 0.078000 4.047572 97.504970
 0.079000 4.145082 96.984252
 0.080000 4.242058 96.479874
 0.081000 4.338510 95.976020
 0.082000 4.434483 95.480291
 0.083000 4.529938 94.968142
 0.084000 4.624897 94.427351
 0.085000 4.719274 93.821349
 0.086000 4.812967 93.122184
 0.087000 4.905910 92.317969
 0.088000 4.997998 91.385369
 0.089000 5.089074 90.306021
 0.090000 5.178984 89.082829
 0.091000 5.267618 87.701339
 0.092000 5.354767 86.139654
 0.093000 5.440254 84.414611
 0.094000 5.523925 82.533021
 0.095000 5.605639 80.513168
 0.096000 5.685251 78.359671
 0.097000 5.762659 76.100353
 0.098000 5.837740 73.751878
 0.099000 5.910444 71.348552
 0.100000 5.980728 68.890923
 0.101000 6.048505 66.411691
 0.102000 6.113808 63.930999
 0.103000 6.176638 61.475650
 0.104000 6.237030 59.053149
 0.105000 6.294983 56.663926
 0.106000 6.350572 54.328994
 0.107000 6.403861 52.044557
 0.108000 6.454864 49.810082
 0.109000 6.503635 47.630704
 0.110000 6.550217 45.497475
 0.111000 6.594724 43.396470
 0.112000 6.637131 41.310184
 0.113000 6.677477 39.250023
 0.114000 6.715712 37.196236
 0.115000 6.751882 35.122891
 0.116000 6.785991 33.026994
 0.117000 6.817965 30.904450
 0.118000 6.847797 28.742760
 0.119000 6.875446 26.544275
 0.120000 6.900860 24.299756
 0.121000 6.924040 22.007416
 0.122000 6.944901 19.668165
 0.123000 6.963360 17.296587
 0.124000 6.979408 14.902600
 0.125000 6.993051 12.466881
 0.126000 7.004249 10.016251
 0.127000 7.012987 7.569043
 0.128000 7.019249 5.126836
 0.129000 7.023077 2.699737
 0.130000 7.024487 0.307490
 0.131000 7.023516 -2.059196
 0.132000 7.020162 -4.356232
 0.133000 7.014555 -6.620509
 0.134000 7.006722 -8.836022
 0.135000 6.996668 -10.966249
 0.136000 6.984509 -13.044422
 0.137000 6.970303 -15.042899
 0.138000 6.954176 -16.968967
 0.139000 6.936137 -18.804548
 0.140000 6.916255 -20.557676
 0.141000 6.894681 -22.224535
 0.142000 6.871461 -23.833550
 0.143000 6.846679 -25.347140
 0.144000 6.820412 -26.796229
 0.145000 6.792742 -28.169544
 0.146000 6.763708 -29.483041
 0.147000 6.733414 -30.753309
 0.148000 6.701873 -31.979649
 0.149000 6.669081 -33.176653
 0.150000 6.635109 -34.366041
 0.151000 6.599867 -35.546634
 0.152000 6.563479 -36.747151
 0.153000 6.525886 -37.984223
 0.154000 6.487079 -39.267291
 0.155000 6.446920 -40.585307
 0.156000 6.405434 -41.938538
 0.157000 6.362515 -43.325436
 0.158000 6.318202 -44.755830
 0.159000 6.272475 -46.222889
 0.160000 6.225270 -47.694653
 0.161000 6.176581 -49.154316
 0.162000 6.126454 -50.593756
 0.163000 6.074884 -51.975392
 0.164000 6.021925 -53.284402
 0.165000 5.967721 -54.526955
 0.166000 5.912334 -55.669907
 0.167000 5.855867 -56.696792
 0.168000 5.798420 -57.598816
 0.169000 5.740154 -58.377448
 0.170000 5.681164 -59.019863
 0.171000 5.621587 -59.546100
 0.172000 5.561527 -59.943775
 0.173000 5.501137 -60.236559
 0.174000 5.440520 -60.441188
 0.175000 5.379738 -60.560958
 0.176000 5.318848 -60.606123
 0.177000 5.257904 -60.609143
 0.178000 5.197010 -60.590791
 0.179000 5.136126 -60.547088
 0.180000 5.075283 -60.497107
 0.181000 5.014512 -60.452888
 0.182000 4.953792 -60.418667
 0.183000 4.893116 -60.389882
 0.184000 4.832435 -60.366752
 0.185000 4.771766 -60.367383
 0.186000 4.711086 -60.358795
 0.187000 4.650436 -60.361211
 0.188000 4.589796 -60.366124
 0.189000 4.529146 -60.357671
 0.190000 4.468524 -60.331344
 0.191000 4.407924 -60.282370
 0.192000 4.347369 -60.203516
 0.193000 4.286908 -60.093983
 0.194000 4.226568 -59.940823
 0.195000 4.166401 -59.759198
 0.196000 4.106446 -59.548468
 0.197000 4.046703 -59.299653
 0.198000 3.987265 -59.016661
 0.199000 3.928114 -58.701477
 0.200000 3.869290 -58.353699
 0.201000 3.810845 -57.984217
 0.202000 3.752774 -57.596162
 0.203000 3.695081 -57.188053
 0.204000 3.637818 -56.772427
 0.205000 3.580956 -56.347399
 0.206000 3.524538 -55.924347
 0.207000 3.468565 -55.506988
 0.208000 3.413002 -55.088773
 0.209000 3.357882 -54.685696
 0.210000 3.303135 -54.289507
 0.211000 3.248773 -53.892822
 0.212000 3.194807 -53.504951
 0.213000 3.141254 -53.126047
 0.214000 3.088048 -52.740427
 0.215000 3.035259 -52.370916
 0.216000 2.982831 -51.972745
 0.217000 2.930815 -51.569948
 0.218000 2.879194 -51.140578
 0.219000 2.828032 -50.693518
 0.220000 2.777332 -50.210072
 0.221000 2.727123 -49.695716
 0.222000 2.677469 -49.144962
 0.223000 2.628369 -48.560727
 0.224000 2.579906 -47.942713
 0.225000 2.532050 -47.274354
 0.226000 2.484896 -46.571954
 0.227000 2.438453 -45.838375
 0.228000 2.392786 -45.087070
 0.229000 2.347853 -44.309320
 0.230000 2.303733 -43.527640
 0.231000 2.260388 -42.743164
 0.232000 2.217827 -41.964595
 0.233000 2.176035 -41.199144
 0.234000 2.135008 -40.458407
 0.235000 2.094705 -39.747341
 0.236000 2.055093 -39.072062
 0.237000 2.016154 -38.432944
 0.238000 1.977841 -37.836046
 0.239000 1.940116 -37.271807
 0.240000 1.902915 -36.742990
 0.241000 1.866242 -36.249386
 0.242000 1.830041 -35.784794
 0.243000 1.794307 -35.338167
 0.244000 1.759018 -34.913073
 0.245000 1.724143 -34.492461
 0.246000 1.689689 -34.067942
 0.247000 1.655658 -33.635345
 0.248000 1.622069 -33.186420
 0.249000 1.588932 -32.722427
 0.250000 1.556295 -32.246846
 0.251000 1.524137 -31.741483
 0.252000 1.492506 -31.213645
 0.253000 1.461417 -30.662149
 0.254000 1.430887 -30.087579
 0.255000 1.400936 -29.499966
 0.256000 1.371581 -28.893705
 0.257000 1.342843 -28.290628
 0.258000 1.314729 -27.697005
 0.259000 1.287188 -27.102650
 0.260000 1.260236 -26.521703
 0.261000 1.233861 -25.967600
 0.262000 1.208038 -25.437352
 0.263000 1.182708 -24.941588
 0.264000 1.157875 -24.485116
 0.265000 1.133483 -24.068735
 0.266000 1.109494 -23.689672
 0.267000 1.085855 -23.345613
 0.268000 1.062539 -23.045950
 0.269000 1.039517 -22.781165
 0.270000 1.016758 -22.546857
 0.271000 0.994201 -22.327803
 0.272000 0.971865 -22.130516
 0.273000 0.949719 -21.942282
 0.274000 0.927759 -21.756208
 0.275000 0.905997 -21.567013
 0.276000 0.884430 -21.366253
 0.277000 0.863075 -21.141148
 0.278000 0.841959 -20.895928
 0.279000 0.821103 -20.615469
 0.280000 0.800542 -20.303573
 0.281000 0.780303 -19.961157
 0.282000 0.760419 -19.590216
 0.283000 0.740946 -19.197812
 0.284000 0.721871 -18.776427
 0.285000 0.703224 -18.337752
 0.286000 0.685022 -17.881715
 0.287000 0.667294 -17.422168
 0.288000 0.650034 -16.964488
 0.289000 0.633215 -16.503194
 0.290000 0.616870 -16.053154
 0.291000 0.600963 -15.617807
 0.292000 0.585486 -15.197094
 0.293000 0.570415 -14.790036
 0.294000 0.555751 -14.405738
 0.295000 0.541451 -14.035971
 0.296000 0.527533 -13.690333
 0.297000 0.513946 -13.353855
 0.298000 0.500700 -13.027888
 0.299000 0.487764 -12.708564
 0.300000 0.475150 -12.398684
 0.301000 0.462841 -12.087994
 0.302000 0.450848 -11.779842
 0.303000 0.439159 -11.469560
 0.304000 0.427785 -11.161711
 0.305000 0.416720 -10.851316
 0.306000 0.405969 -10.539227
 0.307000 0.395529 -10.225674
 0.308000 0.385412 -9.912641
 0.309000 0.375610 -9.603425
 0.310000 0.366104 -9.292566
 0.311000 0.356915 -8.988661
 0.312000 0.348010 -8.689652
 0.313000 0.339418 -8.405150
 0.314000 0.331099 -8.129307
 0.315000 0.323056 -7.870219
 0.316000 0.315259 -7.620705
 0.317000 0.307718 -7.392491
 0.318000 0.300392 -7.183215
 0.319000 0.293268 -6.991243
 0.320000 0.286329 -6.818937
 0.321000 0.279545 -6.664142
 0.322000 0.272919 -6.532138
 0.323000 0.266416 -6.418954
 0.324000 0.260015 -6.322829
 0.325000 0.253700 -6.242644
 0.326000 0.247457 -6.177583
 0.327000 0.241273 -6.125039
 0.328000 0.235141 -6.084791
 0.329000 0.229034 -6.047852
 0.330000 0.222968 -6.018673
 0.331000 0.216935 -5.990754
 0.332000 0.210932 -5.961012
 0.333000 0.204956 -5.925813
 0.334000 0.199021 -5.885571
 0.335000 0.193127 -5.831694
 0.336000 0.187305 -5.774186
 0.337000 0.181544 -5.700333
 0.338000 0.175866 -5.612197
 0.339000 0.170275 -5.509618
 0.340000 0.164798 -5.392113
 0.341000 0.159455 -5.263814
 0.342000 0.154243 -5.118934
 0.343000 0.149178 -4.959961
 0.344000 0.144280 -4.790295
 0.345000 0.139556 -4.611388
 0.346000 0.135017 -4.426257
 0.347000 0.130667 -4.235829
 0.348000 0.126508 -4.042548
 0.349000 0.122548 -3.849860
 0.350000 0.118774 -3.655813
 0.351000 0.115199 -3.469191
 0.352000 0.111801 -3.285337
 0.353000 0.108582 -3.110468
 0.354000 0.105536 -2.947205
 0.355000 0.102652 -2.797682
 0.356000 0.099908 -2.657847
 0.357000 0.097299 -2.530727
 0.358000 0.094815 -2.419948
 0.359000 0.092433 -2.319658
 0.360000 0.090141 -2.232294
 0.361000 0.087934 -2.158293
 0.362000 0.085794 -2.095926
 0.363000 0.083705 -2.042599
 0.364000 0.081671 -2.002901
 0.365000 0.079670 -1.971566
 0.366000 0.077695 -1.947460
 0.367000 0.075742 -1.931749
 0.368000 0.073805 -1.923495
 0.369000 0.071874 -1.919731
 0.370000 0.069945 -1.919591
 0.371000 0.068010 -1.920771
 0.372000 0.066077 -1.926336
 0.373000 0.064140 -1.932617
 0.374000 0.062195 -1.936058
 0.375000 0.060245 -1.937224
 0.376000 0.058298 -1.936156
 0.377000 0.056356 -1.931636
 0.378000 0.054422 -1.920669
 0.379000 0.052501 -1.903443
 0.380000 0.050602 -1.878768
 0.381000 0.048729 -1.845772
 0.382000 0.046895 -1.806628
 0.383000 0.045104 -1.760220
 0.384000 0.043363 -1.705343
 0.385000 0.041683 -1.647218
 0.386000 0.040061 -1.582412
 0.387000 0.038508 -1.514555
 0.388000 0.037025 -1.444740
 0.389000 0.035609 -1.373446
 0.390000 0.034262 -1.303066
 0.391000 0.032990 -1.237310
 0.392000 0.031780 -1.174302
 0.393000 0.030630 -1.115732
 0.394000 0.029536 -1.062915
 0.395000 0.028490 -1.014836
 0.396000 0.027490 -0.973139
 0.397000 0.026529 -0.937572
 0.398000 0.025601 -0.907725
 0.399000 0.024702 -0.882746
 0.400000 0.023826 -0.861292
 0.401000 0.022971 -0.842233
 0.402000 0.022136 -0.825085
 0.403000 0.021316 -0.808515
 0.404000 0.020511 -0.790863
 0.405000 0.019724 -0.771977
 0.406000 0.018958 -0.752153
 0.407000 0.018215 -0.730390
 0.408000 0.017490 -0.704414
 0.409000 0.016797 -0.677276
 0.410000 0.016131 -0.646465
 0.411000 0.015495 -0.612732
 0.412000 0.014899 -0.579127
 0.413000 0.014334 -0.542392
 0.414000 0.013807 -0.504821
 0.415000 0.013317 -0.466765
 0.416000 0.012867 -0.428881
 0.417000 0.012454 -0.391314
 0.418000 0.012078 -0.354986
 0.419000 0.011738 -0.320194
 0.420000 0.011432 -0.287470
 0.421000 0.011159 -0.257624
 0.422000 0.010914 -0.229726
 0.423000 0.010695 -0.204073
 0.424000 0.010501 -0.181589
 0.425000 0.010328 -0.161591
 0.426000 0.010174 -0.144442
 0.427000 0.010035 -0.130068
 0.428000 0.009911 -0.118798
 0.429000 0.009796 -0.109367
 0.430000 0.009688 -0.101679
 0.431000 0.009588 -0.097150
 0.432000 0.009490 -0.093693
 0.433000 0.009396 -0.092754
 0.434000 0.009300 -0.092973
 0.435000 0.009204 -0.094924
 0.436000 0.009106 -0.098242
 0.437000 0.009004 -0.103132
 0.438000 0.008897 -0.109240
 0.439000 0.008783 -0.115729
 0.440000 0.008662 -0.123653
 0.441000 0.008533 -0.132370
 0.442000 0.008395 -0.141827
 0.443000 0.008247 -0.151620
 0.444000 0.008089 -0.162557
 0.445000 0.007921 -0.174009
 0.446000 0.007741 -0.185688
 0.447000 0.007548 -0.196974
 0.448000 0.007345 -0.208352
 0.449000 0.007130 -0.219871
 0.450000 0.006904 -0.230991
 0.451000 0.006666 -0.241176
 0.452000 0.006420 -0.251119
 0.453000 0.006164 -0.259683
 0.454000 0.005899 -0.267288
 0.455000 0.005629 -0.273746
 0.456000 0.005352 -0.278698
 0.457000 0.005071 -0.281597
 0.458000 0.004788 -0.283407
 0.459000 0.004504 -0.283302
 0.460000 0.004220 -0.281303
 0.461000 0.003940 -0.277477
 0.462000 0.003665 -0.272236
 0.463000 0.003395 -0.265152
 0.464000 0.003134 -0.256562
 0.465000 0.002882 -0.246462
 0.466000 0.002640 -0.234952
 0.467000 0.002412 -0.222370
 0.468000 0.002196 -0.208497
 0.469000 0.001993 -0.193591
 0.470000 0.001807 -0.178010
 0.471000 0.001636 -0.162312
 0.472000 0.001482 -0.146290
 0.473000 0.001343 -0.130022
 0.474000 0.001220 -0.113597
 0.475000 0.001113 -0.097576
 0.476000 0.001023 -0.082765
 0.477000 0.000947 -0.068606
 0.478000 0.000885 -0.055108
 0.479000 0.000836 -0.042752
 0.480000 0.000799 -0.031263
 0.481000 0.000773 -0.021078
 0.482000 0.000756 -0.011832
 0.483000 0.000747 -0.003264
 0.484000 0.000747 0.003579
 0.485000 0.000753 0.009353
 0.486000 0.000764 0.014065
 0.487000 0.000780 0.017819
 0.488000 0.000799 0.020661
 0.489000 0.000821 0.022740
 0.490000 0.000843 0.024015
 0.491000 0.000867 0.024546
 0.492000 0.000891 0.024465
 0.493000 0.000915 0.023631
 0.494000 0.000938 0.022358
 0.495000 0.000960 0.020723
 0.496000 0.000979 0.018992
 0.497000 0.000997 0.016844
 0.498000 0.001012 0.014773
 0.499000 0.001026 0.012655
 0.500000 0.001037 0.010461
 0.501000 0.001047 0.008454
 0.502000 0.001054 0.006854
 0.503000 0.001060 0.005311
 0.504000 0.001065 0.004063
 0.505000 0.001068 0.003095
 0.506000 0.001071 0.002366
 0.507000 0.001073 0.001813
 0.508000 0.001074 0.001356
 0.509000 0.001076 0.000901
 0.510000 0.001076 0.000347
 0.511000 0.001076 -0.000407
 0.512000 0.001075 -0.001454
 0.513000 0.001074 -0.002686
 0.514000 0.001070 -0.004465
 0.515000 0.001065 -0.006686
 0.516000 0.001057 -0.009203
 0.517000 0.001046 -0.012216
 0.518000 0.001032 -0.015557
 0.519000 0.001015 -0.019129
 0.520000 0.000994 -0.022812
 0.521000 0.000969 -0.026298
 0.522000 0.000941 -0.029820
 0.523000 0.000910 -0.032992
 0.524000 0.000875 -0.035664
 0.525000 0.000838 -0.037697
 0.526000 0.000800 -0.038971
 0.527000 0.000761 -0.039389
 0.528000 0.000722 -0.038890
 0.529000 0.000683 -0.037444
 0.530000 0.000647 -0.035061
 0.531000 0.000614 -0.031789
 0.532000 0.000584 -0.027716
 0.533000 0.000558 -0.022964
 0.534000 0.000537 -0.017506
 0.535000 0.000523 -0.011934
 0.536000 0.000513 -0.006019
 0.537000 0.000510 -0.000391
 0.538000 0.000512 0.004983
 0.539000 0.000520 0.009893
 0.540000 0.000532 0.014143
 0.541000 0.000548 0.017562
 0.542000 0.000567 0.020012
 0.543000 0.000587 0.021390
 0.544000 0.000609 0.021641
 0.545000 0.000630 0.020750
 0.546000 0.000650 0.018752
 0.547000 0.000667 0.015725
 0.548000 0.000681 0.011969
 0.549000 0.000690 0.007228
 0.550000 0.000695 0.001930
 0.551000 0.000694 -0.003726
 0.552000 0.000688 -0.009532
 0.553000 0.000675 -0.015278
 0.554000 0.000657 -0.020767
 0.555000 0.000634 -0.025819
 0.556000 0.000605 -0.030124
 0.557000 0.000573 -0.033922
 0.558000 0.000538 -0.036913
 0.559000 0.000500 -0.039053
 0.560000 0.000460 -0.040335
 0.561000 0.000419 -0.040635
 0.562000 0.000378 -0.040352
 0.563000 0.000338 -0.039363
 0.564000 0.000300 -0.037767
 0.565000 0.000263 -0.035677
 0.566000 0.000228 -0.033210
 0.567000 0.000197 -0.030481
 0.568000 0.000168 -0.027599
 0.569000 0.000141 -0.024665
 0.570000 0.000118 -0.021763
 0.571000 0.000098 -0.018965
 0.572000 0.000080 -0.016327
 0.573000 0.000065 -0.013889
 0.574000 0.000052 -0.011677
 0.575000 0.000042 -0.009704
 0.576000 0.000033 -0.007973
 0.577000 0.000026 -0.006477
 0.578000 0.000020 -0.005204
 0.579000 0.000015 -0.004134
 0.580000 0.000012 -0.003249
 0.581000 0.000009 -0.002525
 0.582000 0.000006 -0.001941
 0.583000 0.000005 -0.001477
 0.584000 0.000003 -0.001111
 0.585000 0.000003 -0.000827
 0.586000 0.000001 -0.000470
 0.587000 0.000001 -0.000346
 0.588000 0.000001 -0.000252
 0.589000 0.000000 0.000000
 0.590000 0.000000 0.000000
 0.591000 0.000000 0.000000
 0.592000 0.000000 0.000000
 0.593000 0.000000 0.000000
 0.594000 0.000000 0.000000
 0.595000 0.000000 0.000000
 0.596000 0.000000 0.000000
 0.597000 0.000000 0.000000
 0.598000 0.000000 0.000000
 0.599000 0.000000 0.000000
 0.600000 0.000000 0.000000
 0.601000 0.000000 0.000000
 0.602000 0.000000 0.000000
 0.603000 0.000000 0.000000
 0.604000 0.000000 0.000000
 0.605000 0.000000 0.000000
 0.606000 0.000000 0.000000
 0.607000 0.000000 0.000000
 0.608000 0.000000 0.000000
 0.609000 0.000000 0.000000
 0.610000 0.000000 0.000000
 0.611000 0.000000 0.000000
 0.612000 0.000000 0.000000
 0.613000 0.000000 0.000000
 0.614000 0.000000 0.000000
 0.615000 0.000000 0.000000
 0.616000 0.000000 0.000000
 0.617000 0.000000 0.000000
 0.618000 0.000000 0.000000
 0.619000 0.000000 0.000000
 0.620000 0.000000 0.000000
 0.621000 0.000000 0.000000
 0.622000 0.000000 0.000000
 0.623000 0.000000 0.000000
 0.624000 0.000000 0.000000
 0.625000 0.000000 0.000000
 0.626000 0.000000 0.000000
 0.627000 0.000000 0.000000
 0.628000 0.000000 0.000000
 0.629000 0.000000 0.000000
 0.630000 0.000000 0.000000
 0.631000 0.000000 0.000000
 0.632000 0.000000 0.000000
 0.633000 0.000000 0.000000
 0.634000 0.000000 0.000000
 0.635000 0.000000 0.000000
 0.636000 0.000000 0.000000
 0.637000 0.000000 0.000000
 0.638000 0.000000 0.000000
 0.639000 0.000000 0.000000
 0.640000 0.000000 0.000000
 0.641000 0.000000 0.000000
 0.642000 0.000000 0.000000
 0.643000 0.000000 0.000000
 0.644000 0.000000 0.000000
 0.645000 0.000000 0.000000
 0.646000 0.000000 0.000000
 0.647000 0.000000 0.000000
 0.648000 0.000000 0.000000
 0.649000 0.000000 0.000000
 0.650000 0.000000 0.000000
 0.651000 0.000000 0.000000
 0.652000 0.000000 0.000000
 0.653000 0.000000 0.000000
 0.654000 0.000000 0.000000
 0.655000 0.000000 0.000000
 0.656000 0.000000 0.000000
 0.657000 0.000000 0.000000
 0.658000 0.000000 0.000000
 0.659000 0.000000 0.000000
 0.660000 0.000000 0.000000
 0.661000 0.000000 0.000000
 0.662000 0.000000 0.000000
 0.663000 0.000000 0.000000
 0.664000 0.000000 0.000000
 0.665000 0.000000 0.000000
 0.666000 0.000000 0.000000
 0.667000 0.000000 0.000000
 0.668000 0.000000 0.000000
 0.669000 0.000000 0.000000
 0.670000 0.000000 0.000000
 0.671000 0.000000 0.000000
 0.672000 0.000000 0.000000
 0.673000 0.000000 0.000000
 0.674000 0.000000 0.000000
 0.675000 0.000000 0.000000
 0.676000 0.000000 0.000000
 0.677000 0.000000 0.000000
 0.678000 0.000000 0.000000
 0.679000 0.000000 0.000000
 0.680000 0.000000 0.000000
 0.681000 0.000000 0.000000
 0.682000 0.000000 0.000000
 0.683000 0.000000 0.000000
 0.684000 0.000000 0.000000
 0.685000 0.000000 0.000000
 0.686000 0.000000 0.000000
 0.687000 0.000000 0.000000
 0.688000 0.000000 0.000000
 0.689000 0.000000 0.000000
 0.690000 0.000000 0.000000
 0.691000 0.000000 0.000000
 0.692000 0.000000 0.000000
 0.693000 0.000000 0.000000
 0.694000 0.000000 0.000000
 0.695000 0.000000 0.000000
 0.696000 0.000000 0.000000
 0.697000 0.000000 0.000000
 0.698000 0.000000 0.000000
 0.699000 0.000000 0.000000
 0.700000 0.000000 0.000000
 0.701000 0.000000 0.000000
 0.702000 0.000000 0.000000
 0.703000 0.000000 0.000000
 0.704000 0.000000 0.000000
 0.705000 0.000000 0.000000
 0.706000 0.000000 0.000000
 0.707000 0.000000 0.000000
 0.708000 0.000000 0.000000
 0.709000 0.000000 0.000000
 0.710000 0.000000 0.000000
 0.711000 0.000000 0.000000
 0.712000 0.000000 0.000000
 0.713000 0.000000 0.000000
 0.714000 0.000000 0.000000
 0.715000 0.000000 0.000000
 0.716000 0.000000 0.000000
 0.717000 0.000000 0.000000
 0.718000 0.000000 0.000000
 0.719000 0.000000 0.000000
 0.720000 0.000000 0.000000
 0.721000 0.000000 0.000000
 0.722000 0.000000 0.000000
 0.723000 0.000000 0.000000
 0.724000 0.000000 0.000000
 0.725000 0.000000 0.000000
 0.726000 0.000000 0.000000
 0.727000 0.000000 0.000000
 0.728000 0.000000 0.000000
 0.729000 0.000000 0.000000
 0.730000 0.000000 0.000000
 0.731000 0.000000 0.000000
 0.732000 0.000000 0.000000
 0.733000 0.000000 0.000000
 0.734000 0.000000 0.000000
 0.735000 0.000000 0.000000
 0.736000 0.000000 0.000000
 0.737000 0.000000 0.000000
 0.738000 0.000000 0.000000
 0.739000 0.000000 0.000000
 0.740000 0.000000 0.000000
 0.741000 0.000000 0.000000
 0.742000 0.000000 0.000000
 0.743000 0.000000 0.000000
 0.744000 0.000000 0.000000
 0.745000 0.000000 0.000000
 0.746000 0.000000 0.000000
 0.747000 0.000000 0.000000
 0.748000 0.000000 0.000000
 0.749000 0.000000 0.000000
 0.750000 0.000000 0.000000
 0.751000 0.000000 0.000000
 0.752000 0.000000 0.000000
 0.753000 0.000000 0.000000
 0.754000 0.000000 0.000000
 0.755000 0.000000 0.000000
 0.756000 0.000000 0.000000
 0.757000 0.000000 0.000000
 0.758000 0.000000 0.000000
 0.759000 0.000000 0.000000
 0.760000 0.000000 0.000000
 0.761000 0.000000 0.000000
 0.762000 0.000000 0.000000
 0.763000 0.000000 0.000000
 0.764000 0.000000 0.000000
 0.765000 0.000000 0.000000
 0.766000 0.000000 0.000000
 0.767000 0.000000 0.000000
 0.768000 0.000000 0.000000
 0.769000 0.000000 0.000000
 0.770000 0.000000 0.000000
 0.771000 0.000000 0.000000
 0.772000 0.000000 0.000000
 0.773000 0.000000 0.000000
 0.774000 0.000000 0.000000
 0.775000 0.000000 0.000000
 0.776000 0.000000 0.000000
 0.777000 0.000000 0.000000
 0.778000 0.000000 0.000000
 0.779000 0.000000 0.000000
 0.780000 0.000000 0.000000
 0.781000 0.000000 0.000000
 0.782000 0.000000 0.000000
 0.783000 0.000000 0.000000
 0.784000 0.000000 0.000000
 0.785000 0.000000 0.000000
 0.786000 0.000000 0.000000
 0.787000 0.000000 0.000000
 0.788000 0.000000 0.000000
 0.789000 0.000000 0.000000
 0.790000 0.000000 0.000000
 0.791000 0.000000 0.000000
 0.792000 0.000000 0.000000
 0.793000 0.000000 0.000000
 0.794000 0.000000 0.000000
 0.795000 0.000000 0.000000
 0.796000 0.000000 0.000000
 0.797000 0.000000 0.000000
 0.798000 0.000000 0.000000
 0.799000 0.000000 0.000000
 0.800000 0.000000 0.000000
 0.801000 0.000000 0.000000
 0.802000 0.000000 0.000000
 0.803000 0.000000 0.000000
 0.804000 0.000000 0.000000
 0.805000 0.000000 0.000000
 0.806000 0.000000 0.000000
 0.807000 0.000000 0.000000
 0.808000 0.000000 0.000000
 0.809000 0.000000 0.000000
 0.810000 0.000000 0.000000
 0.811000 0.000000 0.000000
 0.812000 0.000000 0.000000
 0.813000 0.000000 0.000000
 0.814000 0.000000 0.000000
 0.815000 0.000000 0.000000
 0.816000 0.000000 0.000000
 0.817000 0.000000 0.000000
 0.818000 0.000000 0.000000
 0.819000 0.000000 0.000000
 0.820000 0.000000 0.000000
 0.821000 0.000000 0.000000
 0.822000 0.000000 0.000000
 0.823000 0.000000 0.000000
 0.824000 0.000000 0.000000
 0.825000 0.000000 0.000000
 0.826000 0.000000 0.000000
 0.827000 0.000000 0.000000
 0.828000 0.000000 0.000000
 0.829000 0.000000 0.000000
 0.830000 0.000000 0.000000
 0.831000 0.000000 0.000000
 0.832000 0.000000 0.000000
 0.833000 0.000000 0.000000
 0.834000 0.000000 0.000000
 0.835000 0.000000 0.000000
 0.836000 0.000000 0.000000
 0.837000 0.000000 0.000000
 0.838000 0.000000 0.000000
 0.839000 0.000000 0.000000
 0.840000 0.000000 0.000000
 0.841000 0.000000 0.000000
 0.842000 0.000000 0.000000
 0.843000 0.000000 0.000000
 0.844000 0.000000 0.000000
 0.845000 0.000000 0.000000
 0.846000 0.000000 0.000000
 0.847000 0.000000 0.000000
 0.848000 0.000000 0.000000
 0.849000 0.000000 0.000000
 0.850000 0.000000 0.000000
 0.851000 0.000000 0.000000
 0.852000 0.000000 0.000000
 0.853000 0.000000 0.000000
 0.854000 0.000000 0.000000
 0.855000 0.000000 0.000000
 0.856000 0.000000 0.000000
 0.857000 0.000000 0.000000
 0.858000 0.000000 0.000000
 0.859000 0.000000 0.000000
 0.860000 0.000000 0.000000
 0.861000 0.000000 0.000000
 0.862000 0.000000 0.000000
 0.863000 0.000000 0.000000
 0.864000 0.000000 0.000000
 0.865000 0.000000 0.000000
 0.866000 0.000000 0.000000
 0.867000 0.000000 0.000000
 0.868000 0.000000 0.000000
 0.869000 0.000000 0.000000
 0.870000 0.000000 0.000000
 0.871000 0.000000 0.000000
 0.872000 0.000000 0.000000
 0.873000 0.000000 0.000000
 0.874000 0.000000 0.000000
 0.875000 0.000000 0.000000
 0.876000 0.000000 0.000000
 0.877000 0.000000 0.000000
 0.878000 0.000000 0.000000
 0.879000 0.000000 0.000000
 0.880000 0.000000 0.000000
 0.881000 0.000000 0.000000
 0.882000 0.000000 0.000000
 0.883000 0.000000 0.000000
 0.884000 0.000000 0.000000
 0.885000 0.000000 0.000000
 0.886000 0.000000 0.000000
 0.887000 0.000000 0.000000
 0.888000 0.000000 0.000000
 0.889000 0.000000 0.000000
 0.890000 0.000000 0.000000
 0.891000 0.000000 0.000000
 0.892000 0.000000 0.000000
 0.893000 0.000000 0.000000
 0.894000 0.000000 0.000000
 0.895000 0.000000 0.000000
 0.896000 0.000000 0.000000
 0.897000 0.000000 0.000000
 0.898000 0.000000 0.000000
 0.899000 0.000000 0.000000
 0.900000 0.000000 0.000000
 0.901000 0.000000 0.000000
 0.902000 0.000000 0.000000
 0.903000 0.000000 0.000000
 0.904000 0.000000 0.000000
 0.905000 0.000000 0.000000
 0.906000 0.000000 0.000000
 0.907000 0.000000 0.000000
 0.908000 0.000000 0.000000
 0.909000 0.000000 0.000000
 0.910000 0.000000 0.000000
 0.911000 0.000000 0.000000
 0.912000 0.000000 0.000000
 0.913000 0.000000 0.000000
 0.914000 0.000000 0.000000
 0.915000 0.000000 0.000000
 0.916000 0.000000 0.000000
 0.917000 0.000000 0.000000
 0.918000 0.000000 0.000000
 0.919000 0.000000 0.000000
 0.920000 0.000000 0.000000
 0.921000 0.000000 0.000000
 0.922000 0.000000 0.000000
 0.923000 0.000000 0.000000
 0.924000 0.000000 0.000000
 0.925000 0.000000 0.000000
 0.926000 0.000000 0.000000
 0.927000 0.000000 0.000000
 0.928000 0.000000 0.000000
 0.929000 0.000000 0.000000
 0.930000 0.000000 0.000000
 0.931000 0.000000 0.000000
 0.932000 0.000000 0.000000
 0.933000 0.000000 0.000000
 0.934000 0.000000 0.000000
 0.935000 0.000000 0.000000
 0.936000 0.000000 0.000000
 0.937000 0.000000 0.000000
 0.938000 0.000000 0.000000
 0.939000 0.000000 0.000000
 0.940000 0.000000 0.000000
 0.941000 0.000000 0.000000
 0.942000 0.000000 0.000000
 0.943000 0.000000 0.000000
 0.944000 0.000000 0.000000
 0.945000 0.000000 0.000000
 0.946000 0.000000 0.000000
 0.947000 0.000000 0.000000
 0.948000 0.000000 0.000000
 0.949000 0.000000 0.000000
 0.950000 0.000000 0.000000
 0.951000 0.000000 0.000000
 0.952000 0.000000 0.000000
 0.953000 0.000000 0.000000
 0.954000 0.000000 0.000000
 0.955000 0.000000 0.000000
 0.956000 0.000000 0.000000
 0.957000 0.000000 0.000000
 0.958000 0.000000 0.000000
 0.959000 0.000000 0.000000
 0.960000 0.000000 0.000000
 0.961000 0.000000 0.000000
 0.962000 0.000000 0.000000
 0.963000 0.000000 0.000000
 0.964000 0.000000 0.000000
 0.965000 0.000000 0.000000
 0.966000 0.000000 0.000000
 0.967000 0.000000 0.000000
 0.968000 0.000000 0.000000
 0.969000 0.000000 0.000000
 0.970000 0.000000 0.000000
 0.971000 0.000000 0.000000
 0.972000 0.000000 0.000000
 0.973000 0.000000 0.000000
 0.974000 0.000000 0.000000
 0.975000 0.000000 0.000000
 0.976000 0.000000 0.000000
 0.977000 0.000000 0.000000
 0.978000 0.000000 0.000000
 0.979000 0.000000 0.000000
 0.980000 0.000000 0.000000
 0.981000 0.000000 0.000000
 0.982000 0.000000 0.000000
 0.983000 0.000000 0.000000
 0.984000 0.000000 0.000000
 0.985000 0.000000 0.000000
 0.986000 0.000000 0.000000
 0.987000 0.000000 0.000000
 0.988000 0.000000 0.000000
 0.989000 0.000000 0.000000
 0.990000 0.000000 0.000000
 0.991000 0.000000 0.000000
 0.992000 0.000000 0.000000
 0.993000 0.000000 0.000000
 0.994000 0.000000 0.000000
 0.995000 0.000000 0.000000
 0.996000 0.000000 0.000000
 0.997000 0.000000 0.000000
 0.998000 0.000000 0.000000
 0.999000 0.000000 0.000000
 1.000000 0.000000 0.000000
 1.001000 0.000000 0.000000
 1.002000 0.000000 0.000000
 1.003000 0.000000 0.000000
 1.004000 0.000000 0.000000
 1.005000 0.000000 0.000000
 1.006000 0.000000 0.000000
 1.007000 0.000000 0.000000
 1.008000 0.000000 0.000000
 1.009000 0.000000 0.000000
 1.010000 0.000000 0.000000
 1.011000 0.000000 0.000000
 1.012000 0.000000 0.000000
 1.013000 0.000000 0.000000
 1.014000 0.000000 0.000000
 1.015000 0.000000 0.000000
 1.016000 0.000000 0.000000
 1.017000 0.000000 0.000000
 1.018000 0.000000 0.000000
 1.019000 0.000000 0.000000
 1.020000 0.000000 0.000000
 1.021000 0.000000 0.000000
 1.022000 0.000000 0.000000
 1.023000 0.000000 0.000000
 1.024000 0.000000 0.000000
 1.025000 0.000000 0.000000
 1.026000 0.000000 0.000000
 1.027000 0.000000 0.000000
 1.028000 0.000000 0.000000
 1.029000 0.000000 0.000000
 1.030000 0.000000 0.000000
 1.031000 0.000000 0.000000
 1.032000 0.000000 0.000000
 1.033000 0.000000 0.000000
 1.034000 0.000000 0.000000
 1.035000 0.000000 0.000000
 1.036000 0.000000 0.000000
 1.037000 0.000000 0.000000
 1.038000 0.000000 0.000000
 1.039000 0.000000 0.000000
 1.040000 0.000000 0.000000
 1.041000 0.000000 0.000000
 1.042000 0.000000 0.000000
 1.043000 0.000000 0.000000
 1.044000 0.000000 0.000000
 1.045000 0.000000 0.000000
 1.046000 0.000000 0.000000
 1.047000 0.000000 0.000000
 1.048000 0.000000 0.000000
 1.049000 0.000000 0.000000
 1.050000 0.000000 0.000000
 1.051000 0.000000 0.000000
 1.052000 0.000000 0.000000
 1.053000 0.000000 0.000000
 1.054000 0.000000 0.000000
 1.055000 0.000000 0.000000
 1.056000 0.000000 0.000000
 1.057000 0.000000 0.000000
 1.058000 0.000000 0.000000
 1.059000 0.000000 0.000000
 1.060000 0.000000 0.000000
 1.061000 0.000000 0.000000
 1.062000 0.000000 0.000000
 1.063000 0.000000 0.000000
 1.064000 0.000000 0.000000
 1.065000 0.000000 0.000000
 1.066000 0.000000 0.000000
 1.067000 0.000000 0.000000
 1.068000 0.000000 0.000000
 1.069000 0.000000 0.000000
 1.070000 0.000000 0.000000
 1.071000 0.000000 0.000000
 1.072000 0.000000 0.000000
 1.073000 0.000000 0.000000
 1.074000 0.000000 0.000000
 1.075000 0.000000 0.000000
 1.076000 0.000000 0.000000
 1.077000 0.000000 0.000000
 1.078000 0.000000 0.000000
 1.079000 0.000000 0.000000
 1.080000 0.000000 0.000000
 1.081000 0.000000 0.000000
 1.082000 0.000000 0.000000
 1.083000 0.000000 0.000000
 1.084000 0.000000 0.000000
 1.085000 0.000000 0.000000
 1.086000 0.000000 0.000000
 1.087000 0.000000 0.000000
 1.088000 0.000000 0.000000
 1.089000 0.000000 0.000000
 1.090000 0.000000 0.000000
 1.091000 0.000000 0.000000
 1.092000 0.000000 0.000000
 1.093000 0.000000 0.000000
 1.094000 0.000000 0.000000
 1.095000 0.000000 0.000000
 1.096000 0.000000 0.000000
 1.097000 0.000000 0.000000
 1.098000 0.000000 0.000000
 1.099000 0.000000 0.000000
 1.100000 0.000000 0.000000
 1.101000 0.000000 0.000000
 1.102000 0.000000 0.000000
 1.103000 0.000000 0.000000
 1.104000 0.000000 0.000000
 1.105000 0.000000 0.000000
 1.106000 0.000000 0.000000
 1.107000 0.000000 0.000000
 1.108000 0.000000 0.000000
 1.109000 0.000000 0.000000
 1.110000 0.000000 0.000000
 1.111000 0.000000 0.000000
 1.112000 0.000000 0.000000
 1.113000 0.000000 0.000000
 1.114000 0.000000 0.000000
 1.115000 0.000000 0.000000
 1.116000 0.000000 0.000000
 1.117000 0.000000 0.000000
 1.118000 0.000000 0.000000
 1.119000 0.000000 0.000000
 1.120000 0.000000 0.000000
 1.121000 0.000000 0.000000
 1.122000 0.000000 0.000000
 1.123000 0.000000 0.000000
 1.124000 0.000000 0.000000
 1.125000 0.000000 0.000000
 1.126000 0.000000 0.000000
 1.127000 0.000000 0.000000
 1.128000 0.000000 0.000000
 1.129000 0.000000 0.000000
 1.130000 0.000000 0.000000
 1.131000 0.000000 0.000000
 1.132000 0.000000 0.000000
 1.133000 0.000000 0.000000
 1.134000 0.000000 0.000000
 1.135000 0.000000 0.000000
 1.136000 0.000000 0.000000
 1.137000 0.000000 0.000000
 1.138000 0.000000 0.000000
 1.139000 0.000000 0.000000
 1.140000 0.000000 0.000000
 1.141000 0.000000 0.000000
 1.142000 0.000000 0.000000
 1.143000 0.000000 0.000000
 1.144000 0.000000 0.000000
 1.145000 0.000000 0.000000
 1.146000 0.000000 0.000000
 1.147000 0.000000 0.000000
 1.148000 0.000000 0.000000
 1.149000 0.000000 0.000000
 1.150000 0.000000 0.000000
 1.151000 0.000000 0.000000
 1.152000 0.000000 0.000000
 1.153000 0.000000 0.000000
 1.154000 0.000000 0.000000
 1.155000 0.000000 0.000000
 1.156000 0.000000 0.000000
 1.157000 0.000000 0.000000
 1.158000 0.000000 0.000000
 1.159000 0.000000 0.000000
 1.160000 0.000000 0.000000
 1.161000 0.000000 0.000000
 1.162000 0.000000 0.000000
 1.163000 0.000000 0.000000
 1.164000 0.000000 0.000000
 1.165000 0.000000 0.000000
 1.166000 0.000000 0.000000
 1.167000 0.000000 0.000000
 1.168000 0.000000 0.000000
 1.169000 0.000000 0.000000
 1.170000 0.000000 0.000000
 1.171000 0.000000 0.000000
 1.172000 0.000000 0.000000
 1.173000 0.000000 0.000000
 1.174000 0.000000 0.000000
 1.175000 0.000000 0.000000
 1.176000 0.000000 0.000000
 1.177000 0.000000 0.000000
 1.178000 0.000000 0.000000
 1.179000 0.000000 0.000000
 1.180000 0.000000 0.000000
 1.181000 0.000000 0.000000
 1.182000 0.000000 0.000000
 1.183000 0.000000 0.000000
 1.184000 0.000000 0.000000
 1.185000 0.000000 0.000000
 1.186000 0.000000 0.000000
 1.187000 0.000000 0.000000
 1.188000 0.000000 0.000000
 1.189000 0.000000 0.000000
 1.190000 0.000000 0.000000
 1.191000 0.000000 0.000000
 1.192000 0.000000 0.000000
 1.193000 0.000000 0.000000
 1.194000 0.000000 0.000000
 1.195000 0.000000 0.000000
 1.196000 0.000000 0.000000
 1.197000 0.000000 0.000000
 1.198000 0.000000 0.000000
 1.199000 0.000000 0.000000
 1.200000 0.000000 0.000000
 1.201000 0.000000 0.000000
 1.202000 0.000000 0.000000
 1.203000 0.000000 0.000000
 1.204000 0.000000 0.000000
 1.205000 0.000000 0.000000
 1.206000 0.000000 0.000000
 1.207000 0.000000 0.000000
 1.208000 0.000000 0.000000
 1.209000 0.000000 0.000000
 1.210000 0.000000 0.000000
 1.211000 0.000000 0.000000
 1.212000 0.000000 0.000000
 1.213000 0.000000 0.000000
 1.214000 0.000000 0.000000
 1.215000 0.000000 0.000000
 1.216000 0.000000 0.000000
 1.217000 0.000000 0.000000
 1.218000 0.000000 0.000000
 1.219000 0.000000 0.000000
 1.220000 0.000000 0.000000
 1.221000 0.000000 0.000000
 1.222000 0.000000 0.000000
 1.223000 0.000000 0.000000
 1.224000 0.000000 0.000000
 1.225000 0.000000 0.000000
 1.226000 0.000000 0.000000
 1.227000 0.000000 0.000000
 1.228000 0.000000 0.000000
 1.229000 0.000000 0.000000
 1.230000 0.000000 0.000000
 1.231000 0.000000 0.000000
 1.232000 0.000000 0.000000
 1.233000 0.000000 0.000000
 1.234000 0.000000 0.000000
 1.235000 0.000000 0.000000
 1.236000 0.000000 0.000000
 1.237000 0.000000 0.000000
 1.238000 0.000000 0.000000
 1.239000 0.000000 0.000000
 1.240000 0.000000 0.000000
 1.241000 0.000000 0.000000
 1.242000 0.000000 0.000000
 1.243000 0.000000 0.000000
 1.244000 0.000000 0.000000
 1.245000 0.000000 0.000000
 1.246000 0.000000 0.000000
 1.247000 0.000000 0.000000
 1.248000 0.000000 0.000000
 1.249000 0.000000 0.000000
 1.250000 0.000000 0.000000
 1.251000 0.000000 0.000000
 1.252000 0.000000 0.000000
 1.253000 0.000000 0.000000
 1.254000 0.000000 0.000000
 1.255000 0.000000 0.000000
 1.256000 0.000000 0.000000
 1.257000 0.000000 0.000000
 1.258000 0.000000 0.000000
 1.259000 0.000000 0.000000
 1.260000 0.000000 0.000000
 1.261000 0.000000 0.000000
 1.262000 0.000000 0.000000
 1.263000 0.000000 0.000000
 1.264000 0.000000 0.000000
 1.265000 0.000000 0.000000
 1.266000 0.000000 0.000000
 1.267000 0.000000 0.000000
 1.268000 0.000000 0.000000
 1.269000 0.000000 0.000000
 1.270000 0.000000 0.000000
 1.271000 0.000000 0.000000
 1.272000 0.000000 0.000000
 1.273000 0.000000 0.000000
 1.274000 0.000000 0.000000
 1.275000 0.000000 0.000000
 1.276000 0.000000 0.000000
 1.277000 0.000000 0.000000
 1.278000 0.000000 0.000000
 1.279000 0.000000 0.000000
 1.280000 0.000000 0.000000
 1.281000 0.000000 0.000000
 1.282000 0.000000 0.000000
 1.283000 0.000000 0.000000
 1.284000 0.000000 0.000000
 1.285000 0.000000 0.000000
 1.286000 0.000000 0.000000
 1.287000 0.000000 0.000000
 1.288000 0.000000 0.000000
 1.289000 0.000000 0.000000
 1.290000 0.000000 0.000000
 1.291000 0.000000 0.000000
 1.292000 0.000000 0.000000
 1.293000 0.000000 0.000000
 1.294000 0.000000 0.000000
 1.295000 0.000000 0.000000
 1.296000 0.000000 0.000000
 1.297000 0.000000 0.000000
 1.298000 0.000000 0.000000
 1.299000 0.000000 0.000000
 1.300000 0.000000 0.000000
 1.301000 0.000000 0.000000
 1.302000 0.000000 0.000000
 1.303000 0.000000 0.000000
 1.304000 0.000000 0.000000
 1.305000 0.000000 0.000000
 1.306000 0.000000 0.000000
 1.307000 0.000000 0.000000
 1.308000 0.000000 0.000000
 1.309000 0.000000 0.000000
 1.310000 0.000000 0.000000
 1.311000 0.000000 0.000000
 1.312000 0.000000 0.000000
 1.313000 0.000000 0.000000
 1.314000 0.000000 0.000000
 1.315000 0.000000 0.000000
 1.316000 0.000000 0.000000
 1.317000 0.000000 0.000000
 1.318000 0.000000 0.000000
 1.319000 0.000000 0.000000
 1.320000 0.000000 0.000000
 1.321000 0.000000 0.000000
 1.322000 0.000000 0.000000
 1.323000 0.000000 0.000000
 1.324000 0.000000 0.000000
 1.325000 0.000000 0.000000
 1.326000 0.000000 0.000000
 1.327000 0.000000 0.000000
 1.328000 0.000000 0.000000
 1.329000 0.000000 0.000000
 1.330000 0.000000 0.000000
 1.331000 0.000000 0.000000
 1.332000 0.000000 0.000000
 1.333000 0.000000 0.000000
 1.334000 0.000000 0.000000
 1.335000 0.000000 0.000000
 1.336000 0.000000 0.000000
 1.337000 0.000000 0.000000
 1.338000 0.000000 0.000000
 1.339000 0.000000 0.000000
 1.340000 0.000000 0.000000
 1.341000 0.000000 0.000000
 1.342000 0.000000 0.000000
 1.343000 0.000000 0.000000
 1.344000 0.000000 0.000000
 1.345000 0.000000 0.000000
 1.346000 0.000000 0.000000
 1.347000 0.000000 0.000000
 1.348000 0.000000 0.000000
 1.349000 0.000000 0.000000
 1.350000 0.000000 0.000000
 1.351000 0.000000 0.000000
 1.352000 0.000000 0.000000
 1.353000 0.000000 0.000000
 1.354000 0.000000 0.000000
 1.355000 0.000000 0.000000
 1.356000 0.000000 0.000000
 1.357000 0.000000 0.000000
 1.358000 0.000000 0.000000
 1.359000 0.000000 0.000000
 1.360000 0.000000 0.000000
 1.361000 0.000000 0.000000
 1.362000 0.000000 0.000000
 1.363000 0.000000 0.000000
 1.364000 0.000000 0.000000
 1.365000 0.000000 0.000000
 1.366000 0.000000 0.000000
 1.367000 0.000000 0.000000
 1.368000 0.000000 0.000000
 1.369000 0.000000 0.000000
 1.370000 0.000000 0.000000
 1.371000 0.000000 0.000000
 1.372000 0.000000 0.000000
 1.373000 0.000000 0.000000
 1.374000 0.000000 0.000000
 1.375000 0.000000 0.000000
 1.376000 0.000000 0.000000
 1.377000 0.000000 0.000000
 1.378000 0.000000 0.000000
 1.379000 0.000000 0.000000
 1.380000 0.000000 0.000000
 1.381000 0.000000 0.000000
 1.382000 0.000000 0.000000
 1.383000 0.000000 0.000000
 1.384000 0.000000 0.000000
 1.385000 0.000000 0.000000
 1.386000 0.000000 0.000000
 1.387000 0.000000 0.000000
 1.388000 0.000000 0.000000
 1.389000 0.000000 0.000000
 1.390000 0.000000 0.000000
 1.391000 0.000000 0.000000
 1.392000 0.000000 0.000000
 1.393000 0.000000 0.000000
 1.394000 0.000000 0.000000
 1.395000 0.000000 0.000000
 1.396000 0.000000 0.000000
 1.397000 0.000000 0.000000
 1.398000 0.000000 0.000000
 1.399000 0.000000 0.000000
 1.400000 0.000000 0.000000
 1.401000 0.000000 0.000000
 1.402000 0.000000 0.000000
 1.403000 0.000000 0.000000
 1.404000 0.000000 0.000000
 1.405000 0.000000 0.000000
 1.406000 0.000000 0.000000
 1.407000 0.000000 0.000000
 1.408000 0.000000 0.000000
 1.409000 0.000000 0.000000
 1.410000 0.000000 0.000000
 1.411000 0.000000 0.000000
 1.412000 0.000000 0.000000
 1.413000 0.000000 0.000000
 1.414000 0.000000 0.000000
 1.415000 0.000000 0.000000
 1.416000 0.000000 0.000000
 1.417000 0.000000 0.000000
 1.418000 0.000000 0.000000
 1.419000 0.000000 0.000000
 1.420000 0.000000 0.000000
 1.421000 0.000000 0.000000
 1.422000 0.000000 0.000000
 1.423000 0.000000 0.000000
 1.424000 0.000000 0.000000
 1.425000 0.000000 0.000000
 1.426000 0.000000 0.000000
 1.427000 0.000000 0.000000
 1.428000 0.000000 0.000000
 1.429000 0.000000 0.000000
 1.430000 0.000000 0.000000
 1.431000 0.000000 0.000000
 1.432000 0.000000 0.000000
 1.433000 0.000000 0.000000
 1.434000 0.000000 0.000000
 1.435000 0.000000 0.000000
 1.436000 0.000000 0.000000
 1.437000 0.000000 0.000000
 1.438000 0.000000 0.000000
 1.439000 0.000000 0.000000
 1.440000 0.000000 0.000000
 1.441000 0.000000 0.000000
 1.442000 0.000000 0.000000
 1.443000 0.000000 0.000000
 1.444000 0.000000 0.000000
 1.445000 0.000000 0.000000
 1.446000 0.000000 0.000000
 1.447000 0.000000 0.000000
 1.448000 0.000000 0.000000
 1.449000 0.000000 0.000000
 1.450000 0.000000 0.000000
 1.451000 0.000000 0.000000
 1.452000 0.000000 0.000000
 1.453000 0.000000 0.000000
 1.454000 0.000000 0.000000
 1.455000 0.000000 0.000000
 1.456000 0.000000 0.000000
 1.457000 0.000000 0.000000
 1.458000 0.000000 0.000000
 1.459000 0.000000 0.000000
 1.460000 0.000000 0.000000
 1.461000 0.000000 0.000000
 1.462000 0.000000 0.000000
 1.463000 0.000000 0.000000
 1.464000 0.000000 0.000000
 1.465000 0.000000 0.000000
 1.466000 0.000000 0.000000
 1.467000 0.000000 0.000000
 1.468000 0.000000 0.000000
 1.469000 0.000000 0.000000
 1.470000 0.000000 0.000000
 1.471000 0.000000 0.000000
 1.472000 0.000000 0.000000
 1.473000 0.000000 0.000000
 1.474000 0.000000 0.000000
 1.475000 0.000000 0.000000
 1.476000 0.000000 0.000000
 1.477000 0.000000 0.000000
 1.478000 0.000000 0.000000
 1.479000 0.000000 0.000000
 1.480000 0.000000 0.000000
 1.481000 0.000000 0.000000
 1.482000 0.000000 0.000000
 1.483000 0.000000 0.000000
 1.484000 0.000000 0.000000
 1.485000 0.000000 0.000000
 1.486000 0.000000 0.000000
 1.487000 0.000000 0.000000
 1.488000 0.000000 0.000000
 1.489000 0.000000 0.000000
 1.490000 0.000000 0.000000
 1.491000 0.000000 0.000000
 1.492000 0.000000 0.000000
 1.493000 0.000000 0.000000
 1.494000 0.000000 0.000000
 1.495000 0.000000 0.000000
 1.496000 0.000000 0.000000
 1.497000 0.000000 0.000000
 1.498000 0.000000 0.000000
 1.499000 0.000000 0.000000
 1.500000 0.000000 0.000000
