#! FIELDS s hh dhh_s
#! SET normalisation  399.000000
#! SET min_s -0.5
#! SET max_s 1.5
#! SET nbins_s  2000
#! SET periodic_s false
 -0.500000 0.000000 0.000000
 -0.499000 0.000000 0.000000
 -0.498000 0.000000 0.000000
 -0.497000 0.000000 0.000000
 -0.496000 0.000000 0.000000
 -0.495000 0.000000 0.000000
 -0.494000 0.000000 0.000000
 -0.493000 0.000000 0.000000
 -0.492000 0.000000 0.000000
 -0.491000 0.000000 0.000000
 -0.490000 0.000000 0.000000
 -0.489000 0.000000 0.000000
 -0.488000 0.000000 0.000000
 -0.487000 0.000000 0.000000
 -0.486000 0.000000 0.000000
 -0.485000 0.000000 0.000000
 -0.484000 0.000000 0.000000
 -0.483000 0.000000 0.000000
 -0.482000 0.000000 0.000000
 -0.481000 0.000000 0.000000
 -0.480000 0.000000 0.000000
 -0.479000 0.000000 0.000000
 -0.478000 0.000000 0.000000
 -0.477000 0.000000 0.000000
 -0.476000 0.000000 0.000000
 -0.475000 0.000000 0.000000
 -0.474000 0.000000 0.000000
 -0.473000 0.000000 0.000000
 -0.472000 0.000000 0.000000
 -0.471000 0.000000 0.000000
 -0.470000 0.000000 0.000000
 -0.469000 0.000000 0.000000
 -0.468000 0.000000 0.000000
 -0.467000 0.000000 0.000000
 -0.466000 0.000000 0.000000
 -0.465000 0.000000 0.000000
 -0.464000 0.000000 0.000000
 -0.463000 0.000000 0.000000
 -0.462000 0.000000 0.000000
 -0.461000 0.000000 0.000000
 -0.460000 0.000000 0.000000
 -0.459000 0.000000 0.000000
 -0.458000 0.000000 0.000000
 -0.457000 0.000000 0.000000
 -0.456000 0.000000 0.000000
 -0.455000 0.000000 0.000000
 -0.454000 0.000000 0.000000
 -0.453000 0.000000 0.000000
 -0.452000 0.000000 0.000000
 -0.451000 0.000000 0.000000
 -0.450000 0.000000 0.000000
 -0.449000 0.000000 0.000000
 -0.448000 0.000000 0.000000
 -0.447000 0.000000 0.000000
 -0.446000 0.000000 0.000000
 -0.445000 0.000000 0.000000
 -0.444000 0.000000 0.000000
 -0.443000 0.000000 0.000000
 -0.442000 0.000000 0.000000
 -0.441000 0.000000 0.000000
 -0.440000 0.000000 0.000000
 -0.439000 0.000000 0.000000
 -0.438000 0.000000 0.000000
 -0.437000 0.000000 0.000000
 -0.436000 0.000000 0.000000
 -0.435000 0.000000 0.000000
 -0.434000 0.000000 0.000000
 -0.433000 0.000000 0.000000
 -0.432000 0.000000 0.000000
 -0.431000 0.000000 0.000000
 -0.430000 0.000000 0.000000
 -0.429000 0.000000 0.000000
 -0.428000 0.000000 0.000000
 -0.427000 0.000000 0.000000
 -0.426000 0.000000 0.000000
 -0.425000 0.000000 0.000000
 -0.424000 0.000000 0.000000
 -0.423000 0.000000 0.000000
 -0.422000 0.000000 0.000000
 -0.421000 0.000000 0.000000
 -0.420000 0.000000 0.000000
 -0.419000 0.000000 0.000000
 -0.418000 0.000000 0.000000
 -0.417000 0.000000 0.000000
 -0.416000 0.000000 0.000000
 -0.415000 0.000000 0.000000
 -0.414000 0.000000 0.000000
 -0.413000 0.000000 0.000000
 -0.412000 0.000000 0.000000
 -0.411000 0.000000 0.000000
 -0.410000 0.000000 0.000000
 -0.409000 0.000000 0.000000
 -0.408000 0.000000 0.000000
 -0.407000 0.000000 0.000000
 -0.406000 0.000000 0.000000
 -0.405000 0.000000 0.000000
 -0.404000 0.000000 0.000000
 -0.403000 0.000000 0.000000
 -0.402000 0.000000 0.000000
 -0.401000 0.000000 0.000000
 -0.400000 0.000000 0.000000
 -0.399000 0.000000 0.000000
 -0.398000 0.000000 0.000000
 -0.397000 0.000000 0.000000
 -0.396000 0.000000 0.000000
 -0.395000 0.000000 0.000000
 -0.394000 0.000000 0.000000
 -0.393000 0.000000 0.000000
 -0.392000 0.000000 0.000000
 -0.391000 0.000000 0.000000
 -0.390000 0.000000 0.000000
 -0.389000 0.000000 0.000000
 -0.388000 0.000000 0.000000
 -0.387000 0.000000 0.000000
 -0.386000 0.000000 0.000000
 -0.385000 0.000000 0.000000
 -0.384000 0.000000 0.000000
 -0.383000 0.000000 0.000000
 -0.382000 0.000000 0.000000
 -0.381000 0.000000 0.000000
 -0.380000 0.000000 0.000000
 -0.379000 0.000000 0.000000
 -0.378000 0.000000 0.000000
 -0.377000 0.000000 0.000000
 -0.376000 0.000000 0.000000
 -0.375000 0.000000 0.000000
 -0.374000 0.000000 0.000000
 -0.373000 0.000000 0.000000
 -0.372000 0.000000 0.000000
 -0.371000 0.000000 0.000000
 -0.370000 0.000000 0.000000
 -0.369000 0.000000 0.000000
 -0.368000 0.000000 0.000000
 -0.367000 0.000000 0.000000
 -0.366000 0.000000 0.000000
 -0.365000 0.000000 0.000000
 -0.364000 0.000000 0.000000
 -0.363000 0.000000 0.000000
 -0.362000 0.000000 0.000000
 -0.361000 0.000000 0.000000
 -0.360000 0.000000 0.000000
 -0.359000 0.000000 0.000000
 -0.358000 0.000000 0.000000
 -0.357000 0.000000 0.000000
 -0.356000 0.000000 0.000000
 -0.355000 0.000000 0.000000
 -0.354000 0.000000 0.000000
 -0.353000 0.000000 0.000000
 -0.352000 0.000000 0.000000
 -0.351000 0.000000 0.000000
 -0.350000 0.000000 0.000000
 -0.349000 0.000000 0.000000
 -0.348000 0.000000 0.000000
 -0.347000 0.000000 0.000000
 -0.346000 0.000000 0.000000
 -0.345000 0.000000 0.000000
 -0.344000 0.000000 0.000000
 -0.343000 0.000000 0.000000
 -0.342000 0.000000 0.000000
 -0.341000 0.000000 0.000000
 -0.340000 0.000000 0.000000
 -0.339000 0.000000 0.000000
 -0.338000 0.000000 0.000000
 -0.337000 0.000000 0.000000
 -0.336000 0.000000 0.000000
 -0.335000 0.000000 0.000000
 -0.334000 0.000000 0.000000
 -0.333000 0.000000 0.000000
 -0.332000 0.000000 0.000000
 -0.331000 0.000000 0.000000
 -0.330000 0.000000 0.000000
 -0.329000 0.000000 0.000000
 -0.328000 0.000000 0.000000
 -0.327000 0.000000 0.000000
 -0.326000 0.000000 0.000000
 -0.325000 0.000000 0.000000
 -0.324000 0.000000 0.000000
 -0.323000 0.000000 0.000000
 -0.322000 0.000000 0.000000
 -0.321000 0.000000 0.000000
 -0.320000 0.000000 0.000000
 -0.319000 0.000000 0.000000
 -0.318000 0.000000 0.000000
 -0.317000 0.000000 0.000000
 -0.316000 0.000000 0.000000
 -0.315000 0.000000 0.000000
 -0.314000 0.000000 0.000000
 -0.313000 0.000000 0.000000
 -0.312000 0.000000 0.000000
 -0.311000 0.000000 0.000000
 -0.310000 0.000000 0.000000
 -0.309000 0.000000 0.000000
 -0.308000 0.000000 0.000000
 -0.307000 0.000000 0.000000
 -0.306000 0.000000 0.000000
 -0.305000 0.000000 0.000000
 -0.304000 0.000000 0.000000
 -0.303000 0.000000 0.000000
 -0.302000 0.000000 0.000000
 -0.301000 0.000000 0.000000
 -0.300000 0.000000 0.000000
 -0.299000 0.000000 0.000000
 -0.298000 0.000000 0.000000
 -0.297000 0.000000 0.000000
 -0.296000 0.000000 0.000000
 -0.295000 0.000000 0.000000
 -0.294000 0.000000 0.000000
 -0.293000 0.000000 0.000000
 -0.292000 0.000000 0.000000
 -0.291000 0.000000 0.000000
 -0.290000 0.000000 0.000000
 -0.289000 0.000000 0.000000
 -0.288000 0.000000 0.000000
 -0.287000 0.000000 0.000000
 -0.286000 0.000000 0.000000
 -0.285000 0.000000 0.000000
 -0.284000 0.000000 0.000000
 -0.283000 0.000000 0.000000
 -0.282000 0.000000 0.000000
 -0.281000 0.000000 0.000000
 -0.280000 0.000000 0.000000
 -0.279000 0.000000 0.000000
 -0.278000 0.000000 0.000000
 -0.277000 0.000000 0.000000
 -0.276000 0.000000 0.000000
 -0.275000 0.000000 0.000000
 -0.274000 0.000000 0.000000
 -0.273000 0.000000 0.000000
 -0.272000 0.000000 0.000000
 -0.271000 0.000000 0.000000
 -0.270000 0.000000 0.000000
 -0.269000 0.000000 0.000000
 -0.268000 0.000000 0.000000
 -0.267000 0.000000 0.000000
 -0.266000 0.000000 0.000000
 -0.265000 0.000000 0.000000
 -0.264000 0.000000 0.000000
 -0.263000 0.000000 0.000000
 -0.262000 0.000000 0.000000
 -0.261000 0.000000 0.000000
 -0.260000 0.000000 0.000000
 -0.259000 0.000000 0.000000
 -0.258000 0.000000 0.000000
 -0.257000 0.000000 0.000000
 -0.256000 0.000000 0.000000
 -0.255000 0.000000 0.000000
 -0.254000 0.000000 0.000000
 -0.253000 0.000000 0.000000
 -0.252000 0.000000 0.000000
 -0.251000 0.000000 0.000000
 -0.250000 0.000000 0.000000
 -0.249000 0.000000 0.000000
 -0.248000 0.000000 0.000000
 -0.247000 0.000000 0.000000
 -0.246000 0.000000 0.000000
 -0.245000 0.000000 0.000000
 -0.244000 0.000000 0.000000
 -0.243000 0.000000 0.000000
 -0.242000 0.000000 0.000000
 -0.241000 0.000000 0.000000
 -0.240000 0.000000 0.000000
 -0.239000 0.000000 0.000000
 -0.238000 0.000000 0.000000
 -0.237000 0.000000 0.000000
 -0.236000 0.000000 0.000000
 -0.235000 0.000000 0.000000
 -0.234000 0.000000 0.000000
 -0.233000 0.000000 0.000000
 -0.232000 0.000000 0.000000
 -0.231000 0.000000 0.000000
 -0.230000 0.000000 0.000000
 -0.229000 0.000000 0.000000
 -0.228000 0.000000 0.000000
 -0.227000 0.000000 0.000000
 -0.226000 0.000000 0.000000
 -0.225000 0.000000 0.000000
 -0.224000 0.000000 0.000000
 -0.223000 0.000000 0.000000
 -0.222000 0.000000 0.000000
 -0.221000 0.000000 0.000000
 -0.220000 0.000000 0.000000
 -0.219000 0.000000 0.000000
 -0.218000 0.000000 0.000000
 -0.217000 0.000000 0.000000
 -0.216000 0.000000 0.000000
 -0.215000 0.000000 0.000000
 -0.214000 0.000000 0.000000
 -0.213000 0.000000 0.000000
 -0.212000 0.000000 0.000000
 -0.211000 0.000000 0.000000
 -0.210000 0.000000 0.000000
 -0.209000 0.000000 0.000000
 -0.208000 0.000000 0.000000
 -0.207000 0.000000 0.000000
 -0.206000 0.000000 0.000000
 -0.205000 0.000000 0.000000
 -0.204000 0.000000 0.000000
 -0.203000 0.000000 0.000000
 -0.202000 0.000000 0.000000
 -0.201000 0.000000 0.000000
 -0.200000 0.000000 0.000000
 -0.199000 0.000000 0.000000
 -0.198000 0.000000 0.000000
 -0.197000 0.000000 0.000000
 -0.196000 0.000000 0.000000
 -0.195000 0.000000 0.000000
 -0.194000 0.000000 0.000000
 -0.193000 0.000000 0.000000
 -0.192000 0.000000 0.000000
 -0.191000 0.000000 0.000000
 -0.190000 0.000000 0.000000
 -0.189000 0.000000 0.000000
 -0.188000 0.000000 0.000000
 -0.187000 0.000000 0.000000
 -0.186000 0.000000 0.000000
 -0.185000 0.000000 0.000000
 -0.184000 0.000000 0.000000
 -0.183000 0.000000 0.000000
 -0.182000 0.000000 0.000000
 -0.181000 0.000000 0.000000
 -0.180000 0.000000 0.000000
 -0.179000 0.000000 0.000000
 -0.178000 0.000000 0.000000
 -0.177000 0.000000 0.000000
 -0.176000 0.000000 0.000000
 -0.175000 0.000000 0.000000
 -0.174000 0.000000 0.000000
 -0.173000 0.000000 0.000000
 -0.172000 0.000000 0.000000
 -0.171000 0.000000 0.000000
 -0.170000 0.000000 0.000000
 -0.169000 0.000000 0.000000
 -0.168000 0.000000 0.000000
 -0.167000 0.000000 0.000000
 -0.166000 0.000000 0.000000
 -0.165000 0.000000 0.000000
 -0.164000 0.000000 0.000000
 -0.163000 0.000000 0.000000
 -0.162000 0.000000 0.000000
 -0.161000 0.000000 0.000000
 -0.160000 0.000000 0.000000
 -0.159000 0.000000 0.000000
 -0.158000 0.000000 0.000000
 -0.157000 0.000000 0.000000
 -0.156000 0.000000 0.000000
 -0.155000 0.000000 0.000000
 -0.154000 0.000000 0.000000
 -0.153000 0.000000 0.000000
 -0.152000 0.000000 0.000000
 -0.151000 0.000000 0.000000
 -0.150000 0.000000 0.000000
 -0.149000 0.000000 0.000000
 -0.148000 0.000000 0.000000
 -0.147000 0.000000 0.000000
 -0.146000 0.000000 0.000000
 -0.145000 0.000000 0.000000
 -0.144000 0.000000 0.000000
 -0.143000 0.000000 0.000000
 -0.142000 0.000000 0.000000
 -0.141000 0.000000 0.000000
 -0.140000 0.000000 0.000000
 -0.139000 0.000000 0.000000
 -0.138000 0.000000 0.000000
 -0.137000 0.000000 0.000000
 -0.136000 0.000000 0.000000
 -0.135000 0.000000 0.000000
 -0.134000 0.000000 0.000000
 -0.133000 0.000000 0.000000
 -0.132000 0.000000 0.000000
 -0.131000 0.000000 0.000000
 -0.130000 0.000000 0.000000
 -0.129000 0.000000 0.000000
 -0.128000 0.000000 0.000000
 -0.127000 0.000000 0.000000
 -0.126000 0.000000 0.000000
 -0.125000 0.000000 0.000000
 -0.124000 0.000000 0.000000
 -0.123000 0.000000 0.000000
 -0.122000 0.000000 0.000000
 -0.121000 0.000000 0.000000
 -0.120000 0.000000 0.000000
 -0.119000 0.000000 0.000000
 -0.118000 0.000000 0.000000
 -0.117000 0.000000 0.000000
 -0.116000 0.000000 0.000000
 -0.115000 0.000000 0.000000
 -0.114000 0.000000 0.000000
 -0.113000 0.000000 0.000000
 -0.112000 0.000000 0.000000
 -0.111000 0.000000 0.000000
 -0.110000 0.000000 0.000000
 -0.109000 0.000000 0.000000
 -0.108000 0.000000 0.000000
 -0.107000 0.000000 0.000000
 -0.106000 0.000000 0.000000
 -0.105000 0.000000 0.000000
 -0.104000 0.000000 0.000000
 -0.103000 0.000000 0.000000
 -0.102000 0.000000 0.000000
 -0.101000 0.000000 0.000000
 -0.100000 0.000000 0.000000
 -0.099000 0.000000 0.000000
 -0.098000 0.000000 0.000000
 -0.097000 0.000000 0.000000
 -0.096000 0.000000 0.000000
 -0.095000 0.000000 0.000000
 -0.094000 0.000000 0.000000
 -0.093000 0.000000 0.000000
 -0.092000 0.000000 0.000000
 -0.091000 0.000000 0.000000
 -0.090000 0.000000 0.000000
 -0.089000 0.000000 0.000000
 -0.088000 0.000000 0.000000
 -0.087000 0.000000 0.000000
 -0.086000 0.000000 0.000000
 -0.085000 0.000000 0.000000
 -0.084000 0.000000 0.000000
 -0.083000 0.000000 0.000000
 -0.082000 0.000000 0.000000
 -0.081000 0.000000 0.000000
 -0.080000 0.000000 0.000000
 -0.079000 0.000000 0.000000
 -0.078000 0.000000 0.000000
 -0.077000 0.000000 0.000000
 -0.076000 0.000000 0.000000
 -0.075000 0.000000 0.000000
 -0.074000 0.000000 0.000000
 -0.073000 0.000000 0.000000
 -0.072000 0.000000 0.000000
 -0.071000 0.000000 0.000000
 -0.070000 0.000000 0.000000
 -0.069000 0.000000 0.000000
 -0.068000 0.000000 0.000000
 -0.067000 0.000000 0.000000
 -0.066000 0.000000 0.000000
 -0.065000 0.000000 0.000000
 -0.064000 0.000000 0.000000
 -0.063000 0.000000 0.000000
 -0.062000 0.000000 0.000000
 -0.061000 0.000000 0.000000
 -0.060000 0.000000 0.000000
 -0.059000 0.000000 0.000000
 -0.058000 0.000000 0.000000
 -0.057000 0.000000 0.000000
 -0.056000 0.000000 0.000000
 -0.055000 0.000000 0.000000
 -0.054000 0.000000 0.000000
 -0.053000 0.000000 0.000000
 -0.052000 0.000000 0.000000
 -0.051000 0.000000 0.000000
 -0.050000 0.000000 0.000000
 -0.049000 0.000000 0.000000
 -0.048000 0.000000 0.000000
 -0.047000 0.000000 0.000000
 -0.046000 0.000000 0.000000
 -0.045000 0.000000 0.000000
 -0.044000 0.000000 0.000000
 -0.043000 0.000000 0.000000
 -0.042000 0.000000 0.000000
 -0.041000 0.000000 0.000000
 -0.040000 0.000000 0.000000
 -0.039000 0.000000 0.000000
 -0.038000 0.000000 0.000000
 -0.037000 0.000000 0.000000
 -0.036000 0.000000 0.000000
 -0.035000 0.000000 0.000000
 -0.034000 0.000000 0.000000
 -0.033000 0.000000 0.000000
 -0.032000 0.000000 0.000000
 -0.031000 0.000000 0.000000
 -0.030000 0.000000 0.000000
 -0.029000 0.000000 0.000000
 -0.028000 0.000000 0.000000
 -0.027000 0.000000 0.000000
 -0.026000 0.000000 0.000000
 -0.025000 0.000000 0.000000
 -0.024000 0.000000 0.000000
 -0.023000 0.000000 0.000000
 -0.022000 0.000000 0.000000
 -0.021000 0.000000 0.000000
 -0.020000 0.000000 0.000000
 -0.019000 0.000000 0.000000
 -0.018000 0.000000 0.000000
 -0.017000 0.000000 0.000000
 -0.016000 0.000000 0.000000
 -0.015000 0.000000 0.000000
 -0.014000 0.000000 0.000000
 -0.013000 0.000000 0.000000
 -0.012000 0.000000 0.000000
 -0.011000 0.000000 0.000000
 -0.010000 0.000000 0.000000
 -0.009000 0.000000 0.000000
 -0.008000 0.000000 0.000000
 -0.007000 0.000000 0.000000
 -0.006000 0.000000 0.000000
 -0.005000 0.000000 0.000000
 -0.004000 0.000000 0.000000
 -0.003000 0.000000 0.000000
 -0.002000 0.000000 0.000000
 -0.001000 0.000000 0.000000
 0.000000 0.000000 0.000000
 0.001000 0.000000 0.000000
 0.002000 0.000000 0.000000
 0.003000 0.000000 0.000000
 0.004000 0.000000 0.000000
 0.005000 0.000000 0.000000
 0.006000 0.000000 0.000000
 0.007000 0.000000 0.000000
 0.008000 0.000000 0.000000
 0.009000 0.000000 0.000000
 0.010000 0.000000 0.000000
 0.011000 0.000000 0.000000
 0.012000 0.000000 0.000000
 0.013000 0.000000 0.000000
 0.014000 0.000000 0.000000
 0.015000 0.000000 0.000000
 0.016000 0.000000 0.000000
 0.017000 0.000000 0.000000
 0.018000 0.000000 0.000000
 0.019000 0.000000 0.000000
 0.020000 0.000000 0.000000
 0.021000 0.000000 0.000000
 0.022000 0.000000 0.000000
 0.023000 0.000000 0.000000
 0.024000 0.000000 0.000000
 0.025000 0.000000 0.000000
 0.026000 0.000000 0.000000
 0.027000 0.000000 0.000000
 0.028000 0.000000 0.000000
 0.029000 0.000000 0.000000
 0.030000 0.000000 0.000000
 0.031000 0.000000 0.000000
 0.032000 0.000000 0.000000
 0.033000 0.000000 0.000000
 0.034000 0.000000 0.000000
 0.035000 0.000000 0.000000
 0.036000 0.000000 0.000000
 0.037000 0.000000 0.000000
 0.038000 0.000000 0.000000
 0.039000 0.000000 0.000000
 0.040000 0.000000 0.000000
 0.041000 0.000000 0.000000
 0.042000 0.000000 0.000000
 0.043000 0.000000 0.000000
 0.044000 0.000000 0.000000
 0.045000 0.000000 0.000000
 0.046000 0.000000 0.000000
 0.047000 0.000000 0.000000
 0.048000 0.000000 0.000000
 0.049000 0.000000 0.000000
 0.050000 0.000000 0.000000
 0.051000 0.000000 0.000000
 0.052000 0.000000 0.000000
 0.053000 0.000000 0.000000
 0.054000 0.000000 0.000000
 0.055000 0.000000 0.000000
 0.056000 0.000000 0.000000
 0.057000 0.000000 0.000000
 0.058000 0.000000 0.000000
 0.059000 0.000000 0.000000
 0.060000 0.000000 0.000000
 0.061000 0.000000 0.000000
 0.062000 0.000000 0.000000
 0.063000 0.000000 0.000000
 0.064000 0.000000 0.000000
 0.065000 0.000000 0.000000
 0.066000 0.000000 0.000000
 0.067000 0.000000 0.000000
 0.068000 0.000000 0.000000
 0.069000 0.000000 0.000000
 0.070000 0.000000 0.000000
 0.071000 0.000000 0.000000
 0.072000 0.000000 0.000000
 0.073000 0.000000 0.000000
 0.074000 0.000000 0.000000
 0.075000 0.000000 0.000000
 0.076000 0.000000 0.000000
 0.077000 0.000000 0.000000
 0.078000 0.000000 0.000000
 0.079000 0.000000 0.000000
 0.080000 0.000000 0.000000
 0.081000 0.000000 0.000000
 0.082000 0.000000 0.000000
 0.083000 0.000000 0.000000
 0.084000 0.000000 0.000000
 0.085000 0.000000 0.000000
 0.086000 0.000000 0.000000
 0.087000 0.000000 0.000000
 0.088000 0.000000 0.000000
 0.089000 0.000000 0.000000
 0.090000 0.000000 0.000000
 0.091000 0.000000 0.000000
 0.092000 0.000000 0.000000
 0.093000 0.000000 0.000000
 0.094000 0.000000 0.000000
 0.095000 0.000000 0.000000
 0.096000 0.000000 0.000000
 0.097000 0.000000 0.000000
 0.098000 0.000000 0.000000
 0.099000 0.000000 0.000000
 0.100000 0.000000 0.000000
 0.101000 0.000000 0.000000
 0.102000 0.000000 0.000000
 0.103000 0.000000 0.000000
 0.104000 0.000000 0.000000
 0.105000 0.000000 0.000000
 0.106000 0.000000 0.000000
 0.107000 0.000000 0.000000
 0.108000 0.000000 0.000000
 0.109000 0.000000 0.000000
 0.110000 0.000000 0.000000
 0.111000 0.000000 0.000000
 0.112000 0.000000 0.000000
 0.113000 0.000000 0.000000
 0.114000 0.000000 0.000000
 0.115000 0.000000 0.000000
 0.116000 0.000000 0.000000
 0.117000 0.000000 0.000000
 0.118000 0.000000 0.000000
 0.119000 0.000000 0.000000
 0.120000 0.000000 0.000000
 0.121000 0.000000 0.000000
 0.122000 0.000000 0.000000
 0.123000 0.000000 0.000000
 0.124000 0.000000 0.000000
 0.125000 0.000000 0.000000
 0.126000 0.000000 0.000000
 0.127000 0.000000 0.000000
 0.128000 0.000000 0.000000
 0.129000 0.000000 0.000000
 0.130000 0.000000 0.000000
 0.131000 0.000000 0.000000
 0.132000 0.000000 0.000000
 0.133000 0.000000 0.000000
 0.134000 0.000000 0.000000
 0.135000 0.000000 0.000000
 0.136000 0.000000 0.000000
 0.137000 0.000000 0.000000
 0.138000 0.000000 0.000000
 0.139000 0.000000 0.000000
 0.140000 0.000000 0.000000
 0.141000 0.000000 0.000000
 0.142000 0.000000 0.000000
 0.143000 0.000000 0.000000
 0.144000 0.000000 0.000000
 0.145000 0.000000 0.000000
 0.146000 0.000000 0.000000
 0.147000 0.000000 0.000000
 0.148000 0.000000 0.000000
 0.149000 0.000000 0.000000
 0.150000 0.000000 0.000000
 0.151000 0.000000 0.000000
 0.152000 0.000000 0.000000
 0.153000 0.000000 0.000000
 0.154000 0.000000 0.000000
 0.155000 0.000000 0.000000
 0.156000 0.000000 0.000000
 0.157000 0.000000 0.000000
 0.158000 0.000000 0.000000
 0.159000 0.000000 0.000000
 0.160000 0.000000 0.000000
 0.161000 0.000000 0.000000
 0.162000 0.000000 0.000000
 0.163000 0.000000 0.000000
 0.164000 0.000000 0.000000
 0.165000 0.000000 0.000000
 0.166000 0.000000 0.000000
 0.167000 0.000000 0.000000
 0.168000 0.000000 0.000000
 0.169000 0.000000 0.000000
 0.170000 0.000000 0.000000
 0.171000 0.000000 0.000000
 0.172000 0.000000 0.000000
 0.173000 0.000000 0.000000
 0.174000 0.000000 0.000000
 0.175000 0.000000 0.000000
 0.176000 0.000000 0.000000
 0.177000 0.000000 0.000000
 0.178000 0.000000 0.000000
 0.179000 0.000000 0.000000
 0.180000 0.000000 0.000000
 0.181000 0.000000 0.000000
 0.182000 0.000000 0.000000
 0.183000 0.000000 0.000000
 0.184000 0.000000 0.000000
 0.185000 0.000000 0.000000
 0.186000 0.000000 0.000000
 0.187000 0.000000 0.000000
 0.188000 0.000000 0.000000
 0.189000 0.000000 0.000000
 0.190000 0.000000 0.000000
 0.191000 0.000000 0.000000
 0.192000 0.000000 0.000000
 0.193000 0.000000 0.000000
 0.194000 0.000000 0.000000
 0.195000 0.000000 0.000000
 0.196000 0.000000 0.000000
 0.197000 0.000000 0.000000
 0.198000 0.000000 0.000000
 0.199000 0.000000 0.000000
 0.200000 0.000000 0.000000
 0.201000 0.000000 0.000000
 0.202000 0.000000 0.000000
 0.203000 0.000000 0.000000
 0.204000 0.000000 0.000000
 0.205000 0.000000 0.000000
 0.206000 0.000000 0.000000
 0.207000 0.000000 0.000000
 0.208000 0.000000 0.000000
 0.209000 0.000000 0.000000
 0.210000 0.000000 0.000000
 0.211000 0.000000 0.000000
 0.212000 0.000000 0.000000
 0.213000 0.000000 0.000000
 0.214000 0.000000 0.000000
 0.215000 0.000000 0.000000
 0.216000 0.000000 0.000000
 0.217000 0.000000 0.000000
 0.218000 0.000000 0.000000
 0.219000 0.000000 0.000000
 0.220000 0.000000 0.000000
 0.221000 0.000000 0.000000
 0.222000 0.000000 0.000000
 0.223000 0.000000 0.000000
 0.224000 0.000000 0.000000
 0.225000 0.000000 0.000000
 0.226000 0.000000 0.000000
 0.227000 0.000000 0.000000
 0.228000 0.000000 0.000000
 0.229000 0.000000 0.000000
 0.230000 0.000000 0.000000
 0.231000 0.000000 0.000000
 0.232000 0.000000 0.000000
 0.233000 0.000000 0.000000
 0.234000 0.000000 0.000000
 0.235000 0.000000 0.000000
 0.236000 0.000000 0.000000
 0.237000 0.000000 0.000000
 0.238000 0.000000 0.000000
 0.239000 0.000000 0.000000
 0.240000 0.000000 0.000000
 0.241000 0.000000 0.000000
 0.242000 0.000000 0.000000
 0.243000 0.000000 0.000000
 0.244000 0.000000 0.000000
 0.245000 0.000000 0.000000
 0.246000 0.000000 0.000000
 0.247000 0.000000 0.000000
 0.248000 0.000000 0.000000
 0.249000 0.000000 0.000000
 0.250000 0.000000 0.000000
 0.251000 0.000000 0.000000
 0.252000 0.000000 0.000000
 0.253000 0.000000 0.000000
 0.254000 0.000000 0.000000
 0.255000 0.000000 0.000000
 0.256000 0.000000 0.000000
 0.257000 0.000000 0.000000
 0.258000 0.000000 0.000000
 0.259000 0.000000 0.000000
 0.260000 0.000000 0.000000
 0.261000 0.000000 0.000000
 0.262000 0.000000 0.000000
 0.263000 0.000000 0.000000
 0.264000 0.000000 0.000000
 0.265000 0.000000 0.000000
 0.266000 0.000000 0.000000
 0.267000 0.000000 0.000000
 0.268000 0.000000 0.000000
 0.269000 0.000000 0.000000
 0.270000 0.000000 0.000000
 0.271000 0.000000 0.000000
 0.272000 0.000000 0.000000
 0.273000 0.000000 0.000000
 0.274000 0.000000 0.000000
 0.275000 0.000000 0.000000
 0.276000 0.000000 0.000000
 0.277000 0.000000 0.000000
 0.278000 0.000000 0.000000
 0.279000 0.000000 0.000000
 0.280000 0.000000 0.000000
 0.281000 0.000000 0.000000
 0.282000 0.000000 0.000000
 0.283000 0.000000 0.000000
 0.284000 0.000000 0.000000
 0.285000 0.000000 0.000000
 0.286000 0.000000 0.000000
 0.287000 0.000000 0.000000
 0.288000 0.000000 0.000000
 0.289000 0.000000 0.000000
 0.290000 0.000000 0.000000
 0.291000 0.000000 0.000000
 0.292000 0.000000 0.000000
 0.293000 0.000000 0.000000
 0.294000 0.000000 0.000000
 0.295000 0.000000 0.000000
 0.296000 0.000000 0.000000
 0.297000 0.000000 0.000000
 0.298000 0.000000 0.000000
 0.299000 0.000000 0.000000
 0.300000 0.000000 0.000000
 0.301000 0.000000 0.000000
 0.302000 0.000000 0.000000
 0.303000 0.000000 0.000000
 0.304000 0.000000 0.000000
 0.305000 0.000000 0.000000
 0.306000 0.000000 0.000000
 0.307000 0.000000 0.000000
 0.308000 0.000000 0.000000
 0.309000 0.000000 0.000000
 0.310000 0.000000 0.000000
 0.311000 0.000000 0.000000
 0.312000 0.000000 0.000000
 0.313000 0.000000 0.000000
 0.314000 0.000000 0.000000
 0.315000 0.000000 0.000000
 0.316000 0.000000 0.000000
 0.317000 0.000000 0.000000
 0.318000 0.000000 0.000000
 0.319000 0.000000 0.000000
 0.320000 0.000000 0.000000
 0.321000 0.000000 0.000000
 0.322000 0.000000 0.000000
 0.323000 0.000000 0.000000
 0.324000 0.000000 0.000000
 0.325000 0.000000 0.000000
 0.326000 0.000000 0.000000
 0.327000 0.000000 0.000000
 0.328000 0.000000 0.000000
 0.329000 0.000000 0.000000
 0.330000 0.000000 0.000000
 0.331000 0.000000 0.000000
 0.332000 0.000000 0.000000
 0.333000 0.000000 0.000000
 0.334000 0.000000 0.000000
 0.335000 0.000000 0.000000
 0.336000 0.000000 0.000000
 0.337000 0.000000 0.000000
 0.338000 0.000000 0.000000
 0.339000 0.000000 0.000000
 0.340000 0.000000 0.000000
 0.341000 0.000000 0.000000
 0.342000 0.000000 0.000000
 0.343000 0.000000 0.000000
 0.344000 0.000000 0.000000
 0.345000 0.000000 0.000000
 0.346000 0.000000 0.000000
 0.347000 0.000000 0.000000
 0.348000 0.000000 0.000000
 0.349000 0.000000 0.000000
 0.350000 0.000000 0.000000
 0.351000 0.000000 0.000000
 0.352000 0.000000 0.000000
 0.353000 0.000000 0.000000
 0.354000 0.000000 0.000000
 0.355000 0.000000 0.000000
 0.356000 0.000000 0.000000
 0.357000 0.000000 0.000000
 0.358000 0.000000 0.000000
 0.359000 0.000000 0.000000
 0.360000 0.000000 0.000000
 0.361000 0.000000 0.000000
 0.362000 0.000000 0.000000
 0.363000 0.000000 0.000000
 0.364000 0.000000 0.000000
 0.365000 0.000000 0.000000
 0.366000 0.000000 0.000000
 0.367000 0.000000 0.000000
 0.368000 0.000000 0.000000
 0.369000 0.000000 0.000000
 0.370000 0.000000 0.000000
 0.371000 0.000000 0.000000
 0.372000 0.000000 0.000000
 0.373000 0.000000 0.000000
 0.374000 0.000000 0.000000
 0.375000 0.000000 0.000000
 0.376000 0.000000 0.000000
 0.377000 0.000000 0.000000
 0.378000 0.000000 0.000000
 0.379000 0.000000 0.000000
 0.380000 0.000000 0.000000
 0.381000 0.000000 0.000000
 0.382000 0.000000 0.000000
 0.383000 0.000000 0.000000
 0.384000 0.000000 0.000000
 0.385000 0.000000 0.000000
 0.386000 0.000000 0.000000
 0.387000 0.000000 0.000000
 0.388000 0.000000 0.000000
 0.389000 0.000000 0.000000
 0.390000 0.000000 0.000000
 0.391000 0.000000 0.000000
 0.392000 0.000000 0.000000
 0.393000 0.000000 0.000000
 0.394000 0.000000 0.000000
 0.395000 0.000000 0.000000
 0.396000 0.000000 0.000000
 0.397000 0.000000 0.000000
 0.398000 0.000000 0.000000
 0.399000 0.000000 0.000000
 0.400000 0.000000 0.000000
 0.401000 0.000000 0.000000
 0.402000 0.000000 0.000000
 0.403000 0.000000 0.000000
 0.404000 0.000000 0.000000
 0.405000 0.000000 0.000000
 0.406000 0.000000 0.000000
 0.407000 0.000000 0.000000
 0.408000 0.000000 0.000000
 0.409000 0.000000 0.000000
 0.410000 0.000000 0.000000
 0.411000 0.000000 0.000000
 0.412000 0.000000 0.000000
 0.413000 0.000000 0.000000
 0.414000 0.000000 0.000000
 0.415000 0.000000 0.000000
 0.416000 0.000000 0.000000
 0.417000 0.000000 0.000000
 0.418000 0.000000 0.000000
 0.419000 0.000000 0.000000
 0.420000 0.000000 0.000000
 0.421000 0.000000 0.000000
 0.422000 0.000000 0.000000
 0.423000 0.000000 0.000000
 0.424000 0.000000 0.000000
 0.425000 0.000000 0.000000
 0.426000 0.000000 0.000000
 0.427000 0.000000 0.000000
 0.428000 0.000000 0.000000
 0.429000 0.000000 0.000000
 0.430000 0.000000 0.000000
 0.431000 0.000000 0.000000
 0.432000 0.000000 0.000000
 0.433000 0.000000 0.000000
 0.434000 0.000000 0.000000
 0.435000 0.000000 0.000000
 0.436000 0.000000 0.000000
 0.437000 0.000000 0.000000
 0.438000 0.000000 0.000000
 0.439000 0.000000 0.000000
 0.440000 0.000000 0.000000
 0.441000 0.000000 0.000000
 0.442000 0.000000 0.000000
 0.443000 0.000000 0.000000
 0.444000 0.000000 0.000000
 0.445000 0.000000 0.000000
 0.446000 0.000000 0.000000
 0.447000 0.000000 0.000000
 0.448000 0.000000 0.000000
 0.449000 0.000000 0.000000
 0.450000 0.000000 0.000000
 0.451000 0.000000 0.000000
 0.452000 0.000000 0.000000
 0.453000 0.000000 0.000000
 0.454000 0.000000 0.000000
 0.455000 0.000000 0.000000
 0.456000 0.000000 0.000000
 0.457000 0.000000 0.000000
 0.458000 0.000000 0.000000
 0.459000 0.000000 0.000000
 0.460000 0.000000 0.000000
 0.461000 0.000000 0.000000
 0.462000 0.000000 0.000000
 0.463000 0.000000 0.000000
 0.464000 0.000000 0.000000
 0.465000 0.000000 0.000000
 0.466000 0.000000 0.000000
 0.467000 0.000000 0.000000
 0.468000 0.000000 0.000000
 0.469000 0.000000 0.000000
 0.470000 0.000000 0.000000
 0.471000 0.000000 0.000000
 0.472000 0.000000 0.000000
 0.473000 0.000000 0.000000
 0.474000 0.000000 0.000000
 0.475000 0.000000 0.000000
 0.476000 0.000000 0.000000
 0.477000 0.000000 0.000000
 0.478000 0.000000 0.000000
 0.479000 0.000000 0.000000
 0.480000 0.000000 0.000000
 0.481000 0.000000 0.000000
 0.482000 0.000000 0.000000
 0.483000 0.000000 0.000000
 0.484000 0.000000 0.000000
 0.485000 0.000000 0.000000
 0.486000 0.000000 0.000000
 0.487000 0.000000 0.000000
 0.488000 0.000000 0.000000
 0.489000 0.000000 0.000000
 0.490000 0.000000 0.000000
 0.491000 0.000000 0.000000
 0.492000 0.000000 0.000000
 0.493000 0.000000 0.000000
 0.494000 0.000000 0.000000
 0.495000 0.000000 0.000000
 0.496000 0.000000 0.000000
 0.497000 0.000000 0.000000
 0.498000 0.000000 0.000000
 0.499000 0.000000 0.000000
 0.500000 0.000000 0.000000
 0.501000 0.000000 0.000000
 0.502000 0.000000 0.000000
 0.503000 0.000000 0.000000
 0.504000 0.000000 0.000000
 0.505000 0.000000 0.000000
 0.506000 0.000000 0.000000
 0.507000 0.000000 0.000000
 0.508000 0.000000 0.000000
 0.509000 0.000000 0.000000
 0.510000 0.000000 0.000000
 0.511000 0.000000 0.000000
 0.512000 0.000000 0.000000
 0.513000 0.000000 0.000000
 0.514000 0.000000 0.000000
 0.515000 0.000000 0.000000
 0.516000 0.000000 0.000000
 0.517000 0.000000 0.000000
 0.518000 0.000000 0.000000
 0.519000 0.000000 0.000000
 0.520000 0.000000 0.000000
 0.521000 0.000000 0.000000
 0.522000 0.000000 0.000000
 0.523000 0.000000 0.000000
 0.524000 0.000000 0.000000
 0.525000 0.000000 0.000000
 0.526000 0.000000 0.000000
 0.527000 0.000000 0.000000
 0.528000 0.000000 0.000000
 0.529000 0.000000 0.000000
 0.530000 0.000000 0.000000
 0.531000 0.000000 0.000000
 0.532000 0.000000 0.000000
 0.533000 0.000000 0.000000
 0.534000 0.000000 0.000000
 0.535000 0.000000 0.000000
 0.536000 0.000000 0.000000
 0.537000 0.000000 0.000000
 0.538000 0.000000 0.000000
 0.539000 0.000000 0.000000
 0.540000 0.000000 0.000000
 0.541000 0.000000 0.000000
 0.542000 0.000000 0.000000
 0.543000 0.000000 0.000000
 0.544000 0.000000 0.000000
 0.545000 0.000000 0.000000
 0.546000 0.000000 0.000000
 0.547000 0.000000 0.000000
 0.548000 0.000000 0.000000
 0.549000 0.000000 0.000000
 0.550000 0.000000 0.000000
 0.551000 0.000000 0.000000
 0.552000 0.000000 0.000000
 0.553000 0.000000 0.000000
 0.554000 0.000000 0.000000
 0.555000 0.000000 0.000000
 0.556000 0.000000 0.000000
 0.557000 0.000000 0.000000
 0.558000 0.000000 0.000000
 0.559000 0.000000 0.000000
 0.560000 0.000000 0.000000
 0.561000 0.000000 0.000000
 0.562000 0.000000 0.000000
 0.563000 0.000000 0.000000
 0.564000 0.000000 0.000000
 0.565000 0.000000 0.000000
 0.566000 0.000000 0.000000
 0.567000 0.000000 0.000000
 0.568000 0.000000 0.000000
 0.569000 0.000000 0.000000
 0.570000 0.000000 0.000000
 0.571000 0.000000 0.000000
 0.572000 0.000000 0.000000
 0.573000 0.000000 0.000000
 0.574000 0.000000 0.000000
 0.575000 0.000000 0.000000
 0.576000 0.000000 0.000000
 0.577000 0.000000 0.000000
 0.578000 0.000000 0.000000
 0.579000 0.000000 0.000000
 0.580000 0.000000 0.000000
 0.581000 0.000000 0.000000
 0.582000 0.000000 0.000000
 0.583000 0.000000 0.000000
 0.584000 0.000000 0.000000
 0.585000 0.000000 0.000000
 0.586000 0.000000 0.000000
 0.587000 0.000000 0.000000
 0.588000 0.000000 0.000000
 0.589000 0.000000 0.000000
 0.590000 0.000000 0.000000
 0.591000 0.000000 0.000000
 0.592000 0.000000 0.000000
 0.593000 0.000000 0.000000
 0.594000 0.000000 0.000000
 0.595000 0.000000 0.000000
 0.596000 0.000000 0.000000
 0.597000 0.000000 0.000000
 0.598000 0.000000 0.000000
 0.599000 0.000000 0.000000
 0.600000 0.000000 0.000000
 0.601000 0.000000 0.000000
 0.602000 0.000000 0.000000
 0.603000 0.000000 0.000000
 0.604000 0.000000 0.000000
 0.605000 0.000000 0.000000
 0.606000 0.000000 0.000000
 0.607000 0.000000 0.000000
 0.608000 0.000000 0.000000
 0.609000 0.000000 0.000000
 0.610000 0.000000 0.000000
 0.611000 0.000000 0.000000
 0.612000 0.000000 0.000000
 0.613000 0.000000 0.000000
 0.614000 0.000000 0.000000
 0.615000 0.000000 0.000000
 0.616000 0.000000 0.000000
 0.617000 0.000000 0.000000
 0.618000 0.000000 0.000000
 0.619000 0.000000 0.000000
 0.620000 0.000000 0.000000
 0.621000 0.000000 0.000000
 0.622000 0.000000 0.000000
 0.623000 0.000000 0.000000
 0.624000 0.000000 0.000000
 0.625000 0.000000 0.000000
 0.626000 0.000000 0.000000
 0.627000 0.000000 0.000000
 0.628000 0.000000 0.000000
 0.629000 0.000000 0.000000
 0.630000 0.000000 0.000000
 0.631000 0.000000 0.000000
 0.632000 0.000000 0.000000
 0.633000 0.000000 0.000000
 0.634000 0.000000 0.000000
 0.635000 0.000000 0.000000
 0.636000 0.000000 0.000000
 0.637000 0.000000 0.000000
 0.638000 0.000000 0.000000
 0.639000 0.000000 0.000000
 0.640000 0.000000 0.000000
 0.641000 0.000000 0.000000
 0.642000 0.000000 0.000000
 0.643000 0.000000 0.000000
 0.644000 0.000000 0.000000
 0.645000 0.000000 0.000000
 0.646000 0.000000 0.000000
 0.647000 0.000000 0.000000
 0.648000 0.000000 0.000000
 0.649000 0.000000 0.000000
 0.650000 0.000000 0.000000
 0.651000 0.000000 0.000000
 0.652000 0.000000 0.000000
 0.653000 0.000000 0.000000
 0.654000 0.000000 0.000000
 0.655000 0.000000 0.000000
 0.656000 0.000000 0.000000
 0.657000 0.000000 0.000000
 0.658000 0.000000 0.000000
 0.659000 0.000000 0.000000
 0.660000 0.000000 0.000000
 0.661000 0.000000 0.000000
 0.662000 0.000000 0.000000
 0.663000 0.000000 0.000000
 0.664000 0.000000 0.000000
 0.665000 0.000000 0.000000
 0.666000 0.000000 0.000000
 0.667000 0.000000 0.000000
 0.668000 0.000000 0.000000
 0.669000 0.000000 0.000000
 0.670000 0.000000 0.000000
 0.671000 0.000000 0.000000
 0.672000 0.000000 0.000000
 0.673000 0.000000 0.000000
 0.674000 0.000000 0.000000
 0.675000 0.000000 0.000000
 0.676000 0.000000 0.000000
 0.677000 0.000000 0.000000
 0.678000 0.000000 0.000000
 0.679000 0.000000 0.000000
 0.680000 0.000000 0.000000
 0.681000 0.000000 0.000000
 0.682000 0.000000 0.000000
 0.683000 0.000000 0.000000
 0.684000 0.000000 0.000000
 0.685000 0.000000 0.000000
 0.686000 0.000000 0.000000
 0.687000 0.000000 0.000000
 0.688000 0.000000 0.000000
 0.689000 0.000000 0.000000
 0.690000 0.000000 0.000000
 0.691000 0.000000 0.000000
 0.692000 0.000000 0.000000
 0.693000 0.000000 0.000000
 0.694000 0.000000 0.000000
 0.695000 0.000000 0.000000
 0.696000 0.000000 0.000000
 0.697000 0.000000 0.000000
 0.698000 0.000000 0.000000
 0.699000 0.000000 0.000000
 0.700000 0.000000 0.000000
 0.701000 0.000000 0.000000
 0.702000 0.000000 0.000000
 0.703000 0.000000 0.000000
 0.704000 0.000000 0.000000
 0.705000 0.000000 0.000000
 0.706000 0.000000 0.000000
 0.707000 0.000000 0.000000
 0.708000 0.000000 0.000000
 0.709000 0.000000 0.000000
 0.710000 0.000000 0.000000
 0.711000 0.000000 0.000000
 0.712000 0.000000 0.000000
 0.713000 0.000000 0.000000
 0.714000 0.000000 0.000180
 0.715000 0.000001 0.000250
 0.716000 0.000001 0.000343
 0.717000 0.000001 0.000467
 0.718000 0.000002 0.000628
 0.719000 0.000003 0.000835
 0.720000 0.000004 0.001099
 0.721000 0.000005 0.001430
 0.722000 0.000007 0.001839
 0.723000 0.000009 0.002340
 0.724000 0.000011 0.002944
 0.725000 0.000015 0.003813
 0.726000 0.000019 0.004712
 0.727000 0.000024 0.005760
 0.728000 0.000031 0.006965
 0.729000 0.000038 0.008329
 0.730000 0.000047 0.009850
 0.731000 0.000058 0.011520
 0.732000 0.000071 0.013322
 0.733000 0.000085 0.015235
 0.734000 0.000101 0.017226
 0.735000 0.000119 0.019255
 0.736000 0.000140 0.021278
 0.737000 0.000162 0.023380
 0.738000 0.000187 0.025283
 0.739000 0.000213 0.027192
 0.740000 0.000241 0.028795
 0.741000 0.000271 0.030161
 0.742000 0.000301 0.031253
 0.743000 0.000333 0.032042
 0.744000 0.000366 0.032702
 0.745000 0.000399 0.032922
 0.746000 0.000432 0.032853
 0.747000 0.000465 0.032683
 0.748000 0.000498 0.032360
 0.749000 0.000532 0.032449
 0.750000 0.000564 0.032089
 0.751000 0.000596 0.031981
 0.752000 0.000629 0.032177
 0.753000 0.000661 0.032790
 0.754000 0.000695 0.033796
 0.755000 0.000729 0.035434
 0.756000 0.000767 0.038128
 0.757000 0.000806 0.041491
 0.758000 0.000851 0.046307
 0.759000 0.000901 0.052062
 0.760000 0.000957 0.059078
 0.761000 0.001020 0.067369
 0.762000 0.001092 0.077021
 0.763000 0.001176 0.088139
 0.764000 0.001271 0.100977
 0.765000 0.001381 0.115102
 0.766000 0.001504 0.130593
 0.767000 0.001644 0.147130
 0.768000 0.001801 0.165133
 0.769000 0.001980 0.184953
 0.770000 0.002175 0.205070
 0.771000 0.002392 0.225905
 0.772000 0.002629 0.247362
 0.773000 0.002889 0.269656
 0.774000 0.003173 0.293079
 0.775000 0.003480 0.316807
 0.776000 0.003811 0.341494
 0.777000 0.004168 0.367203
 0.778000 0.004551 0.393664
 0.779000 0.004963 0.422011
 0.780000 0.005401 0.451439
 0.781000 0.005872 0.483245
 0.782000 0.006376 0.517648
 0.783000 0.006917 0.555762
 0.784000 0.007495 0.596347
 0.785000 0.008120 0.642200
 0.786000 0.008788 0.691378
 0.787000 0.009512 0.746979
 0.788000 0.010294 0.807510
 0.789000 0.011140 0.874284
 0.790000 0.012058 0.947734
 0.791000 0.013054 1.028482
 0.792000 0.014134 1.115886
 0.793000 0.015307 1.211076
 0.794000 0.016576 1.312637
 0.795000 0.017950 1.421239
 0.796000 0.019442 1.539149
 0.797000 0.021051 1.663493
 0.798000 0.022791 1.796717
 0.799000 0.024670 1.938870
 0.800000 0.026702 2.092107
 0.801000 0.028887 2.253726
 0.802000 0.031239 2.426089
 0.803000 0.033770 2.610117
 0.804000 0.036496 2.808464
 0.805000 0.039424 3.019499
 0.806000 0.042574 3.246472
 0.807000 0.045957 3.488727
 0.808000 0.049599 3.750728
 0.809000 0.053514 4.032147
 0.810000 0.057710 4.330126
 0.811000 0.062217 4.647964
 0.812000 0.067059 4.989096
 0.813000 0.072250 5.349473
 0.814000 0.077812 5.730909
 0.815000 0.083773 6.134805
 0.816000 0.090152 6.560321
 0.817000 0.096961 7.003932
 0.818000 0.104223 7.465450
 0.819000 0.111963 7.945997
 0.820000 0.120194 8.443848
 0.821000 0.128923 8.953766
 0.822000 0.138174 9.478872
 0.823000 0.147957 10.013944
 0.824000 0.158275 10.557705
 0.825000 0.169152 11.112764
 0.826000 0.180592 11.676763
 0.827000 0.192593 12.245313
 0.828000 0.205179 12.824579
 0.829000 0.218343 13.409419
 0.830000 0.232098 14.000857
 0.831000 0.246457 14.603241
 0.832000 0.261421 15.212330
 0.833000 0.276994 15.828543
 0.834000 0.293201 16.458538
 0.835000 0.310049 17.101894
 0.836000 0.327547 17.758275
 0.837000 0.345709 18.429812
 0.838000 0.364565 19.121631
 0.839000 0.384133 19.836691
 0.840000 0.404425 20.572843
 0.841000 0.425463 21.333068
 0.842000 0.447264 22.117416
 0.843000 0.469879 22.934233
 0.844000 0.493332 23.785573
 0.845000 0.517664 24.677567
 0.846000 0.542921 25.616606
 0.847000 0.569143 26.605885
 0.848000 0.596367 27.643978
 0.849000 0.624677 28.747396
 0.850000 0.654123 29.916872
 0.851000 0.684784 31.160629
 0.852000 0.716735 32.486088
 0.853000 0.750048 33.892318
 0.854000 0.784811 35.386987
 0.855000 0.821116 36.971588
 0.856000 0.859079 38.659014
 0.857000 0.898763 40.432788
 0.858000 0.940266 42.298941
 0.859000 0.983700 44.255163
 0.860000 1.029123 46.292117
 0.861000 1.076638 48.405522
 0.862000 1.126298 50.581910
 0.863000 1.178165 52.810885
 0.864000 1.232291 55.081928
 0.865000 1.288699 57.375614
 0.866000 1.347409 59.680130
 0.867000 1.408459 61.990861
 0.868000 1.471814 64.286055
 0.869000 1.537422 66.548268
 0.870000 1.605295 68.774085
 0.871000 1.675392 70.960449
 0.872000 1.747640 73.091817
 0.873000 1.821990 75.170178
 0.874000 1.898397 77.186772
 0.875000 1.976782 79.141089
 0.876000 2.057128 81.051000
 0.877000 2.139358 82.913524
 0.878000 2.223450 84.736983
 0.879000 2.309342 86.525585
 0.880000 2.397010 88.286206
 0.881000 2.486424 90.030481
 0.882000 2.577567 91.759725
 0.883000 2.670455 93.482672
 0.884000 2.765049 95.199509
 0.885000 2.861385 96.932255
 0.886000 2.959471 98.672402
 0.887000 3.059289 100.415826
 0.888000 3.160839 102.162171
 0.889000 3.264133 103.906695
 0.890000 3.369175 105.638384
 0.891000 3.475961 107.358271
 0.892000 3.584452 109.051866
 0.893000 3.694610 110.701999
 0.894000 3.806410 112.297144
 0.895000 3.919756 113.821289
 0.896000 4.034576 115.251109
 0.897000 4.150783 116.575133
 0.898000 4.268282 117.793034
 0.899000 4.386946 118.880703
 0.900000 4.506622 119.814148
 0.901000 4.627121 120.584003
 0.902000 4.748309 121.176492
 0.903000 4.870014 121.588418
 0.904000 4.992004 121.806149
 0.905000 5.114166 121.841325
 0.906000 5.236232 121.666069
 0.907000 5.358007 121.298521
 0.908000 5.479326 120.745575
 0.909000 5.599984 120.002079
 0.910000 5.719848 119.100125
 0.911000 5.838699 118.043637
 0.912000 5.956377 116.839746
 0.913000 6.072815 115.519707
 0.914000 6.187884 114.097390
 0.915000 6.301483 112.585913
 0.916000 6.413543 111.026023
 0.917000 6.524014 109.423192
 0.918000 6.632859 107.798292
 0.919000 6.740064 106.164216
 0.920000 6.845623 104.520913
 0.921000 6.949551 102.864899
 0.922000 7.051822 101.215527
 0.923000 7.152426 99.553419
 0.924000 7.251323 97.858210
 0.925000 7.348475 96.110817
 0.926000 7.443865 94.297485
 0.927000 7.537407 92.401131
 0.928000 7.629009 90.397975
 0.929000 7.718503 88.270327
 0.930000 7.805781 85.972804
 0.931000 7.890695 83.511387
 0.932000 7.973030 80.871761
 0.933000 8.052643 78.045362
 0.934000 8.129282 75.023343
 0.935000 8.202834 71.828477
 0.936000 8.273071 68.451856
 0.937000 8.339807 64.913481
 0.938000 8.402949 61.241186
 0.939000 8.462353 57.452550
 0.940000 8.517889 53.591473
 0.941000 8.569543 49.670607
 0.942000 8.617255 45.695630
 0.943000 8.660961 41.710419
 0.944000 8.700680 37.742323
 0.945000 8.736409 33.771862
 0.946000 8.768153 29.816063
 0.947000 8.795953 25.883519
 0.948000 8.819838 21.962380
 0.949000 8.839761 18.061336
 0.950000 8.855744 14.141884
 0.951000 8.867785 10.212051
 0.952000 8.875891 6.243543
 0.953000 8.879978 2.213435
 0.954000 8.880001 -1.881878
 0.955000 8.875904 -6.056800
 0.956000 8.867562 -10.311432
 0.957000 8.854920 -14.665971
 0.958000 8.837842 -19.095846
 0.959000 8.816278 -23.607332
 0.960000 8.790180 -28.187602
 0.961000 8.759463 -32.821355
 0.962000 8.724105 -37.483088
 0.963000 8.684054 -42.151544
 0.964000 8.639320 -46.791896
 0.965000 8.589949 -51.385352
 0.966000 8.536020 -55.908891
 0.967000 8.477587 -60.329290
 0.968000 8.414809 -64.631093
 0.969000 8.347781 -68.801377
 0.970000 8.276678 -72.802920
 0.971000 8.201599 -76.624522
 0.972000 8.122765 -80.266645
 0.973000 8.040386 -83.724117
 0.974000 7.954652 -86.999151
 0.975000 7.865727 -90.083677
 0.976000 7.773784 -92.977155
 0.977000 7.679047 -95.694371
 0.978000 7.581635 -98.214178
 0.979000 7.481819 -100.577561
 0.980000 7.379718 -102.778375
 0.981000 7.275499 -104.800042
 0.982000 7.169344 -106.673212
 0.983000 7.061352 -108.378521
 0.984000 6.951738 -109.949765
 0.985000 6.840662 -111.392033
 0.986000 6.728159 -112.696193
 0.987000 6.614417 -113.868464
 0.988000 6.499590 -114.922636
 0.989000 6.383721 -115.857797
 0.990000 6.266987 -116.685034
 0.991000 6.149465 -117.409731
 0.992000 6.031268 -118.031080
 0.993000 5.912486 -118.557221
 0.994000 5.793225 -118.996674
 0.995000 5.673549 -119.336778
 0.996000 5.553582 -119.585019
 0.997000 5.433440 -119.752391
 0.998000 5.313191 -119.828858
 0.999000 5.192895 -119.798131
 1.000000 5.072678 -119.649373
 1.001000 4.952649 -119.383926
 1.002000 4.832952 -119.004244
 1.003000 4.713714 -118.511151
 1.004000 4.595013 -117.876366
 1.005000 4.477035 -117.110672
 1.006000 4.359873 -116.201264
 1.007000 4.243720 -115.172871
 1.008000 4.128637 -113.989606
 1.009000 4.014824 -112.694853
 1.010000 3.902399 -111.283708
 1.011000 3.791435 -109.751380
 1.012000 3.682054 -108.122795
 1.013000 3.574339 -106.399805
 1.014000 3.468370 -104.605040
 1.015000 3.364245 -102.762258
 1.016000 3.261980 -100.879700
 1.017000 3.161592 -98.962470
 1.018000 3.063156 -97.048432
 1.019000 2.966658 -95.142407
 1.020000 2.872051 -93.243867
 1.021000 2.779330 -91.366215
 1.022000 2.688497 -89.515493
 1.023000 2.599522 -87.709255
 1.024000 2.512334 -85.924130
 1.025000 2.426893 -84.171871
 1.026000 2.343218 -82.463628
 1.027000 2.261231 -80.782207
 1.028000 2.180906 -79.128278
 1.029000 2.102224 -77.500713
 1.030000 2.025184 -75.897065
 1.031000 1.949747 -74.309718
 1.032000 1.875904 -72.736092
 1.033000 1.803619 -71.162239
 1.034000 1.732920 -69.593392
 1.035000 1.663790 -68.017540
 1.036000 1.596261 -66.440097
 1.037000 1.530321 -64.851640
 1.038000 1.465980 -63.247172
 1.039000 1.403267 -61.622868
 1.040000 1.342187 -59.979077
 1.041000 1.282758 -58.311521
 1.042000 1.225034 -56.626314
 1.043000 1.168992 -54.909711
 1.044000 1.114703 -53.180999
 1.045000 1.062160 -51.434755
 1.046000 1.011369 -49.668311
 1.047000 0.962362 -47.893355
 1.048000 0.915138 -46.112783
 1.049000 0.869708 -44.337881
 1.050000 0.826056 -42.569090
 1.051000 0.784175 -40.813262
 1.052000 0.744046 -39.079334
 1.053000 0.705656 -37.376382
 1.054000 0.668928 -35.696229
 1.055000 0.633870 -34.061044
 1.056000 0.600429 -32.470886
 1.057000 0.568561 -30.932954
 1.058000 0.538203 -29.444485
 1.059000 0.509338 -28.021327
 1.060000 0.481862 -26.646704
 1.061000 0.455722 -25.324131
 1.062000 0.430901 -24.065962
 1.063000 0.407304 -22.857082
 1.064000 0.384903 -21.705133
 1.065000 0.363624 -20.600216
 1.066000 0.343435 -19.546359
 1.067000 0.324281 -18.541916
 1.068000 0.306114 -17.582278
 1.069000 0.288885 -16.663538
 1.070000 0.272553 -15.787756
 1.071000 0.257088 -14.956081
 1.072000 0.242445 -14.166464
 1.073000 0.228563 -13.409704
 1.074000 0.215427 -12.692648
 1.075000 0.202991 -12.012885
 1.076000 0.191226 -11.371913
 1.077000 0.180089 -10.765788
 1.078000 0.169537 -10.190616
 1.079000 0.159550 -9.650434
 1.080000 0.150096 -9.144188
 1.081000 0.141126 -8.662554
 1.082000 0.132637 -8.213818
 1.083000 0.124583 -7.789307
 1.084000 0.116941 -7.387846
 1.085000 0.109700 -7.011404
 1.086000 0.102821 -6.651866
 1.087000 0.096301 -6.313075
 1.088000 0.090111 -5.988401
 1.089000 0.084243 -5.678730
 1.090000 0.078678 -5.380301
 1.091000 0.073406 -5.093136
 1.092000 0.068419 -4.816084
 1.093000 0.063708 -4.549338
 1.094000 0.059265 -4.292256
 1.095000 0.055064 -4.037307
 1.096000 0.051125 -3.795131
 1.097000 0.047414 -3.556360
 1.098000 0.043951 -3.330855
 1.099000 0.040708 -3.112278
 1.100000 0.037680 -2.902062
 1.101000 0.034863 -2.702657
 1.102000 0.032243 -2.513230
 1.103000 0.029801 -2.330628
 1.104000 0.027538 -2.159279
 1.105000 0.025443 -1.999555
 1.106000 0.023506 -1.851522
 1.107000 0.021712 -1.714022
 1.108000 0.020048 -1.585936
 1.109000 0.018508 -1.468469
 1.110000 0.017085 -1.361184
 1.111000 0.015765 -1.262881
 1.112000 0.014534 -1.170404
 1.113000 0.013398 -1.087914
 1.114000 0.012344 -1.012490
 1.115000 0.011359 -0.940419
 1.116000 0.010443 -0.873426
 1.117000 0.009591 -0.810400
 1.118000 0.008803 -0.752503
 1.119000 0.008070 -0.696951
 1.120000 0.007392 -0.644475
 1.121000 0.006765 -0.595088
 1.122000 0.006190 -0.549313
 1.123000 0.005660 -0.505430
 1.124000 0.005171 -0.463143
 1.125000 0.004724 -0.423680
 1.126000 0.004314 -0.385989
 1.127000 0.003940 -0.350880
 1.128000 0.003603 -0.319116
 1.129000 0.003295 -0.289404
 1.130000 0.003017 -0.262494
 1.131000 0.002764 -0.237587
 1.132000 0.002535 -0.214876
 1.133000 0.002326 -0.193891
 1.134000 0.002140 -0.176319
 1.135000 0.001971 -0.160617
 1.136000 0.001817 -0.146555
 1.137000 0.001676 -0.133945
 1.138000 0.001546 -0.122409
 1.139000 0.001427 -0.112099
 1.140000 0.001320 -0.103665
 1.141000 0.001219 -0.095844
 1.142000 0.001124 -0.088272
 1.143000 0.001038 -0.082699
 1.144000 0.000958 -0.077537
 1.145000 0.000882 -0.072878
 1.146000 0.000810 -0.068493
 1.147000 0.000741 -0.064056
 1.148000 0.000678 -0.060763
 1.149000 0.000619 -0.057621
 1.150000 0.000562 -0.054574
 1.151000 0.000508 -0.051444
 1.152000 0.000458 -0.048711
 1.153000 0.000410 -0.045921
 1.154000 0.000366 -0.043074
 1.155000 0.000323 -0.039855
 1.156000 0.000285 -0.037009
 1.157000 0.000249 -0.034117
 1.158000 0.000216 -0.031071
 1.159000 0.000187 -0.028221
 1.160000 0.000160 -0.025410
 1.161000 0.000136 -0.022675
 1.162000 0.000114 -0.019904
 1.163000 0.000095 -0.017276
 1.164000 0.000079 -0.015031
 1.165000 0.000065 -0.012944
 1.166000 0.000053 -0.011031
 1.167000 0.000043 -0.009304
 1.168000 0.000034 -0.007628
 1.169000 0.000027 -0.006317
 1.170000 0.000021 -0.005174
 1.171000 0.000017 -0.004193
 1.172000 0.000013 -0.003361
 1.173000 0.000009 -0.002525
 1.174000 0.000007 -0.001992
 1.175000 0.000005 -0.001554
 1.176000 0.000004 -0.001198
 1.177000 0.000003 -0.000914
 1.178000 0.000002 -0.000690
 1.179000 0.000002 -0.000515
 1.180000 0.000001 -0.000380
 1.181000 0.000001 -0.000277
 1.182000 0.000001 -0.000200
 1.183000 0.000000 0.000000
 1.184000 0.000000 0.000000
 1.185000 0.000000 0.000000
 1.186000 0.000000 0.000000
 1.187000 0.000000 0.000000
 1.188000 0.000000 0.000000
 1.189000 0.000000 0.000000
 1.190000 0.000000 0.000000
 1.191000 0.000000 0.000000
 1.192000 0.000000 0.000000
 1.193000 0.000000 0.000000
 1.194000 0.000000 0.000000
 1.195000 0.000000 0.000000
 1.196000 0.000000 0.000000
 1.197000 0.000000 0.000000
 1.198000 0.000000 0.000000
 1.199000 0.000000 0.000000
 1.200000 0.000000 0.000000
 1.201000 0.000000 0.000000
 1.202000 0.000000 0.000000
 1.203000 0.000000 0.000000
 1.204000 0.000000 0.000000
 1.205000 0.000000 0.000000
 1.206000 0.000000 0.000000
 1.207000 0.000000 0.000000
 1.208000 0.000000 0.000000
 1.209000 0.000000 0.000000
 1.210000 0.000000 0.000000
 1.211000 0.000000 0.000000
 1.212000 0.000000 0.000000
 1.213000 0.000000 0.000000
 1.214000 0.000000 0.000000
 1.215000 0.000000 0.000000
 1.216000 0.000000 0.000000
 1.217000 0.000000 0.000000
 1.218000 0.000000 0.000000
 1.219000 0.000000 0.000000
 1.220000 0.000000 0.000000
 1.221000 0.000000 0.000000
 1.222000 0.000000 0.000000
 1.223000 0.000000 0.000000
 1.224000 0.000000 0.000000
 1.225000 0.000000 0.000000
 1.226000 0.000000 0.000000
 1.227000 0.000000 0.000000
 1.228000 0.000000 0.000000
 1.229000 0.000000 0.000000
 1.230000 0.000000 0.000000
 1.231000 0.000000 0.000000
 1.232000 0.000000 0.000000
 1.233000 0.000000 0.000000
 1.234000 0.000000 0.000000
 1.235000 0.000000 0.000000
 1.236000 0.000000 0.000000
 1.237000 0.000000 0.000000
 1.238000 0.000000 0.000000
 1.239000 0.000000 0.000000
 1.240000 0.000000 0.000000
 1.241000 0.000000 0.000000
 1.242000 0.000000 0.000000
 1.243000 0.000000 0.000000
 1.244000 0.000000 0.000000
 1.245000 0.000000 0.000000
 1.246000 0.000000 0.000000
 1.247000 0.000000 0.000000
 1.248000 0.000000 0.000000
 1.249000 0.000000 0.000000
 1.250000 0.000000 0.000000
 1.251000 0.000000 0.000000
 1.252000 0.000000 0.000000
 1.253000 0.000000 0.000000
 1.254000 0.000000 0.000000
 1.255000 0.000000 0.000000
 1.256000 0.000000 0.000000
 1.257000 0.000000 0.000000
 1.258000 0.000000 0.000000
 1.259000 0.000000 0.000000
 1.260000 0.000000 0.000000
 1.261000 0.000000 0.000000
 1.262000 0.000000 0.000000
 1.263000 0.000000 0.000000
 1.264000 0.000000 0.000000
 1.265000 0.000000 0.000000
 1.266000 0.000000 0.000000
 1.267000 0.000000 0.000000
 1.268000 0.000000 0.000000
 1.269000 0.000000 0.000000
 1.270000 0.000000 0.000000
 1.271000 0.000000 0.000000
 1.272000 0.000000 0.000000
 1.273000 0.000000 0.000000
 1.274000 0.000000 0.000000
 1.275000 0.000000 0.000000
 1.276000 0.000000 0.000000
 1.277000 0.000000 0.000000
 1.278000 0.000000 0.000000
 1.279000 0.000000 0.000000
 1.280000 0.000000 0.000000
 1.281000 0.000000 0.000000
 1.282000 0.000000 0.000000
 1.283000 0.000000 0.000000
 1.284000 0.000000 0.000000
 1.285000 0.000000 0.000000
 1.286000 0.000000 0.000000
 1.287000 0.000000 0.000000
 1.288000 0.000000 0.000000
 1.289000 0.000000 0.000000
 1.290000 0.000000 0.000000
 1.291000 0.000000 0.000000
 1.292000 0.000000 0.000000
 1.293000 0.000000 0.000000
 1.294000 0.000000 0.000000
 1.295000 0.000000 0.000000
 1.296000 0.000000 0.000000
 1.297000 0.000000 0.000000
 1.298000 0.000000 0.000000
 1.299000 0.000000 0.000000
 1.300000 0.000000 0.000000
 1.301000 0.000000 0.000000
 1.302000 0.000000 0.000000
 1.303000 0.000000 0.000000
 1.304000 0.000000 0.000000
 1.305000 0.000000 0.000000
 1.306000 0.000000 0.000000
 1.307000 0.000000 0.000000
 1.308000 0.000000 0.000000
 1.309000 0.000000 0.000000
 1.310000 0.000000 0.000000
 1.311000 0.000000 0.000000
 1.312000 0.000000 0.000000
 1.313000 0.000000 0.000000
 1.314000 0.000000 0.000000
 1.315000 0.000000 0.000000
 1.316000 0.000000 0.000000
 1.317000 0.000000 0.000000
 1.318000 0.000000 0.000000
 1.319000 0.000000 0.000000
 1.320000 0.000000 0.000000
 1.321000 0.000000 0.000000
 1.322000 0.000000 0.000000
 1.323000 0.000000 0.000000
 1.324000 0.000000 0.000000
 1.325000 0.000000 0.000000
 1.326000 0.000000 0.000000
 1.327000 0.000000 0.000000
 1.328000 0.000000 0.000000
 1.329000 0.000000 0.000000
 1.330000 0.000000 0.000000
 1.331000 0.000000 0.000000
 1.332000 0.000000 0.000000
 1.333000 0.000000 0.000000
 1.334000 0.000000 0.000000
 1.335000 0.000000 0.000000
 1.336000 0.000000 0.000000
 1.337000 0.000000 0.000000
 1.338000 0.000000 0.000000
 1.339000 0.000000 0.000000
 1.340000 0.000000 0.000000
 1.341000 0.000000 0.000000
 1.342000 0.000000 0.000000
 1.343000 0.000000 0.000000
 1.344000 0.000000 0.000000
 1.345000 0.000000 0.000000
 1.346000 0.000000 0.000000
 1.347000 0.000000 0.000000
 1.348000 0.000000 0.000000
 1.349000 0.000000 0.000000
 1.350000 0.000000 0.000000
 1.351000 0.000000 0.000000
 1.352000 0.000000 0.000000
 1.353000 0.000000 0.000000
 1.354000 0.000000 0.000000
 1.355000 0.000000 0.000000
 1.356000 0.000000 0.000000
 1.357000 0.000000 0.000000
 1.358000 0.000000 0.000000
 1.359000 0.000000 0.000000
 1.360000 0.000000 0.000000
 1.361000 0.000000 0.000000
 1.362000 0.000000 0.000000
 1.363000 0.000000 0.000000
 1.364000 0.000000 0.000000
 1.365000 0.000000 0.000000
 1.366000 0.000000 0.000000
 1.367000 0.000000 0.000000
 1.368000 0.000000 0.000000
 1.369000 0.000000 0.000000
 1.370000 0.000000 0.000000
 1.371000 0.000000 0.000000
 1.372000 0.000000 0.000000
 1.373000 0.000000 0.000000
 1.374000 0.000000 0.000000
 1.375000 0.000000 0.000000
 1.376000 0.000000 0.000000
 1.377000 0.000000 0.000000
 1.378000 0.000000 0.000000
 1.379000 0.000000 0.000000
 1.380000 0.000000 0.000000
 1.381000 0.000000 0.000000
 1.382000 0.000000 0.000000
 1.383000 0.000000 0.000000
 1.384000 0.000000 0.000000
 1.385000 0.000000 0.000000
 1.386000 0.000000 0.000000
 1.387000 0.000000 0.000000
 1.388000 0.000000 0.000000
 1.389000 0.000000 0.000000
 1.390000 0.000000 0.000000
 1.391000 0.000000 0.000000
 1.392000 0.000000 0.000000
 1.393000 0.000000 0.000000
 1.394000 0.000000 0.000000
 1.395000 0.000000 0.000000
 1.396000 0.000000 0.000000
 1.397000 0.000000 0.000000
 1.398000 0.000000 0.000000
 1.399000 0.000000 0.000000
 1.400000 0.000000 0.000000
 1.401000 0.000000 0.000000
 1.402000 0.000000 0.000000
 1.403000 0.000000 0.000000
 1.404000 0.000000 0.000000
 1.405000 0.000000 0.000000
 1.406000 0.000000 0.000000
 1.407000 0.000000 0.000000
 1.408000 0.000000 0.000000
 1.409000 0.000000 0.000000
 1.410000 0.000000 0.000000
 1.411000 0.000000 0.000000
 1.412000 0.000000 0.000000
 1.413000 0.000000 0.000000
 1.414000 0.000000 0.000000
 1.415000 0.000000 0.000000
 1.416000 0.000000 0.000000
 1.417000 0.000000 0.000000
 1.418000 0.000000 0.000000
 1.419000 0.000000 0.000000
 1.420000 0.000000 0.000000
 1.421000 0.000000 0.000000
 1.422000 0.000000 0.000000
 1.423000 0.000000 0.000000
 1.424000 0.000000 0.000000
 1.425000 0.000000 0.000000
 1.426000 0.000000 0.000000
 1.427000 0.000000 0.000000
 1.428000 0.000000 0.000000
 1.429000 0.000000 0.000000
 1.430000 0.000000 0.000000
 1.431000 0.000000 0.000000
 1.432000 0.000000 0.000000
 1.433000 0.000000 0.000000
 1.434000 0.000000 0.000000
 1.435000 0.000000 0.000000
 1.436000 0.000000 0.000000
 1.437000 0.000000 0.000000
 1.438000 0.000000 0.000000
 1.439000 0.000000 0.000000
 1.440000 0.000000 0.000000
 1.441000 0.000000 0.000000
 1.442000 0.000000 0.000000
 1.443000 0.000000 0.000000
 1.444000 0.000000 0.000000
 1.445000 0.000000 0.000000
 1.446000 0.000000 0.000000
 1.447000 0.000000 0.000000
 1.448000 0.000000 0.000000
 1.449000 0.000000 0.000000
 1.450000 0.000000 0.000000
 1.451000 0.000000 0.000000
 1.452000 0.000000 0.000000
 1.453000 0.000000 0.000000
 1.454000 0.000000 0.000000
 1.455000 0.000000 0.000000
 1.456000 0.000000 0.000000
 1.457000 0.000000 0.000000
 1.458000 0.000000 0.000000
 1.459000 0.000000 0.000000
 1.460000 0.000000 0.000000
 1.461000 0.000000 0.000000
 1.462000 0.000000 0.000000
 1.463000 0.000000 0.000000
 1.464000 0.000000 0.000000
 1.465000 0.000000 0.000000
 1.466000 0.000000 0.000000
 1.467000 0.000000 0.000000
 1.468000 0.000000 0.000000
 1.469000 0.000000 0.000000
 1.470000 0.000000 0.000000
 1.471000 0.000000 0.000000
 1.472000 0.000000 0.000000
 1.473000 0.000000 0.000000
 1.474000 0.000000 0.000000
 1.475000 0.000000 0.000000
 1.476000 0.000000 0.000000
 1.477000 0.000000 0.000000
 1.478000 0.000000 0.000000
 1.479000 0.000000 0.000000
 1.480000 0.000000 0.000000
 1.481000 0.000000 0.000000
 1.482000 0.000000 0.000000
 1.483000 0.000000 0.000000
 1.484000 0.000000 0.000000
 1.485000 0.000000 0.000000
 1.486000 0.000000 0.000000
 1.487000 0.000000 0.000000
 1.488000 0.000000 0.000000
 1.489000 0.000000 0.000000
 1.490000 0.000000 0.000000
 1.491000 0.000000 0.000000
 1.492000 0.000000 0.000000
 1.493000 0.000000 0.000000
 1.494000 0.000000 0.000000
 1.495000 0.000000 0.000000
 1.496000 0.000000 0.000000
 1.497000 0.000000 0.000000
 1.498000 0.000000 0.000000
 1.499000 0.000000 0.000000
 1.500000 0.000000 0.000000
