#! FIELDS s hh dhh_s
#! SET normalisation  399.000000
#! SET min_s -0.5
#! SET max_s 1.5
#! SET nbins_s  2000
#! SET periodic_s false
 -0.500000 0.000000 0.000000
 -0.499000 0.000000 0.000000
 -0.498000 0.000000 0.000000
 -0.497000 0.000000 0.000000
 -0.496000 0.000000 0.000000
 -0.495000 0.000000 0.000000
 -0.494000 0.000000 0.000000
 -0.493000 0.000000 0.000000
 -0.492000 0.000000 0.000000
 -0.491000 0.000000 0.000000
 -0.490000 0.000000 0.000000
 -0.489000 0.000000 0.000000
 -0.488000 0.000000 0.000000
 -0.487000 0.000000 0.000000
 -0.486000 0.000000 0.000000
 -0.485000 0.000000 0.000000
 -0.484000 0.000000 0.000000
 -0.483000 0.000000 0.000000
 -0.482000 0.000000 0.000000
 -0.481000 0.000000 0.000000
 -0.480000 0.000000 0.000000
 -0.479000 0.000000 0.000000
 -0.478000 0.000000 0.000000
 -0.477000 0.000000 0.000000
 -0.476000 0.000000 0.000000
 -0.475000 0.000000 0.000000
 -0.474000 0.000000 0.000000
 -0.473000 0.000000 0.000000
 -0.472000 0.000000 0.000000
 -0.471000 0.000000 0.000000
 -0.470000 0.000000 0.000000
 -0.469000 0.000000 0.000000
 -0.468000 0.000000 0.000000
 -0.467000 0.000000 0.000000
 -0.466000 0.000000 0.000000
 -0.465000 0.000000 0.000000
 -0.464000 0.000000 0.000000
 -0.463000 0.000000 0.000000
 -0.462000 0.000000 0.000000
 -0.461000 0.000000 0.000000
 -0.460000 0.000000 0.000000
 -0.459000 0.000000 0.000000
 -0.458000 0.000000 0.000000
 -0.457000 0.000000 0.000000
 -0.456000 0.000000 0.000000
 -0.455000 0.000000 0.000000
 -0.454000 0.000000 0.000000
 -0.453000 0.000000 0.000000
 -0.452000 0.000000 0.000000
 -0.451000 0.000000 0.000000
 -0.450000 0.000000 0.000000
 -0.449000 0.000000 0.000000
 -0.448000 0.000000 0.000000
 -0.447000 0.000000 0.000000
 -0.446000 0.000000 0.000000
 -0.445000 0.000000 0.000000
 -0.444000 0.000000 0.000000
 -0.443000 0.000000 0.000000
 -0.442000 0.000000 0.000000
 -0.441000 0.000000 0.000000
 -0.440000 0.000000 0.000000
 -0.439000 0.000000 0.000000
 -0.438000 0.000000 0.000000
 -0.437000 0.000000 0.000000
 -0.436000 0.000000 0.000000
 -0.435000 0.000000 0.000000
 -0.434000 0.000000 0.000000
 -0.433000 0.000000 0.000000
 -0.432000 0.000000 0.000000
 -0.431000 0.000000 0.000000
 -0.430000 0.000000 0.000000
 -0.429000 0.000000 0.000000
 -0.428000 0.000000 0.000000
 -0.427000 0.000000 0.000000
 -0.426000 0.000000 0.000000
 -0.425000 0.000000 0.000000
 -0.424000 0.000000 0.000000
 -0.423000 0.000000 0.000000
 -0.422000 0.000000 0.000000
 -0.421000 0.000000 0.000000
 -0.420000 0.000000 0.000000
 -0.419000 0.000000 0.000000
 -0.418000 0.000000 0.000000
 -0.417000 0.000000 0.000000
 -0.416000 0.000000 0.000000
 -0.415000 0.000000 0.000000
 -0.414000 0.000000 0.000000
 -0.413000 0.000000 0.000000
 -0.412000 0.000000 0.000000
 -0.411000 0.000000 0.000000
 -0.410000 0.000000 0.000000
 -0.409000 0.000000 0.000000
 -0.408000 0.000000 0.000000
 -0.407000 0.000000 0.000000
 -0.406000 0.000000 0.000000
 -0.405000 0.000000 0.000000
 -0.404000 0.000000 0.000000
 -0.403000 0.000000 0.000000
 -0.402000 0.000000 0.000000
 -0.401000 0.000000 0.000000
 -0.400000 0.000000 0.000000
 -0.399000 0.000000 0.000000
 -0.398000 0.000000 0.000000
 -0.397000 0.000000 0.000000
 -0.396000 0.000000 0.000000
 -0.395000 0.000000 0.000000
 -0.394000 0.000000 0.000000
 -0.393000 0.000000 0.000000
 -0.392000 0.000000 0.000000
 -0.391000 0.000000 0.000000
 -0.390000 0.000000 0.000000
 -0.389000 0.000000 0.000000
 -0.388000 0.000000 0.000000
 -0.387000 0.000000 0.000000
 -0.386000 0.000000 0.000000
 -0.385000 0.000000 0.000000
 -0.384000 0.000000 0.000000
 -0.383000 0.000000 0.000000
 -0.382000 0.000000 0.000000
 -0.381000 0.000000 0.000000
 -0.380000 0.000000 0.000000
 -0.379000 0.000000 0.000000
 -0.378000 0.000000 0.000000
 -0.377000 0.000000 0.000000
 -0.376000 0.000000 0.000000
 -0.375000 0.000000 0.000000
 -0.374000 0.000000 0.000000
 -0.373000 0.000000 0.000000
 -0.372000 0.000000 0.000000
 -0.371000 0.000000 0.000000
 -0.370000 0.000000 0.000000
 -0.369000 0.000000 0.000000
 -0.368000 0.000000 0.000000
 -0.367000 0.000000 0.000000
 -0.366000 0.000000 0.000000
 -0.365000 0.000000 0.000000
 -0.364000 0.000000 0.000000
 -0.363000 0.000000 0.000000
 -0.362000 0.000000 0.000000
 -0.361000 0.000000 0.000000
 -0.360000 0.000000 0.000000
 -0.359000 0.000000 0.000000
 -0.358000 0.000000 0.000000
 -0.357000 0.000000 0.000000
 -0.356000 0.000000 0.000000
 -0.355000 0.000000 0.000000
 -0.354000 0.000000 0.000000
 -0.353000 0.000000 0.000000
 -0.352000 0.000000 0.000000
 -0.351000 0.000000 0.000000
 -0.350000 0.000000 0.000000
 -0.349000 0.000000 0.000000
 -0.348000 0.000000 0.000000
 -0.347000 0.000000 0.000000
 -0.346000 0.000000 0.000000
 -0.345000 0.000000 0.000000
 -0.344000 0.000000 0.000000
 -0.343000 0.000000 0.000000
 -0.342000 0.000000 0.000000
 -0.341000 0.000000 0.000000
 -0.340000 0.000000 0.000000
 -0.339000 0.000000 0.000000
 -0.338000 0.000000 0.000000
 -0.337000 0.000000 0.000000
 -0.336000 0.000000 0.000000
 -0.335000 0.000000 0.000000
 -0.334000 0.000000 0.000000
 -0.333000 0.000000 0.000000
 -0.332000 0.000000 0.000000
 -0.331000 0.000000 0.000000
 -0.330000 0.000000 0.000000
 -0.329000 0.000000 0.000000
 -0.328000 0.000000 0.000000
 -0.327000 0.000000 0.000000
 -0.326000 0.000000 0.000000
 -0.325000 0.000000 0.000000
 -0.324000 0.000000 0.000000
 -0.323000 0.000000 0.000000
 -0.322000 0.000000 0.000000
 -0.321000 0.000000 0.000000
 -0.320000 0.000000 0.000000
 -0.319000 0.000000 0.000000
 -0.318000 0.000000 0.000000
 -0.317000 0.000000 0.000000
 -0.316000 0.000000 0.000000
 -0.315000 0.000000 0.000000
 -0.314000 0.000000 0.000000
 -0.313000 0.000000 0.000000
 -0.312000 0.000000 0.000000
 -0.311000 0.000000 0.000000
 -0.310000 0.000000 0.000000
 -0.309000 0.000000 0.000000
 -0.308000 0.000000 0.000000
 -0.307000 0.000000 0.000000
 -0.306000 0.000000 0.000000
 -0.305000 0.000000 0.000000
 -0.304000 0.000000 0.000000
 -0.303000 0.000000 0.000000
 -0.302000 0.000000 0.000000
 -0.301000 0.000000 0.000000
 -0.300000 0.000000 0.000000
 -0.299000 0.000000 0.000000
 -0.298000 0.000000 0.000000
 -0.297000 0.000000 0.000000
 -0.296000 0.000000 0.000000
 -0.295000 0.000000 0.000000
 -0.294000 0.000000 0.000000
 -0.293000 0.000000 0.000000
 -0.292000 0.000000 0.000000
 -0.291000 0.000000 0.000000
 -0.290000 0.000000 0.000000
 -0.289000 0.000000 0.000000
 -0.288000 0.000000 0.000000
 -0.287000 0.000000 0.000000
 -0.286000 0.000000 0.000000
 -0.285000 0.000000 0.000000
 -0.284000 0.000000 0.000000
 -0.283000 0.000000 0.000000
 -0.282000 0.000000 0.000000
 -0.281000 0.000000 0.000000
 -0.280000 0.000000 0.000000
 -0.279000 0.000000 0.000000
 -0.278000 0.000000 0.000000
 -0.277000 0.000000 0.000000
 -0.276000 0.000000 0.000000
 -0.275000 0.000000 0.000000
 -0.274000 0.000000 0.000000
 -0.273000 0.000000 0.000000
 -0.272000 0.000000 0.000000
 -0.271000 0.000000 0.000000
 -0.270000 0.000000 0.000000
 -0.269000 0.000000 0.000000
 -0.268000 0.000000 0.000000
 -0.267000 0.000000 0.000000
 -0.266000 0.000000 0.000000
 -0.265000 0.000000 0.000000
 -0.264000 0.000000 0.000000
 -0.263000 0.000000 0.000000
 -0.262000 0.000000 0.000000
 -0.261000 0.000000 0.000000
 -0.260000 0.000000 0.000000
 -0.259000 0.000000 0.000000
 -0.258000 0.000000 0.000000
 -0.257000 0.000000 0.000000
 -0.256000 0.000000 0.000000
 -0.255000 0.000000 0.000000
 -0.254000 0.000000 0.000000
 -0.253000 0.000000 0.000000
 -0.252000 0.000000 0.000000
 -0.251000 0.000000 0.000000
 -0.250000 0.000000 0.000000
 -0.249000 0.000000 0.000000
 -0.248000 0.000000 0.000000
 -0.247000 0.000000 0.000000
 -0.246000 0.000000 0.000000
 -0.245000 0.000000 0.000000
 -0.244000 0.000000 0.000000
 -0.243000 0.000000 0.000000
 -0.242000 0.000000 0.000000
 -0.241000 0.000000 0.000000
 -0.240000 0.000000 0.000000
 -0.239000 0.000000 0.000000
 -0.238000 0.000000 0.000000
 -0.237000 0.000000 0.000000
 -0.236000 0.000000 0.000000
 -0.235000 0.000000 0.000000
 -0.234000 0.000000 0.000000
 -0.233000 0.000000 0.000000
 -0.232000 0.000000 0.000000
 -0.231000 0.000000 0.000000
 -0.230000 0.000000 0.000000
 -0.229000 0.000000 0.000000
 -0.228000 0.000000 0.000000
 -0.227000 0.000000 0.000000
 -0.226000 0.000000 0.000000
 -0.225000 0.000000 0.000000
 -0.224000 0.000000 0.000000
 -0.223000 0.000000 0.000000
 -0.222000 0.000000 0.000000
 -0.221000 0.000000 0.000000
 -0.220000 0.000000 0.000000
 -0.219000 0.000000 0.000000
 -0.218000 0.000000 0.000000
 -0.217000 0.000000 0.000000
 -0.216000 0.000000 0.000000
 -0.215000 0.000000 0.000000
 -0.214000 0.000000 0.000000
 -0.213000 0.000000 0.000000
 -0.212000 0.000000 0.000000
 -0.211000 0.000000 0.000000
 -0.210000 0.000000 0.000000
 -0.209000 0.000000 0.000000
 -0.208000 0.000000 0.000000
 -0.207000 0.000000 0.000000
 -0.206000 0.000000 0.000000
 -0.205000 0.000000 0.000000
 -0.204000 0.000000 0.000000
 -0.203000 0.000000 0.000000
 -0.202000 0.000000 0.000000
 -0.201000 0.000000 0.000000
 -0.200000 0.000000 0.000000
 -0.199000 0.000000 0.000000
 -0.198000 0.000000 0.000000
 -0.197000 0.000000 0.000000
 -0.196000 0.000000 0.000000
 -0.195000 0.000000 0.000000
 -0.194000 0.000000 0.000000
 -0.193000 0.000000 0.000000
 -0.192000 0.000000 0.000000
 -0.191000 0.000000 0.000000
 -0.190000 0.000000 0.000000
 -0.189000 0.000000 0.000000
 -0.188000 0.000000 0.000000
 -0.187000 0.000000 0.000000
 -0.186000 0.000000 0.000000
 -0.185000 0.000000 0.000000
 -0.184000 0.000000 0.000000
 -0.183000 0.000000 0.000000
 -0.182000 0.000000 0.000000
 -0.181000 0.000000 0.000000
 -0.180000 0.000000 0.000000
 -0.179000 0.000000 0.000000
 -0.178000 0.000000 0.000000
 -0.177000 0.000000 0.000000
 -0.176000 0.000000 0.000000
 -0.175000 0.000000 0.000000
 -0.174000 0.000000 0.000000
 -0.173000 0.000000 0.000000
 -0.172000 0.000000 0.000000
 -0.171000 0.000000 0.000000
 -0.170000 0.000000 0.000000
 -0.169000 0.000000 0.000000
 -0.168000 0.000000 0.000000
 -0.167000 0.000000 0.000000
 -0.166000 0.000000 0.000000
 -0.165000 0.000000 0.000000
 -0.164000 0.000000 0.000000
 -0.163000 0.000000 0.000000
 -0.162000 0.000000 0.000000
 -0.161000 0.000000 0.000000
 -0.160000 0.000000 0.000000
 -0.159000 0.000000 0.000000
 -0.158000 0.000000 0.000000
 -0.157000 0.000000 0.000000
 -0.156000 0.000000 0.000000
 -0.155000 0.000000 0.000000
 -0.154000 0.000000 0.000000
 -0.153000 0.000000 0.000000
 -0.152000 0.000000 0.000000
 -0.151000 0.000000 0.000000
 -0.150000 0.000000 0.000000
 -0.149000 0.000000 0.000000
 -0.148000 0.000000 0.000000
 -0.147000 0.000000 0.000000
 -0.146000 0.000000 0.000000
 -0.145000 0.000000 0.000000
 -0.144000 0.000000 0.000000
 -0.143000 0.000000 0.000000
 -0.142000 0.000000 0.000000
 -0.141000 0.000000 0.000000
 -0.140000 0.000000 0.000000
 -0.139000 0.000000 0.000000
 -0.138000 0.000000 0.000000
 -0.137000 0.000000 0.000000
 -0.136000 0.000000 0.000000
 -0.135000 0.000000 0.000000
 -0.134000 0.000000 0.000000
 -0.133000 0.000000 0.000000
 -0.132000 0.000000 0.000000
 -0.131000 0.000000 0.000000
 -0.130000 0.000000 0.000000
 -0.129000 0.000000 0.000000
 -0.128000 0.000000 0.000000
 -0.127000 0.000000 0.000000
 -0.126000 0.000000 0.000000
 -0.125000 0.000000 0.000000
 -0.124000 0.000000 0.000000
 -0.123000 0.000000 0.000000
 -0.122000 0.000000 0.000000
 -0.121000 0.000000 0.000000
 -0.120000 0.000000 0.000000
 -0.119000 0.000000 0.000000
 -0.118000 0.000000 0.000000
 -0.117000 0.000000 0.000000
 -0.116000 0.000000 0.000000
 -0.115000 0.000000 0.000000
 -0.114000 0.000000 0.000000
 -0.113000 0.000000 0.000000
 -0.112000 0.000000 0.000000
 -0.111000 0.000000 0.000000
 -0.110000 0.000000 0.000000
 -0.109000 0.000000 0.000000
 -0.108000 0.000000 0.000000
 -0.107000 0.000000 0.000000
 -0.106000 0.000000 0.000000
 -0.105000 0.000000 0.000000
 -0.104000 0.000000 0.000000
 -0.103000 0.000000 0.000000
 -0.102000 0.000000 0.000000
 -0.101000 0.000000 0.000000
 -0.100000 0.000000 0.000000
 -0.099000 0.000000 0.000000
 -0.098000 0.000000 0.000000
 -0.097000 0.000000 0.000000
 -0.096000 0.000000 0.000000
 -0.095000 0.000000 0.000000
 -0.094000 0.000000 0.000000
 -0.093000 0.000000 0.000000
 -0.092000 0.000000 0.000000
 -0.091000 0.000000 0.000000
 -0.090000 0.000000 0.000000
 -0.089000 0.000000 0.000000
 -0.088000 0.000000 0.000000
 -0.087000 0.000000 0.000000
 -0.086000 0.000000 0.000000
 -0.085000 0.000000 0.000000
 -0.084000 0.000000 0.000000
 -0.083000 0.000000 0.000000
 -0.082000 0.000000 0.000000
 -0.081000 0.000000 0.000000
 -0.080000 0.000000 0.000000
 -0.079000 0.000000 0.000000
 -0.078000 0.000000 0.000000
 -0.077000 0.000000 0.000000
 -0.076000 0.000000 0.000000
 -0.075000 0.000000 0.000000
 -0.074000 0.000000 0.000000
 -0.073000 0.000000 0.000000
 -0.072000 0.000000 0.000000
 -0.071000 0.000000 0.000000
 -0.070000 0.000000 0.000000
 -0.069000 0.000000 0.000000
 -0.068000 0.000000 0.000000
 -0.067000 0.000000 0.000000
 -0.066000 0.000000 0.000000
 -0.065000 0.000000 0.000000
 -0.064000 0.000000 0.000000
 -0.063000 0.000000 0.000000
 -0.062000 0.000000 0.000000
 -0.061000 0.000000 0.000000
 -0.060000 0.000000 0.000000
 -0.059000 0.000000 0.000000
 -0.058000 0.000000 0.000000
 -0.057000 0.000000 0.000000
 -0.056000 0.000000 0.000000
 -0.055000 0.000000 0.000000
 -0.054000 0.000000 0.000000
 -0.053000 0.000000 0.000000
 -0.052000 0.000000 0.000000
 -0.051000 0.000000 0.000000
 -0.050000 0.000000 0.000000
 -0.049000 0.000000 0.000000
 -0.048000 0.000000 0.000000
 -0.047000 0.000000 0.000000
 -0.046000 0.000000 0.000000
 -0.045000 0.000000 0.000000
 -0.044000 0.000000 0.000000
 -0.043000 0.000000 0.000000
 -0.042000 0.000000 0.000000
 -0.041000 0.000000 0.000000
 -0.040000 0.000000 0.000000
 -0.039000 0.000000 0.000000
 -0.038000 0.000000 0.000000
 -0.037000 0.000000 0.000000
 -0.036000 0.000000 0.000000
 -0.035000 0.000000 0.000000
 -0.034000 0.000000 0.000000
 -0.033000 0.000000 0.000000
 -0.032000 0.000000 0.000000
 -0.031000 0.000000 0.000000
 -0.030000 0.000000 0.000000
 -0.029000 0.000000 0.000000
 -0.028000 0.000000 0.000000
 -0.027000 0.000000 0.000000
 -0.026000 0.000000 0.000000
 -0.025000 0.000000 0.000000
 -0.024000 0.000000 0.000000
 -0.023000 0.000000 0.000000
 -0.022000 0.000000 0.000000
 -0.021000 0.000000 0.000000
 -0.020000 0.000000 0.000000
 -0.019000 0.000000 0.000000
 -0.018000 0.000000 0.000000
 -0.017000 0.000000 0.000000
 -0.016000 0.000000 0.000000
 -0.015000 0.000000 0.000000
 -0.014000 0.000000 0.000000
 -0.013000 0.000000 0.000000
 -0.012000 0.000000 0.000000
 -0.011000 0.000000 0.000000
 -0.010000 0.000000 0.000000
 -0.009000 0.000000 0.000000
 -0.008000 0.000000 0.000000
 -0.007000 0.000000 0.000000
 -0.006000 0.000000 0.000000
 -0.005000 0.000000 0.000000
 -0.004000 0.000000 0.000000
 -0.003000 0.000000 0.000000
 -0.002000 0.000000 0.000000
 -0.001000 0.000000 0.000000
 0.000000 0.000000 0.000000
 0.001000 0.000000 0.000000
 0.002000 0.000000 0.000000
 0.003000 0.000000 0.000000
 0.004000 0.000000 0.000000
 0.005000 0.000000 0.000000
 0.006000 0.000000 0.000000
 0.007000 0.000000 0.000000
 0.008000 0.000000 0.000000
 0.009000 0.000000 0.000000
 0.010000 0.000000 0.000000
 0.011000 0.000000 0.000000
 0.012000 0.000000 0.000000
 0.013000 0.000000 0.000000
 0.014000 0.000000 0.000000
 0.015000 0.000000 0.000000
 0.016000 0.000000 0.000000
 0.017000 0.000000 0.000000
 0.018000 0.000000 0.000000
 0.019000 0.000000 0.000000
 0.020000 0.000000 0.000000
 0.021000 0.000000 0.000000
 0.022000 0.000000 0.000000
 0.023000 0.000000 0.000000
 0.024000 0.000000 0.000000
 0.025000 0.000000 0.000000
 0.026000 0.000000 0.000000
 0.027000 0.000000 0.000000
 0.028000 0.000000 0.000000
 0.029000 0.000000 0.000000
 0.030000 0.000000 0.000000
 0.031000 0.000000 0.000000
 0.032000 0.000000 0.000000
 0.033000 0.000000 0.000000
 0.034000 0.000000 0.000000
 0.035000 0.000000 0.000000
 0.036000 0.000000 0.000000
 0.037000 0.000000 0.000000
 0.038000 0.000000 0.000000
 0.039000 0.000000 0.000000
 0.040000 0.000000 0.000000
 0.041000 0.000000 0.000000
 0.042000 0.000000 0.000000
 0.043000 0.000000 0.000000
 0.044000 0.000000 0.000000
 0.045000 0.000000 0.000000
 0.046000 0.000000 0.000000
 0.047000 0.000000 0.000000
 0.048000 0.000000 0.000000
 0.049000 0.000000 0.000000
 0.050000 0.000000 0.000000
 0.051000 0.000000 0.000000
 0.052000 0.000000 0.000000
 0.053000 0.000000 0.000000
 0.054000 0.000000 0.000000
 0.055000 0.000000 0.000000
 0.056000 0.000000 0.000000
 0.057000 0.000000 0.000000
 0.058000 0.000000 0.000000
 0.059000 0.000000 0.000000
 0.060000 0.000000 0.000000
 0.061000 0.000000 0.000000
 0.062000 0.000000 0.000000
 0.063000 0.000000 0.000000
 0.064000 0.000000 0.000000
 0.065000 0.000000 0.000000
 0.066000 0.000000 0.000000
 0.067000 0.000000 0.000000
 0.068000 0.000000 0.000000
 0.069000 0.000000 0.000000
 0.070000 0.000000 0.000000
 0.071000 0.000000 0.000000
 0.072000 0.000000 0.000000
 0.073000 0.000000 0.000000
 0.074000 0.000000 0.000000
 0.075000 0.000000 0.000000
 0.076000 0.000000 0.000000
 0.077000 0.000000 0.000000
 0.078000 0.000000 0.000000
 0.079000 0.000000 0.000000
 0.080000 0.000000 0.000000
 0.081000 0.000000 0.000000
 0.082000 0.000000 0.000000
 0.083000 0.000000 0.000000
 0.084000 0.000000 0.000000
 0.085000 0.000000 0.000000
 0.086000 0.000000 0.000000
 0.087000 0.000000 0.000000
 0.088000 0.000000 0.000000
 0.089000 0.000000 0.000000
 0.090000 0.000000 0.000000
 0.091000 0.000000 0.000000
 0.092000 0.000000 0.000000
 0.093000 0.000000 0.000000
 0.094000 0.000000 0.000000
 0.095000 0.000000 0.000000
 0.096000 0.000000 0.000000
 0.097000 0.000000 0.000000
 0.098000 0.000000 0.000000
 0.099000 0.000000 0.000000
 0.100000 0.000000 0.000000
 0.101000 0.000000 0.000000
 0.102000 0.000000 0.000000
 0.103000 0.000000 0.000000
 0.104000 0.000000 0.000000
 0.105000 0.000000 0.000000
 0.106000 0.000000 0.000000
 0.107000 0.000000 0.000000
 0.108000 0.000000 0.000000
 0.109000 0.000000 0.000000
 0.110000 0.000000 0.000000
 0.111000 0.000000 0.000000
 0.112000 0.000000 0.000000
 0.113000 0.000000 0.000000
 0.114000 0.000000 0.000000
 0.115000 0.000000 0.000000
 0.116000 0.000000 0.000000
 0.117000 0.000000 0.000000
 0.118000 0.000000 0.000000
 0.119000 0.000000 0.000000
 0.120000 0.000000 0.000000
 0.121000 0.000000 0.000000
 0.122000 0.000000 0.000000
 0.123000 0.000000 0.000000
 0.124000 0.000000 0.000000
 0.125000 0.000000 0.000000
 0.126000 0.000000 0.000000
 0.127000 0.000000 0.000000
 0.128000 0.000000 0.000000
 0.129000 0.000000 0.000000
 0.130000 0.000000 0.000000
 0.131000 0.000000 0.000000
 0.132000 0.000000 0.000000
 0.133000 0.000000 0.000000
 0.134000 0.000000 0.000000
 0.135000 0.000000 0.000000
 0.136000 0.000000 0.000000
 0.137000 0.000000 0.000000
 0.138000 0.000000 0.000000
 0.139000 0.000000 0.000000
 0.140000 0.000000 0.000000
 0.141000 0.000000 0.000000
 0.142000 0.000000 0.000000
 0.143000 0.000000 0.000000
 0.144000 0.000000 0.000000
 0.145000 0.000000 0.000000
 0.146000 0.000000 0.000000
 0.147000 0.000000 0.000000
 0.148000 0.000000 0.000000
 0.149000 0.000000 0.000000
 0.150000 0.000000 0.000000
 0.151000 0.000000 0.000000
 0.152000 0.000000 0.000000
 0.153000 0.000000 0.000000
 0.154000 0.000000 0.000000
 0.155000 0.000000 0.000000
 0.156000 0.000000 0.000000
 0.157000 0.000000 0.000000
 0.158000 0.000000 0.000000
 0.159000 0.000000 0.000000
 0.160000 0.000000 0.000000
 0.161000 0.000000 0.000000
 0.162000 0.000000 0.000000
 0.163000 0.000000 0.000000
 0.164000 0.000000 0.000000
 0.165000 0.000000 0.000000
 0.166000 0.000000 0.000000
 0.167000 0.000000 0.000000
 0.168000 0.000000 0.000000
 0.169000 0.000000 0.000000
 0.170000 0.000000 0.000000
 0.171000 0.000000 0.000000
 0.172000 0.000000 0.000000
 0.173000 0.000000 0.000000
 0.174000 0.000000 0.000000
 0.175000 0.000000 0.000000
 0.176000 0.000000 0.000000
 0.177000 0.000000 0.000000
 0.178000 0.000000 0.000000
 0.179000 0.000000 0.000000
 0.180000 0.000000 0.000000
 0.181000 0.000000 0.000000
 0.182000 0.000000 0.000000
 0.183000 0.000000 0.000000
 0.184000 0.000000 0.000000
 0.185000 0.000000 0.000000
 0.186000 0.000000 0.000000
 0.187000 0.000000 0.000000
 0.188000 0.000000 0.000000
 0.189000 0.000000 0.000000
 0.190000 0.000000 0.000000
 0.191000 0.000000 0.000000
 0.192000 0.000000 0.000000
 0.193000 0.000000 0.000000
 0.194000 0.000000 0.000000
 0.195000 0.000000 0.000000
 0.196000 0.000000 0.000000
 0.197000 0.000000 0.000000
 0.198000 0.000000 0.000000
 0.199000 0.000000 0.000000
 0.200000 0.000000 0.000000
 0.201000 0.000000 0.000000
 0.202000 0.000000 0.000000
 0.203000 0.000000 0.000000
 0.204000 0.000000 0.000000
 0.205000 0.000000 0.000000
 0.206000 0.000000 0.000000
 0.207000 0.000000 0.000000
 0.208000 0.000000 0.000000
 0.209000 0.000000 0.000000
 0.210000 0.000000 0.000000
 0.211000 0.000000 0.000000
 0.212000 0.000000 0.000000
 0.213000 0.000000 0.000000
 0.214000 0.000000 0.000000
 0.215000 0.000000 0.000000
 0.216000 0.000000 0.000000
 0.217000 0.000000 0.000000
 0.218000 0.000000 0.000000
 0.219000 0.000000 0.000000
 0.220000 0.000000 0.000000
 0.221000 0.000000 0.000000
 0.222000 0.000000 0.000000
 0.223000 0.000000 0.000000
 0.224000 0.000000 0.000000
 0.225000 0.000000 0.000000
 0.226000 0.000000 0.000000
 0.227000 0.000000 0.000000
 0.228000 0.000000 0.000000
 0.229000 0.000000 0.000000
 0.230000 0.000000 0.000000
 0.231000 0.000000 0.000000
 0.232000 0.000000 0.000000
 0.233000 0.000000 0.000000
 0.234000 0.000000 0.000000
 0.235000 0.000000 0.000000
 0.236000 0.000000 0.000000
 0.237000 0.000000 0.000000
 0.238000 0.000000 0.000000
 0.239000 0.000000 0.000000
 0.240000 0.000000 0.000000
 0.241000 0.000000 0.000000
 0.242000 0.000000 0.000000
 0.243000 0.000000 0.000000
 0.244000 0.000000 0.000000
 0.245000 0.000000 0.000000
 0.246000 0.000000 0.000000
 0.247000 0.000000 0.000000
 0.248000 0.000000 0.000000
 0.249000 0.000000 0.000000
 0.250000 0.000000 0.000000
 0.251000 0.000000 0.000000
 0.252000 0.000000 0.000000
 0.253000 0.000000 0.000000
 0.254000 0.000000 0.000000
 0.255000 0.000000 0.000000
 0.256000 0.000000 0.000000
 0.257000 0.000000 0.000000
 0.258000 0.000000 0.000000
 0.259000 0.000000 0.000000
 0.260000 0.000000 0.000000
 0.261000 0.000000 0.000000
 0.262000 0.000000 0.000000
 0.263000 0.000000 0.000000
 0.264000 0.000000 0.000000
 0.265000 0.000000 0.000000
 0.266000 0.000000 0.000000
 0.267000 0.000000 0.000000
 0.268000 0.000000 0.000000
 0.269000 0.000000 0.000000
 0.270000 0.000000 0.000000
 0.271000 0.000000 0.000000
 0.272000 0.000000 0.000000
 0.273000 0.000000 0.000000
 0.274000 0.000000 0.000000
 0.275000 0.000000 0.000000
 0.276000 0.000000 0.000000
 0.277000 0.000000 0.000000
 0.278000 0.000000 0.000000
 0.279000 0.000000 0.000000
 0.280000 0.000000 0.000000
 0.281000 0.000000 0.000000
 0.282000 0.000000 0.000000
 0.283000 0.000000 0.000000
 0.284000 0.000000 0.000000
 0.285000 0.000000 0.000000
 0.286000 0.000000 0.000000
 0.287000 0.000000 0.000000
 0.288000 0.000000 0.000000
 0.289000 0.000000 0.000000
 0.290000 0.000000 0.000000
 0.291000 0.000000 0.000000
 0.292000 0.000000 0.000000
 0.293000 0.000000 0.000000
 0.294000 0.000000 0.000000
 0.295000 0.000000 0.000000
 0.296000 0.000000 0.000178
 0.297000 0.000001 0.000247
 0.298000 0.000001 0.000340
 0.299000 0.000001 0.000462
 0.300000 0.000002 0.000622
 0.301000 0.000003 0.000827
 0.302000 0.000004 0.001089
 0.303000 0.000005 0.001417
 0.304000 0.000006 0.001824
 0.305000 0.000009 0.002321
 0.306000 0.000011 0.002921
 0.307000 0.000014 0.003634
 0.308000 0.000018 0.004470
 0.309000 0.000023 0.005433
 0.310000 0.000029 0.006525
 0.311000 0.000036 0.007744
 0.312000 0.000045 0.009079
 0.313000 0.000055 0.010512
 0.314000 0.000066 0.012018
 0.315000 0.000079 0.013561
 0.316000 0.000093 0.015100
 0.317000 0.000109 0.016583
 0.318000 0.000126 0.017952
 0.319000 0.000145 0.019146
 0.320000 0.000164 0.020101
 0.321000 0.000185 0.020754
 0.322000 0.000206 0.021046
 0.323000 0.000227 0.020928
 0.324000 0.000247 0.020362
 0.325000 0.000268 0.019471
 0.326000 0.000287 0.018015
 0.327000 0.000304 0.016115
 0.328000 0.000319 0.013812
 0.329000 0.000332 0.011321
 0.330000 0.000342 0.008470
 0.331000 0.000348 0.005468
 0.332000 0.000353 0.002599
 0.333000 0.000354 -0.000291
 0.334000 0.000352 -0.002953
 0.335000 0.000349 -0.005072
 0.336000 0.000343 -0.006829
 0.337000 0.000336 -0.007840
 0.338000 0.000328 -0.008229
 0.339000 0.000319 -0.007817
 0.340000 0.000312 -0.006544
 0.341000 0.000308 -0.004072
 0.342000 0.000305 -0.000720
 0.343000 0.000307 0.003465
 0.344000 0.000313 0.008742
 0.345000 0.000326 0.015102
 0.346000 0.000345 0.022407
 0.347000 0.000372 0.030462
 0.348000 0.000409 0.039901
 0.349000 0.000454 0.049839
 0.350000 0.000511 0.061021
 0.351000 0.000579 0.072815
 0.352000 0.000659 0.085265
 0.353000 0.000751 0.098334
 0.354000 0.000858 0.112623
 0.355000 0.000980 0.127896
 0.356000 0.001118 0.144806
 0.357000 0.001273 0.162499
 0.358000 0.001446 0.181879
 0.359000 0.001641 0.203370
 0.360000 0.001859 0.227120
 0.361000 0.002102 0.253776
 0.362000 0.002375 0.283937
 0.363000 0.002677 0.316632
 0.364000 0.003017 0.354395
 0.365000 0.003396 0.396345
 0.366000 0.003820 0.443487
 0.367000 0.004293 0.495769
 0.368000 0.004822 0.553927
 0.369000 0.005414 0.619014
 0.370000 0.006078 0.691634
 0.371000 0.006816 0.771075
 0.372000 0.007639 0.858746
 0.373000 0.008553 0.954017
 0.374000 0.009565 1.057464
 0.375000 0.010688 1.170526
 0.376000 0.011927 1.292470
 0.377000 0.013298 1.426070
 0.378000 0.014805 1.569504
 0.379000 0.016459 1.723697
 0.380000 0.018276 1.890584
 0.381000 0.020268 2.070691
 0.382000 0.022448 2.265023
 0.383000 0.024831 2.474137
 0.384000 0.027429 2.698063
 0.385000 0.030259 2.937692
 0.386000 0.033341 3.194934
 0.387000 0.036695 3.470990
 0.388000 0.040328 3.762265
 0.389000 0.044267 4.072004
 0.390000 0.048523 4.398000
 0.391000 0.053112 4.739622
 0.392000 0.058057 5.098320
 0.393000 0.063372 5.472640
 0.394000 0.069062 5.858698
 0.395000 0.075147 6.257589
 0.396000 0.081642 6.669535
 0.397000 0.088558 7.093595
 0.398000 0.095904 7.528942
 0.399000 0.103696 7.976650
 0.400000 0.111938 8.435117
 0.401000 0.120649 8.907554
 0.402000 0.129839 9.394894
 0.403000 0.139532 9.900701
 0.404000 0.149737 10.425422
 0.405000 0.160479 10.973396
 0.406000 0.171787 11.548856
 0.407000 0.183685 12.154074
 0.408000 0.196207 12.793550
 0.409000 0.209391 13.470535
 0.410000 0.223277 14.189240
 0.411000 0.237910 14.952202
 0.412000 0.253317 15.755129
 0.413000 0.269568 16.608075
 0.414000 0.286690 17.504963
 0.415000 0.304747 18.450103
 0.416000 0.323761 19.433518
 0.417000 0.343788 20.458878
 0.418000 0.364863 21.521166
 0.419000 0.387005 22.610554
 0.420000 0.410274 23.734037
 0.421000 0.434665 24.877118
 0.422000 0.460211 26.037498
 0.423000 0.486924 27.212765
 0.424000 0.514849 28.408625
 0.425000 0.543967 29.613017
 0.426000 0.574307 30.831624
 0.427000 0.605842 32.052443
 0.428000 0.638620 33.288950
 0.429000 0.672651 34.542986
 0.430000 0.707953 35.815999
 0.431000 0.744541 37.111251
 0.432000 0.782444 38.435300
 0.433000 0.821684 39.788372
 0.434000 0.862314 41.181660
 0.435000 0.904364 42.615231
 0.436000 0.947850 44.079921
 0.437000 0.992829 45.588158
 0.438000 1.039333 47.130597
 0.439000 1.087423 48.716023
 0.440000 1.137111 50.331063
 0.441000 1.188429 51.971109
 0.442000 1.241400 53.632617
 0.443000 1.296038 55.307170
 0.444000 1.352367 56.989179
 0.445000 1.410371 58.668119
 0.446000 1.470054 60.338456
 0.447000 1.531396 61.993709
 0.448000 1.594416 63.641717
 0.449000 1.659060 65.265804
 0.450000 1.725328 66.876055
 0.451000 1.793204 68.467077
 0.452000 1.862699 70.052251
 0.453000 1.933746 71.617817
 0.454000 2.006338 73.168757
 0.455000 2.080486 74.713821
 0.456000 2.156207 76.262822
 0.457000 2.233463 77.803228
 0.458000 2.312275 79.344014
 0.459000 2.392591 80.871266
 0.460000 2.474439 82.390281
 0.461000 2.557822 83.896363
 0.462000 2.642698 85.380658
 0.463000 2.729038 86.828281
 0.464000 2.816794 88.227628
 0.465000 2.905943 89.581429
 0.466000 2.996422 90.874549
 0.467000 3.088163 92.090087
 0.468000 3.181045 93.212332
 0.469000 3.275043 94.256909
 0.470000 3.369993 95.192202
 0.471000 3.465859 96.030830
 0.472000 3.562479 96.756016
 0.473000 3.659829 97.389402
 0.474000 3.757728 97.909867
 0.475000 3.856095 98.323845
 0.476000 3.954823 98.638136
 0.477000 4.053807 98.846493
 0.478000 4.152982 98.969647
 0.479000 4.252206 98.994147
 0.480000 4.351417 98.929096
 0.481000 4.450500 98.771092
 0.482000 4.549406 98.534188
 0.483000 4.648005 98.207311
 0.484000 4.746240 97.797898
 0.485000 4.844035 97.299116
 0.486000 4.941281 96.726980
 0.487000 5.037908 96.066810
 0.488000 5.133791 95.318335
 0.489000 5.228909 94.481098
 0.490000 5.323132 93.561289
 0.491000 5.416396 92.557595
 0.492000 5.508607 91.454194
 0.493000 5.599650 90.273772
 0.494000 5.689463 88.987848
 0.495000 5.777979 87.624053
 0.496000 5.865077 86.165795
 0.497000 5.950652 84.628631
 0.498000 6.034634 82.985927
 0.499000 6.116913 81.250624
 0.500000 6.197426 79.406366
 0.501000 6.276049 77.480757
 0.502000 6.352666 75.458560
 0.503000 6.427218 73.345874
 0.504000 6.499620 71.147752
 0.505000 6.569776 68.873478
 0.506000 6.637606 66.514376
 0.507000 6.703003 64.086414
 0.508000 6.765938 61.598208
 0.509000 6.826373 59.044595
 0.510000 6.884203 56.449210
 0.511000 6.939437 53.818222
 0.512000 6.991998 51.179676
 0.513000 7.041885 48.513260
 0.514000 7.089112 45.845736
 0.515000 7.133663 43.186805
 0.516000 7.175593 40.554883
 0.517000 7.214850 37.942480
 0.518000 7.251541 35.370890
 0.519000 7.285655 32.831305
 0.520000 7.317231 30.324423
 0.521000 7.346310 27.873589
 0.522000 7.372977 25.460911
 0.523000 7.397218 23.079986
 0.524000 7.419101 20.734838
 0.525000 7.438605 18.415359
 0.526000 7.455807 16.084995
 0.527000 7.470676 13.741820
 0.528000 7.483181 11.386568
 0.529000 7.493287 9.012970
 0.530000 7.501033 6.599815
 0.531000 7.506314 4.141377
 0.532000 7.509106 1.609163
 0.533000 7.509343 -0.965232
 0.534000 7.506943 -3.591635
 0.535000 7.501902 -6.262336
 0.536000 7.494163 -8.980069
 0.537000 7.483678 -11.731577
 0.538000 7.470408 -14.484686
 0.539000 7.454379 -17.221739
 0.540000 7.435600 -19.944523
 0.541000 7.414140 -22.641104
 0.542000 7.389980 -25.247409
 0.543000 7.363299 -27.782306
 0.544000 7.334090 -30.208394
 0.545000 7.302544 -32.533607
 0.546000 7.268665 -34.712431
 0.547000 7.232681 -36.780458
 0.548000 7.194703 -38.715590
 0.549000 7.154834 -40.525496
 0.550000 7.113223 -42.221878
 0.551000 7.069933 -43.795901
 0.552000 7.025130 -45.286790
 0.553000 6.978875 -46.690072
 0.554000 6.931273 -48.028894
 0.555000 6.882312 -49.308781
 0.556000 6.832108 -50.562156
 0.557000 6.780643 -51.795462
 0.558000 6.727947 -53.022082
 0.559000 6.674005 -54.250330
 0.560000 6.618816 -55.501139
 0.561000 6.562408 -56.777954
 0.562000 6.504685 -58.072657
 0.563000 6.445639 -59.393520
 0.564000 6.385248 -60.733011
 0.565000 6.323542 -62.095795
 0.566000 6.260444 -63.468656
 0.567000 6.195983 -64.851105
 0.568000 6.130102 -66.212357
 0.569000 6.062872 -67.559408
 0.570000 5.994287 -68.882713
 0.571000 5.924424 -70.174947
 0.572000 5.853284 -71.419359
 0.573000 5.780919 -72.613701
 0.574000 5.707395 -73.730116
 0.575000 5.632800 -74.784420
 0.576000 5.557173 -75.757926
 0.577000 5.480588 -76.650894
 0.578000 5.403148 -77.453679
 0.579000 5.324976 -78.175054
 0.580000 5.246143 -78.812033
 0.581000 5.166697 -79.362471
 0.582000 5.086747 -79.821471
 0.583000 5.006383 -80.205095
 0.584000 4.925666 -80.498649
 0.585000 4.844692 -80.714578
 0.586000 4.763564 -80.866142
 0.587000 4.682323 -80.936312
 0.588000 4.601043 -80.934954
 0.589000 4.519758 -80.856285
 0.590000 4.438647 -80.723781
 0.591000 4.357650 -80.511574
 0.592000 4.276929 -80.239691
 0.593000 4.196529 -79.909904
 0.594000 4.116479 -79.502839
 0.595000 4.036850 -79.019004
 0.596000 3.957764 -78.476382
 0.597000 3.879241 -77.854924
 0.598000 3.801362 -77.180199
 0.599000 3.724210 -76.444098
 0.600000 3.647838 -75.652421
 0.601000 3.572291 -74.800324
 0.602000 3.497621 -73.890562
 0.603000 3.423857 -72.926656
 0.604000 3.351082 -71.935291
 0.605000 3.279343 -70.922622
 0.606000 3.208611 -69.878977
 0.607000 3.138944 -68.824073
 0.608000 3.070312 -67.759404
 0.609000 3.002766 -66.703589
 0.610000 2.936278 -65.661059
 0.611000 2.870827 -64.635054
 0.612000 2.806393 -63.618982
 0.613000 2.742980 -62.636784
 0.614000 2.680550 -61.684970
 0.615000 2.619042 -60.753113
 0.616000 2.558431 -59.846763
 0.617000 2.498740 -58.972450
 0.618000 2.439915 -58.118866
 0.619000 2.381931 -57.289488
 0.620000 2.324780 -56.484034
 0.621000 2.268411 -55.685002
 0.622000 2.212866 -54.900470
 0.623000 2.158099 -54.125264
 0.624000 2.104111 -53.353160
 0.625000 2.050901 -52.582190
 0.626000 1.998467 -51.802371
 0.627000 1.946805 -51.015408
 0.628000 1.895942 -50.227789
 0.629000 1.845872 -49.431408
 0.630000 1.796614 -48.626048
 0.631000 1.748164 -47.814651
 0.632000 1.700540 -46.990077
 0.633000 1.653754 -46.160641
 0.634000 1.607791 -45.313296
 0.635000 1.562691 -44.462663
 0.636000 1.518457 -43.605671
 0.637000 1.475088 -42.738808
 0.638000 1.432580 -41.858504
 0.639000 1.390970 -40.976780
 0.640000 1.350249 -40.089789
 0.641000 1.310421 -39.198270
 0.642000 1.271488 -38.301537
 0.643000 1.233471 -37.405320
 0.644000 1.196340 -36.506641
 0.645000 1.160112 -35.611017
 0.646000 1.124795 -34.722960
 0.647000 1.090340 -33.833847
 0.648000 1.056780 -32.958057
 0.649000 1.024096 -32.095273
 0.650000 0.992291 -31.251701
 0.651000 0.961309 -30.418445
 0.652000 0.931149 -29.599117
 0.653000 0.901799 -28.797949
 0.654000 0.873257 -28.026943
 0.655000 0.845465 -27.275200
 0.656000 0.818424 -26.550532
 0.657000 0.792094 -25.848595
 0.658000 0.766459 -25.171190
 0.659000 0.741493 -24.518275
 0.660000 0.717169 -23.884080
 0.661000 0.693472 -23.274426
 0.662000 0.670390 -22.686011
 0.663000 0.647877 -22.106981
 0.664000 0.625950 -21.544339
 0.665000 0.604574 -20.985663
 0.666000 0.583768 -20.436892
 0.667000 0.563507 -19.888558
 0.668000 0.543796 -19.337126
 0.669000 0.524635 -18.781972
 0.670000 0.506026 -18.221315
 0.671000 0.488004 -17.665804
 0.672000 0.470539 -17.100885
 0.673000 0.453638 -16.534665
 0.674000 0.437305 -15.964491
 0.675000 0.421539 -15.394313
 0.676000 0.406347 -14.830330
 0.677000 0.391722 -14.277995
 0.678000 0.377644 -13.737314
 0.679000 0.364102 -13.211677
 0.680000 0.351073 -12.703822
 0.681000 0.338554 -12.221297
 0.682000 0.326499 -11.760091
 0.683000 0.314898 -11.326327
 0.684000 0.303723 -10.921390
 0.685000 0.292928 -10.537886
 0.686000 0.282506 -10.183810
 0.687000 0.272429 -9.857355
 0.688000 0.262673 -9.554950
 0.689000 0.253217 -9.278671
 0.690000 0.244020 -9.016586
 0.691000 0.235072 -8.770595
 0.692000 0.226371 -8.540501
 0.693000 0.217901 -8.322333
 0.694000 0.209644 -8.112478
 0.695000 0.201588 -7.902966
 0.696000 0.193746 -7.701896
 0.697000 0.186107 -7.502692
 0.698000 0.178670 -7.302802
 0.699000 0.171424 -7.099186
 0.700000 0.164387 -6.896470
 0.701000 0.157559 -6.692839
 0.702000 0.150934 -6.486681
 0.703000 0.144514 -6.277106
 0.704000 0.138313 -6.070947
 0.705000 0.132311 -5.860335
 0.706000 0.126527 -5.653276
 0.707000 0.120947 -5.446642
 0.708000 0.115577 -5.243329
 0.709000 0.110410 -5.042658
 0.710000 0.105442 -4.846133
 0.711000 0.100671 -4.653712
 0.712000 0.096091 -4.465272
 0.713000 0.091699 -4.282026
 0.714000 0.087488 -4.104770
 0.715000 0.083452 -3.930739
 0.716000 0.079581 -3.761043
 0.717000 0.075884 -3.598965
 0.718000 0.072345 -3.441270
 0.719000 0.068958 -3.287526
 0.720000 0.065729 -3.140939
 0.721000 0.062644 -2.998294
 0.722000 0.059699 -2.860082
 0.723000 0.056891 -2.725336
 0.724000 0.054220 -2.595861
 0.725000 0.051671 -2.468357
 0.726000 0.049247 -2.343982
 0.727000 0.046947 -2.224807
 0.728000 0.044768 -2.110093
 0.729000 0.042702 -1.998801
 0.730000 0.040746 -1.890964
 0.731000 0.038895 -1.786033
 0.732000 0.037148 -1.685132
 0.733000 0.035497 -1.587232
 0.734000 0.033948 -1.496077
 0.735000 0.032487 -1.408494
 0.736000 0.031112 -1.326137
 0.737000 0.029817 -1.248277
 0.738000 0.028598 -1.175450
 0.739000 0.027448 -1.108109
 0.740000 0.026365 -1.047238
 0.741000 0.025336 -0.990596
 0.742000 0.024364 -0.940845
 0.743000 0.023438 -0.896790
 0.744000 0.022556 -0.858759
 0.745000 0.021705 -0.824078
 0.746000 0.020893 -0.796742
 0.747000 0.020104 -0.771867
 0.748000 0.019337 -0.750310
 0.749000 0.018590 -0.731264
 0.750000 0.017862 -0.714993
 0.751000 0.017150 -0.700634
 0.752000 0.016452 -0.686763
 0.753000 0.015769 -0.673211
 0.754000 0.015098 -0.658514
 0.755000 0.014444 -0.643461
 0.756000 0.013804 -0.626893
 0.757000 0.013183 -0.609177
 0.758000 0.012580 -0.589814
 0.759000 0.011997 -0.569337
 0.760000 0.011437 -0.547698
 0.761000 0.010895 -0.523879
 0.762000 0.010381 -0.500508
 0.763000 0.009890 -0.476382
 0.764000 0.009425 -0.452850
 0.765000 0.008981 -0.428717
 0.766000 0.008562 -0.404799
 0.767000 0.008167 -0.382579
 0.768000 0.007792 -0.360331
 0.769000 0.007440 -0.340245
 0.770000 0.007109 -0.321839
 0.771000 0.006793 -0.303881
 0.772000 0.006496 -0.288217
 0.773000 0.006214 -0.274327
 0.774000 0.005945 -0.261135
 0.775000 0.005688 -0.249902
 0.776000 0.005442 -0.239718
 0.777000 0.005205 -0.231343
 0.778000 0.004976 -0.224067
 0.779000 0.004753 -0.218031
 0.780000 0.004536 -0.213051
 0.781000 0.004324 -0.209059
 0.782000 0.004116 -0.205852
 0.783000 0.003911 -0.203660
 0.784000 0.003708 -0.201547
 0.785000 0.003506 -0.199024
 0.786000 0.003306 -0.196444
 0.787000 0.003110 -0.194273
 0.788000 0.002914 -0.190397
 0.789000 0.002726 -0.186991
 0.790000 0.002540 -0.182063
 0.791000 0.002360 -0.176551
 0.792000 0.002186 -0.169925
 0.793000 0.002019 -0.162283
 0.794000 0.001860 -0.153656
 0.795000 0.001711 -0.144398
 0.796000 0.001571 -0.134110
 0.797000 0.001441 -0.123450
 0.798000 0.001322 -0.112717
 0.799000 0.001215 -0.101933
 0.800000 0.001118 -0.091506
 0.801000 0.001031 -0.081232
 0.802000 0.000955 -0.071629
 0.803000 0.000888 -0.062644
 0.804000 0.000828 -0.054043
 0.805000 0.000777 -0.046530
 0.806000 0.000734 -0.039960
 0.807000 0.000696 -0.034268
 0.808000 0.000664 -0.029366
 0.809000 0.000637 -0.025590
 0.810000 0.000612 -0.022452
 0.811000 0.000590 -0.019924
 0.812000 0.000571 -0.018445
 0.813000 0.000553 -0.017523
 0.814000 0.000536 -0.017076
 0.815000 0.000519 -0.017012
 0.816000 0.000502 -0.017231
 0.817000 0.000484 -0.017626
 0.818000 0.000466 -0.017927
 0.819000 0.000448 -0.018401
 0.820000 0.000429 -0.018577
 0.821000 0.000410 -0.018533
 0.822000 0.000390 -0.018047
 0.823000 0.000372 -0.017477
 0.824000 0.000355 -0.016669
 0.825000 0.000339 -0.015410
 0.826000 0.000324 -0.013727
 0.827000 0.000311 -0.011667
 0.828000 0.000301 -0.009298
 0.829000 0.000293 -0.006705
 0.830000 0.000288 -0.003988
 0.831000 0.000285 -0.001260
 0.832000 0.000285 0.001366
 0.833000 0.000288 0.003773
 0.834000 0.000292 0.005855
 0.835000 0.000299 0.007515
 0.836000 0.000307 0.008675
 0.837000 0.000316 0.009279
 0.838000 0.000326 0.009295
 0.839000 0.000334 0.008867
 0.840000 0.000343 0.007674
 0.841000 0.000349 0.005969
 0.842000 0.000354 0.003818
 0.843000 0.000357 0.001309
 0.844000 0.000357 -0.001457
 0.845000 0.000354 -0.004367
 0.846000 0.000348 -0.007307
 0.847000 0.000339 -0.010165
 0.848000 0.000328 -0.012837
 0.849000 0.000314 -0.015233
 0.850000 0.000298 -0.017278
 0.851000 0.000279 -0.018919
 0.852000 0.000260 -0.020123
 0.853000 0.000239 -0.020876
 0.854000 0.000218 -0.021031
 0.855000 0.000197 -0.020969
 0.856000 0.000176 -0.020517
 0.857000 0.000156 -0.019728
 0.858000 0.000137 -0.018663
 0.859000 0.000119 -0.017387
 0.860000 0.000102 -0.015962
 0.861000 0.000087 -0.014448
 0.862000 0.000073 -0.012902
 0.863000 0.000061 -0.011369
 0.864000 0.000050 -0.009891
 0.865000 0.000041 -0.008497
 0.866000 0.000033 -0.007210
 0.867000 0.000027 -0.006044
 0.868000 0.000021 -0.005007
 0.869000 0.000017 -0.004098
 0.870000 0.000013 -0.003316
 0.871000 0.000010 -0.002653
 0.872000 0.000008 -0.002098
 0.873000 0.000006 -0.001640
 0.874000 0.000004 -0.001268
 0.875000 0.000003 -0.000970
 0.876000 0.000002 -0.000733
 0.877000 0.000002 -0.000548
 0.878000 0.000001 -0.000406
 0.879000 0.000001 -0.000297
 0.880000 0.000001 -0.000215
 0.881000 0.000000 0.000000
 0.882000 0.000000 0.000000
 0.883000 0.000000 0.000000
 0.884000 0.000000 0.000000
 0.885000 0.000000 0.000000
 0.886000 0.000000 0.000000
 0.887000 0.000000 0.000000
 0.888000 0.000000 0.000000
 0.889000 0.000000 0.000000
 0.890000 0.000000 0.000000
 0.891000 0.000000 0.000000
 0.892000 0.000000 0.000000
 0.893000 0.000000 0.000000
 0.894000 0.000000 0.000000
 0.895000 0.000000 0.000000
 0.896000 0.000000 0.000000
 0.897000 0.000000 0.000000
 0.898000 0.000000 0.000000
 0.899000 0.000000 0.000000
 0.900000 0.000000 0.000000
 0.901000 0.000000 0.000000
 0.902000 0.000000 0.000000
 0.903000 0.000000 0.000000
 0.904000 0.000000 0.000000
 0.905000 0.000000 0.000000
 0.906000 0.000000 0.000000
 0.907000 0.000000 0.000000
 0.908000 0.000000 0.000000
 0.909000 0.000000 0.000000
 0.910000 0.000000 0.000000
 0.911000 0.000000 0.000000
 0.912000 0.000000 0.000000
 0.913000 0.000000 0.000000
 0.914000 0.000000 0.000000
 0.915000 0.000000 0.000000
 0.916000 0.000000 0.000000
 0.917000 0.000000 0.000000
 0.918000 0.000000 0.000000
 0.919000 0.000000 0.000000
 0.920000 0.000000 0.000000
 0.921000 0.000000 0.000000
 0.922000 0.000000 0.000000
 0.923000 0.000000 0.000000
 0.924000 0.000000 0.000000
 0.925000 0.000000 0.000000
 0.926000 0.000000 0.000000
 0.927000 0.000000 0.000000
 0.928000 0.000000 0.000000
 0.929000 0.000000 0.000000
 0.930000 0.000000 0.000000
 0.931000 0.000000 0.000000
 0.932000 0.000000 0.000000
 0.933000 0.000000 0.000000
 0.934000 0.000000 0.000000
 0.935000 0.000000 0.000000
 0.936000 0.000000 0.000000
 0.937000 0.000000 0.000000
 0.938000 0.000000 0.000000
 0.939000 0.000000 0.000000
 0.940000 0.000000 0.000000
 0.941000 0.000000 0.000000
 0.942000 0.000000 0.000000
 0.943000 0.000000 0.000000
 0.944000 0.000000 0.000000
 0.945000 0.000000 0.000000
 0.946000 0.000000 0.000000
 0.947000 0.000000 0.000000
 0.948000 0.000000 0.000000
 0.949000 0.000000 0.000000
 0.950000 0.000000 0.000000
 0.951000 0.000000 0.000000
 0.952000 0.000000 0.000000
 0.953000 0.000000 0.000000
 0.954000 0.000000 0.000000
 0.955000 0.000000 0.000000
 0.956000 0.000000 0.000000
 0.957000 0.000000 0.000000
 0.958000 0.000000 0.000000
 0.959000 0.000000 0.000000
 0.960000 0.000000 0.000000
 0.961000 0.000000 0.000000
 0.962000 0.000000 0.000000
 0.963000 0.000000 0.000000
 0.964000 0.000000 0.000000
 0.965000 0.000000 0.000000
 0.966000 0.000000 0.000000
 0.967000 0.000000 0.000000
 0.968000 0.000000 0.000000
 0.969000 0.000000 0.000000
 0.970000 0.000000 0.000000
 0.971000 0.000000 0.000000
 0.972000 0.000000 0.000000
 0.973000 0.000000 0.000000
 0.974000 0.000000 0.000000
 0.975000 0.000000 0.000000
 0.976000 0.000000 0.000000
 0.977000 0.000000 0.000000
 0.978000 0.000000 0.000000
 0.979000 0.000000 0.000000
 0.980000 0.000000 0.000000
 0.981000 0.000000 0.000000
 0.982000 0.000000 0.000000
 0.983000 0.000000 0.000000
 0.984000 0.000000 0.000000
 0.985000 0.000000 0.000000
 0.986000 0.000000 0.000000
 0.987000 0.000000 0.000000
 0.988000 0.000000 0.000000
 0.989000 0.000000 0.000000
 0.990000 0.000000 0.000000
 0.991000 0.000000 0.000000
 0.992000 0.000000 0.000000
 0.993000 0.000000 0.000000
 0.994000 0.000000 0.000000
 0.995000 0.000000 0.000000
 0.996000 0.000000 0.000000
 0.997000 0.000000 0.000000
 0.998000 0.000000 0.000000
 0.999000 0.000000 0.000000
 1.000000 0.000000 0.000000
 1.001000 0.000000 0.000000
 1.002000 0.000000 0.000000
 1.003000 0.000000 0.000000
 1.004000 0.000000 0.000000
 1.005000 0.000000 0.000000
 1.006000 0.000000 0.000000
 1.007000 0.000000 0.000000
 1.008000 0.000000 0.000000
 1.009000 0.000000 0.000000
 1.010000 0.000000 0.000000
 1.011000 0.000000 0.000000
 1.012000 0.000000 0.000000
 1.013000 0.000000 0.000000
 1.014000 0.000000 0.000000
 1.015000 0.000000 0.000000
 1.016000 0.000000 0.000000
 1.017000 0.000000 0.000000
 1.018000 0.000000 0.000000
 1.019000 0.000000 0.000000
 1.020000 0.000000 0.000000
 1.021000 0.000000 0.000000
 1.022000 0.000000 0.000000
 1.023000 0.000000 0.000000
 1.024000 0.000000 0.000000
 1.025000 0.000000 0.000000
 1.026000 0.000000 0.000000
 1.027000 0.000000 0.000000
 1.028000 0.000000 0.000000
 1.029000 0.000000 0.000000
 1.030000 0.000000 0.000000
 1.031000 0.000000 0.000000
 1.032000 0.000000 0.000000
 1.033000 0.000000 0.000000
 1.034000 0.000000 0.000000
 1.035000 0.000000 0.000000
 1.036000 0.000000 0.000000
 1.037000 0.000000 0.000000
 1.038000 0.000000 0.000000
 1.039000 0.000000 0.000000
 1.040000 0.000000 0.000000
 1.041000 0.000000 0.000000
 1.042000 0.000000 0.000000
 1.043000 0.000000 0.000000
 1.044000 0.000000 0.000000
 1.045000 0.000000 0.000000
 1.046000 0.000000 0.000000
 1.047000 0.000000 0.000000
 1.048000 0.000000 0.000000
 1.049000 0.000000 0.000000
 1.050000 0.000000 0.000000
 1.051000 0.000000 0.000000
 1.052000 0.000000 0.000000
 1.053000 0.000000 0.000000
 1.054000 0.000000 0.000000
 1.055000 0.000000 0.000000
 1.056000 0.000000 0.000000
 1.057000 0.000000 0.000000
 1.058000 0.000000 0.000000
 1.059000 0.000000 0.000000
 1.060000 0.000000 0.000000
 1.061000 0.000000 0.000000
 1.062000 0.000000 0.000000
 1.063000 0.000000 0.000000
 1.064000 0.000000 0.000000
 1.065000 0.000000 0.000000
 1.066000 0.000000 0.000000
 1.067000 0.000000 0.000000
 1.068000 0.000000 0.000000
 1.069000 0.000000 0.000000
 1.070000 0.000000 0.000000
 1.071000 0.000000 0.000000
 1.072000 0.000000 0.000000
 1.073000 0.000000 0.000000
 1.074000 0.000000 0.000000
 1.075000 0.000000 0.000000
 1.076000 0.000000 0.000000
 1.077000 0.000000 0.000000
 1.078000 0.000000 0.000000
 1.079000 0.000000 0.000000
 1.080000 0.000000 0.000000
 1.081000 0.000000 0.000000
 1.082000 0.000000 0.000000
 1.083000 0.000000 0.000000
 1.084000 0.000000 0.000000
 1.085000 0.000000 0.000000
 1.086000 0.000000 0.000000
 1.087000 0.000000 0.000000
 1.088000 0.000000 0.000000
 1.089000 0.000000 0.000000
 1.090000 0.000000 0.000000
 1.091000 0.000000 0.000000
 1.092000 0.000000 0.000000
 1.093000 0.000000 0.000000
 1.094000 0.000000 0.000000
 1.095000 0.000000 0.000000
 1.096000 0.000000 0.000000
 1.097000 0.000000 0.000000
 1.098000 0.000000 0.000000
 1.099000 0.000000 0.000000
 1.100000 0.000000 0.000000
 1.101000 0.000000 0.000000
 1.102000 0.000000 0.000000
 1.103000 0.000000 0.000000
 1.104000 0.000000 0.000000
 1.105000 0.000000 0.000000
 1.106000 0.000000 0.000000
 1.107000 0.000000 0.000000
 1.108000 0.000000 0.000000
 1.109000 0.000000 0.000000
 1.110000 0.000000 0.000000
 1.111000 0.000000 0.000000
 1.112000 0.000000 0.000000
 1.113000 0.000000 0.000000
 1.114000 0.000000 0.000000
 1.115000 0.000000 0.000000
 1.116000 0.000000 0.000000
 1.117000 0.000000 0.000000
 1.118000 0.000000 0.000000
 1.119000 0.000000 0.000000
 1.120000 0.000000 0.000000
 1.121000 0.000000 0.000000
 1.122000 0.000000 0.000000
 1.123000 0.000000 0.000000
 1.124000 0.000000 0.000000
 1.125000 0.000000 0.000000
 1.126000 0.000000 0.000000
 1.127000 0.000000 0.000000
 1.128000 0.000000 0.000000
 1.129000 0.000000 0.000000
 1.130000 0.000000 0.000000
 1.131000 0.000000 0.000000
 1.132000 0.000000 0.000000
 1.133000 0.000000 0.000000
 1.134000 0.000000 0.000000
 1.135000 0.000000 0.000000
 1.136000 0.000000 0.000000
 1.137000 0.000000 0.000000
 1.138000 0.000000 0.000000
 1.139000 0.000000 0.000000
 1.140000 0.000000 0.000000
 1.141000 0.000000 0.000000
 1.142000 0.000000 0.000000
 1.143000 0.000000 0.000000
 1.144000 0.000000 0.000000
 1.145000 0.000000 0.000000
 1.146000 0.000000 0.000000
 1.147000 0.000000 0.000000
 1.148000 0.000000 0.000000
 1.149000 0.000000 0.000000
 1.150000 0.000000 0.000000
 1.151000 0.000000 0.000000
 1.152000 0.000000 0.000000
 1.153000 0.000000 0.000000
 1.154000 0.000000 0.000000
 1.155000 0.000000 0.000000
 1.156000 0.000000 0.000000
 1.157000 0.000000 0.000000
 1.158000 0.000000 0.000000
 1.159000 0.000000 0.000000
 1.160000 0.000000 0.000000
 1.161000 0.000000 0.000000
 1.162000 0.000000 0.000000
 1.163000 0.000000 0.000000
 1.164000 0.000000 0.000000
 1.165000 0.000000 0.000000
 1.166000 0.000000 0.000000
 1.167000 0.000000 0.000000
 1.168000 0.000000 0.000000
 1.169000 0.000000 0.000000
 1.170000 0.000000 0.000000
 1.171000 0.000000 0.000000
 1.172000 0.000000 0.000000
 1.173000 0.000000 0.000000
 1.174000 0.000000 0.000000
 1.175000 0.000000 0.000000
 1.176000 0.000000 0.000000
 1.177000 0.000000 0.000000
 1.178000 0.000000 0.000000
 1.179000 0.000000 0.000000
 1.180000 0.000000 0.000000
 1.181000 0.000000 0.000000
 1.182000 0.000000 0.000000
 1.183000 0.000000 0.000000
 1.184000 0.000000 0.000000
 1.185000 0.000000 0.000000
 1.186000 0.000000 0.000000
 1.187000 0.000000 0.000000
 1.188000 0.000000 0.000000
 1.189000 0.000000 0.000000
 1.190000 0.000000 0.000000
 1.191000 0.000000 0.000000
 1.192000 0.000000 0.000000
 1.193000 0.000000 0.000000
 1.194000 0.000000 0.000000
 1.195000 0.000000 0.000000
 1.196000 0.000000 0.000000
 1.197000 0.000000 0.000000
 1.198000 0.000000 0.000000
 1.199000 0.000000 0.000000
 1.200000 0.000000 0.000000
 1.201000 0.000000 0.000000
 1.202000 0.000000 0.000000
 1.203000 0.000000 0.000000
 1.204000 0.000000 0.000000
 1.205000 0.000000 0.000000
 1.206000 0.000000 0.000000
 1.207000 0.000000 0.000000
 1.208000 0.000000 0.000000
 1.209000 0.000000 0.000000
 1.210000 0.000000 0.000000
 1.211000 0.000000 0.000000
 1.212000 0.000000 0.000000
 1.213000 0.000000 0.000000
 1.214000 0.000000 0.000000
 1.215000 0.000000 0.000000
 1.216000 0.000000 0.000000
 1.217000 0.000000 0.000000
 1.218000 0.000000 0.000000
 1.219000 0.000000 0.000000
 1.220000 0.000000 0.000000
 1.221000 0.000000 0.000000
 1.222000 0.000000 0.000000
 1.223000 0.000000 0.000000
 1.224000 0.000000 0.000000
 1.225000 0.000000 0.000000
 1.226000 0.000000 0.000000
 1.227000 0.000000 0.000000
 1.228000 0.000000 0.000000
 1.229000 0.000000 0.000000
 1.230000 0.000000 0.000000
 1.231000 0.000000 0.000000
 1.232000 0.000000 0.000000
 1.233000 0.000000 0.000000
 1.234000 0.000000 0.000000
 1.235000 0.000000 0.000000
 1.236000 0.000000 0.000000
 1.237000 0.000000 0.000000
 1.238000 0.000000 0.000000
 1.239000 0.000000 0.000000
 1.240000 0.000000 0.000000
 1.241000 0.000000 0.000000
 1.242000 0.000000 0.000000
 1.243000 0.000000 0.000000
 1.244000 0.000000 0.000000
 1.245000 0.000000 0.000000
 1.246000 0.000000 0.000000
 1.247000 0.000000 0.000000
 1.248000 0.000000 0.000000
 1.249000 0.000000 0.000000
 1.250000 0.000000 0.000000
 1.251000 0.000000 0.000000
 1.252000 0.000000 0.000000
 1.253000 0.000000 0.000000
 1.254000 0.000000 0.000000
 1.255000 0.000000 0.000000
 1.256000 0.000000 0.000000
 1.257000 0.000000 0.000000
 1.258000 0.000000 0.000000
 1.259000 0.000000 0.000000
 1.260000 0.000000 0.000000
 1.261000 0.000000 0.000000
 1.262000 0.000000 0.000000
 1.263000 0.000000 0.000000
 1.264000 0.000000 0.000000
 1.265000 0.000000 0.000000
 1.266000 0.000000 0.000000
 1.267000 0.000000 0.000000
 1.268000 0.000000 0.000000
 1.269000 0.000000 0.000000
 1.270000 0.000000 0.000000
 1.271000 0.000000 0.000000
 1.272000 0.000000 0.000000
 1.273000 0.000000 0.000000
 1.274000 0.000000 0.000000
 1.275000 0.000000 0.000000
 1.276000 0.000000 0.000000
 1.277000 0.000000 0.000000
 1.278000 0.000000 0.000000
 1.279000 0.000000 0.000000
 1.280000 0.000000 0.000000
 1.281000 0.000000 0.000000
 1.282000 0.000000 0.000000
 1.283000 0.000000 0.000000
 1.284000 0.000000 0.000000
 1.285000 0.000000 0.000000
 1.286000 0.000000 0.000000
 1.287000 0.000000 0.000000
 1.288000 0.000000 0.000000
 1.289000 0.000000 0.000000
 1.290000 0.000000 0.000000
 1.291000 0.000000 0.000000
 1.292000 0.000000 0.000000
 1.293000 0.000000 0.000000
 1.294000 0.000000 0.000000
 1.295000 0.000000 0.000000
 1.296000 0.000000 0.000000
 1.297000 0.000000 0.000000
 1.298000 0.000000 0.000000
 1.299000 0.000000 0.000000
 1.300000 0.000000 0.000000
 1.301000 0.000000 0.000000
 1.302000 0.000000 0.000000
 1.303000 0.000000 0.000000
 1.304000 0.000000 0.000000
 1.305000 0.000000 0.000000
 1.306000 0.000000 0.000000
 1.307000 0.000000 0.000000
 1.308000 0.000000 0.000000
 1.309000 0.000000 0.000000
 1.310000 0.000000 0.000000
 1.311000 0.000000 0.000000
 1.312000 0.000000 0.000000
 1.313000 0.000000 0.000000
 1.314000 0.000000 0.000000
 1.315000 0.000000 0.000000
 1.316000 0.000000 0.000000
 1.317000 0.000000 0.000000
 1.318000 0.000000 0.000000
 1.319000 0.000000 0.000000
 1.320000 0.000000 0.000000
 1.321000 0.000000 0.000000
 1.322000 0.000000 0.000000
 1.323000 0.000000 0.000000
 1.324000 0.000000 0.000000
 1.325000 0.000000 0.000000
 1.326000 0.000000 0.000000
 1.327000 0.000000 0.000000
 1.328000 0.000000 0.000000
 1.329000 0.000000 0.000000
 1.330000 0.000000 0.000000
 1.331000 0.000000 0.000000
 1.332000 0.000000 0.000000
 1.333000 0.000000 0.000000
 1.334000 0.000000 0.000000
 1.335000 0.000000 0.000000
 1.336000 0.000000 0.000000
 1.337000 0.000000 0.000000
 1.338000 0.000000 0.000000
 1.339000 0.000000 0.000000
 1.340000 0.000000 0.000000
 1.341000 0.000000 0.000000
 1.342000 0.000000 0.000000
 1.343000 0.000000 0.000000
 1.344000 0.000000 0.000000
 1.345000 0.000000 0.000000
 1.346000 0.000000 0.000000
 1.347000 0.000000 0.000000
 1.348000 0.000000 0.000000
 1.349000 0.000000 0.000000
 1.350000 0.000000 0.000000
 1.351000 0.000000 0.000000
 1.352000 0.000000 0.000000
 1.353000 0.000000 0.000000
 1.354000 0.000000 0.000000
 1.355000 0.000000 0.000000
 1.356000 0.000000 0.000000
 1.357000 0.000000 0.000000
 1.358000 0.000000 0.000000
 1.359000 0.000000 0.000000
 1.360000 0.000000 0.000000
 1.361000 0.000000 0.000000
 1.362000 0.000000 0.000000
 1.363000 0.000000 0.000000
 1.364000 0.000000 0.000000
 1.365000 0.000000 0.000000
 1.366000 0.000000 0.000000
 1.367000 0.000000 0.000000
 1.368000 0.000000 0.000000
 1.369000 0.000000 0.000000
 1.370000 0.000000 0.000000
 1.371000 0.000000 0.000000
 1.372000 0.000000 0.000000
 1.373000 0.000000 0.000000
 1.374000 0.000000 0.000000
 1.375000 0.000000 0.000000
 1.376000 0.000000 0.000000
 1.377000 0.000000 0.000000
 1.378000 0.000000 0.000000
 1.379000 0.000000 0.000000
 1.380000 0.000000 0.000000
 1.381000 0.000000 0.000000
 1.382000 0.000000 0.000000
 1.383000 0.000000 0.000000
 1.384000 0.000000 0.000000
 1.385000 0.000000 0.000000
 1.386000 0.000000 0.000000
 1.387000 0.000000 0.000000
 1.388000 0.000000 0.000000
 1.389000 0.000000 0.000000
 1.390000 0.000000 0.000000
 1.391000 0.000000 0.000000
 1.392000 0.000000 0.000000
 1.393000 0.000000 0.000000
 1.394000 0.000000 0.000000
 1.395000 0.000000 0.000000
 1.396000 0.000000 0.000000
 1.397000 0.000000 0.000000
 1.398000 0.000000 0.000000
 1.399000 0.000000 0.000000
 1.400000 0.000000 0.000000
 1.401000 0.000000 0.000000
 1.402000 0.000000 0.000000
 1.403000 0.000000 0.000000
 1.404000 0.000000 0.000000
 1.405000 0.000000 0.000000
 1.406000 0.000000 0.000000
 1.407000 0.000000 0.000000
 1.408000 0.000000 0.000000
 1.409000 0.000000 0.000000
 1.410000 0.000000 0.000000
 1.411000 0.000000 0.000000
 1.412000 0.000000 0.000000
 1.413000 0.000000 0.000000
 1.414000 0.000000 0.000000
 1.415000 0.000000 0.000000
 1.416000 0.000000 0.000000
 1.417000 0.000000 0.000000
 1.418000 0.000000 0.000000
 1.419000 0.000000 0.000000
 1.420000 0.000000 0.000000
 1.421000 0.000000 0.000000
 1.422000 0.000000 0.000000
 1.423000 0.000000 0.000000
 1.424000 0.000000 0.000000
 1.425000 0.000000 0.000000
 1.426000 0.000000 0.000000
 1.427000 0.000000 0.000000
 1.428000 0.000000 0.000000
 1.429000 0.000000 0.000000
 1.430000 0.000000 0.000000
 1.431000 0.000000 0.000000
 1.432000 0.000000 0.000000
 1.433000 0.000000 0.000000
 1.434000 0.000000 0.000000
 1.435000 0.000000 0.000000
 1.436000 0.000000 0.000000
 1.437000 0.000000 0.000000
 1.438000 0.000000 0.000000
 1.439000 0.000000 0.000000
 1.440000 0.000000 0.000000
 1.441000 0.000000 0.000000
 1.442000 0.000000 0.000000
 1.443000 0.000000 0.000000
 1.444000 0.000000 0.000000
 1.445000 0.000000 0.000000
 1.446000 0.000000 0.000000
 1.447000 0.000000 0.000000
 1.448000 0.000000 0.000000
 1.449000 0.000000 0.000000
 1.450000 0.000000 0.000000
 1.451000 0.000000 0.000000
 1.452000 0.000000 0.000000
 1.453000 0.000000 0.000000
 1.454000 0.000000 0.000000
 1.455000 0.000000 0.000000
 1.456000 0.000000 0.000000
 1.457000 0.000000 0.000000
 1.458000 0.000000 0.000000
 1.459000 0.000000 0.000000
 1.460000 0.000000 0.000000
 1.461000 0.000000 0.000000
 1.462000 0.000000 0.000000
 1.463000 0.000000 0.000000
 1.464000 0.000000 0.000000
 1.465000 0.000000 0.000000
 1.466000 0.000000 0.000000
 1.467000 0.000000 0.000000
 1.468000 0.000000 0.000000
 1.469000 0.000000 0.000000
 1.470000 0.000000 0.000000
 1.471000 0.000000 0.000000
 1.472000 0.000000 0.000000
 1.473000 0.000000 0.000000
 1.474000 0.000000 0.000000
 1.475000 0.000000 0.000000
 1.476000 0.000000 0.000000
 1.477000 0.000000 0.000000
 1.478000 0.000000 0.000000
 1.479000 0.000000 0.000000
 1.480000 0.000000 0.000000
 1.481000 0.000000 0.000000
 1.482000 0.000000 0.000000
 1.483000 0.000000 0.000000
 1.484000 0.000000 0.000000
 1.485000 0.000000 0.000000
 1.486000 0.000000 0.000000
 1.487000 0.000000 0.000000
 1.488000 0.000000 0.000000
 1.489000 0.000000 0.000000
 1.490000 0.000000 0.000000
 1.491000 0.000000 0.000000
 1.492000 0.000000 0.000000
 1.493000 0.000000 0.000000
 1.494000 0.000000 0.000000
 1.495000 0.000000 0.000000
 1.496000 0.000000 0.000000
 1.497000 0.000000 0.000000
 1.498000 0.000000 0.000000
 1.499000 0.000000 0.000000
 1.500000 0.000000 0.000000
