#! FIELDS time refcv.mean refcv.morethan uwall.bias uwall.force2 lwall.bias lwall.force2 refcv2.mean refcv2.morethan
 0.500000 0.738214 275.830227 0.000000 0.000000 0.000000 0.000000 0.738214 286.000000
 0.750000 0.750611 281.264485 0.000000 0.000000 0.000000 0.000000 0.750611 287.000000
 1.000000 0.744327 277.037771 0.000000 0.000000 0.000000 0.000000 0.744327 285.000000
 1.250000 0.742986 277.290324 0.000000 0.000000 0.000000 0.000000 0.742986 285.000000
 1.500000 0.737734 273.593328 0.000000 0.000000 0.000000 0.000000 0.737734 281.000000
 1.750000 0.737962 273.316265 0.000000 0.000000 0.000000 0.000000 0.737962 284.000000
 2.000000 0.735692 271.956229 0.000000 0.000000 0.000000 0.000000 0.735692 282.000000
 2.250000 0.736723 272.883689 0.000000 0.000000 0.000000 0.000000 0.736723 282.000000
 2.500000 0.733696 272.699876 0.000000 0.000000 0.000000 0.000000 0.733696 284.000000
 2.750000 0.733077 270.439678 0.000000 0.000000 0.000000 0.000000 0.733077 284.000000
 3.000000 0.740126 274.018618 0.000000 0.000000 0.000000 0.000000 0.740126 284.000000
 3.250000 0.745246 278.648972 0.000000 0.000000 0.000000 0.000000 0.745246 284.676771
 3.500000 0.739010 275.907075 0.000000 0.000000 0.000000 0.000000 0.739010 286.000000
 3.750000 0.740286 277.476286 0.000000 0.000000 0.000000 0.000000 0.740286 286.000000
 4.000000 0.735132 271.858210 0.000000 0.000000 0.000000 0.000000 0.735132 281.000000
 4.250000 0.739426 277.338448 0.000000 0.000000 0.000000 0.000000 0.739426 286.000000
 4.500000 0.744356 276.509057 0.000000 0.000000 0.000000 0.000000 0.744356 284.000000
 4.750000 0.743603 279.568573 0.000000 0.000000 0.000000 0.000000 0.743603 283.000000
 5.000000 0.744305 279.826810 0.000000 0.000000 0.000000 0.000000 0.744305 285.000000
 5.250000 0.735896 274.751645 0.000000 0.000000 0.000000 0.000000 0.735896 283.000000
 5.500000 0.735126 275.000126 0.000000 0.000000 0.000000 0.000000 0.735126 286.000000
 5.750000 0.742873 276.779160 0.000000 0.000000 0.000000 0.000000 0.742873 285.000000
 6.000000 0.747417 278.749987 0.000000 0.000000 0.000000 0.000000 0.747417 282.000000
 6.250000 0.744308 279.948191 0.000000 0.000000 0.000000 0.000000 0.744308 287.000000
 6.500000 0.736490 276.919499 0.000000 0.000000 0.000000 0.000000 0.736490 285.000000
 6.750000 0.735200 274.441676 0.000000 0.000000 0.000000 0.000000 0.735200 286.000000
 7.000000 0.740692 276.968557 0.000000 0.000000 0.000000 0.000000 0.740692 286.000000
 7.250000 0.746231 281.396363 0.000000 0.000000 0.000000 0.000000 0.746231 285.000000
 7.500000 0.740095 275.967343 0.000000 0.000000 0.000000 0.000000 0.740095 285.000000
 7.750000 0.743421 279.686153 0.000000 0.000000 0.000000 0.000000 0.743421 289.000000
 8.000000 0.740349 279.359087 0.000000 0.000000 0.000000 0.000000 0.740349 286.000000
 8.250000 0.743805 282.007638 0.000000 0.000000 0.000000 0.000000 0.743805 287.000000
 8.500000 0.745680 282.022620 0.000000 0.000000 0.000000 0.000000 0.745680 289.000000
 8.750000 0.746355 280.369925 0.000000 0.000000 0.000000 0.000000 0.746355 287.000000
 9.000000 0.746480 283.269611 0.000000 0.000000 0.000000 0.000000 0.746480 291.000000
 9.250000 0.745216 281.108167 0.000000 0.000000 0.000000 0.000000 0.745216 289.000000
 9.500000 0.748408 284.967379 0.000000 0.000000 0.000000 0.000000 0.748408 289.000000
 9.750000 0.749422 284.519219 0.000000 0.000000 0.000000 0.000000 0.749422 292.000000
 10.000000 0.741304 276.497669 0.000000 0.000000 0.000000 0.000000 0.741304 285.000000
 10.250000 0.746437 285.332825 0.000000 0.000000 0.000000 0.000000 0.746437 293.000000
 10.500000 0.746426 281.185618 0.000000 0.000000 0.000000 0.000000 0.746426 287.000000
 10.750000 0.747680 285.682354 0.000000 0.000000 0.000000 0.000000 0.747680 292.000000
 11.000000 0.738446 278.401556 0.000000 0.000000 0.000000 0.000000 0.738446 293.000000
 11.250000 0.745591 284.117540 0.000000 0.000000 0.000000 0.000000 0.745591 290.000000
 11.500000 0.740546 284.233805 0.000000 0.000000 0.000000 0.000000 0.740546 296.000000
 11.750000 0.738238 281.637575 0.000000 0.000000 0.000000 0.000000 0.738238 292.000000
 12.000000 0.738641 281.613241 0.000000 0.000000 0.000000 0.000000 0.738641 291.000000
 12.250000 0.736882 276.390947 0.000000 0.000000 0.000000 0.000000 0.736882 286.000000
 12.500000 0.734412 277.029297 0.000000 0.000000 0.000000 0.000000 0.734412 289.000000
 12.750000 0.731011 271.944793 0.000000 0.000000 0.000000 0.000000 0.731011 282.000000
 13.000000 0.735559 273.834825 0.000000 0.000000 0.000000 0.000000 0.735559 287.000000
 13.250000 0.746281 278.461182 0.000000 0.000000 0.000000 0.000000 0.746281 284.000000
 13.500000 0.739885 275.122956 0.000000 0.000000 0.000000 0.000000 0.739885 285.000000
 13.750000 0.741583 277.416696 0.000000 0.000000 0.000000 0.000000 0.741583 283.000000
 14.000000 0.747302 283.610325 0.000000 0.000000 0.000000 0.000000 0.747302 288.000000
 14.250000 0.738454 278.790653 0.000000 0.000000 0.000000 0.000000 0.738454 290.000000
 14.500000 0.742942 281.640569 0.000000 0.000000 0.000000 0.000000 0.742942 291.000000
 14.750000 0.748661 286.580791 0.000000 0.000000 0.000000 0.000000 0.748661 290.000000
 15.000000 0.741481 281.266579 0.000000 0.000000 0.000000 0.000000 0.741481 291.000000
 15.250000 0.750158 287.679705 0.000000 0.000000 0.000000 0.000000 0.750158 297.000000
 15.500000 0.747170 285.491381 0.000000 0.000000 0.000000 0.000000 0.747170 291.000000
 15.750000 0.743659 282.482552 0.000000 0.000000 0.000000 0.000000 0.743659 287.000000
 16.000000 0.743523 282.863215 0.000000 0.000000 0.000000 0.000000 0.743523 291.000000
 16.250000 0.748430 287.224987 0.000000 0.000000 0.000000 0.000000 0.748430 294.000000
 16.500000 0.744489 283.567600 0.000000 0.000000 0.000000 0.000000 0.744489 289.000000
 16.750000 0.744908 284.894606 0.000000 0.000000 0.000000 0.000000 0.744908 292.000000
 17.000000 0.743526 282.036400 0.000000 0.000000 0.000000 0.000000 0.743526 293.000000
 17.250000 0.741526 281.164163 0.000000 0.000000 0.000000 0.000000 0.741526 291.000000
 17.500000 0.738351 279.669315 0.000000 0.000000 0.000000 0.000000 0.738351 289.000000
 17.750000 0.741269 280.822839 0.000000 0.000000 0.000000 0.000000 0.741269 291.000000
 18.000000 0.743430 283.824833 0.000000 0.000000 0.000000 0.000000 0.743430 292.000000
 18.250000 0.737213 279.033977 0.000000 0.000000 0.000000 0.000000 0.737213 290.000000
 18.500000 0.739142 282.172458 0.000000 0.000000 0.000000 0.000000 0.739142 289.000000
 18.750000 0.741610 276.489997 0.000000 0.000000 0.000000 0.000000 0.741610 286.000000
 19.000000 0.742228 278.564693 0.000000 0.000000 0.000000 0.000000 0.742228 290.000000
 19.250000 0.740337 279.031499 0.000000 0.000000 0.000000 0.000000 0.740337 286.000000
 19.500000 0.748982 283.358185 0.000000 0.000000 0.000000 0.000000 0.748982 294.000000
 19.750000 0.745905 283.006919 0.000000 0.000000 0.000000 0.000000 0.745905 292.000000
 20.000000 0.738258 280.295067 0.000000 0.000000 0.000000 0.000000 0.738258 293.000000
 20.250000 0.740109 279.857029 0.000000 0.000000 0.000000 0.000000 0.740109 292.000000
 20.500000 0.745492 283.702761 0.000000 0.000000 0.000000 0.000000 0.745492 288.000000
 20.750000 0.742812 282.248888 0.000000 0.000000 0.000000 0.000000 0.742812 292.000000
 21.000000 0.742958 279.358610 0.000000 0.000000 0.000000 0.000000 0.742958 287.000000
 21.250000 0.746344 283.717533 0.000000 0.000000 0.000000 0.000000 0.746344 290.000000
 21.500000 0.746375 283.356160 0.000000 0.000000 0.000000 0.000000 0.746375 288.000000
 21.750000 0.748019 289.505648 2.266975 9.067902 0.000000 0.000000 0.748019 298.000000
 22.000000 0.741820 280.746595 0.000000 0.000000 0.000000 0.000000 0.741820 290.000000
 22.250000 0.750754 289.126536 1.269083 5.076332 0.000000 0.000000 0.750754 296.000000
 22.500000 0.749987 288.425594 0.181130 0.724521 0.000000 0.000000 0.749987 290.952946
 22.750000 0.747011 286.406144 0.000000 0.000000 0.000000 0.000000 0.747011 293.000000
 23.000000 0.748191 288.547244 0.299476 1.197905 0.000000 0.000000 0.748191 295.000000
 23.250000 0.750537 287.377442 0.000000 0.000000 0.000000 0.000000 0.750537 294.000000
 23.500000 0.748248 287.488611 0.000000 0.000000 0.000000 0.000000 0.748248 297.000000
 23.750000 0.745315 282.832271 0.000000 0.000000 0.000000 0.000000 0.745315 291.000000
 24.000000 0.748039 287.180212 0.000000 0.000000 0.000000 0.000000 0.748039 299.000000
 24.250000 0.748705 286.483806 0.000000 0.000000 0.000000 0.000000 0.748705 290.000000
 24.500000 0.748814 287.607033 0.000000 0.000000 0.000000 0.000000 0.748814 297.000000
 24.750000 0.749019 290.012559 4.050395 16.201580 0.000000 0.000000 0.749019 298.000000
 25.000000 0.749443 289.159731 1.344975 5.379900 0.000000 0.000000 0.749443 299.000000
 25.250000 0.744136 286.734998 0.000000 0.000000 0.000000 0.000000 0.744136 296.000000
 25.500000 0.748487 289.876129 3.519859 14.079436 0.000000 0.000000 0.748487 300.000000
 25.750000 0.748304 288.261978 0.068633 0.274530 0.000000 0.000000 0.748304 295.000000
 26.000000 0.743405 286.319817 0.000000 0.000000 0.000000 0.000000 0.743405 297.000000
 26.250000 0.747436 289.173075 1.376104 5.504416 0.000000 0.000000 0.747436 294.000000
 26.500000 0.741568 284.759539 0.000000 0.000000 0.000000 0.000000 0.741568 294.000000
 26.750000 0.742988 287.052738 0.000000 0.000000 0.000000 0.000000 0.742988 298.000000
 27.000000 0.744051 288.359439 0.129196 0.516786 0.000000 0.000000 0.744051 297.000000
 27.250000 0.741238 285.997582 0.000000 0.000000 0.000000 0.000000 0.741238 295.000000
 27.500000 0.746318 287.623969 0.000000 0.000000 0.000000 0.000000 0.746318 292.000000
 27.750000 0.743087 289.527866 2.334374 9.337496 0.000000 0.000000 0.743087 299.000000
 28.000000 0.746728 289.566601 2.454239 9.816955 0.000000 0.000000 0.746728 302.000000
 28.250000 0.747545 290.335489 5.454510 21.818040 0.000000 0.000000 0.747545 303.000000
 28.500000 0.744350 288.531230 0.282205 1.128821 0.000000 0.000000 0.744350 294.000000
 28.750000 0.745009 288.202278 0.040917 0.163666 0.000000 0.000000 0.745009 297.000000
 29.000000 0.747918 288.776660 0.603200 2.412802 0.000000 0.000000 0.747918 299.000000
 29.250000 0.740658 282.846401 0.000000 0.000000 0.000000 0.000000 0.740658 293.000000
 29.500000 0.741756 287.562769 0.000000 0.000000 0.000000 0.000000 0.741756 295.000000
 29.750000 0.739477 287.351861 0.000000 0.000000 0.000000 0.000000 0.739477 300.000000
 30.000000 0.742721 287.781613 0.000000 0.000000 0.000000 0.000000 0.742721 296.000000
 30.250000 0.739501 285.729953 0.000000 0.000000 0.000000 0.000000 0.739501 298.000000
 30.500000 0.744534 286.823426 0.000000 0.000000 0.000000 0.000000 0.744534 298.000000
 30.750000 0.748490 289.400319 1.960894 7.843577 0.000000 0.000000 0.748490 296.000000
 31.000000 0.747518 288.757459 0.573744 2.294974 0.000000 0.000000 0.747518 296.000000
 31.250000 0.748877 288.621539 0.386310 1.545241 0.000000 0.000000 0.748877 295.000000
 31.500000 0.742088 284.737387 0.000000 0.000000 0.000000 0.000000 0.742088 297.000000
 31.750000 0.744125 283.682471 0.000000 0.000000 0.000000 0.000000 0.744125 298.000000
 32.000000 0.748553 287.645794 0.000000 0.000000 0.000000 0.000000 0.748553 295.000000
 32.250000 0.743307 289.043931 1.089792 4.359167 0.000000 0.000000 0.743307 302.000000
 32.500000 0.751683 287.822704 0.000000 0.000000 0.000000 0.000000 0.751683 295.000000
 32.750000 0.745869 290.760694 7.621429 30.485716 0.000000 0.000000 0.745869 299.000000
 33.000000 0.749293 290.321820 5.390850 21.563401 0.000000 0.000000 0.749293 298.000000
 33.250000 0.747469 286.545310 0.000000 0.000000 0.000000 0.000000 0.747469 300.000000
 33.500000 0.751039 289.626257 2.644712 10.578849 0.000000 0.000000 0.751039 294.000000
 33.750000 0.747977 289.568407 2.459902 9.839606 0.000000 0.000000 0.747977 296.000000
 34.000000 0.749187 289.457800 2.125181 8.500726 0.000000 0.000000 0.749187 303.000000
 34.250000 0.750789 287.985472 0.000000 0.000000 0.000000 0.000000 0.750789 296.000000
 34.500000 0.749868 287.755473 0.000000 0.000000 0.000000 0.000000 0.749868 292.000000
 34.750000 0.754538 289.292652 1.670948 6.683792 0.000000 0.000000 0.754538 296.000000
 35.000000 0.745230 286.205475 0.000000 0.000000 0.000000 0.000000 0.745230 296.000000
 35.250000 0.742449 281.035456 0.000000 0.000000 0.000000 0.000000 0.742449 287.000000
 35.500000 0.743849 284.129551 0.000000 0.000000 0.000000 0.000000 0.743849 290.000000
 35.750000 0.741025 279.895298 0.000000 0.000000 0.000000 0.000000 0.741025 287.000000
 36.000000 0.743828 285.262280 0.000000 0.000000 0.000000 0.000000 0.743828 292.000000
 36.250000 0.745578 285.295028 0.000000 0.000000 0.000000 0.000000 0.745578 291.000000
 36.500000 0.744753 285.860385 0.000000 0.000000 0.000000 0.000000 0.744753 294.000000
 36.750000 0.743121 282.673867 0.000000 0.000000 0.000000 0.000000 0.743121 290.000000
 37.000000 0.749046 283.395727 0.000000 0.000000 0.000000 0.000000 0.749046 292.000000
 37.250000 0.747869 281.138371 0.000000 0.000000 0.000000 0.000000 0.747869 290.000000
 37.500000 0.748696 286.070582 0.000000 0.000000 0.000000 0.000000 0.748696 295.000000
 37.750000 0.747895 286.158532 0.000000 0.000000 0.000000 0.000000 0.747895 291.000000
 38.000000 0.742933 279.809330 0.000000 0.000000 0.000000 0.000000 0.742933 288.000000
 38.250000 0.742184 280.217218 0.000000 0.000000 0.000000 0.000000 0.742184 292.000000
 38.500000 0.739954 280.301191 0.000000 0.000000 0.000000 0.000000 0.739954 291.000000
 38.750000 0.754202 285.894134 0.000000 0.000000 0.000000 0.000000 0.754202 291.000000
 39.000000 0.751217 282.541549 0.000000 0.000000 0.000000 0.000000 0.751217 285.000000
 39.250000 0.753336 288.192474 0.037046 0.148185 0.000000 0.000000 0.753336 293.000000
 39.500000 0.748896 283.499353 0.000000 0.000000 0.000000 0.000000 0.748896 289.000000
 39.750000 0.747957 285.470397 0.000000 0.000000 0.000000 0.000000 0.747957 292.000000
 40.000000 0.746304 284.726157 0.000000 0.000000 0.000000 0.000000 0.746304 290.000000
 40.250000 0.741257 278.701936 0.000000 0.000000 0.000000 0.000000 0.741257 291.000000
 40.500000 0.751465 288.483780 0.234043 0.936172 0.000000 0.000000 0.751465 293.000000
 40.750000 0.748631 282.203264 0.000000 0.000000 0.000000 0.000000 0.748631 290.000000
 41.000000 0.747715 281.320776 0.000000 0.000000 0.000000 0.000000 0.747715 294.000000
 41.250000 0.754080 287.275010 0.000000 0.000000 0.000000 0.000000 0.754080 292.000000
 41.500000 0.753214 285.469399 0.000000 0.000000 0.000000 0.000000 0.753214 290.000000
 41.750000 0.748772 281.360303 0.000000 0.000000 0.000000 0.000000 0.748772 284.000000
 42.000000 0.744934 283.295510 0.000000 0.000000 0.000000 0.000000 0.744934 288.000000
 42.250000 0.749345 283.649526 0.000000 0.000000 0.000000 0.000000 0.749345 292.000000
 42.500000 0.750387 287.891737 0.000000 0.000000 0.000000 0.000000 0.750387 293.000000
 42.750000 0.750640 286.473806 0.000000 0.000000 0.000000 0.000000 0.750640 292.000000
 43.000000 0.751145 286.989186 0.000000 0.000000 0.000000 0.000000 0.751145 293.000000
 43.250000 0.751752 287.194823 0.000000 0.000000 0.000000 0.000000 0.751752 294.000000
 43.500000 0.749901 287.001121 0.000000 0.000000 0.000000 0.000000 0.749901 293.000000
 43.750000 0.745758 283.348422 0.000000 0.000000 0.000000 0.000000 0.745758 291.000000
 44.000000 0.749317 283.851876 0.000000 0.000000 0.000000 0.000000 0.749317 294.000000
 44.250000 0.756192 289.215814 1.478204 5.912814 0.000000 0.000000 0.756192 297.000000
 44.500000 0.753819 288.380263 0.144600 0.578399 0.000000 0.000000 0.753819 295.000000
 44.750000 0.749841 287.545246 0.000000 0.000000 0.000000 0.000000 0.749841 298.000000
 45.000000 0.750305 287.485960 0.000000 0.000000 0.000000 0.000000 0.750305 294.000000
 45.250000 0.749152 283.253897 0.000000 0.000000 0.000000 0.000000 0.749152 286.000000
 45.500000 0.748683 287.375209 0.000000 0.000000 0.000000 0.000000 0.748683 296.000000
 45.750000 0.750551 287.834401 0.000000 0.000000 0.000000 0.000000 0.750551 291.000000
 46.000000 0.747600 287.214297 0.000000 0.000000 0.000000 0.000000 0.747600 299.000000
 46.250000 0.747365 286.612916 0.000000 0.000000 0.000000 0.000000 0.747365 294.000000
 46.500000 0.744285 287.788330 0.000000 0.000000 0.000000 0.000000 0.744285 296.000000
 46.750000 0.747825 287.660438 0.000000 0.000000 0.000000 0.000000 0.747825 300.000000
 47.000000 0.749506 287.508980 0.000000 0.000000 0.000000 0.000000 0.749506 300.000000
 47.250000 0.753227 289.930193 3.725646 14.902585 0.000000 0.000000 0.753227 301.000000
 47.500000 0.747254 286.073040 0.000000 0.000000 0.000000 0.000000 0.747254 294.000000
 47.750000 0.747212 288.959325 0.920305 3.681219 0.000000 0.000000 0.747212 295.000000
 48.000000 0.747678 287.930017 0.000000 0.000000 0.000000 0.000000 0.747678 296.000000
 48.250000 0.749903 289.393077 1.940662 7.762649 0.000000 0.000000 0.749903 295.000000
 48.500000 0.746385 285.059397 0.000000 0.000000 0.000000 0.000000 0.746385 293.000000
 48.750000 0.748131 288.776605 0.603116 2.412463 0.000000 0.000000 0.748131 298.000000
 49.000000 0.746264 283.368863 0.000000 0.000000 0.000000 0.000000 0.746264 294.000000
 49.250000 0.752502 285.492158 0.000000 0.000000 0.000000 0.000000 0.752502 293.000000
 49.500000 0.748270 288.026991 0.000729 0.002914 0.000000 0.000000 0.748270 298.000000
 49.750000 0.746402 287.720030 0.000000 0.000000 0.000000 0.000000 0.746402 295.000000
 50.000000 0.745045 289.194374 1.426529 5.706117 0.000000 0.000000 0.745045 300.000000
 50.250000 0.744340 288.918734 0.844072 3.376288 0.000000 0.000000 0.744340 300.000000
 50.500000 0.743181 286.091631 0.000000 0.000000 0.000000 0.000000 0.743181 295.000000
 50.750000 0.742966 287.793548 0.000000 0.000000 0.000000 0.000000 0.742966 300.000000
 51.000000 0.745318 284.982963 0.000000 0.000000 0.000000 0.000000 0.745318 292.000000
 51.250000 0.746260 287.724628 0.000000 0.000000 0.000000 0.000000 0.746260 297.000000
 51.500000 0.746912 289.803295 3.251874 13.007495 0.000000 0.000000 0.746912 300.000000
 51.750000 0.743140 288.346914 0.120349 0.481396 0.000000 0.000000 0.743140 297.000000
 52.000000 0.744755 287.760158 0.000000 0.000000 0.000000 0.000000 0.744755 299.000000
 52.250000 0.749786 288.249462 0.062231 0.248924 0.000000 0.000000 0.749786 302.000000
 52.500000 0.746415 287.602274 0.000000 0.000000 0.000000 0.000000 0.746415 295.000000
 52.750000 0.745816 285.869533 0.000000 0.000000 0.000000 0.000000 0.745816 296.000000
 53.000000 0.746881 288.391915 0.153597 0.614388 0.000000 0.000000 0.746881 295.000000
 53.250000 0.738289 280.140310 0.000000 0.000000 0.000000 0.000000 0.738289 291.000000
 53.500000 0.744329 284.079332 0.000000 0.000000 0.000000 0.000000 0.744329 295.000000
 53.750000 0.744663 282.945094 0.000000 0.000000 0.000000 0.000000 0.744663 296.000000
 54.000000 0.742277 282.086409 0.000000 0.000000 0.000000 0.000000 0.742277 295.000000
 54.250000 0.747140 289.378667 1.900721 7.602885 0.000000 0.000000 0.747140 298.000000
 54.500000 0.746303 288.011588 0.000134 0.000537 0.000000 0.000000 0.746303 297.000000
 54.750000 0.748290 286.355794 0.000000 0.000000 0.000000 0.000000 0.748290 292.000000
 55.000000 0.745104 282.669198 0.000000 0.000000 0.000000 0.000000 0.745104 293.000000
 55.250000 0.740462 282.896216 0.000000 0.000000 0.000000 0.000000 0.740462 293.000000
 55.500000 0.749773 286.054580 0.000000 0.000000 0.000000 0.000000 0.749773 294.000000
 55.750000 0.748154 287.352672 0.000000 0.000000 0.000000 0.000000 0.748154 297.000000
 56.000000 0.748242 286.546213 0.000000 0.000000 0.000000 0.000000 0.748242 294.000000
 56.250000 0.752803 289.220644 1.489972 5.959886 0.000000 0.000000 0.752803 300.000000
 56.500000 0.752375 287.770813 0.000000 0.000000 0.000000 0.000000 0.752375 295.000000
 56.750000 0.751745 287.089444 0.000000 0.000000 0.000000 0.000000 0.751745 298.000000
 57.000000 0.748261 289.310806 1.718213 6.872851 0.000000 0.000000 0.748261 299.000000
 57.250000 0.746166 288.164261 0.026982 0.107926 0.000000 0.000000 0.746166 301.000000
 57.500000 0.746839 285.110754 0.000000 0.000000 0.000000 0.000000 0.746839 294.000000
 57.750000 0.748163 286.972893 0.000000 0.000000 0.000000 0.000000 0.748163 295.000000
 58.000000 0.743928 285.495152 0.000000 0.000000 0.000000 0.000000 0.743928 299.000000
 58.250000 0.743818 284.765476 0.000000 0.000000 0.000000 0.000000 0.743818 294.000000
 58.500000 0.748548 286.855780 0.000000 0.000000 0.000000 0.000000 0.748548 296.000000
 58.750000 0.746246 284.665959 0.000000 0.000000 0.000000 0.000000 0.746246 291.000000
 59.000000 0.747568 286.989201 0.000000 0.000000 0.000000 0.000000 0.747568 297.000000
 59.250000 0.749549 287.997793 0.000000 0.000000 0.000000 0.000000 0.749549 299.000000
 59.500000 0.750792 287.850619 0.000000 0.000000 0.000000 0.000000 0.750792 303.000000
 59.750000 0.751198 287.188411 0.000000 0.000000 0.000000 0.000000 0.751198 295.000000
 60.000000 0.748170 285.762426 0.000000 0.000000 0.000000 0.000000 0.748170 290.000000
 60.250000 0.750618 283.165099 0.000000 0.000000 0.000000 0.000000 0.750618 294.000000
 60.500000 0.756721 290.381459 5.671346 22.685384 0.000000 0.000000 0.756721 296.000000
 60.750000 0.749713 289.112710 1.238123 4.952490 0.000000 0.000000 0.749713 302.000000
 61.000000 0.750809 285.492091 0.000000 0.000000 0.000000 0.000000 0.750809 291.000000
 61.250000 0.753645 288.908281 0.824975 3.299900 0.000000 0.000000 0.753645 299.000000
 61.500000 0.747230 285.372700 0.000000 0.000000 0.000000 0.000000 0.747230 294.000000
 61.750000 0.752955 288.881232 0.776570 3.106282 0.000000 0.000000 0.752955 298.000000
 62.000000 0.750222 284.615147 0.000000 0.000000 0.000000 0.000000 0.750222 295.000000
 62.250000 0.752029 287.270076 0.000000 0.000000 0.000000 0.000000 0.752029 300.000000
 62.500000 0.750264 284.769260 0.000000 0.000000 0.000000 0.000000 0.750264 296.000000
 62.750000 0.750534 284.959041 0.000000 0.000000 0.000000 0.000000 0.750534 295.000000
 63.000000 0.748040 283.279350 0.000000 0.000000 0.000000 0.000000 0.748040 294.000000
 63.250000 0.749280 281.797534 0.000000 0.000000 0.000000 0.000000 0.749280 285.000000
 63.500000 0.747351 284.422882 0.000000 0.000000 0.000000 0.000000 0.747351 290.000000
 63.750000 0.751479 288.157980 0.024958 0.099831 0.000000 0.000000 0.751479 303.000000
 64.000000 0.740034 278.522530 0.000000 0.000000 0.000000 0.000000 0.740034 291.000000
 64.250000 0.743518 282.344394 0.000000 0.000000 0.000000 0.000000 0.743518 294.000000
 64.500000 0.747059 285.142986 0.000000 0.000000 0.000000 0.000000 0.747059 297.000000
 64.750000 0.750923 283.995091 0.000000 0.000000 0.000000 0.000000 0.750923 290.000000
 65.000000 0.746913 283.676667 0.000000 0.000000 0.000000 0.000000 0.746913 290.000000
 65.250000 0.744883 280.456534 0.000000 0.000000 0.000000 0.000000 0.744883 290.000000
 65.500000 0.742722 279.143123 0.000000 0.000000 0.000000 0.000000 0.742722 288.000000
 65.750000 0.748762 282.984070 0.000000 0.000000 0.000000 0.000000 0.748762 292.000000
 66.000000 0.743204 278.267429 0.000000 0.000000 0.000000 0.000000 0.743204 286.000000
 66.250000 0.737159 276.106756 0.000000 0.000000 0.000000 0.000000 0.737159 283.000000
 66.500000 0.742105 281.040962 0.000000 0.000000 0.000000 0.000000 0.742105 289.000000
 66.750000 0.742966 282.557205 0.000000 0.000000 0.000000 0.000000 0.742966 294.000000
 67.000000 0.746045 280.650636 0.000000 0.000000 0.000000 0.000000 0.746045 288.000000
 67.250000 0.746866 281.832880 0.000000 0.000000 0.000000 0.000000 0.746866 292.000000
 67.500000 0.746567 282.203541 0.000000 0.000000 0.000000 0.000000 0.746567 294.000000
 67.750000 0.748826 283.355687 0.000000 0.000000 0.000000 0.000000 0.748826 290.000000
 68.000000 0.752191 286.774013 0.000000 0.000000 0.000000 0.000000 0.752191 294.000000
 68.250000 0.745053 279.060462 0.000000 0.000000 0.000000 0.000000 0.745053 288.000000
 68.500000 0.754639 287.507205 0.000000 0.000000 0.000000 0.000000 0.754639 297.000000
 68.750000 0.749614 280.660828 0.000000 0.000000 0.000000 0.000000 0.749614 290.000000
 69.000000 0.741235 275.131502 0.000000 0.000000 0.000000 0.000000 0.741235 283.000000
 69.250000 0.743342 277.142079 0.000000 0.000000 0.000000 0.000000 0.743342 287.000000
 69.500000 0.748490 282.013345 0.000000 0.000000 0.000000 0.000000 0.748490 290.000000
 69.750000 0.745877 276.745570 0.000000 0.000000 0.000000 0.000000 0.745877 281.000000
 70.000000 0.752366 284.158336 0.000000 0.000000 0.000000 0.000000 0.752366 290.000000
 70.250000 0.747443 278.196426 0.000000 0.000000 0.000000 0.000000 0.747443 284.000000
 70.500000 0.747143 277.410616 0.000000 0.000000 0.000000 0.000000 0.747143 284.000000
 70.750000 0.741828 278.202343 0.000000 0.000000 0.000000 0.000000 0.741828 288.000000
 71.000000 0.741047 275.671638 0.000000 0.000000 0.000000 0.000000 0.741047 284.000000
 71.250000 0.745611 280.763583 0.000000 0.000000 0.000000 0.000000 0.745611 289.000000
 71.500000 0.747436 281.083859 0.000000 0.000000 0.000000 0.000000 0.747436 286.000000
 71.750000 0.747537 282.070860 0.000000 0.000000 0.000000 0.000000 0.747537 287.000000
 72.000000 0.744089 276.908133 0.000000 0.000000 0.000000 0.000000 0.744089 287.000000
 72.250000 0.749567 281.274775 0.000000 0.000000 0.000000 0.000000 0.749567 285.000000
 72.500000 0.750746 282.362973 0.000000 0.000000 0.000000 0.000000 0.750746 284.000000
 72.750000 0.752720 283.917048 0.000000 0.000000 0.000000 0.000000 0.752720 292.000000
 73.000000 0.749657 281.207636 0.000000 0.000000 0.000000 0.000000 0.749657 287.000000
 73.250000 0.748534 284.146398 0.000000 0.000000 0.000000 0.000000 0.748534 295.000000
 73.500000 0.752773 286.159908 0.000000 0.000000 0.000000 0.000000 0.752773 295.000000
 73.750000 0.750653 285.343537 0.000000 0.000000 0.000000 0.000000 0.750653 293.000000
 74.000000 0.747128 285.328678 0.000000 0.000000 0.000000 0.000000 0.747128 292.000000
 74.250000 0.750751 284.317366 0.000000 0.000000 0.000000 0.000000 0.750751 293.000000
 74.500000 0.756337 286.021500 0.000000 0.000000 0.000000 0.000000 0.756337 293.000000
 74.750000 0.755668 288.552294 0.305029 1.220116 0.000000 0.000000 0.755668 296.000000
 75.000000 0.749026 284.601757 0.000000 0.000000 0.000000 0.000000 0.749026 294.000000
 75.250000 0.750170 287.242735 0.000000 0.000000 0.000000 0.000000 0.750170 297.000000
 75.500000 0.746774 283.632020 0.000000 0.000000 0.000000 0.000000 0.746774 295.000000
 75.750000 0.751368 287.869247 0.000000 0.000000 0.000000 0.000000 0.751368 297.000000
 76.000000 0.751192 285.824651 0.000000 0.000000 0.000000 0.000000 0.751192 295.000000
 76.250000 0.751458 284.881423 0.000000 0.000000 0.000000 0.000000 0.751458 291.000000
 76.500000 0.745516 276.070078 0.000000 0.000000 0.000000 0.000000 0.745516 282.000000
 76.750000 0.746029 285.201827 0.000000 0.000000 0.000000 0.000000 0.746029 295.000000
 77.000000 0.745858 283.111645 0.000000 0.000000 0.000000 0.000000 0.745858 292.000000
 77.250000 0.749457 281.582053 0.000000 0.000000 0.000000 0.000000 0.749457 286.000000
 77.500000 0.746376 280.399850 0.000000 0.000000 0.000000 0.000000 0.746376 292.000000
 77.750000 0.747003 281.759393 0.000000 0.000000 0.000000 0.000000 0.747003 285.000000
 78.000000 0.741049 275.758739 0.000000 0.000000 0.000000 0.000000 0.741049 288.963392
 78.250000 0.745001 279.011738 0.000000 0.000000 0.000000 0.000000 0.745001 285.000000
 78.500000 0.739217 278.561330 0.000000 0.000000 0.000000 0.000000 0.739217 288.000000
 78.750000 0.741901 276.150073 0.000000 0.000000 0.000000 0.000000 0.741901 283.000000
 79.000000 0.737594 273.688128 0.000000 0.000000 0.000000 0.000000 0.737594 284.000000
 79.250000 0.735406 274.132011 0.000000 0.000000 0.000000 0.000000 0.735406 284.000000
 79.500000 0.747177 281.188488 0.000000 0.000000 0.000000 0.000000 0.747177 288.000000
 79.750000 0.742663 276.399317 0.000000 0.000000 0.000000 0.000000 0.742663 284.000000
 80.000000 0.747794 281.606937 0.000000 0.000000 0.000000 0.000000 0.747794 286.000000
 80.250000 0.737914 280.200655 0.000000 0.000000 0.000000 0.000000 0.737914 294.000000
 80.500000 0.741683 278.729145 0.000000 0.000000 0.000000 0.000000 0.741683 285.000000
 80.750000 0.744640 278.468364 0.000000 0.000000 0.000000 0.000000 0.744640 285.000000
 81.000000 0.742073 277.730213 0.000000 0.000000 0.000000 0.000000 0.742073 288.000000
 81.250000 0.745903 283.919963 0.000000 0.000000 0.000000 0.000000 0.745903 293.000000
 81.500000 0.748761 281.330947 0.000000 0.000000 0.000000 0.000000 0.748761 281.000000
 81.750000 0.739090 275.730630 0.000000 0.000000 0.000000 0.000000 0.739090 287.000000
 82.000000 0.736396 274.348795 0.000000 0.000000 0.000000 0.000000 0.736396 285.000000
 82.250000 0.740783 276.775843 0.000000 0.000000 0.000000 0.000000 0.740783 288.000000
 82.500000 0.742714 280.521568 0.000000 0.000000 0.000000 0.000000 0.742714 286.000000
 82.750000 0.735447 271.802448 0.000000 0.000000 0.000000 0.000000 0.735447 283.478940
 83.000000 0.738445 276.221566 0.000000 0.000000 0.000000 0.000000 0.738445 289.000000
 83.250000 0.734373 269.009026 0.000000 0.000000 0.000000 0.000000 0.734373 278.000000
 83.500000 0.729173 269.268018 0.000000 0.000000 0.000000 0.000000 0.729173 280.000000
 83.750000 0.736686 276.441826 0.000000 0.000000 0.000000 0.000000 0.736686 288.000000
 84.000000 0.736398 272.833294 0.000000 0.000000 0.000000 0.000000 0.736398 284.000000
 84.250000 0.747392 279.468668 0.000000 0.000000 0.000000 0.000000 0.747392 284.000000
 84.500000 0.745904 281.535749 0.000000 0.000000 0.000000 0.000000 0.745904 291.000000
 84.750000 0.737980 273.947225 0.000000 0.000000 0.000000 0.000000 0.737980 284.000000
 85.000000 0.731319 270.557647 0.000000 0.000000 0.000000 0.000000 0.731319 281.000000
 85.250000 0.737026 275.531721 0.000000 0.000000 0.000000 0.000000 0.737026 287.000000
 85.500000 0.742016 274.508567 0.000000 0.000000 0.000000 0.000000 0.742016 279.008074
 85.750000 0.741288 275.532135 0.000000 0.000000 0.000000 0.000000 0.741288 284.015156
 86.000000 0.736815 269.093933 0.000000 0.000000 0.000000 0.000000 0.736815 280.000000
 86.250000 0.734279 269.575588 0.000000 0.000000 0.000000 0.000000 0.734279 275.000000
 86.500000 0.726387 263.068789 0.000000 0.000000 0.000000 0.000000 0.726387 275.000000
 86.750000 0.734404 272.696633 0.000000 0.000000 0.000000 0.000000 0.734404 284.000000
 87.000000 0.738878 278.108732 0.000000 0.000000 0.000000 0.000000 0.738878 288.000000
 87.250000 0.729012 269.927326 0.000000 0.000000 0.000000 0.000000 0.729012 286.000000
 87.500000 0.731132 274.068707 0.000000 0.000000 0.000000 0.000000 0.731132 290.000000
 87.750000 0.734912 273.085382 0.000000 0.000000 0.000000 0.000000 0.734912 286.000000
 88.000000 0.739318 275.102304 0.000000 0.000000 0.000000 0.000000 0.739318 292.000000
 88.250000 0.737027 273.023790 0.000000 0.000000 0.000000 0.000000 0.737027 284.000000
 88.500000 0.740328 277.851694 0.000000 0.000000 0.000000 0.000000 0.740328 290.000000
 88.750000 0.742071 280.886367 0.000000 0.000000 0.000000 0.000000 0.742071 295.000000
 89.000000 0.745837 281.571243 0.000000 0.000000 0.000000 0.000000 0.745837 289.000000
 89.250000 0.748685 284.859225 0.000000 0.000000 0.000000 0.000000 0.748685 293.000000
 89.500000 0.744890 283.046425 0.000000 0.000000 0.000000 0.000000 0.744890 291.000000
 89.750000 0.745788 283.526495 0.000000 0.000000 0.000000 0.000000 0.745788 295.000000
 90.000000 0.750577 286.509724 0.000000 0.000000 0.000000 0.000000 0.750577 293.000000
 90.250000 0.748200 281.129816 0.000000 0.000000 0.000000 0.000000 0.748200 289.000000
 90.500000 0.742320 280.648653 0.000000 0.000000 0.000000 0.000000 0.742320 291.000000
 90.750000 0.739641 280.222483 0.000000 0.000000 0.000000 0.000000 0.739641 292.000000
 91.000000 0.746582 284.971640 0.000000 0.000000 0.000000 0.000000 0.746582 294.000000
 91.250000 0.744389 280.748969 0.000000 0.000000 0.000000 0.000000 0.744389 289.000000
 91.500000 0.745595 284.532632 0.000000 0.000000 0.000000 0.000000 0.745595 298.000000
 91.750000 0.743630 280.960940 0.000000 0.000000 0.000000 0.000000 0.743630 290.000000
 92.000000 0.745085 282.385034 0.000000 0.000000 0.000000 0.000000 0.745085 294.000000
 92.250000 0.742602 280.182128 0.000000 0.000000 0.000000 0.000000 0.742602 291.000000
 92.500000 0.743394 278.092332 0.000000 0.000000 0.000000 0.000000 0.743394 292.000000
 92.750000 0.744033 280.732811 0.000000 0.000000 0.000000 0.000000 0.744033 294.000000
 93.000000 0.753609 288.742826 0.551791 2.207164 0.000000 0.000000 0.753609 298.000000
 93.250000 0.742633 276.953899 0.000000 0.000000 0.000000 0.000000 0.742633 289.000000
 93.500000 0.747721 285.519526 0.000000 0.000000 0.000000 0.000000 0.747721 293.000000
 93.750000 0.739217 274.429280 0.000000 0.000000 0.000000 0.000000 0.739217 284.000000
 94.000000 0.748699 283.708479 0.000000 0.000000 0.000000 0.000000 0.748699 294.000000
 94.250000 0.751941 285.690019 0.000000 0.000000 0.000000 0.000000 0.751941 298.000000
 94.500000 0.749840 285.224039 0.000000 0.000000 0.000000 0.000000 0.749840 297.000000
 94.750000 0.746822 282.812466 0.000000 0.000000 0.000000 0.000000 0.746822 291.000000
 95.000000 0.747274 281.768970 0.000000 0.000000 0.000000 0.000000 0.747274 288.000000
 95.250000 0.745739 284.623841 0.000000 0.000000 0.000000 0.000000 0.745739 293.000000
 95.500000 0.743348 280.278659 0.000000 0.000000 0.000000 0.000000 0.743348 292.000000
 95.750000 0.738209 278.835676 0.000000 0.000000 0.000000 0.000000 0.738209 293.000000
 96.000000 0.744000 281.196625 0.000000 0.000000 0.000000 0.000000 0.744000 297.000000
 96.250000 0.739229 275.916855 0.000000 0.000000 0.000000 0.000000 0.739229 283.000000
 96.500000 0.746884 282.517680 0.000000 0.000000 0.000000 0.000000 0.746884 288.000000
 96.750000 0.745124 279.099746 0.000000 0.000000 0.000000 0.000000 0.745124 286.000000
 97.000000 0.746213 280.543464 0.000000 0.000000 0.000000 0.000000 0.746213 290.000000
 97.250000 0.747745 281.839392 0.000000 0.000000 0.000000 0.000000 0.747745 290.000000
 97.500000 0.754378 287.352250 0.000000 0.000000 0.000000 0.000000 0.754378 294.000000
 97.750000 0.750664 286.940431 0.000000 0.000000 0.000000 0.000000 0.750664 296.000000
 98.000000 0.751616 286.434717 0.000000 0.000000 0.000000 0.000000 0.751616 293.000000
 98.250000 0.748269 283.625561 0.000000 0.000000 0.000000 0.000000 0.748269 293.000000
 98.500000 0.746877 282.183934 0.000000 0.000000 0.000000 0.000000 0.746877 291.000000
 98.750000 0.750648 285.852333 0.000000 0.000000 0.000000 0.000000 0.750648 291.000000
 99.000000 0.748893 284.855406 0.000000 0.000000 0.000000 0.000000 0.748893 292.000000
 99.250000 0.751395 286.553497 0.000000 0.000000 0.000000 0.000000 0.751395 290.000000
 99.500000 0.748864 282.279972 0.000000 0.000000 0.000000 0.000000 0.748864 291.000000
 99.750000 0.748650 284.260652 0.000000 0.000000 0.000000 0.000000 0.748650 292.000000
 100.000000 0.747065 282.555675 0.000000 0.000000 0.000000 0.000000 0.747065 291.000000
 100.250000 0.748237 285.273029 0.000000 0.000000 0.000000 0.000000 0.748237 291.000000
