#! FIELDS time refcv.mean refcv.morethan uwall.bias uwall.force2 lwall.bias lwall.force2 refcv2.mean refcv2.morethan
 0.750000 0.871559 379.636286 0.000000 0.000000 0.000000 0.000000 0.916993 405.000000
 1.000000 0.875992 384.667416 0.000000 0.000000 0.000000 0.000000 0.922123 415.000000
 1.250000 0.864418 374.568328 0.000000 0.000000 0.000000 0.000000 0.911269 410.000000
 1.500000 0.860328 368.823078 0.000000 0.000000 0.000000 0.000000 0.906615 401.000000
 1.750000 0.858229 364.832136 0.000000 0.000000 0.000000 0.000000 0.904728 403.000000
 2.000000 0.857170 363.255457 0.000000 0.000000 0.000000 0.000000 0.904024 395.000000
 2.250000 0.854669 363.759461 0.000000 0.000000 0.000000 0.000000 0.901332 402.000000
 2.500000 0.849193 354.403914 0.000000 0.000000 0.000000 0.000000 0.895817 392.000000
 2.750000 0.857199 362.946537 0.000000 0.000000 0.000000 0.000000 0.903813 402.000000
 3.000000 0.859653 362.318600 0.000000 0.000000 0.000000 0.000000 0.906292 396.000000
 3.250000 0.850180 359.165606 0.000000 0.000000 0.000000 0.000000 0.897106 402.000000
 3.500000 0.851359 359.712987 0.000000 0.000000 0.000000 0.000000 0.897670 394.000000
 3.750000 0.854217 362.992807 0.000000 0.000000 0.000000 0.000000 0.900265 400.000000
 4.000000 0.853552 362.486637 0.000000 0.000000 0.000000 0.000000 0.900636 405.000000
 4.250000 0.863367 371.625310 0.000000 0.000000 0.000000 0.000000 0.909413 404.000000
 4.500000 0.855969 368.091439 0.000000 0.000000 0.000000 0.000000 0.902184 401.000000
 4.750000 0.856578 366.069888 0.000000 0.000000 0.000000 0.000000 0.902921 405.000000
 5.000000 0.855024 363.829255 0.000000 0.000000 0.000000 0.000000 0.901488 396.000000
 5.250000 0.844810 350.659251 0.000000 0.000000 0.000000 0.000000 0.891881 385.000000
 5.500000 0.848791 355.547078 0.000000 0.000000 0.000000 0.000000 0.895501 390.000000
 5.750000 0.845350 351.286323 0.000000 0.000000 0.000000 0.000000 0.892599 400.000000
 6.000000 0.852796 354.376477 0.000000 0.000000 0.000000 0.000000 0.899831 393.000000
 6.250000 0.859913 364.131342 0.000000 0.000000 0.000000 0.000000 0.906948 405.000000
 6.500000 0.854843 361.601765 0.000000 0.000000 0.000000 0.000000 0.901374 401.000000
 6.750000 0.848032 356.313035 0.000000 0.000000 0.000000 0.000000 0.894155 394.000000
 7.000000 0.852604 357.368792 0.000000 0.000000 0.000000 0.000000 0.899324 388.000000
 7.250000 0.860013 358.424569 0.000000 0.000000 0.000000 0.000000 0.907109 393.000000
 7.500000 0.855037 361.801198 0.000000 0.000000 0.000000 0.000000 0.901725 401.000000
 7.750000 0.856153 359.908182 0.000000 0.000000 0.000000 0.000000 0.902377 396.000000
 8.000000 0.853589 357.814269 0.000000 0.000000 0.000000 0.000000 0.900488 396.000000
 8.250000 0.856638 363.478142 0.000000 0.000000 0.000000 0.000000 0.903621 395.000000
 8.500000 0.853508 356.250932 0.000000 0.000000 0.000000 0.000000 0.899819 385.000000
 8.750000 0.854538 361.914704 0.000000 0.000000 0.000000 0.000000 0.900585 393.000000
 9.000000 0.855650 359.497482 0.000000 0.000000 0.000000 0.000000 0.902498 400.000000
 9.250000 0.850485 351.792470 0.000000 0.000000 0.000000 0.000000 0.898073 391.000000
 9.500000 0.851007 355.572568 0.000000 0.000000 0.000000 0.000000 0.898025 386.000000
 9.750000 0.851235 357.634590 0.000000 0.000000 0.000000 0.000000 0.897943 390.000000
 10.000000 0.850954 357.974130 0.000000 0.000000 0.000000 0.000000 0.897798 390.000000
 10.250000 0.852116 353.480706 0.000000 0.000000 0.000000 0.000000 0.899325 393.000000
 10.500000 0.858405 363.943342 0.000000 0.000000 0.000000 0.000000 0.905092 401.000000
 10.750000 0.855357 357.460367 0.000000 0.000000 0.000000 0.000000 0.902237 390.000000
 11.000000 0.854575 361.886383 0.000000 0.000000 0.000000 0.000000 0.901681 399.000000
 11.250000 0.856543 360.352911 0.000000 0.000000 0.000000 0.000000 0.903391 396.000000
 11.500000 0.849616 356.693731 0.000000 0.000000 0.000000 0.000000 0.896428 394.000000
 11.750000 0.849693 357.935063 0.000000 0.000000 0.000000 0.000000 0.896788 396.000000
 12.000000 0.846461 349.361719 0.000000 0.000000 0.000000 0.000000 0.893657 392.000000
 12.250000 0.842209 347.539460 0.000000 0.000000 0.000000 0.000000 0.889214 385.000000
 12.500000 0.844939 351.006206 0.000000 0.000000 0.000000 0.000000 0.891470 391.000000
 12.750000 0.846523 352.410956 0.000000 0.000000 0.000000 0.000000 0.893437 385.000000
 13.000000 0.847670 351.329886 0.000000 0.000000 0.000000 0.000000 0.894678 392.000000
 13.250000 0.842386 348.038648 0.000000 0.000000 0.000000 0.000000 0.889132 391.000000
 13.500000 0.844747 357.679826 0.000000 0.000000 0.000000 0.000000 0.890971 400.000000
 13.750000 0.847969 355.972256 0.000000 0.000000 0.000000 0.000000 0.894292 393.000000
 14.000000 0.854263 359.637411 0.000000 0.000000 0.000000 0.000000 0.900839 395.000000
 14.250000 0.856067 363.672814 0.000000 0.000000 0.000000 0.000000 0.902997 400.000000
 14.500000 0.846757 346.599589 0.000000 0.000000 0.000000 0.000000 0.894441 391.000000
 14.750000 0.848046 349.034117 0.000000 0.000000 0.000000 0.000000 0.895501 382.000000
 15.000000 0.846351 344.951946 0.000000 0.000000 0.000000 0.000000 0.893554 381.000000
 15.250000 0.841048 338.439500 0.000000 0.000000 0.000000 0.000000 0.888333 376.000000
 15.500000 0.845774 340.983894 0.000000 0.000000 0.000000 0.000000 0.892823 374.000000
 15.750000 0.847394 345.199514 0.000000 0.000000 0.000000 0.000000 0.894655 383.960476
 16.000000 0.844688 344.012046 0.000000 0.000000 0.000000 0.000000 0.892223 384.000000
 16.250000 0.847777 347.044385 0.000000 0.000000 0.000000 0.000000 0.894953 384.000000
 16.500000 0.844476 339.490598 0.000000 0.000000 0.000000 0.000000 0.892224 375.000000
 16.750000 0.841812 336.971964 0.000000 0.000000 0.000000 0.000000 0.889538 380.000000
 17.000000 0.839734 335.457452 0.000000 0.000000 0.294359 1.177435 0.887625 375.000000
 17.250000 0.848228 344.233320 0.000000 0.000000 0.000000 0.000000 0.896105 380.000000
 17.500000 0.848576 344.690975 0.000000 0.000000 0.000000 0.000000 0.895951 377.000000
 17.750000 0.842202 336.261618 0.000000 0.000000 0.000000 0.000000 0.889587 371.000000
 18.000000 0.840939 337.481056 0.000000 0.000000 0.000000 0.000000 0.888561 369.000000
 18.250000 0.845336 339.951570 0.000000 0.000000 0.000000 0.000000 0.892843 378.000000
 18.500000 0.842406 336.083349 0.000000 0.000000 0.000000 0.000000 0.890328 371.000000
 18.750000 0.847641 339.277384 0.000000 0.000000 0.000000 0.000000 0.895257 372.000000
 19.000000 0.841838 336.277182 0.000000 0.000000 0.000000 0.000000 0.889481 370.000000
 19.250000 0.842454 337.036792 0.000000 0.000000 0.000000 0.000000 0.889649 366.000000
 19.500000 0.847149 340.299690 0.000000 0.000000 0.000000 0.000000 0.894789 367.000000
 19.750000 0.849423 345.004399 0.000000 0.000000 0.000000 0.000000 0.897248 379.332911
 20.000000 0.845406 338.551868 0.000000 0.000000 0.000000 0.000000 0.892697 375.000000
 20.250000 0.841997 337.203027 0.000000 0.000000 0.000000 0.000000 0.889258 373.000000
 20.500000 0.848348 347.609536 0.000000 0.000000 0.000000 0.000000 0.895949 379.000000
 20.750000 0.847946 344.156303 0.000000 0.000000 0.000000 0.000000 0.895699 380.000000
 21.000000 0.842307 341.854260 0.000000 0.000000 0.000000 0.000000 0.889346 374.000000
 21.250000 0.841628 342.534359 0.000000 0.000000 0.000000 0.000000 0.888336 376.000000
 21.500000 0.847937 348.314233 0.000000 0.000000 0.000000 0.000000 0.895493 384.000000
 21.750000 0.847721 337.242830 0.000000 0.000000 0.000000 0.000000 0.895664 371.000000
 22.000000 0.843853 338.495032 0.000000 0.000000 0.000000 0.000000 0.891451 376.000000
 22.250000 0.843173 335.180374 0.000000 0.000000 0.671786 2.687145 0.890572 375.000000
 22.500000 0.849249 345.044983 0.000000 0.000000 0.000000 0.000000 0.896624 381.000000
 22.750000 0.846995 348.360298 0.000000 0.000000 0.000000 0.000000 0.894466 389.000000
 23.000000 0.849052 345.306581 0.000000 0.000000 0.000000 0.000000 0.895790 380.000000
 23.250000 0.845093 341.909728 0.000000 0.000000 0.000000 0.000000 0.892379 382.000000
 23.500000 0.851319 344.646855 0.000000 0.000000 0.000000 0.000000 0.899264 386.000000
 23.750000 0.849012 342.664201 0.000000 0.000000 0.000000 0.000000 0.897294 379.000000
 24.000000 0.851977 347.697655 0.000000 0.000000 0.000000 0.000000 0.899304 386.000000
 24.250000 0.846840 341.100615 0.000000 0.000000 0.000000 0.000000 0.894291 379.000000
 24.500000 0.847913 337.629370 0.000000 0.000000 0.000000 0.000000 0.895056 381.000000
 24.750000 0.843506 335.156635 0.000000 0.000000 0.711265 2.845061 0.891329 374.000000
 25.000000 0.848460 339.645662 0.000000 0.000000 0.000000 0.000000 0.896287 375.000000
 25.250000 0.847748 339.896376 0.000000 0.000000 0.000000 0.000000 0.895659 375.000000
 25.500000 0.844321 334.605328 0.000000 0.000000 1.945111 7.780443 0.891552 368.000000
 25.750000 0.841383 337.004837 0.000000 0.000000 0.000000 0.000000 0.888895 377.014764
 26.000000 0.842173 336.408509 0.000000 0.000000 0.000000 0.000000 0.890014 369.000000
 26.250000 0.842555 337.633429 0.000000 0.000000 0.000000 0.000000 0.890531 377.000000
 26.500000 0.845069 339.224680 0.000000 0.000000 0.000000 0.000000 0.892957 384.000000
 26.750000 0.845542 342.610693 0.000000 0.000000 0.000000 0.000000 0.892821 380.000000
 27.000000 0.840662 336.529521 0.000000 0.000000 0.000000 0.000000 0.888015 367.000000
 27.250000 0.843990 338.985759 0.000000 0.000000 0.000000 0.000000 0.891584 380.000000
 27.500000 0.845248 344.255700 0.000000 0.000000 0.000000 0.000000 0.892768 384.000000
 27.750000 0.846022 339.539693 0.000000 0.000000 0.000000 0.000000 0.893620 381.000000
 28.000000 0.843371 335.374933 0.000000 0.000000 0.390708 1.562833 0.891481 368.000000
 28.250000 0.847324 338.083798 0.000000 0.000000 0.000000 0.000000 0.895159 373.000000
 28.500000 0.847406 341.059200 0.000000 0.000000 0.000000 0.000000 0.894814 370.000000
 28.750000 0.844686 335.369641 0.000000 0.000000 0.397352 1.589407 0.892021 371.000000
 29.000000 0.846896 342.043556 0.000000 0.000000 0.000000 0.000000 0.894668 380.000000
 29.250000 0.845781 335.897068 0.000000 0.000000 0.010595 0.042380 0.893802 374.000000
 29.500000 0.844357 341.904834 0.000000 0.000000 0.000000 0.000000 0.892000 375.000000
 29.750000 0.843752 337.334048 0.000000 0.000000 0.000000 0.000000 0.890930 375.000000
 30.000000 0.846332 343.554610 0.000000 0.000000 0.000000 0.000000 0.893785 375.000000
 30.250000 0.843383 336.129106 0.000000 0.000000 0.000000 0.000000 0.891127 371.000000
 30.500000 0.840189 338.348965 0.000000 0.000000 0.000000 0.000000 0.887377 372.000000
 30.750000 0.840963 336.242594 0.000000 0.000000 0.000000 0.000000 0.887602 374.000000
 31.000000 0.843333 339.132789 0.000000 0.000000 0.000000 0.000000 0.890771 378.000000
 31.250000 0.846236 342.265280 0.000000 0.000000 0.000000 0.000000 0.893854 373.000000
 31.500000 0.841323 337.685685 0.000000 0.000000 0.000000 0.000000 0.888405 374.000000
 31.750000 0.842225 340.172231 0.000000 0.000000 0.000000 0.000000 0.889311 372.000000
 32.000000 0.841579 334.976667 0.000000 0.000000 1.047210 4.188841 0.889704 376.000000
 32.250000 0.843833 336.357409 0.000000 0.000000 0.000000 0.000000 0.891384 372.000000
 32.500000 0.842004 336.621173 0.000000 0.000000 0.000000 0.000000 0.889619 372.000000
 32.750000 0.842946 334.632705 0.000000 0.000000 1.869496 7.477986 0.890431 370.000000
 33.000000 0.841916 338.365391 0.000000 0.000000 0.000000 0.000000 0.889611 376.000000
 33.250000 0.841735 339.829193 0.000000 0.000000 0.000000 0.000000 0.889184 377.000000
 33.500000 0.843338 338.278916 0.000000 0.000000 0.000000 0.000000 0.890478 375.000000
 33.750000 0.843274 337.109540 0.000000 0.000000 0.000000 0.000000 0.890712 373.000000
 34.000000 0.844935 335.680210 0.000000 0.000000 0.102266 0.409063 0.893159 373.000000
 34.250000 0.845055 341.344048 0.000000 0.000000 0.000000 0.000000 0.892797 372.000000
 34.500000 0.843076 346.300252 0.000000 0.000000 0.000000 0.000000 0.889933 390.000000
 34.750000 0.843218 342.597935 0.000000 0.000000 0.000000 0.000000 0.890348 375.000000
 35.000000 0.844899 341.853037 0.000000 0.000000 0.000000 0.000000 0.892075 372.000000
 35.250000 0.837801 335.659108 0.000000 0.000000 0.116207 0.464828 0.885637 383.000000
 35.500000 0.850271 347.164638 0.000000 0.000000 0.000000 0.000000 0.897392 385.000000
 35.750000 0.849387 350.238521 0.000000 0.000000 0.000000 0.000000 0.896432 390.000000
 36.000000 0.843641 339.001395 0.000000 0.000000 0.000000 0.000000 0.890966 375.000000
 36.250000 0.840222 337.047564 0.000000 0.000000 0.000000 0.000000 0.887718 375.000000
 36.500000 0.838311 338.189785 0.000000 0.000000 0.000000 0.000000 0.885488 378.000000
 36.750000 0.844406 341.339283 0.000000 0.000000 0.000000 0.000000 0.892188 377.000000
 37.000000 0.847866 342.193877 0.000000 0.000000 0.000000 0.000000 0.895237 376.000000
 37.250000 0.839640 336.126040 0.000000 0.000000 0.000000 0.000000 0.886970 376.000000
 37.500000 0.838506 333.853575 0.000000 0.000000 4.607141 18.428565 0.885869 369.000000
 37.750000 0.841926 336.884732 0.000000 0.000000 0.000000 0.000000 0.889552 372.000000
 38.000000 0.845663 341.489540 0.000000 0.000000 0.000000 0.000000 0.893411 382.033389
 38.250000 0.847124 343.365588 0.000000 0.000000 0.000000 0.000000 0.894846 383.000000
 38.500000 0.840318 336.420290 0.000000 0.000000 0.000000 0.000000 0.887804 374.000000
 38.750000 0.847086 344.548415 0.000000 0.000000 0.000000 0.000000 0.893839 382.000000
 39.000000 0.850393 349.469732 0.000000 0.000000 0.000000 0.000000 0.897390 383.000000
 39.250000 0.839943 335.584537 0.000000 0.000000 0.172610 0.690438 0.887773 374.000000
 39.500000 0.839280 336.803974 0.000000 0.000000 0.000000 0.000000 0.886946 378.000000
 39.750000 0.847399 346.354752 0.000000 0.000000 0.000000 0.000000 0.894499 384.000000
 40.000000 0.843521 336.196294 0.000000 0.000000 0.000000 0.000000 0.891263 373.000000
 40.250000 0.846853 341.337686 0.000000 0.000000 0.000000 0.000000 0.894622 380.000000
 40.500000 0.840665 336.894604 0.000000 0.000000 0.000000 0.000000 0.887997 377.000000
 40.750000 0.841599 344.962719 0.000000 0.000000 0.000000 0.000000 0.888310 380.000000
 41.000000 0.841979 338.165286 0.000000 0.000000 0.000000 0.000000 0.889171 378.000000
 41.250000 0.844090 345.578223 0.000000 0.000000 0.000000 0.000000 0.891373 384.000000
 41.500000 0.843793 346.827970 0.000000 0.000000 0.000000 0.000000 0.890829 386.000000
 41.750000 0.843902 341.703605 0.000000 0.000000 0.000000 0.000000 0.890118 375.000000
 42.000000 0.843563 346.976745 0.000000 0.000000 0.000000 0.000000 0.890995 389.000000
 42.250000 0.848520 346.598417 0.000000 0.000000 0.000000 0.000000 0.895852 387.000000
 42.500000 0.842647 341.587505 0.000000 0.000000 0.000000 0.000000 0.889644 378.000000
 42.750000 0.843504 342.605926 0.000000 0.000000 0.000000 0.000000 0.890413 375.000000
 43.000000 0.843300 338.405515 0.000000 0.000000 0.000000 0.000000 0.891176 375.000000
 43.250000 0.850035 350.255389 0.000000 0.000000 0.000000 0.000000 0.898100 390.000000
 43.500000 0.848455 346.887165 0.000000 0.000000 0.000000 0.000000 0.896205 393.000000
 43.750000 0.841878 339.264485 0.000000 0.000000 0.000000 0.000000 0.889411 378.000000
 44.000000 0.849696 350.283569 0.000000 0.000000 0.000000 0.000000 0.896254 386.000000
 44.250000 0.847866 349.597234 0.000000 0.000000 0.000000 0.000000 0.894555 386.000000
 44.500000 0.845384 343.893283 0.000000 0.000000 0.000000 0.000000 0.892598 382.000000
 44.750000 0.854641 355.380640 0.000000 0.000000 0.000000 0.000000 0.901491 386.000000
 45.000000 0.851585 348.611149 0.000000 0.000000 0.000000 0.000000 0.899116 389.000000
 45.250000 0.853824 352.377695 0.000000 0.000000 0.000000 0.000000 0.901240 386.000000
 45.500000 0.851544 351.604372 0.000000 0.000000 0.000000 0.000000 0.899088 380.000000
 45.750000 0.844386 343.222608 0.000000 0.000000 0.000000 0.000000 0.892315 383.000000
 46.000000 0.845377 348.553187 0.000000 0.000000 0.000000 0.000000 0.892588 395.000000
 46.250000 0.850354 353.509686 0.000000 0.000000 0.000000 0.000000 0.897609 389.000000
 46.500000 0.853305 352.000230 0.000000 0.000000 0.000000 0.000000 0.901096 391.000000
 46.750000 0.845691 344.418477 0.000000 0.000000 0.000000 0.000000 0.893084 388.000000
 47.000000 0.844927 339.316906 0.000000 0.000000 0.000000 0.000000 0.891898 379.000000
 47.250000 0.843980 346.251317 0.000000 0.000000 0.000000 0.000000 0.891790 383.000000
 47.500000 0.845995 348.150739 0.000000 0.000000 0.000000 0.000000 0.893723 387.000000
 47.750000 0.844318 341.853629 0.000000 0.000000 0.000000 0.000000 0.891393 375.000000
 48.000000 0.840199 339.023489 0.000000 0.000000 0.000000 0.000000 0.887753 377.000000
 48.250000 0.844415 337.962926 0.000000 0.000000 0.000000 0.000000 0.892511 378.000000
 48.500000 0.851432 348.394716 0.000000 0.000000 0.000000 0.000000 0.898361 382.000000
 48.750000 0.850126 353.638211 0.000000 0.000000 0.000000 0.000000 0.896689 389.000000
 49.000000 0.845517 340.603203 0.000000 0.000000 0.000000 0.000000 0.892507 378.000000
 49.250000 0.847923 346.641396 0.000000 0.000000 0.000000 0.000000 0.895107 383.000000
 49.500000 0.845612 344.377983 0.000000 0.000000 0.000000 0.000000 0.892674 381.000000
 49.750000 0.843705 349.132280 0.000000 0.000000 0.000000 0.000000 0.890535 388.000000
 50.000000 0.851412 351.681832 0.000000 0.000000 0.000000 0.000000 0.897726 380.000000
 50.250000 0.846770 347.547575 0.000000 0.000000 0.000000 0.000000 0.893567 381.000000
 50.500000 0.838461 335.350383 0.000000 0.000000 0.422002 1.688009 0.885867 378.000000
 50.750000 0.842542 336.695711 0.000000 0.000000 0.000000 0.000000 0.889558 369.000000
 51.000000 0.843510 339.430195 0.000000 0.000000 0.000000 0.000000 0.890440 375.000000
 51.250000 0.844357 345.657016 0.000000 0.000000 0.000000 0.000000 0.891513 383.000000
 51.500000 0.844213 339.390692 0.000000 0.000000 0.000000 0.000000 0.891329 373.000000
 51.750000 0.843845 341.397290 0.000000 0.000000 0.000000 0.000000 0.890740 373.000000
 52.000000 0.841777 340.766512 0.000000 0.000000 0.000000 0.000000 0.888250 379.000000
 52.250000 0.843369 344.682139 0.000000 0.000000 0.000000 0.000000 0.890203 381.000000
 52.500000 0.847379 346.619512 0.000000 0.000000 0.000000 0.000000 0.894864 388.000000
 52.750000 0.851680 351.748239 0.000000 0.000000 0.000000 0.000000 0.899015 385.000000
 53.000000 0.853238 353.792476 0.000000 0.000000 0.000000 0.000000 0.899376 388.000000
 53.250000 0.847696 345.765411 0.000000 0.000000 0.000000 0.000000 0.894500 384.000000
 53.500000 0.857786 359.089967 0.000000 0.000000 0.000000 0.000000 0.904642 389.000000
 53.750000 0.857285 362.844599 0.000000 0.000000 0.000000 0.000000 0.904531 398.000000
 54.000000 0.857190 361.087048 0.000000 0.000000 0.000000 0.000000 0.903313 390.000000
 54.250000 0.852035 358.309471 0.000000 0.000000 0.000000 0.000000 0.897937 392.000000
 54.500000 0.850706 355.430612 0.000000 0.000000 0.000000 0.000000 0.897980 394.000000
 54.750000 0.853904 360.381126 0.000000 0.000000 0.000000 0.000000 0.901173 392.000000
 55.000000 0.850093 354.561672 0.000000 0.000000 0.000000 0.000000 0.896688 388.000000
 55.250000 0.846462 351.884453 0.000000 0.000000 0.000000 0.000000 0.893223 387.000000
 55.500000 0.842053 346.781851 0.000000 0.000000 0.000000 0.000000 0.889202 392.000000
 55.750000 0.852405 358.832764 0.000000 0.000000 0.000000 0.000000 0.898882 395.000000
 56.000000 0.851497 359.607415 0.000000 0.000000 0.000000 0.000000 0.898718 391.000000
 56.250000 0.847923 353.730362 0.000000 0.000000 0.000000 0.000000 0.894868 387.000000
 56.500000 0.844139 347.188675 0.000000 0.000000 0.000000 0.000000 0.890390 378.000000
 56.750000 0.851860 356.981318 0.000000 0.000000 0.000000 0.000000 0.897919 394.000000
 57.000000 0.856801 364.233341 0.000000 0.000000 0.000000 0.000000 0.903141 397.000000
 57.250000 0.850019 350.152607 0.000000 0.000000 0.000000 0.000000 0.896845 393.000000
 57.500000 0.849031 349.030007 0.000000 0.000000 0.000000 0.000000 0.895813 388.000000
 57.750000 0.852740 357.281204 0.000000 0.000000 0.000000 0.000000 0.899232 384.000000
 58.000000 0.850411 354.173718 0.000000 0.000000 0.000000 0.000000 0.897285 388.000000
 58.250000 0.848272 352.422914 0.000000 0.000000 0.000000 0.000000 0.895145 388.000000
 58.500000 0.851773 350.983108 0.000000 0.000000 0.000000 0.000000 0.898793 386.000000
 58.750000 0.849928 350.423446 0.000000 0.000000 0.000000 0.000000 0.897075 392.000000
 59.000000 0.844660 346.030017 0.000000 0.000000 0.000000 0.000000 0.891841 384.000000
 59.250000 0.843244 344.721917 0.000000 0.000000 0.000000 0.000000 0.890071 385.000000
 59.500000 0.847008 350.150941 0.000000 0.000000 0.000000 0.000000 0.893860 389.000000
 59.750000 0.847112 345.540266 0.000000 0.000000 0.000000 0.000000 0.894192 394.000000
 60.000000 0.851226 354.050130 0.000000 0.000000 0.000000 0.000000 0.898542 394.000000
 60.250000 0.846738 347.364635 0.000000 0.000000 0.000000 0.000000 0.893945 389.000000
 60.500000 0.842034 344.141630 0.000000 0.000000 0.000000 0.000000 0.889008 384.000000
 60.750000 0.840946 342.017987 0.000000 0.000000 0.000000 0.000000 0.887540 385.000000
 61.000000 0.836677 337.069769 0.000000 0.000000 0.000000 0.000000 0.883985 381.000000
 61.250000 0.840985 343.684313 0.000000 0.000000 0.000000 0.000000 0.888156 390.000000
 61.500000 0.838689 337.693304 0.000000 0.000000 0.000000 0.000000 0.886136 379.000000
 61.750000 0.838041 337.101146 0.000000 0.000000 0.000000 0.000000 0.885430 374.000000
 62.000000 0.837283 335.221763 0.000000 0.000000 0.605653 2.422612 0.884637 377.000000
 62.250000 0.841406 340.997027 0.000000 0.000000 0.000000 0.000000 0.888041 374.000000
 62.500000 0.837168 337.438674 0.000000 0.000000 0.000000 0.000000 0.884233 379.000000
 62.750000 0.840693 339.466173 0.000000 0.000000 0.000000 0.000000 0.888179 373.000000
 63.000000 0.838182 337.488571 0.000000 0.000000 0.000000 0.000000 0.885681 373.000000
 63.250000 0.837651 337.219671 0.000000 0.000000 0.000000 0.000000 0.884506 374.000000
 63.500000 0.841049 339.159370 0.000000 0.000000 0.000000 0.000000 0.888085 375.000000
 63.750000 0.849931 348.491496 0.000000 0.000000 0.000000 0.000000 0.897277 375.000000
 64.000000 0.842047 337.503451 0.000000 0.000000 0.000000 0.000000 0.889695 379.999596
 64.250000 0.841002 339.205363 0.000000 0.000000 0.000000 0.000000 0.887844 376.000000
 64.500000 0.842495 339.559370 0.000000 0.000000 0.000000 0.000000 0.889782 381.000000
 64.750000 0.847505 345.461320 0.000000 0.000000 0.000000 0.000000 0.894681 376.000000
 65.000000 0.841825 338.517602 0.000000 0.000000 0.000000 0.000000 0.889530 377.000000
 65.250000 0.845468 344.179973 0.000000 0.000000 0.000000 0.000000 0.892698 385.000000
 65.500000 0.847657 350.565592 0.000000 0.000000 0.000000 0.000000 0.894854 385.000000
 65.750000 0.852989 356.341791 0.000000 0.000000 0.000000 0.000000 0.900392 392.000000
 66.000000 0.850386 351.619082 0.000000 0.000000 0.000000 0.000000 0.897631 386.000000
 66.250000 0.843437 339.445971 0.000000 0.000000 0.000000 0.000000 0.890443 379.000000
 66.500000 0.851719 348.697837 0.000000 0.000000 0.000000 0.000000 0.898690 381.000000
 66.750000 0.850296 348.649929 0.000000 0.000000 0.000000 0.000000 0.898151 390.000000
 67.000000 0.852638 359.466382 0.000000 0.000000 0.000000 0.000000 0.899280 395.000000
 67.250000 0.849667 351.745284 0.000000 0.000000 0.000000 0.000000 0.896107 386.000000
 67.500000 0.850440 353.154556 0.000000 0.000000 0.000000 0.000000 0.897648 386.000000
 67.750000 0.855169 351.261394 0.000000 0.000000 0.000000 0.000000 0.902250 385.000000
 68.000000 0.853399 352.287923 0.000000 0.000000 0.000000 0.000000 0.899824 393.000000
 68.250000 0.843452 336.753937 0.000000 0.000000 0.000000 0.000000 0.890422 377.000000
 68.500000 0.844779 339.006025 0.000000 0.000000 0.000000 0.000000 0.891802 375.000000
 68.750000 0.848235 351.902914 0.000000 0.000000 0.000000 0.000000 0.894652 389.000000
 69.000000 0.844562 340.323769 0.000000 0.000000 0.000000 0.000000 0.891225 378.000000
 69.250000 0.846033 340.631748 0.000000 0.000000 0.000000 0.000000 0.893117 380.000000
 69.500000 0.845561 338.169535 0.000000 0.000000 0.000000 0.000000 0.892980 364.000000
 69.750000 0.842990 340.999310 0.000000 0.000000 0.000000 0.000000 0.889847 373.000000
 70.000000 0.838023 338.139340 0.000000 0.000000 0.000000 0.000000 0.884983 382.000000
 70.250000 0.847441 348.331567 0.000000 0.000000 0.000000 0.000000 0.894450 384.000000
 70.500000 0.849817 349.706001 0.000000 0.000000 0.000000 0.000000 0.896532 384.000000
 70.750000 0.839932 338.052693 0.000000 0.000000 0.000000 0.000000 0.886746 372.000000
 71.000000 0.836360 339.808176 0.000000 0.000000 0.000000 0.000000 0.883321 376.000000
 71.250000 0.840726 337.156387 0.000000 0.000000 0.000000 0.000000 0.887553 374.000000
 71.500000 0.837517 336.075673 0.000000 0.000000 0.000000 0.000000 0.884749 372.000000
 71.750000 0.843449 342.903236 0.000000 0.000000 0.000000 0.000000 0.890210 383.000000
 72.000000 0.843940 335.971532 0.000000 0.000000 0.000810 0.003242 0.891091 372.000000
 72.250000 0.842418 340.804374 0.000000 0.000000 0.000000 0.000000 0.889975 371.000000
 72.500000 0.845637 344.034711 0.000000 0.000000 0.000000 0.000000 0.892983 380.000000
 72.750000 0.843828 342.011086 0.000000 0.000000 0.000000 0.000000 0.891417 376.000000
 73.000000 0.843836 338.808041 0.000000 0.000000 0.000000 0.000000 0.891156 372.000000
 73.250000 0.845757 342.519543 0.000000 0.000000 0.000000 0.000000 0.892998 373.000000
 73.500000 0.841606 334.974086 0.000000 0.000000 1.052500 4.209998 0.888901 375.000000
 73.750000 0.843459 338.229863 0.000000 0.000000 0.000000 0.000000 0.890883 378.000000
 74.000000 0.845202 338.828035 0.000000 0.000000 0.000000 0.000000 0.892720 374.000000
 74.250000 0.846918 342.101764 0.000000 0.000000 0.000000 0.000000 0.894066 380.000000
 74.500000 0.837791 333.613355 0.000000 0.000000 5.696075 22.784298 0.885533 365.000000
 74.750000 0.842883 341.842496 0.000000 0.000000 0.000000 0.000000 0.890148 377.000000
 75.000000 0.843816 343.149320 0.000000 0.000000 0.000000 0.000000 0.891037 384.000000
 75.250000 0.844656 338.895406 0.000000 0.000000 0.000000 0.000000 0.892572 381.000000
 75.500000 0.847764 342.489381 0.000000 0.000000 0.000000 0.000000 0.896169 385.000000
 75.750000 0.851357 348.153299 0.000000 0.000000 0.000000 0.000000 0.898448 388.000000
 76.000000 0.838586 336.656279 0.000000 0.000000 0.000000 0.000000 0.885613 375.000000
 76.250000 0.843811 338.579840 0.000000 0.000000 0.000000 0.000000 0.891474 378.000000
 76.500000 0.856739 355.773086 0.000000 0.000000 0.000000 0.000000 0.904062 398.000000
 76.750000 0.846496 344.917071 0.000000 0.000000 0.000000 0.000000 0.894095 379.000000
 77.000000 0.843391 340.764666 0.000000 0.000000 0.000000 0.000000 0.891011 381.000000
 77.250000 0.846004 341.053308 0.000000 0.000000 0.000000 0.000000 0.893701 377.000000
 77.500000 0.844096 335.592597 0.000000 0.000000 0.165977 0.663907 0.891688 376.000000
 77.750000 0.840401 336.146117 0.000000 0.000000 0.000000 0.000000 0.887455 378.000000
 78.000000 0.845214 337.663266 0.000000 0.000000 0.000000 0.000000 0.892651 378.000000
 78.250000 0.842410 334.681017 0.000000 0.000000 1.739716 6.958864 0.890450 374.000000
 78.500000 0.846912 342.863573 0.000000 0.000000 0.000000 0.000000 0.894109 381.000000
 78.750000 0.842437 335.582838 0.000000 0.000000 0.174024 0.696096 0.889944 368.000000
 79.000000 0.850880 344.954232 0.000000 0.000000 0.000000 0.000000 0.898288 383.000000
 79.250000 0.845813 338.934665 0.000000 0.000000 0.000000 0.000000 0.893967 383.000000
 79.500000 0.848343 337.136450 0.000000 0.000000 0.000000 0.000000 0.895359 369.000000
 79.750000 0.840820 335.970386 0.000000 0.000000 0.000877 0.003508 0.888272 378.000000
 80.000000 0.840628 336.774082 0.000000 0.000000 0.000000 0.000000 0.887936 374.000000
 80.250000 0.840026 335.317675 0.000000 0.000000 0.465567 1.862268 0.887246 368.000000
 80.500000 0.841926 334.801622 0.000000 0.000000 1.436110 5.744439 0.889446 374.000000
 80.750000 0.841990 333.585647 0.000000 0.000000 5.829098 23.316394 0.889287 371.000000
 81.000000 0.840072 337.319877 0.000000 0.000000 0.000000 0.000000 0.887835 379.000000
 81.250000 0.846384 339.389419 0.000000 0.000000 0.000000 0.000000 0.893954 372.000000
 81.500000 0.844358 338.576560 0.000000 0.000000 0.000000 0.000000 0.892309 381.000000
 81.750000 0.841717 335.135031 0.000000 0.000000 0.748171 2.992684 0.889219 376.000000
 82.000000 0.841617 336.346298 0.000000 0.000000 0.000000 0.000000 0.889263 370.000000
 82.250000 0.848700 346.786510 0.000000 0.000000 0.000000 0.000000 0.896238 383.000000
 82.500000 0.846085 337.688625 0.000000 0.000000 0.000000 0.000000 0.893807 367.000000
 82.750000 0.842430 335.880682 0.000000 0.000000 0.014237 0.056947 0.889865 372.000000
 83.000000 0.852535 348.195285 0.000000 0.000000 0.000000 0.000000 0.899458 377.000000
 83.250000 0.848383 335.059796 0.000000 0.000000 0.883983 3.535932 0.896514 373.000000
 83.500000 0.846850 339.190450 0.000000 0.000000 0.000000 0.000000 0.894666 376.000000
 83.750000 0.841062 333.499027 0.000000 0.000000 6.254864 25.019456 0.888138 368.000000
 84.000000 0.846452 341.008797 0.000000 0.000000 0.000000 0.000000 0.893491 374.000000
 84.250000 0.847738 340.114521 0.000000 0.000000 0.000000 0.000000 0.895591 375.000000
 84.500000 0.844675 338.504923 0.000000 0.000000 0.000000 0.000000 0.892667 372.000000
 84.750000 0.844486 334.533167 0.000000 0.000000 2.151599 8.606398 0.892187 378.000000
 85.000000 0.848091 340.926721 0.000000 0.000000 0.000000 0.000000 0.896265 375.000000
 85.250000 0.846339 335.905720 0.000000 0.000000 0.008889 0.035555 0.894393 370.000000
 85.500000 0.844554 336.464185 0.000000 0.000000 0.000000 0.000000 0.892549 371.000000
 85.750000 0.845904 339.141389 0.000000 0.000000 0.000000 0.000000 0.893688 370.000000
 86.000000 0.848485 341.270647 0.000000 0.000000 0.000000 0.000000 0.896525 381.000000
 86.250000 0.846358 336.162266 0.000000 0.000000 0.000000 0.000000 0.894410 371.000000
 86.500000 0.844449 337.034684 0.000000 0.000000 0.000000 0.000000 0.891659 376.000000
 86.750000 0.843623 336.898059 0.000000 0.000000 0.000000 0.000000 0.890980 376.000000
 87.000000 0.845749 336.810047 0.000000 0.000000 0.000000 0.000000 0.893013 375.000000
 87.250000 0.847223 338.643328 0.000000 0.000000 0.000000 0.000000 0.895225 375.000000
 87.500000 0.847229 336.334084 0.000000 0.000000 0.000000 0.000000 0.895061 376.000000
 87.750000 0.841691 334.161944 0.000000 0.000000 3.378450 13.513801 0.889949 375.000000
 88.000000 0.839588 337.841360 0.000000 0.000000 0.000000 0.000000 0.887496 374.000000
 88.250000 0.841786 335.878761 0.000000 0.000000 0.014699 0.058796 0.889232 371.000000
 88.500000 0.848034 347.184468 0.000000 0.000000 0.000000 0.000000 0.895534 376.000000
 88.750000 0.844638 336.358755 0.000000 0.000000 0.000000 0.000000 0.892622 370.000000
 89.000000 0.844825 343.448054 0.000000 0.000000 0.000000 0.000000 0.892051 376.000000
 89.250000 0.847902 344.691495 0.000000 0.000000 0.000000 0.000000 0.894841 384.000000
 89.500000 0.848288 341.206512 0.000000 0.000000 0.000000 0.000000 0.896201 376.000000
 89.750000 0.855564 352.089673 0.000000 0.000000 0.000000 0.000000 0.903094 390.000000
 90.000000 0.849246 344.425421 0.000000 0.000000 0.000000 0.000000 0.896814 382.000000
 90.250000 0.843064 339.590243 0.000000 0.000000 0.000000 0.000000 0.891126 385.000000
 90.500000 0.843356 341.647428 0.000000 0.000000 0.000000 0.000000 0.891240 379.000000
 90.750000 0.841860 336.590493 0.000000 0.000000 0.000000 0.000000 0.889015 373.000000
 91.000000 0.842188 337.851292 0.000000 0.000000 0.000000 0.000000 0.889659 379.000000
 91.250000 0.850678 349.330543 0.000000 0.000000 0.000000 0.000000 0.898122 382.000000
 91.500000 0.841636 342.872763 0.000000 0.000000 0.000000 0.000000 0.889603 383.000000
 91.750000 0.844715 345.838878 0.000000 0.000000 0.000000 0.000000 0.891663 380.000000
 92.000000 0.840955 339.542946 0.000000 0.000000 0.000000 0.000000 0.887965 378.000000
 92.250000 0.837409 341.194928 0.000000 0.000000 0.000000 0.000000 0.884521 381.000000
 92.500000 0.842874 343.503065 0.000000 0.000000 0.000000 0.000000 0.890257 376.000000
 92.750000 0.843071 341.449896 0.000000 0.000000 0.000000 0.000000 0.890938 377.000000
 93.000000 0.847575 347.487195 0.000000 0.000000 0.000000 0.000000 0.894605 385.000000
 93.250000 0.840770 337.248148 0.000000 0.000000 0.000000 0.000000 0.888363 376.000000
 93.500000 0.847869 345.672063 0.000000 0.000000 0.000000 0.000000 0.895560 387.000000
 93.750000 0.843989 340.099513 0.000000 0.000000 0.000000 0.000000 0.891911 379.000000
 94.000000 0.839413 334.868821 0.000000 0.000000 1.279566 5.118265 0.886758 373.000000
 94.250000 0.841788 340.843842 0.000000 0.000000 0.000000 0.000000 0.889171 374.000000
 94.500000 0.842825 343.917166 0.000000 0.000000 0.000000 0.000000 0.890762 388.000000
 94.750000 0.849030 349.961176 0.000000 0.000000 0.000000 0.000000 0.896331 386.000000
 95.000000 0.841067 341.200965 0.000000 0.000000 0.000000 0.000000 0.888136 381.000000
 95.250000 0.842071 339.457631 0.000000 0.000000 0.000000 0.000000 0.889185 377.000000
 95.500000 0.846409 351.234796 0.000000 0.000000 0.000000 0.000000 0.892849 391.000000
 95.750000 0.844617 343.792462 0.000000 0.000000 0.000000 0.000000 0.891249 381.000000
 96.000000 0.846025 350.903559 0.000000 0.000000 0.000000 0.000000 0.892604 384.000000
 96.250000 0.845146 348.366745 0.000000 0.000000 0.000000 0.000000 0.892061 385.000000
 96.500000 0.848915 349.923466 0.000000 0.000000 0.000000 0.000000 0.895446 383.000000
 96.750000 0.846956 347.645356 0.000000 0.000000 0.000000 0.000000 0.893679 385.000000
 97.000000 0.837891 339.091964 0.000000 0.000000 0.000000 0.000000 0.884818 382.000000
 97.250000 0.837463 337.037518 0.000000 0.000000 0.000000 0.000000 0.884127 371.000000
 97.500000 0.846314 347.470610 0.000000 0.000000 0.000000 0.000000 0.893461 383.000000
 97.750000 0.843583 344.408184 0.000000 0.000000 0.000000 0.000000 0.891304 386.000000
 98.000000 0.843634 347.176853 0.000000 0.000000 0.000000 0.000000 0.890216 387.000000
 98.250000 0.837572 337.295782 0.000000 0.000000 0.000000 0.000000 0.884360 376.000000
 98.500000 0.842913 342.210873 0.000000 0.000000 0.000000 0.000000 0.889779 382.000000
 98.750000 0.843265 346.165324 0.000000 0.000000 0.000000 0.000000 0.890613 385.000000
 99.000000 0.839330 339.934097 0.000000 0.000000 0.000000 0.000000 0.886748 378.000000
 99.250000 0.841960 345.914130 0.000000 0.000000 0.000000 0.000000 0.888881 390.000000
 99.500000 0.847126 346.111630 0.000000 0.000000 0.000000 0.000000 0.894176 377.000000
 99.750000 0.850354 353.686050 0.000000 0.000000 0.000000 0.000000 0.897501 395.000000
 100.000000 0.850086 351.709481 0.000000 0.000000 0.000000 0.000000 0.896817 390.000000
 100.250000 0.847180 349.145015 0.000000 0.000000 0.000000 0.000000 0.894191 383.000000
 100.500000 0.846630 345.428728 0.000000 0.000000 0.000000 0.000000 0.894050 384.000000
