#! FIELDS time s.mean
 0.000000 2.920299
 1.000000 2.964874
 2.000000 2.915537
 3.000000 2.924219
 4.000000 2.971575
 5.000000 2.909558
 6.000000 2.954164
 7.000000 2.968156
 8.000000 2.858621
 9.000000 2.980128
 10.000000 2.924009
 11.000000 2.872992
 12.000000 2.968053
 13.000000 2.901335
 14.000000 2.942516
 15.000000 2.950411
 16.000000 2.861608
 17.000000 2.976527
 18.000000 2.916616
 19.000000 2.964706
 20.000000 2.975485
 21.000000 2.902440
 22.000000 3.005534
 23.000000 2.903217
 24.000000 2.915827
 25.000000 3.000812
 26.000000 2.857645
 27.000000 2.971160
 28.000000 2.929088
 29.000000 2.927774
 30.000000 2.936567
 31.000000 2.919639
 32.000000 2.946621
 33.000000 2.912950
 34.000000 2.923985
 35.000000 2.959269
 36.000000 2.884910
 37.000000 2.964509
 38.000000 2.896183
 39.000000 2.917296
 40.000000 2.946156
 41.000000 2.877906
 42.000000 2.975173
 43.000000 2.887586
 44.000000 2.931947
 45.000000 2.932002
 46.000000 2.884843
 47.000000 2.947683
 48.000000 2.907338
 49.000000 2.972127
 50.000000 2.925385
 51.000000 2.930015
 52.000000 2.952818
 53.000000 2.879579
 54.000000 2.952363
 55.000000 2.946199
 56.000000 2.944542
 57.000000 2.954044
 58.000000 2.948594
 59.000000 2.940694
 60.000000 2.906906
 61.000000 2.949584
 62.000000 2.954611
 63.000000 2.904570
 64.000000 2.968537
 65.000000 2.939567
 66.000000 2.909975
 67.000000 2.984724
 68.000000 2.902255
 69.000000 2.956601
 70.000000 2.948491
 71.000000 2.903723
 72.000000 2.966620
 73.000000 2.930012
 74.000000 2.946041
 75.000000 2.945247
 76.000000 2.899578
 77.000000 2.951162
 78.000000 2.898883
 79.000000 2.874908
 80.000000 2.971447
 81.000000 2.873962
 82.000000 2.914780
 83.000000 2.949305
 84.000000 2.884583
 85.000000 2.946036
 86.000000 2.902081
 87.000000 2.907912
 88.000000 2.971156
 89.000000 2.908487
 90.000000 2.944044
 91.000000 2.920842
 92.000000 2.896515
 93.000000 2.966425
 94.000000 2.891051
 95.000000 2.930041
 96.000000 2.955577
 97.000000 2.903361
 98.000000 2.954684
 99.000000 2.924655
 100.000000 2.930012
 101.000000 2.931836
 102.000000 2.942641
 103.000000 2.931208
 104.000000 2.942147
 105.000000 2.960401
 106.000000 2.902372
 107.000000 2.966898
 108.000000 2.903654
 109.000000 2.909646
 110.000000 2.947322
 111.000000 2.910388
 112.000000 2.946385
 113.000000 2.947390
 114.000000 2.912493
 115.000000 2.945566
 116.000000 2.905849
 117.000000 2.908593
 118.000000 2.926442
 119.000000 2.891659
 120.000000 2.947511
 121.000000 2.922195
 122.000000 2.913948
 123.000000 2.956387
 124.000000 2.911607
 125.000000 2.911337
 126.000000 2.948860
 127.000000 2.936159
 128.000000 2.914945
 129.000000 2.925154
 130.000000 2.889518
 131.000000 2.917188
 132.000000 2.943725
 133.000000 2.881045
 134.000000 2.944782
 135.000000 2.938006
 136.000000 2.918127
 137.000000 2.943770
 138.000000 2.917822
 139.000000 2.938889
 140.000000 2.974442
 141.000000 2.921177
 142.000000 2.931080
 143.000000 2.953589
 144.000000 2.880196
 145.000000 2.954451
 146.000000 2.909693
 147.000000 2.906819
 148.000000 2.973886
 149.000000 2.892012
 150.000000 2.948410
 151.000000 2.946734
 152.000000 2.899942
 153.000000 2.950790
 154.000000 2.933763
 155.000000 2.911704
 156.000000 2.935384
 157.000000 2.880837
 158.000000 2.974724
 159.000000 2.905077
 160.000000 2.888812
 161.000000 2.981834
 162.000000 2.872810
 163.000000 2.953610
 164.000000 2.950633
 165.000000 2.918198
 166.000000 2.977384
 167.000000 2.920189
 168.000000 2.938005
 169.000000 2.952378
 170.000000 2.915699
 171.000000 2.939513
 172.000000 2.922255
 173.000000 2.932937
 174.000000 2.973179
 175.000000 2.905270
 176.000000 2.960441
 177.000000 2.935158
 178.000000 2.898808
 179.000000 2.977685
 180.000000 2.912399
 181.000000 2.931068
 182.000000 2.958977
 183.000000 2.904891
 184.000000 2.921441
 185.000000 2.916150
 186.000000 2.893016
 187.000000 2.962097
 188.000000 2.921610
 189.000000 2.909508
 190.000000 2.974980
 191.000000 2.903190
 192.000000 2.950980
 193.000000 2.930771
 194.000000 2.920306
 195.000000 2.948925
 196.000000 2.924054
 197.000000 2.974894
 198.000000 2.917358
 199.000000 2.888314
 200.000000 2.963377
 201.000000 2.904201
 202.000000 2.946388
 203.000000 2.921944
 204.000000 2.920097
 205.000000 2.944906
 206.000000 2.903358
 207.000000 2.974439
 208.000000 2.885749
 209.000000 2.937914
 210.000000 2.962829
 211.000000 2.891686
 212.000000 2.958309
 213.000000 2.921874
 214.000000 2.937391
 215.000000 2.963002
 216.000000 2.919912
 217.000000 2.968905
 218.000000 2.941762
 219.000000 2.937138
 220.000000 2.962342
 221.000000 2.919489
 222.000000 2.931646
 223.000000 2.932297
 224.000000 2.919046
 225.000000 2.946399
 226.000000 2.926907
 227.000000 2.950445
 228.000000 2.930463
 229.000000 2.935044
 230.000000 2.955372
 231.000000 2.928824
 232.000000 2.965000
 233.000000 2.940559
 234.000000 2.929552
 235.000000 2.963386
 236.000000 2.918773
 237.000000 2.978312
 238.000000 2.951158
 239.000000 2.888592
 240.000000 2.963091
 241.000000 2.898610
 242.000000 2.917253
 243.000000 2.967867
 244.000000 2.889038
 245.000000 2.969339
 246.000000 2.943410
 247.000000 2.922268
 248.000000 2.960356
 249.000000 2.913478
 250.000000 2.943489
 251.000000 2.955114
 252.000000 2.966846
 253.000000 2.901136
 254.000000 2.955734
 255.000000 2.937134
 256.000000 2.897797
 257.000000 2.953008
 258.000000 2.918264
 259.000000 2.931213
 260.000000 2.919320
 261.000000 2.928119
 262.000000 2.914464
 263.000000 2.931939
 264.000000 2.949600
 265.000000 2.944803
 266.000000 2.943823
 267.000000 2.935784
 268.000000 2.943309
 269.000000 2.925902
 270.000000 2.958994
 271.000000 2.920726
 272.000000 2.932866
 273.000000 2.929395
 274.000000 2.925202
 275.000000 2.951064
 276.000000 2.884476
 277.000000 2.978616
 278.000000 2.931455
 279.000000 2.887339
 280.000000 2.983707
 281.000000 2.885799
 282.000000 2.918900
 283.000000 2.922426
 284.000000 2.953748
 285.000000 2.967397
 286.000000 2.907535
 287.000000 2.938589
 288.000000 2.917526
 289.000000 2.904472
 290.000000 2.963117
 291.000000 2.876151
 292.000000 2.942831
 293.000000 2.952659
 294.000000 2.891238
 295.000000 2.976290
 296.000000 2.905360
 297.000000 2.910075
 298.000000 2.949948
 299.000000 2.916210
 300.000000 2.937730
 301.000000 2.927002
 302.000000 2.901685
 303.000000 2.957931
 304.000000 2.914279
 305.000000 2.936072
 306.000000 2.984431
 307.000000 2.898068
 308.000000 2.935422
 309.000000 2.939491
 310.000000 2.916511
 311.000000 2.961905
 312.000000 2.927969
 313.000000 2.929728
 314.000000 2.962516
 315.000000 2.929288
 316.000000 2.962441
 317.000000 2.935537
 318.000000 2.911006
 319.000000 2.976629
 320.000000 2.859799
 321.000000 2.930459
 322.000000 2.952894
 323.000000 2.898577
 324.000000 2.957156
 325.000000 2.927716
 326.000000 2.934777
 327.000000 2.942159
 328.000000 2.918808
 329.000000 2.926614
 330.000000 2.919211
 331.000000 3.006731
 332.000000 2.871066
 333.000000 3.002780
 334.000000 2.967252
 335.000000 2.895973
 336.000000 2.959642
 337.000000 2.917935
 338.000000 2.950378
 339.000000 2.946479
 340.000000 2.907260
 341.000000 2.951772
 342.000000 2.919749
 343.000000 2.956867
 344.000000 2.943399
 345.000000 2.938071
 346.000000 2.937285
 347.000000 2.923534
 348.000000 2.943228
 349.000000 2.916770
 350.000000 2.933473
 351.000000 2.934794
 352.000000 2.911109
 353.000000 2.936043
 354.000000 2.924405
 355.000000 2.941435
 356.000000 2.958461
 357.000000 2.931250
 358.000000 2.929964
 359.000000 2.945225
 360.000000 2.920917
 361.000000 2.945849
 362.000000 2.912244
 363.000000 2.888784
 364.000000 2.957635
 365.000000 2.874529
 366.000000 2.935004
 367.000000 2.946216
 368.000000 2.897019
 369.000000 2.963517
 370.000000 2.917786
 371.000000 2.931005
 372.000000 2.943617
 373.000000 2.885457
 374.000000 2.910843
 375.000000 2.948533
 376.000000 2.927535
 377.000000 2.938622
 378.000000 2.945951
 379.000000 2.919870
 380.000000 2.906429
 381.000000 2.931086
 382.000000 2.941180
 383.000000 2.922719
 384.000000 2.929096
 385.000000 2.923985
 386.000000 2.917848
 387.000000 2.917066
 388.000000 2.909788
 389.000000 2.946377
 390.000000 2.910703
 391.000000 2.927410
 392.000000 2.946148
 393.000000 2.897571
 394.000000 2.953553
 395.000000 2.925975
 396.000000 2.941096
 397.000000 2.923935
 398.000000 2.915203
 399.000000 2.971256
