#! FIELDS time s.mean
 0.000000 8.590870
 1.000000 8.721892
 2.000000 8.584762
 3.000000 8.604126
 4.000000 8.737531
 5.000000 8.565060
 6.000000 8.687326
 7.000000 8.731270
 8.000000 8.419479
 9.000000 8.760956
 10.000000 8.604153
 11.000000 8.464314
 12.000000 8.731534
 13.000000 8.534870
 14.000000 8.660063
 15.000000 8.682257
 16.000000 8.431750
 17.000000 8.756567
 18.000000 8.581627
 19.000000 8.722650
 20.000000 8.754165
 21.000000 8.546648
 22.000000 8.837278
 23.000000 8.541560
 24.000000 8.584144
 25.000000 8.830216
 26.000000 8.422249
 27.000000 8.740978
 28.000000 8.615545
 29.000000 8.614184
 30.000000 8.640824
 31.000000 8.590793
 32.000000 8.671873
 33.000000 8.568619
 34.000000 8.600925
 35.000000 8.705686
 36.000000 8.493736
 37.000000 8.726848
 38.000000 8.529124
 39.000000 8.587243
 40.000000 8.675463
 41.000000 8.472171
 42.000000 8.755182
 43.000000 8.504327
 44.000000 8.629597
 45.000000 8.628930
 46.000000 8.493995
 47.000000 8.676015
 48.000000 8.555081
 49.000000 8.743627
 50.000000 8.608088
 51.000000 8.623292
 52.000000 8.690687
 53.000000 8.483343
 54.000000 8.680676
 55.000000 8.664429
 56.000000 8.660418
 57.000000 8.686062
 58.000000 8.674147
 59.000000 8.651149
 60.000000 8.560136
 61.000000 8.678204
 62.000000 8.691907
 63.000000 8.548335
 64.000000 8.729858
 65.000000 8.652744
 66.000000 8.561951
 67.000000 8.778153
 68.000000 8.541473
 69.000000 8.695367
 70.000000 8.672569
 71.000000 8.545018
 72.000000 8.725586
 73.000000 8.619196
 74.000000 8.667412
 75.000000 8.667289
 76.000000 8.535983
 77.000000 8.690981
 78.000000 8.544174
 79.000000 8.469960
 80.000000 8.745082
 81.000000 8.466042
 82.000000 8.582339
 83.000000 8.683245
 84.000000 8.496026
 85.000000 8.662526
 86.000000 8.544925
 87.000000 8.564269
 88.000000 8.736313
 89.000000 8.558939
 90.000000 8.664962
 91.000000 8.600430
 92.000000 8.524643
 93.000000 8.730836
 94.000000 8.517020
 95.000000 8.626288
 96.000000 8.704284
 97.000000 8.551782
 98.000000 8.699742
 99.000000 8.611479
 100.000000 8.626966
 101.000000 8.629162
 102.000000 8.661580
 103.000000 8.633900
 104.000000 8.656672
 105.000000 8.710386
 106.000000 8.548973
 107.000000 8.729365
 108.000000 8.552661
 109.000000 8.572077
 110.000000 8.672501
 111.000000 8.572721
 112.000000 8.667751
 113.000000 8.677331
 114.000000 8.576961
 115.000000 8.664506
 116.000000 8.560053
 117.000000 8.565053
 118.000000 8.620994
 119.000000 8.520404
 120.000000 8.671235
 121.000000 8.603550
 122.000000 8.577546
 123.000000 8.700479
 124.000000 8.572648
 125.000000 8.571480
 126.000000 8.675057
 127.000000 8.634161
 128.000000 8.580372
 129.000000 8.615073
 130.000000 8.512422
 131.000000 8.590654
 132.000000 8.661237
 133.000000 8.483260
 134.000000 8.670552
 135.000000 8.648288
 136.000000 8.592238
 137.000000 8.663810
 138.000000 8.593042
 139.000000 8.651991
 140.000000 8.743914
 141.000000 8.602734
 142.000000 8.629302
 143.000000 8.688742
 144.000000 8.483654
 145.000000 8.700656
 146.000000 8.572274
 147.000000 8.565472
 148.000000 8.749365
 149.000000 8.514067
 150.000000 8.672854
 151.000000 8.672639
 152.000000 8.542779
 153.000000 8.674825
 154.000000 8.635596
 155.000000 8.573724
 156.000000 8.638205
 157.000000 8.488114
 158.000000 8.751321
 159.000000 8.556138
 160.000000 8.510738
 161.000000 8.773618
 162.000000 8.463001
 163.000000 8.694430
 164.000000 8.684908
 165.000000 8.587880
 166.000000 8.755177
 167.000000 8.595387
 168.000000 8.642337
 169.000000 8.681496
 170.000000 8.575769
 171.000000 8.645306
 172.000000 8.600472
 173.000000 8.627928
 174.000000 8.747521
 175.000000 8.551513
 176.000000 8.706173
 177.000000 8.638227
 178.000000 8.533004
 179.000000 8.757630
 180.000000 8.575936
 181.000000 8.625106
 182.000000 8.703876
 183.000000 8.548728
 184.000000 8.600432
 185.000000 8.585771
 186.000000 8.518861
 187.000000 8.709825
 188.000000 8.597681
 189.000000 8.568998
 190.000000 8.759926
 191.000000 8.546487
 192.000000 8.687624
 193.000000 8.628318
 194.000000 8.600610
 195.000000 8.681165
 196.000000 8.601015
 197.000000 8.748970
 198.000000 8.586665
 199.000000 8.501809
 200.000000 8.719074
 201.000000 8.545913
 202.000000 8.675382
 203.000000 8.599089
 204.000000 8.593824
 205.000000 8.668642
 206.000000 8.546513
 207.000000 8.753153
 208.000000 8.503266
 209.000000 8.643093
 210.000000 8.721697
 211.000000 8.517352
 212.000000 8.706204
 213.000000 8.602198
 214.000000 8.637850
 215.000000 8.719168
 216.000000 8.592175
 217.000000 8.732377
 218.000000 8.651559
 219.000000 8.647021
 220.000000 8.720081
 221.000000 8.593703
 222.000000 8.623128
 223.000000 8.631867
 224.000000 8.588670
 225.000000 8.670777
 226.000000 8.606565
 227.000000 8.679079
 228.000000 8.626875
 229.000000 8.632574
 230.000000 8.692732
 231.000000 8.618205
 232.000000 8.718790
 233.000000 8.651098
 234.000000 8.617402
 235.000000 8.726906
 236.000000 8.594004
 237.000000 8.758463
 238.000000 8.688603
 239.000000 8.508712
 240.000000 8.725295
 241.000000 8.536049
 242.000000 8.584380
 243.000000 8.734255
 244.000000 8.504770
 245.000000 8.729419
 246.000000 8.656578
 247.000000 8.592309
 248.000000 8.704567
 249.000000 8.568904
 250.000000 8.660666
 251.000000 8.696591
 252.000000 8.729169
 253.000000 8.544203
 254.000000 8.701309
 255.000000 8.647460
 256.000000 8.534576
 257.000000 8.690608
 258.000000 8.589391
 259.000000 8.630866
 260.000000 8.599995
 261.000000 8.623298
 262.000000 8.584113
 263.000000 8.629768
 264.000000 8.678964
 265.000000 8.664789
 266.000000 8.662953
 267.000000 8.636922
 268.000000 8.665721
 269.000000 8.609800
 270.000000 8.707526
 271.000000 8.597804
 272.000000 8.628757
 273.000000 8.625200
 274.000000 8.607573
 275.000000 8.685644
 276.000000 8.493564
 277.000000 8.759954
 278.000000 8.630835
 279.000000 8.500470
 280.000000 8.779574
 281.000000 8.495826
 282.000000 8.594886
 283.000000 8.601359
 284.000000 8.687352
 285.000000 8.727134
 286.000000 8.561163
 287.000000 8.650144
 288.000000 8.585679
 289.000000 8.551401
 290.000000 8.719589
 291.000000 8.472359
 292.000000 8.662410
 293.000000 8.684361
 294.000000 8.517200
 295.000000 8.757186
 296.000000 8.554294
 297.000000 8.566478
 298.000000 8.678068
 299.000000 8.586745
 300.000000 8.643182
 301.000000 8.618448
 302.000000 8.551277
 303.000000 8.704670
 304.000000 8.584662
 305.000000 8.644755
 306.000000 8.780736
 307.000000 8.541836
 308.000000 8.642192
 309.000000 8.654155
 310.000000 8.588424
 311.000000 8.714803
 312.000000 8.615078
 313.000000 8.620822
 314.000000 8.713425
 315.000000 8.619626
 316.000000 8.712833
 317.000000 8.638499
 318.000000 8.564049
 319.000000 8.754409
 320.000000 8.425455
 321.000000 8.626805
 322.000000 8.687048
 323.000000 8.533659
 324.000000 8.702231
 325.000000 8.615248
 326.000000 8.639256
 327.000000 8.658283
 328.000000 8.593483
 329.000000 8.611918
 330.000000 8.595165
 331.000000 8.845437
 332.000000 8.460157
 333.000000 8.834917
 334.000000 8.731694
 335.000000 8.533049
 336.000000 8.706840
 337.000000 8.585702
 338.000000 8.676873
 339.000000 8.669604
 340.000000 8.553410
 341.000000 8.686611
 342.000000 8.589245
 343.000000 8.698462
 344.000000 8.662534
 345.000000 8.646631
 346.000000 8.647502
 347.000000 8.599463
 348.000000 8.666704
 349.000000 8.585950
 350.000000 8.630740
 351.000000 8.637063
 352.000000 8.566285
 353.000000 8.646382
 354.000000 8.608946
 355.000000 8.649376
 356.000000 8.701076
 357.000000 8.627408
 358.000000 8.621066
 359.000000 8.663568
 360.000000 8.599097
 361.000000 8.670804
 362.000000 8.575334
 363.000000 8.511852
 364.000000 8.706682
 365.000000 8.474165
 366.000000 8.641827
 367.000000 8.670242
 368.000000 8.523086
 369.000000 8.719044
 370.000000 8.578725
 371.000000 8.626479
 372.000000 8.661409
 373.000000 8.494646
 374.000000 8.568225
 375.000000 8.673552
 376.000000 8.619984
 377.000000 8.646374
 378.000000 8.664970
 379.000000 8.597794
 380.000000 8.564981
 381.000000 8.631657
 382.000000 8.657496
 383.000000 8.601316
 384.000000 8.621225
 385.000000 8.608113
 386.000000 8.587793
 387.000000 8.585985
 388.000000 8.569014
 389.000000 8.671640
 390.000000 8.571796
 391.000000 8.612725
 392.000000 8.674113
 393.000000 8.537164
 394.000000 8.697808
 395.000000 8.616600
 396.000000 8.658644
 397.000000 8.617808
 398.000000 8.585261
 399.000000 8.741901
