#! FIELDS time s.mean
 0.000000 2.237956
 1.000000 2.272205
 2.000000 2.236510
 3.000000 2.240432
 4.000000 2.277097
 5.000000 2.229941
 6.000000 2.263092
 7.000000 2.273920
 8.000000 2.192606
 9.000000 2.283369
 10.000000 2.240567
 11.000000 2.204412
 12.000000 2.273898
 13.000000 2.222740
 14.000000 2.254951
 15.000000 2.260143
 16.000000 2.194894
 17.000000 2.280867
 18.000000 2.234904
 19.000000 2.270503
 20.000000 2.279872
 21.000000 2.223969
 22.000000 2.302420
 23.000000 2.224774
 24.000000 2.235294
 25.000000 2.299777
 26.000000 2.192484
 27.000000 2.277264
 28.000000 2.243151
 29.000000 2.242831
 30.000000 2.249725
 31.000000 2.236435
 32.000000 2.258169
 33.000000 2.231602
 34.000000 2.241602
 35.000000 2.267524
 36.000000 2.212816
 37.000000 2.273345
 38.000000 2.220988
 39.000000 2.236792
 40.000000 2.258989
 41.000000 2.206312
 42.000000 2.280717
 43.000000 2.213689
 44.000000 2.245720
 45.000000 2.246798
 46.000000 2.211573
 47.000000 2.259180
 48.000000 2.228625
 49.000000 2.277094
 50.000000 2.241798
 51.000000 2.244199
 52.000000 2.264297
 53.000000 2.208719
 54.000000 2.261847
 55.000000 2.256853
 56.000000 2.254917
 57.000000 2.263111
 58.000000 2.258713
 59.000000 2.252509
 60.000000 2.226807
 61.000000 2.260649
 62.000000 2.265421
 63.000000 2.227143
 64.000000 2.273685
 65.000000 2.254883
 66.000000 2.230321
 67.000000 2.288109
 68.000000 2.227144
 69.000000 2.265270
 70.000000 2.259229
 71.000000 2.225370
 72.000000 2.272635
 73.000000 2.244485
 74.000000 2.256502
 75.000000 2.256804
 76.000000 2.221833
 77.000000 2.261503
 78.000000 2.227124
 79.000000 2.205413
 80.000000 2.279173
 81.000000 2.205278
 82.000000 2.233915
 83.000000 2.260591
 84.000000 2.212189
 85.000000 2.255767
 86.000000 2.224578
 87.000000 2.228181
 88.000000 2.276514
 89.000000 2.229122
 90.000000 2.255983
 91.000000 2.238325
 92.000000 2.220294
 93.000000 2.273491
 94.000000 2.216667
 95.000000 2.245713
 96.000000 2.266753
 97.000000 2.226050
 98.000000 2.266386
 99.000000 2.242316
 100.000000 2.247157
 101.000000 2.247516
 102.000000 2.256209
 103.000000 2.249549
 104.000000 2.254085
 105.000000 2.270246
 106.000000 2.226267
 107.000000 2.272611
 108.000000 2.225634
 109.000000 2.230637
 110.000000 2.257636
 111.000000 2.230059
 112.000000 2.255869
 113.000000 2.259106
 114.000000 2.232923
 115.000000 2.256529
 116.000000 2.228878
 117.000000 2.229532
 118.000000 2.244120
 119.000000 2.217495
 120.000000 2.258436
 121.000000 2.240987
 122.000000 2.232960
 123.000000 2.267167
 124.000000 2.232176
 125.000000 2.231550
 126.000000 2.261278
 127.000000 2.248543
 128.000000 2.235247
 129.000000 2.242406
 130.000000 2.214773
 131.000000 2.237645
 132.000000 2.254678
 133.000000 2.210250
 134.000000 2.257764
 135.000000 2.252161
 136.000000 2.237020
 137.000000 2.254877
 138.000000 2.237719
 139.000000 2.253794
 140.000000 2.277905
 141.000000 2.239911
 142.000000 2.246173
 143.000000 2.264018
 144.000000 2.210177
 145.000000 2.264017
 146.000000 2.232567
 147.000000 2.230237
 148.000000 2.278377
 149.000000 2.218112
 150.000000 2.259051
 151.000000 2.257359
 152.000000 2.224319
 153.000000 2.260020
 154.000000 2.249637
 155.000000 2.232333
 156.000000 2.248322
 157.000000 2.210850
 158.000000 2.281261
 159.000000 2.226606
 160.000000 2.215008
 161.000000 2.284897
 162.000000 2.203276
 163.000000 2.263321
 164.000000 2.260850
 165.000000 2.235605
 166.000000 2.280141
 167.000000 2.236672
 168.000000 2.250849
 169.000000 2.262505
 170.000000 2.234071
 171.000000 2.251833
 172.000000 2.240149
 173.000000 2.247860
 174.000000 2.278885
 175.000000 2.228050
 176.000000 2.269335
 177.000000 2.250181
 178.000000 2.223167
 179.000000 2.280947
 180.000000 2.233182
 181.000000 2.246328
 182.000000 2.266722
 183.000000 2.226828
 184.000000 2.239534
 185.000000 2.235822
 186.000000 2.218750
 187.000000 2.270973
 188.000000 2.238707
 189.000000 2.232238
 190.000000 2.283321
 191.000000 2.225329
 192.000000 2.263195
 193.000000 2.246274
 194.000000 2.239187
 195.000000 2.261751
 196.000000 2.239747
 197.000000 2.280546
 198.000000 2.236539
 199.000000 2.214562
 200.000000 2.271252
 201.000000 2.225633
 202.000000 2.258114
 203.000000 2.238476
 204.000000 2.238097
 205.000000 2.258667
 206.000000 2.224623
 207.000000 2.280697
 208.000000 2.213629
 209.000000 2.251691
 210.000000 2.270628
 211.000000 2.216739
 212.000000 2.267587
 213.000000 2.238537
 214.000000 2.249461
 215.000000 2.271844
 216.000000 2.238121
 217.000000 2.274979
 218.000000 2.253323
 219.000000 2.251121
 220.000000 2.273951
 221.000000 2.238690
 222.000000 2.248367
 223.000000 2.248591
 224.000000 2.236550
 225.000000 2.259442
 226.000000 2.243370
 227.000000 2.260770
 228.000000 2.245847
 229.000000 2.247950
 230.000000 2.265404
 231.000000 2.245479
 232.000000 2.270747
 233.000000 2.253258
 234.000000 2.244659
 235.000000 2.271979
 236.000000 2.237243
 237.000000 2.280331
 238.000000 2.261873
 239.000000 2.213696
 240.000000 2.271629
 241.000000 2.223114
 242.000000 2.235025
 243.000000 2.273309
 244.000000 2.214976
 245.000000 2.275173
 246.000000 2.255743
 247.000000 2.238524
 248.000000 2.267783
 249.000000 2.233027
 250.000000 2.256502
 251.000000 2.265407
 252.000000 2.273581
 253.000000 2.228342
 254.000000 2.267560
 255.000000 2.252689
 256.000000 2.223792
 257.000000 2.263207
 258.000000 2.236812
 259.000000 2.246174
 260.000000 2.237892
 261.000000 2.243166
 262.000000 2.234414
 263.000000 2.247947
 264.000000 2.259539
 265.000000 2.257773
 266.000000 2.257284
 267.000000 2.249454
 268.000000 2.260186
 269.000000 2.242724
 270.000000 2.270510
 271.000000 2.240234
 272.000000 2.247642
 273.000000 2.246844
 274.000000 2.240769
 275.000000 2.260499
 276.000000 2.211991
 277.000000 2.281430
 278.000000 2.247511
 279.000000 2.213332
 280.000000 2.286665
 281.000000 2.212917
 282.000000 2.237111
 283.000000 2.239249
 284.000000 2.262339
 285.000000 2.274292
 286.000000 2.228592
 287.000000 2.252053
 288.000000 2.235735
 289.000000 2.226042
 290.000000 2.271696
 291.000000 2.205888
 292.000000 2.256002
 293.000000 2.263115
 294.000000 2.217775
 295.000000 2.280578
 296.000000 2.227429
 297.000000 2.229517
 298.000000 2.259879
 299.000000 2.236408
 300.000000 2.251626
 301.000000 2.244221
 302.000000 2.225117
 303.000000 2.267180
 304.000000 2.234903
 305.000000 2.251099
 306.000000 2.287719
 307.000000 2.222911
 308.000000 2.250220
 309.000000 2.252974
 310.000000 2.235317
 311.000000 2.269022
 312.000000 2.242972
 313.000000 2.245141
 314.000000 2.268657
 315.000000 2.244538
 316.000000 2.269896
 317.000000 2.249498
 318.000000 2.231729
 319.000000 2.282566
 320.000000 2.194260
 321.000000 2.247040
 322.000000 2.263006
 323.000000 2.222047
 324.000000 2.266009
 325.000000 2.244623
 326.000000 2.251645
 327.000000 2.254241
 328.000000 2.236066
 329.000000 2.242353
 330.000000 2.237763
 331.000000 2.304411
 332.000000 2.202266
 333.000000 2.302473
 334.000000 2.273606
 335.000000 2.219944
 336.000000 2.267943
 337.000000 2.236006
 338.000000 2.260686
 339.000000 2.257795
 340.000000 2.228715
 341.000000 2.262606
 342.000000 2.238417
 343.000000 2.266958
 344.000000 2.257440
 345.000000 2.250484
 346.000000 2.252726
 347.000000 2.239987
 348.000000 2.257494
 349.000000 2.236090
 350.000000 2.247634
 351.000000 2.250792
 352.000000 2.231476
 353.000000 2.251986
 354.000000 2.243061
 355.000000 2.252830
 356.000000 2.267011
 357.000000 2.246731
 358.000000 2.244391
 359.000000 2.255753
 360.000000 2.237861
 361.000000 2.257137
 362.000000 2.232788
 363.000000 2.214710
 364.000000 2.267594
 365.000000 2.204726
 366.000000 2.251417
 367.000000 2.258862
 368.000000 2.219706
 369.000000 2.271536
 370.000000 2.233592
 371.000000 2.246498
 372.000000 2.255326
 373.000000 2.212455
 374.000000 2.232118
 375.000000 2.259091
 376.000000 2.245342
 377.000000 2.252811
 378.000000 2.257603
 379.000000 2.240637
 380.000000 2.228794
 381.000000 2.249770
 382.000000 2.255352
 383.000000 2.239601
 384.000000 2.245898
 385.000000 2.241673
 386.000000 2.236372
 387.000000 2.235986
 388.000000 2.229903
 389.000000 2.258532
 390.000000 2.231293
 391.000000 2.243704
 392.000000 2.260565
 393.000000 2.224047
 394.000000 2.265543
 395.000000 2.245529
 396.000000 2.256241
 397.000000 2.241999
 398.000000 2.234096
 399.000000 2.275708
