#! FIELDS time s.mean
 0.000000 1.056366
 1.000000 1.059636
 2.000000 1.053111
 3.000000 1.053066
 4.000000 1.063805
 5.000000 1.050882
 6.000000 1.061729
 7.000000 1.059213
 8.000000 1.040532
 9.000000 1.063971
 10.000000 1.050592
 11.000000 1.043604
 12.000000 1.058349
 13.000000 1.049242
 14.000000 1.052743
 15.000000 1.050373
 16.000000 1.037671
 17.000000 1.057202
 18.000000 1.050818
 19.000000 1.059159
 20.000000 1.056716
 21.000000 1.046219
 22.000000 1.065575
 23.000000 1.051058
 24.000000 1.053601
 25.000000 1.062183
 26.000000 1.038932
 27.000000 1.055937
 28.000000 1.054536
 29.000000 1.053257
 30.000000 1.052742
 31.000000 1.051865
 32.000000 1.055354
 33.000000 1.053618
 34.000000 1.054666
 35.000000 1.058219
 36.000000 1.049293
 37.000000 1.058564
 38.000000 1.045955
 39.000000 1.047858
 40.000000 1.050042
 41.000000 1.044261
 42.000000 1.060207
 43.000000 1.041639
 44.000000 1.050575
 45.000000 1.052860
 46.000000 1.043480
 47.000000 1.051652
 48.000000 1.054144
 49.000000 1.057547
 50.000000 1.051264
 51.000000 1.052131
 52.000000 1.056024
 53.000000 1.042812
 54.000000 1.059815
 55.000000 1.058796
 56.000000 1.052928
 57.000000 1.060223
 58.000000 1.058860
 59.000000 1.054095
 60.000000 1.046042
 61.000000 1.054928
 62.000000 1.061179
 63.000000 1.050362
 64.000000 1.059236
 65.000000 1.056333
 66.000000 1.055514
 67.000000 1.065095
 68.000000 1.054436
 69.000000 1.060679
 70.000000 1.058567
 71.000000 1.050308
 72.000000 1.060976
 73.000000 1.057836
 74.000000 1.056755
 75.000000 1.053407
 76.000000 1.047119
 77.000000 1.052582
 78.000000 1.046918
 79.000000 1.041769
 80.000000 1.058904
 81.000000 1.041457
 82.000000 1.049281
 83.000000 1.052878
 84.000000 1.046694
 85.000000 1.056947
 86.000000 1.044648
 87.000000 1.045294
 88.000000 1.064628
 89.000000 1.053823
 90.000000 1.050301
 91.000000 1.044840
 92.000000 1.049963
 93.000000 1.056633
 94.000000 1.041578
 95.000000 1.047002
 96.000000 1.053814
 97.000000 1.045171
 98.000000 1.052602
 99.000000 1.049912
 100.000000 1.050687
 101.000000 1.052615
 102.000000 1.054076
 103.000000 1.051652
 104.000000 1.055849
 105.000000 1.057111
 106.000000 1.045235
 107.000000 1.053737
 108.000000 1.041823
 109.000000 1.044986
 110.000000 1.050155
 111.000000 1.044485
 112.000000 1.054522
 113.000000 1.054084
 114.000000 1.046273
 115.000000 1.056059
 116.000000 1.046874
 117.000000 1.044605
 118.000000 1.042929
 119.000000 1.039146
 120.000000 1.056323
 121.000000 1.051901
 122.000000 1.049422
 123.000000 1.061770
 124.000000 1.048725
 125.000000 1.044019
 126.000000 1.058753
 127.000000 1.055214
 128.000000 1.050313
 129.000000 1.048556
 130.000000 1.042033
 131.000000 1.051184
 132.000000 1.052384
 133.000000 1.045280
 134.000000 1.053996
 135.000000 1.054417
 136.000000 1.048541
 137.000000 1.053121
 138.000000 1.049913
 139.000000 1.052159
 140.000000 1.063528
 141.000000 1.049448
 142.000000 1.048871
 143.000000 1.058967
 144.000000 1.042872
 145.000000 1.047989
 146.000000 1.045287
 147.000000 1.042238
 148.000000 1.055292
 149.000000 1.044092
 150.000000 1.053970
 151.000000 1.053512
 152.000000 1.047142
 153.000000 1.057445
 154.000000 1.051282
 155.000000 1.048473
 156.000000 1.046543
 157.000000 1.046843
 158.000000 1.060872
 159.000000 1.042228
 160.000000 1.043797
 161.000000 1.064168
 162.000000 1.045405
 163.000000 1.054232
 164.000000 1.052103
 165.000000 1.050428
 166.000000 1.060695
 167.000000 1.048786
 168.000000 1.053571
 169.000000 1.060389
 170.000000 1.054758
 171.000000 1.056752
 172.000000 1.050142
 173.000000 1.058701
 174.000000 1.062916
 175.000000 1.052351
 176.000000 1.064422
 177.000000 1.053701
 178.000000 1.049005
 179.000000 1.063486
 180.000000 1.048742
 181.000000 1.054011
 182.000000 1.059642
 183.000000 1.051997
 184.000000 1.049213
 185.000000 1.047955
 186.000000 1.048289
 187.000000 1.063166
 188.000000 1.054917
 189.000000 1.048887
 190.000000 1.057293
 191.000000 1.047032
 192.000000 1.057227
 193.000000 1.054007
 194.000000 1.047570
 195.000000 1.056154
 196.000000 1.053112
 197.000000 1.060989
 198.000000 1.046672
 199.000000 1.045958
 200.000000 1.055909
 201.000000 1.049485
 202.000000 1.050209
 203.000000 1.050808
 204.000000 1.052338
 205.000000 1.053561
 206.000000 1.048740
 207.000000 1.059965
 208.000000 1.045253
 209.000000 1.058236
 210.000000 1.058663
 211.000000 1.044113
 212.000000 1.055546
 213.000000 1.049350
 214.000000 1.057122
 215.000000 1.057753
 216.000000 1.051938
 217.000000 1.058740
 218.000000 1.059695
 219.000000 1.049249
 220.000000 1.058956
 221.000000 1.051222
 222.000000 1.059050
 223.000000 1.051030
 224.000000 1.049961
 225.000000 1.056335
 226.000000 1.056068
 227.000000 1.058793
 228.000000 1.050717
 229.000000 1.054285
 230.000000 1.058594
 231.000000 1.054520
 232.000000 1.058275
 233.000000 1.055298
 234.000000 1.057072
 235.000000 1.059393
 236.000000 1.048658
 237.000000 1.062088
 238.000000 1.055063
 239.000000 1.042520
 240.000000 1.056870
 241.000000 1.047069
 242.000000 1.052473
 243.000000 1.057916
 244.000000 1.051078
 245.000000 1.062040
 246.000000 1.060117
 247.000000 1.054878
 248.000000 1.061732
 249.000000 1.055987
 250.000000 1.056875
 251.000000 1.061009
 252.000000 1.061647
 253.000000 1.053419
 254.000000 1.059589
 255.000000 1.055892
 256.000000 1.044017
 257.000000 1.053966
 258.000000 1.050362
 259.000000 1.048532
 260.000000 1.049356
 261.000000 1.046666
 262.000000 1.049337
 263.000000 1.052503
 264.000000 1.055268
 265.000000 1.058406
 266.000000 1.058620
 267.000000 1.056222
 268.000000 1.058050
 269.000000 1.054809
 270.000000 1.058758
 271.000000 1.050412
 272.000000 1.053254
 273.000000 1.049553
 274.000000 1.048057
 275.000000 1.050686
 276.000000 1.044906
 277.000000 1.063541
 278.000000 1.049667
 279.000000 1.046767
 280.000000 1.057309
 281.000000 1.046663
 282.000000 1.046434
 283.000000 1.049365
 284.000000 1.057662
 285.000000 1.060032
 286.000000 1.047432
 287.000000 1.052569
 288.000000 1.049533
 289.000000 1.050080
 290.000000 1.058384
 291.000000 1.036259
 292.000000 1.058176
 293.000000 1.059657
 294.000000 1.045455
 295.000000 1.058313
 296.000000 1.048589
 297.000000 1.051232
 298.000000 1.056060
 299.000000 1.050003
 300.000000 1.055809
 301.000000 1.050864
 302.000000 1.042168
 303.000000 1.055831
 304.000000 1.049603
 305.000000 1.054036
 306.000000 1.058239
 307.000000 1.040775
 308.000000 1.051131
 309.000000 1.046866
 310.000000 1.046149
 311.000000 1.055059
 312.000000 1.052389
 313.000000 1.052106
 314.000000 1.056765
 315.000000 1.052581
 316.000000 1.060342
 317.000000 1.057863
 318.000000 1.053157
 319.000000 1.064201
 320.000000 1.039762
 321.000000 1.052031
 322.000000 1.057753
 323.000000 1.049327
 324.000000 1.054566
 325.000000 1.055976
 326.000000 1.055438
 327.000000 1.053940
 328.000000 1.048201
 329.000000 1.050022
 330.000000 1.049437
 331.000000 1.062384
 332.000000 1.039420
 333.000000 1.063784
 334.000000 1.051772
 335.000000 1.040742
 336.000000 1.058251
 337.000000 1.053726
 338.000000 1.059440
 339.000000 1.054778
 340.000000 1.052367
 341.000000 1.055501
 342.000000 1.054300
 343.000000 1.058181
 344.000000 1.053767
 345.000000 1.049263
 346.000000 1.052835
 347.000000 1.053045
 348.000000 1.052733
 349.000000 1.049730
 350.000000 1.053172
 351.000000 1.056393
 352.000000 1.047924
 353.000000 1.051696
 354.000000 1.051690
 355.000000 1.056403
 356.000000 1.059257
 357.000000 1.051336
 358.000000 1.051048
 359.000000 1.054867
 360.000000 1.050773
 361.000000 1.050876
 362.000000 1.045114
 363.000000 1.039174
 364.000000 1.055912
 365.000000 1.037071
 366.000000 1.049724
 367.000000 1.057661
 368.000000 1.048656
 369.000000 1.060269
 370.000000 1.052082
 371.000000 1.054510
 372.000000 1.053062
 373.000000 1.041736
 374.000000 1.048647
 375.000000 1.055693
 376.000000 1.051195
 377.000000 1.054218
 378.000000 1.057247
 379.000000 1.052938
 380.000000 1.043280
 381.000000 1.052970
 382.000000 1.052423
 383.000000 1.048124
 384.000000 1.052238
 385.000000 1.048482
 386.000000 1.052564
 387.000000 1.049413
 388.000000 1.040201
 389.000000 1.050732
 390.000000 1.049901
 391.000000 1.054886
 392.000000 1.052878
 393.000000 1.046067
 394.000000 1.049722
 395.000000 1.053582
 396.000000 1.053749
 397.000000 1.043454
 398.000000 1.047440
 399.000000 1.059353
