#! FIELDS time refcv.mean refcv.morethan uwall.bias uwall.force2 lwall.bias lwall.force2 refcv2.mean refcv2.morethan
 0.750000 0.783187 369.348822 0.000000 0.000000 0.000000 0.000000 0.783187 380.000000
 1.000000 0.802954 404.845200 0.000000 0.000000 0.000000 0.000000 0.802954 413.000000
 1.250000 0.800447 403.792200 0.000000 0.000000 0.000000 0.000000 0.800447 412.000000
 1.500000 0.801815 403.682818 0.000000 0.000000 0.000000 0.000000 0.801815 413.000000
 1.750000 0.798407 401.810368 0.000000 0.000000 0.000000 0.000000 0.798407 415.000000
 2.000000 0.796813 392.020400 0.000000 0.000000 0.000000 0.000000 0.796813 401.000000
 2.250000 0.796008 397.498988 0.000000 0.000000 0.000000 0.000000 0.796008 409.000000
 2.500000 0.800432 402.290254 0.000000 0.000000 0.000000 0.000000 0.800432 414.000000
 2.750000 0.803733 405.109243 0.011934 0.047736 0.000000 0.000000 0.803733 412.000000
 3.000000 0.800040 405.257401 0.066255 0.265021 0.000000 0.000000 0.800040 421.000000
 3.250000 0.792623 396.804660 0.000000 0.000000 0.000000 0.000000 0.792623 408.000000
 3.500000 0.795387 394.197421 0.000000 0.000000 0.000000 0.000000 0.795387 401.000000
 3.750000 0.799980 406.606801 2.581809 10.327237 0.000000 0.000000 0.799980 422.000000
 4.000000 0.800200 405.128439 0.016497 0.065986 0.000000 0.000000 0.800200 417.000000
 4.250000 0.798702 404.118893 0.000000 0.000000 0.000000 0.000000 0.798702 412.000000
 4.500000 0.801475 403.896949 0.000000 0.000000 0.000000 0.000000 0.801475 418.000000
 4.750000 0.798361 401.962453 0.000000 0.000000 0.000000 0.000000 0.798361 407.000000
 5.000000 0.797041 398.024139 0.000000 0.000000 0.000000 0.000000 0.797041 413.000000
 5.250000 0.799552 404.508367 0.000000 0.000000 0.000000 0.000000 0.799552 414.000000
 5.500000 0.799260 402.172551 0.000000 0.000000 0.000000 0.000000 0.799260 410.000000
 5.750000 0.802746 402.663808 0.000000 0.000000 0.000000 0.000000 0.802746 411.000000
 6.000000 0.797946 398.096548 0.000000 0.000000 0.000000 0.000000 0.797946 404.000000
 6.250000 0.801194 404.678593 0.000000 0.000000 0.000000 0.000000 0.801194 414.000000
 6.500000 0.801825 402.393380 0.000000 0.000000 0.000000 0.000000 0.801825 413.000000
 6.750000 0.795460 396.376932 0.000000 0.000000 0.000000 0.000000 0.795460 407.000000
 7.000000 0.791901 383.466459 0.000000 0.000000 0.000000 0.000000 0.791901 391.000000
 7.250000 0.805560 405.064944 0.004218 0.016871 0.000000 0.000000 0.805560 406.000000
 7.500000 0.793538 388.079206 0.000000 0.000000 0.000000 0.000000 0.793538 400.000000
 7.750000 0.800932 403.784353 0.000000 0.000000 0.000000 0.000000 0.800932 411.000000
 8.000000 0.797422 393.539387 0.000000 0.000000 0.000000 0.000000 0.797422 404.000000
 8.250000 0.796150 393.646731 0.000000 0.000000 0.000000 0.000000 0.796150 407.000000
 8.500000 0.795264 394.584572 0.000000 0.000000 0.000000 0.000000 0.795264 407.000000
 8.750000 0.802283 404.581967 0.000000 0.000000 0.000000 0.000000 0.802283 411.000000
 9.000000 0.799909 402.055831 0.000000 0.000000 0.000000 0.000000 0.799909 410.000000
 9.250000 0.801603 403.498460 0.000000 0.000000 0.000000 0.000000 0.801603 413.000000
 9.500000 0.799829 401.625036 0.000000 0.000000 0.000000 0.000000 0.799829 415.000000
 9.750000 0.802615 404.069252 0.000000 0.000000 0.000000 0.000000 0.802615 407.000000
 10.000000 0.790228 385.924584 0.000000 0.000000 0.000000 0.000000 0.790228 409.000000
 10.250000 0.802159 404.200331 0.000000 0.000000 0.000000 0.000000 0.802159 417.000000
 10.500000 0.799734 405.224739 0.050508 0.202031 0.000000 0.000000 0.799734 419.000000
 10.750000 0.802473 405.454093 0.206201 0.824802 0.000000 0.000000 0.802473 415.000000
 11.000000 0.799710 401.641565 0.000000 0.000000 0.000000 0.000000 0.799710 415.000000
 11.250000 0.802014 407.495861 6.229322 24.917287 0.000000 0.000000 0.802014 424.000000
 11.500000 0.795980 397.354341 0.000000 0.000000 0.000000 0.000000 0.795980 406.000000
 11.750000 0.801389 402.302673 0.000000 0.000000 0.000000 0.000000 0.801389 410.000000
 12.000000 0.798313 403.018041 0.000000 0.000000 0.000000 0.000000 0.798313 417.000000
 12.250000 0.799150 401.129591 0.000000 0.000000 0.000000 0.000000 0.799150 410.000000
 12.500000 0.795888 397.785496 0.000000 0.000000 0.000000 0.000000 0.795888 412.000000
 12.750000 0.800851 403.105171 0.000000 0.000000 0.000000 0.000000 0.800851 416.000000
 13.000000 0.799995 402.872927 0.000000 0.000000 0.000000 0.000000 0.799995 414.000000
 13.250000 0.795084 394.366111 0.000000 0.000000 0.000000 0.000000 0.795084 408.000000
 13.500000 0.798832 403.938044 0.000000 0.000000 0.000000 0.000000 0.798832 415.000000
 13.750000 0.799086 403.385202 0.000000 0.000000 0.000000 0.000000 0.799086 416.000000
 14.000000 0.802705 406.802884 3.250392 13.001569 0.000000 0.000000 0.802705 418.000000
 14.250000 0.794555 395.079420 0.000000 0.000000 0.000000 0.000000 0.794555 411.000000
 14.500000 0.798682 399.663662 0.000000 0.000000 0.000000 0.000000 0.798682 409.000000
 14.750000 0.801473 405.636485 0.405113 1.620452 0.000000 0.000000 0.801473 413.000000
 15.000000 0.800162 403.154341 0.000000 0.000000 0.000000 0.000000 0.800162 413.000000
 15.250000 0.798746 398.290233 0.000000 0.000000 0.000000 0.000000 0.798746 411.000000
 15.500000 0.797329 400.053238 0.000000 0.000000 0.000000 0.000000 0.797329 413.000000
 15.750000 0.803417 405.354002 0.125317 0.501270 0.000000 0.000000 0.803417 415.000000
 16.000000 0.803058 403.385241 0.000000 0.000000 0.000000 0.000000 0.803058 411.000000
 16.250000 0.797130 390.853263 0.000000 0.000000 0.000000 0.000000 0.797130 402.000000
 16.500000 0.796767 397.326229 0.000000 0.000000 0.000000 0.000000 0.796767 410.000000
 16.750000 0.796983 398.038054 0.000000 0.000000 0.000000 0.000000 0.796983 412.000000
 17.000000 0.800493 403.569450 0.000000 0.000000 0.000000 0.000000 0.800493 419.000000
 17.250000 0.796413 394.010288 0.000000 0.000000 0.000000 0.000000 0.796413 403.000000
 17.500000 0.795926 397.641334 0.000000 0.000000 0.000000 0.000000 0.795926 409.000000
 17.750000 0.797894 401.101838 0.000000 0.000000 0.000000 0.000000 0.797894 416.000000
 18.000000 0.801553 405.526726 0.277440 1.109759 0.000000 0.000000 0.801553 413.000000
 18.250000 0.798215 401.836121 0.000000 0.000000 0.000000 0.000000 0.798215 418.000000
 18.500000 0.799753 404.555520 0.000000 0.000000 0.000000 0.000000 0.799753 418.000000
 18.750000 0.803726 404.662135 0.000000 0.000000 0.000000 0.000000 0.803726 413.000000
 19.000000 0.801397 399.320177 0.000000 0.000000 0.000000 0.000000 0.801397 412.000000
 19.250000 0.801766 400.723306 0.000000 0.000000 0.000000 0.000000 0.801766 412.000000
 19.500000 0.798814 399.779674 0.000000 0.000000 0.000000 0.000000 0.798814 409.000000
 19.750000 0.796751 397.413079 0.000000 0.000000 0.000000 0.000000 0.796751 408.000000
 20.000000 0.795975 397.923242 0.000000 0.000000 0.000000 0.000000 0.795975 416.000000
 20.250000 0.803006 405.903246 0.815853 3.263414 0.000000 0.000000 0.803006 417.000000
 20.500000 0.801730 406.023626 1.047810 4.191242 0.000000 0.000000 0.801730 416.000000
 20.750000 0.802024 402.716588 0.000000 0.000000 0.000000 0.000000 0.802024 406.000000
 21.000000 0.803422 404.279182 0.000000 0.000000 0.000000 0.000000 0.803422 414.000000
 21.250000 0.801044 401.958215 0.000000 0.000000 0.000000 0.000000 0.801044 409.000000
 21.500000 0.800698 401.499392 0.000000 0.000000 0.000000 0.000000 0.800698 407.000000
 21.750000 0.800160 402.860981 0.000000 0.000000 0.000000 0.000000 0.800160 415.000000
 22.000000 0.799890 405.075304 0.005671 0.022683 0.000000 0.000000 0.799890 418.000000
 22.250000 0.800047 400.540437 0.000000 0.000000 0.000000 0.000000 0.800047 416.000000
 22.500000 0.797465 399.071848 0.000000 0.000000 0.000000 0.000000 0.797465 409.000000
 22.750000 0.800735 401.354263 0.000000 0.000000 0.000000 0.000000 0.800735 410.000000
 23.000000 0.802309 403.838996 0.000000 0.000000 0.000000 0.000000 0.802309 414.000000
 23.250000 0.799937 403.631996 0.000000 0.000000 0.000000 0.000000 0.799937 421.000000
 23.500000 0.794415 396.521144 0.000000 0.000000 0.000000 0.000000 0.794415 410.000000
 23.750000 0.802258 402.219888 0.000000 0.000000 0.000000 0.000000 0.802258 411.000000
 24.000000 0.805965 405.849462 0.721585 2.886340 0.000000 0.000000 0.805965 413.000000
 24.250000 0.794209 392.509447 0.000000 0.000000 0.000000 0.000000 0.794209 411.000000
 24.500000 0.799933 402.107089 0.000000 0.000000 0.000000 0.000000 0.799933 413.000000
 24.750000 0.798950 399.101841 0.000000 0.000000 0.000000 0.000000 0.798950 408.000000
 25.000000 0.800042 402.252883 0.000000 0.000000 0.000000 0.000000 0.800042 418.000000
 25.250000 0.800459 397.836086 0.000000 0.000000 0.000000 0.000000 0.800459 408.000000
 25.500000 0.802183 397.532738 0.000000 0.000000 0.000000 0.000000 0.802183 400.000000
 25.750000 0.799872 399.725803 0.000000 0.000000 0.000000 0.000000 0.799872 410.000000
 26.000000 0.803227 403.533882 0.000000 0.000000 0.000000 0.000000 0.803227 414.000000
 26.250000 0.801572 399.903828 0.000000 0.000000 0.000000 0.000000 0.801572 406.000000
 26.500000 0.794851 391.217879 0.000000 0.000000 0.000000 0.000000 0.794851 406.000000
 26.750000 0.805469 402.796252 0.000000 0.000000 0.000000 0.000000 0.805469 405.000000
 27.000000 0.800846 396.785150 0.000000 0.000000 0.000000 0.000000 0.800846 404.000000
 27.250000 0.793965 392.978717 0.000000 0.000000 0.000000 0.000000 0.793965 410.000000
 27.500000 0.798790 399.689073 0.000000 0.000000 0.000000 0.000000 0.798790 412.000000
 27.750000 0.797897 393.998080 0.000000 0.000000 0.000000 0.000000 0.797897 404.000000
 28.000000 0.789413 377.376614 0.000000 0.000000 0.000000 0.000000 0.789413 388.000000
 28.250000 0.791133 380.811252 0.000000 0.000000 0.000000 0.000000 0.791133 392.000000
 28.500000 0.801563 397.703274 0.000000 0.000000 0.000000 0.000000 0.801563 402.000000
 28.750000 0.797882 394.467686 0.000000 0.000000 0.000000 0.000000 0.797882 403.000000
 29.000000 0.791410 389.401138 0.000000 0.000000 0.000000 0.000000 0.791410 407.000000
 29.250000 0.800193 398.031201 0.000000 0.000000 0.000000 0.000000 0.800193 405.000000
 29.500000 0.799518 399.512621 0.000000 0.000000 0.000000 0.000000 0.799518 407.000000
 29.750000 0.802041 402.443859 0.000000 0.000000 0.000000 0.000000 0.802041 413.000000
 30.000000 0.800819 398.291523 0.000000 0.000000 0.000000 0.000000 0.800819 407.000000
 30.250000 0.802118 402.585785 0.000000 0.000000 0.000000 0.000000 0.802118 408.000000
 30.500000 0.804108 404.569031 0.000000 0.000000 0.000000 0.000000 0.804108 410.000000
 30.750000 0.804822 405.638924 0.408224 1.632896 0.000000 0.000000 0.804822 407.000000
 31.000000 0.805157 404.319878 0.000000 0.000000 0.000000 0.000000 0.805157 410.000000
 31.250000 0.802121 402.772139 0.000000 0.000000 0.000000 0.000000 0.802121 409.000000
 31.500000 0.796652 396.984362 0.000000 0.000000 0.000000 0.000000 0.796652 408.000000
 31.750000 0.798612 401.971646 0.000000 0.000000 0.000000 0.000000 0.798612 414.000000
 32.000000 0.801554 403.693000 0.000000 0.000000 0.000000 0.000000 0.801554 417.000000
 32.250000 0.800128 402.575688 0.000000 0.000000 0.000000 0.000000 0.800128 415.000000
 32.500000 0.798971 396.961130 0.000000 0.000000 0.000000 0.000000 0.798971 408.000000
 32.750000 0.803553 404.531999 0.000000 0.000000 0.000000 0.000000 0.803553 414.000000
 33.000000 0.804580 405.076965 0.005924 0.023694 0.000000 0.000000 0.804580 416.000000
 33.250000 0.799848 403.494120 0.000000 0.000000 0.000000 0.000000 0.799848 416.000000
 33.500000 0.803386 404.803224 0.000000 0.000000 0.000000 0.000000 0.803386 414.000000
 33.750000 0.801226 402.862250 0.000000 0.000000 0.000000 0.000000 0.801226 415.000000
 34.000000 0.799187 402.024971 0.000000 0.000000 0.000000 0.000000 0.799187 419.000000
 34.250000 0.803605 406.211517 1.467773 5.871094 0.000000 0.000000 0.803605 410.000000
 34.500000 0.805157 405.891583 0.794921 3.179682 0.000000 0.000000 0.805157 416.000000
 34.750000 0.800123 400.152741 0.000000 0.000000 0.000000 0.000000 0.800123 412.000000
 35.000000 0.798363 394.293584 0.000000 0.000000 0.000000 0.000000 0.798363 400.000000
 35.250000 0.799125 401.297077 0.000000 0.000000 0.000000 0.000000 0.799125 413.000000
 35.500000 0.798152 398.790157 0.000000 0.000000 0.000000 0.000000 0.798152 412.000000
 35.750000 0.801185 405.525353 0.275996 1.103984 0.000000 0.000000 0.801185 421.000000
 36.000000 0.800822 402.085882 0.000000 0.000000 0.000000 0.000000 0.800822 418.000000
 36.250000 0.799081 402.036714 0.000000 0.000000 0.000000 0.000000 0.799081 420.000000
 36.500000 0.797354 401.268154 0.000000 0.000000 0.000000 0.000000 0.797354 418.000000
 36.750000 0.803056 405.655197 0.429284 1.717135 0.000000 0.000000 0.803056 413.000000
 37.000000 0.803102 405.709391 0.503236 2.012942 0.000000 0.000000 0.803102 418.000000
 37.250000 0.800291 402.737851 0.000000 0.000000 0.000000 0.000000 0.800291 415.000000
 37.500000 0.796914 395.757039 0.000000 0.000000 0.000000 0.000000 0.796914 414.000000
 37.750000 0.802789 402.532325 0.000000 0.000000 0.000000 0.000000 0.802789 414.000000
 38.000000 0.799777 401.957537 0.000000 0.000000 0.000000 0.000000 0.799777 414.000000
 38.250000 0.800039 400.999624 0.000000 0.000000 0.000000 0.000000 0.800039 412.000000
 38.500000 0.795307 396.386582 0.000000 0.000000 0.000000 0.000000 0.795307 416.000000
 38.750000 0.801293 404.914924 0.000000 0.000000 0.000000 0.000000 0.801293 419.000000
 39.000000 0.803566 405.541687 0.293425 1.173700 0.000000 0.000000 0.803566 416.000000
 39.250000 0.801230 405.878661 0.772045 3.088179 0.000000 0.000000 0.801230 422.000000
 39.500000 0.799418 399.210166 0.000000 0.000000 0.000000 0.000000 0.799418 412.000000
 39.750000 0.799147 402.476134 0.000000 0.000000 0.000000 0.000000 0.799147 416.000000
 40.000000 0.801728 405.003773 0.000014 0.000057 0.000000 0.000000 0.801728 412.000000
 40.250000 0.799148 402.829750 0.000000 0.000000 0.000000 0.000000 0.799148 417.000000
 40.500000 0.797783 402.696635 0.000000 0.000000 0.000000 0.000000 0.797783 413.000000
 40.750000 0.802404 406.045341 1.092738 4.370952 0.000000 0.000000 0.802404 416.000000
 41.000000 0.799325 404.646466 0.000000 0.000000 0.000000 0.000000 0.799325 422.000000
 41.250000 0.799279 403.774260 0.000000 0.000000 0.000000 0.000000 0.799279 413.000000
 41.500000 0.792074 389.769302 0.000000 0.000000 0.000000 0.000000 0.792074 406.000000
 41.750000 0.801817 400.178499 0.000000 0.000000 0.000000 0.000000 0.801817 411.000000
 42.000000 0.801640 400.010752 0.000000 0.000000 0.000000 0.000000 0.801640 410.000000
 42.250000 0.800408 400.060667 0.000000 0.000000 0.000000 0.000000 0.800408 412.000000
 42.500000 0.803961 405.218997 0.047960 0.191839 0.000000 0.000000 0.803961 415.000000
 42.750000 0.804497 405.801149 0.641840 2.567359 0.000000 0.000000 0.804497 421.000000
 43.000000 0.798075 401.160686 0.000000 0.000000 0.000000 0.000000 0.798075 415.000000
 43.250000 0.803671 405.984584 0.969406 3.877623 0.000000 0.000000 0.803671 418.000000
 43.500000 0.798934 400.891432 0.000000 0.000000 0.000000 0.000000 0.798934 413.000000
 43.750000 0.803943 406.582000 2.502724 10.010894 0.000000 0.000000 0.803943 423.000000
 44.000000 0.799944 401.997352 0.000000 0.000000 0.000000 0.000000 0.799944 416.000000
 44.250000 0.799863 402.585164 0.000000 0.000000 0.000000 0.000000 0.799863 420.000000
 44.500000 0.798715 397.380277 0.000000 0.000000 0.000000 0.000000 0.798715 416.000000
 44.750000 0.799450 398.801285 0.000000 0.000000 0.000000 0.000000 0.799450 413.000000
 45.000000 0.800018 402.192200 0.000000 0.000000 0.000000 0.000000 0.800018 409.000000
 45.250000 0.801463 402.520794 0.000000 0.000000 0.000000 0.000000 0.801463 407.000000
 45.500000 0.800017 402.019736 0.000000 0.000000 0.000000 0.000000 0.800017 413.000000
 45.750000 0.800055 400.798681 0.000000 0.000000 0.000000 0.000000 0.800055 410.000000
 46.000000 0.801802 400.491230 0.000000 0.000000 0.000000 0.000000 0.801802 411.000000
 46.250000 0.802579 402.041845 0.000000 0.000000 0.000000 0.000000 0.802579 412.000000
 46.500000 0.790881 387.936930 0.000000 0.000000 0.000000 0.000000 0.790881 408.000000
 46.750000 0.796083 397.960381 0.000000 0.000000 0.000000 0.000000 0.796083 412.000000
 47.000000 0.798564 401.502932 0.000000 0.000000 0.000000 0.000000 0.798564 415.000000
 47.250000 0.798426 397.438298 0.000000 0.000000 0.000000 0.000000 0.798426 409.000000
 47.500000 0.796594 400.074608 0.000000 0.000000 0.000000 0.000000 0.796594 415.000000
 47.750000 0.792932 394.972898 0.000000 0.000000 0.000000 0.000000 0.792932 410.000000
 48.000000 0.797362 397.984302 0.000000 0.000000 0.000000 0.000000 0.797362 411.000000
 48.250000 0.798143 402.197498 0.000000 0.000000 0.000000 0.000000 0.798143 417.000000
 48.500000 0.798911 401.308211 0.000000 0.000000 0.000000 0.000000 0.798911 418.000000
 48.750000 0.797694 396.580757 0.000000 0.000000 0.000000 0.000000 0.797694 412.000000
 49.000000 0.791174 387.818520 0.000000 0.000000 0.000000 0.000000 0.791174 403.000000
 49.250000 0.800165 399.102322 0.000000 0.000000 0.000000 0.000000 0.800165 403.000000
 49.500000 0.799938 403.157537 0.000000 0.000000 0.000000 0.000000 0.799938 410.000000
 49.750000 0.801338 405.180318 0.032514 0.130058 0.000000 0.000000 0.801338 416.000000
 50.000000 0.800424 405.335064 0.112268 0.449073 0.000000 0.000000 0.800424 416.000000
 50.250000 0.804558 406.263054 1.595304 6.381217 0.000000 0.000000 0.804558 413.000000
 50.500000 0.803235 403.002985 0.000000 0.000000 0.000000 0.000000 0.803235 414.000000
 50.750000 0.800054 404.687940 0.000000 0.000000 0.000000 0.000000 0.800054 418.000000
 51.000000 0.798245 404.130550 0.000000 0.000000 0.000000 0.000000 0.798245 421.000000
 51.250000 0.798291 400.526385 0.000000 0.000000 0.000000 0.000000 0.798291 414.000000
 51.500000 0.800937 402.598338 0.000000 0.000000 0.000000 0.000000 0.800937 411.000000
 51.750000 0.797056 397.303217 0.000000 0.000000 0.000000 0.000000 0.797056 413.000000
 52.000000 0.796660 402.472709 0.000000 0.000000 0.000000 0.000000 0.796660 412.000000
 52.250000 0.793019 394.462104 0.000000 0.000000 0.000000 0.000000 0.793019 411.000000
 52.500000 0.795794 401.791271 0.000000 0.000000 0.000000 0.000000 0.795794 419.000000
 52.750000 0.796170 396.135079 0.000000 0.000000 0.000000 0.000000 0.796170 411.000000
 53.000000 0.801880 405.813358 0.661551 2.646203 0.000000 0.000000 0.801880 420.000000
 53.250000 0.796656 398.456974 0.000000 0.000000 0.000000 0.000000 0.796656 412.000000
 53.500000 0.801318 404.699432 0.000000 0.000000 0.000000 0.000000 0.801318 421.000000
 53.750000 0.797653 397.761614 0.000000 0.000000 0.000000 0.000000 0.797653 404.000000
 54.000000 0.798003 402.566810 0.000000 0.000000 0.000000 0.000000 0.798003 419.000000
 54.250000 0.792017 391.546985 0.000000 0.000000 0.000000 0.000000 0.792017 407.000000
 54.500000 0.794846 394.198071 0.000000 0.000000 0.000000 0.000000 0.794846 409.000000
 54.750000 0.797030 399.238898 0.000000 0.000000 0.000000 0.000000 0.797030 411.000000
 55.000000 0.794376 395.820353 0.000000 0.000000 0.000000 0.000000 0.794376 413.000000
 55.250000 0.793842 399.318573 0.000000 0.000000 0.000000 0.000000 0.793842 413.000000
 55.500000 0.795461 394.450678 0.000000 0.000000 0.000000 0.000000 0.795461 412.000000
 55.750000 0.802415 402.320634 0.000000 0.000000 0.000000 0.000000 0.802415 407.000000
 56.000000 0.796073 396.404469 0.000000 0.000000 0.000000 0.000000 0.796073 411.000000
 56.250000 0.802356 402.442843 0.000000 0.000000 0.000000 0.000000 0.802356 412.000000
 56.500000 0.800276 399.824161 0.000000 0.000000 0.000000 0.000000 0.800276 407.000000
 56.750000 0.794154 392.812966 0.000000 0.000000 0.000000 0.000000 0.794154 404.000000
 57.000000 0.794710 395.054087 0.000000 0.000000 0.000000 0.000000 0.794710 408.000000
 57.250000 0.794443 391.437742 0.000000 0.000000 0.000000 0.000000 0.794443 405.000000
 57.500000 0.801370 402.782037 0.000000 0.000000 0.000000 0.000000 0.801370 413.000000
 57.750000 0.797285 396.927146 0.000000 0.000000 0.000000 0.000000 0.797285 410.000000
 58.000000 0.800252 405.345725 0.119526 0.478104 0.000000 0.000000 0.800252 412.000000
 58.250000 0.793945 393.782953 0.000000 0.000000 0.000000 0.000000 0.793945 406.000000
 58.500000 0.801850 404.980974 0.000000 0.000000 0.000000 0.000000 0.801850 416.000000
 58.750000 0.797509 394.777736 0.000000 0.000000 0.000000 0.000000 0.797509 402.000000
 59.000000 0.798439 402.528235 0.000000 0.000000 0.000000 0.000000 0.798439 412.000000
 59.250000 0.798980 402.870784 0.000000 0.000000 0.000000 0.000000 0.798980 410.000000
 59.500000 0.797654 403.036285 0.000000 0.000000 0.000000 0.000000 0.797654 416.000000
 59.750000 0.795680 399.532685 0.000000 0.000000 0.000000 0.000000 0.795680 420.000000
 60.000000 0.800965 402.130552 0.000000 0.000000 0.000000 0.000000 0.800965 414.000000
 60.250000 0.801403 405.231874 0.053766 0.215063 0.000000 0.000000 0.801403 419.000000
 60.500000 0.794503 400.560546 0.000000 0.000000 0.000000 0.000000 0.794503 418.000000
 60.750000 0.794459 402.369039 0.000000 0.000000 0.000000 0.000000 0.794459 414.000000
 61.000000 0.799297 404.645830 0.000000 0.000000 0.000000 0.000000 0.799297 421.000000
 61.250000 0.802540 405.807209 0.651587 2.606347 0.000000 0.000000 0.802540 419.000000
 61.500000 0.794611 398.047256 0.000000 0.000000 0.000000 0.000000 0.794611 410.000000
 61.750000 0.801972 403.208118 0.000000 0.000000 0.000000 0.000000 0.801972 418.000000
 62.000000 0.800301 400.879985 0.000000 0.000000 0.000000 0.000000 0.800301 411.000000
 62.250000 0.795927 399.851524 0.000000 0.000000 0.000000 0.000000 0.795927 413.000000
 62.500000 0.795950 396.896533 0.000000 0.000000 0.000000 0.000000 0.795950 420.000000
 62.750000 0.797025 398.179058 0.000000 0.000000 0.000000 0.000000 0.797025 415.000000
 63.000000 0.798639 400.798104 0.000000 0.000000 0.000000 0.000000 0.798639 414.000000
 63.250000 0.797017 399.964838 0.000000 0.000000 0.000000 0.000000 0.797017 412.000000
 63.500000 0.794830 393.679603 0.000000 0.000000 0.000000 0.000000 0.794830 409.000000
 63.750000 0.800612 403.154976 0.000000 0.000000 0.000000 0.000000 0.800612 413.000000
 64.000000 0.795285 399.654928 0.000000 0.000000 0.000000 0.000000 0.795285 418.000000
 64.250000 0.794394 394.252074 0.000000 0.000000 0.000000 0.000000 0.794394 415.000000
 64.500000 0.794360 398.686288 0.000000 0.000000 0.000000 0.000000 0.794360 410.000000
 64.750000 0.798604 401.684559 0.000000 0.000000 0.000000 0.000000 0.798604 413.000000
 65.000000 0.798253 398.685133 0.000000 0.000000 0.000000 0.000000 0.798253 410.000000
 65.250000 0.797262 397.637812 0.000000 0.000000 0.000000 0.000000 0.797262 413.000000
 65.500000 0.801657 405.128971 0.016634 0.066534 0.000000 0.000000 0.801657 421.000000
 65.750000 0.798294 402.682909 0.000000 0.000000 0.000000 0.000000 0.798294 414.000000
 66.000000 0.802504 401.378157 0.000000 0.000000 0.000000 0.000000 0.802504 411.000000
 66.250000 0.801662 401.678441 0.000000 0.000000 0.000000 0.000000 0.801662 411.000000
 66.500000 0.800166 402.024347 0.000000 0.000000 0.000000 0.000000 0.800166 409.000000
 66.750000 0.801080 402.714297 0.000000 0.000000 0.000000 0.000000 0.801080 412.000000
 67.000000 0.800554 401.121116 0.000000 0.000000 0.000000 0.000000 0.800554 409.000000
 67.250000 0.798864 400.062512 0.000000 0.000000 0.000000 0.000000 0.798864 418.000000
 67.500000 0.803592 403.511222 0.000000 0.000000 0.000000 0.000000 0.803592 420.000000
 67.750000 0.797434 398.080304 0.000000 0.000000 0.000000 0.000000 0.797434 414.000000
 68.000000 0.801869 403.875725 0.000000 0.000000 0.000000 0.000000 0.801869 414.000000
 68.250000 0.797777 403.074421 0.000000 0.000000 0.000000 0.000000 0.797777 425.000000
 68.500000 0.801338 400.356013 0.000000 0.000000 0.000000 0.000000 0.801338 406.000000
 68.750000 0.804744 406.231850 1.517453 6.069813 0.000000 0.000000 0.804744 414.000000
 69.000000 0.798191 390.990568 0.000000 0.000000 0.000000 0.000000 0.798191 408.000000
 69.250000 0.800309 404.819933 0.000000 0.000000 0.000000 0.000000 0.800309 421.000000
 69.500000 0.800477 401.990533 0.000000 0.000000 0.000000 0.000000 0.800477 409.000000
 69.750000 0.802039 404.457624 0.000000 0.000000 0.000000 0.000000 0.802039 418.000000
 70.000000 0.801677 407.208202 4.876155 19.504619 0.000000 0.000000 0.801677 420.000000
 70.250000 0.800574 401.443176 0.000000 0.000000 0.000000 0.000000 0.800574 415.000000
 70.500000 0.801760 404.689966 0.000000 0.000000 0.000000 0.000000 0.801760 415.000000
 70.750000 0.801155 404.195979 0.000000 0.000000 0.000000 0.000000 0.801155 414.000000
 71.000000 0.798787 397.518092 0.000000 0.000000 0.000000 0.000000 0.798787 407.000000
 71.250000 0.802409 405.180302 0.032509 0.130036 0.000000 0.000000 0.802409 414.000000
 71.500000 0.803441 404.612004 0.000000 0.000000 0.000000 0.000000 0.803441 415.000000
 71.750000 0.803703 404.727830 0.000000 0.000000 0.000000 0.000000 0.803703 415.000000
 72.000000 0.797443 400.300029 0.000000 0.000000 0.000000 0.000000 0.797443 420.000000
 72.250000 0.803844 404.297717 0.000000 0.000000 0.000000 0.000000 0.803844 404.000000
 72.500000 0.797870 400.322147 0.000000 0.000000 0.000000 0.000000 0.797870 413.000000
 72.750000 0.802401 403.972219 0.000000 0.000000 0.000000 0.000000 0.802401 420.000000
 73.000000 0.800139 405.885908 0.784833 3.139334 0.000000 0.000000 0.800139 422.000000
 73.250000 0.801136 403.191031 0.000000 0.000000 0.000000 0.000000 0.801136 411.000000
 73.500000 0.800912 402.397669 0.000000 0.000000 0.000000 0.000000 0.800912 414.000000
 73.750000 0.804648 405.393599 0.154920 0.619679 0.000000 0.000000 0.804648 416.000000
 74.000000 0.800556 402.042114 0.000000 0.000000 0.000000 0.000000 0.800556 413.000000
 74.250000 0.803542 405.112294 0.012610 0.050440 0.000000 0.000000 0.803542 417.000000
 74.500000 0.797931 402.665497 0.000000 0.000000 0.000000 0.000000 0.797931 416.000000
 74.750000 0.795728 398.711071 0.000000 0.000000 0.000000 0.000000 0.795728 418.000000
 75.000000 0.800529 405.591985 0.350447 1.401786 0.000000 0.000000 0.800529 418.000000
 75.250000 0.801065 404.329921 0.000000 0.000000 0.000000 0.000000 0.801065 412.000000
 75.500000 0.803868 404.873660 0.000000 0.000000 0.000000 0.000000 0.803868 413.000000
 75.750000 0.799448 405.722011 0.521299 2.085197 0.000000 0.000000 0.799448 423.000000
 76.000000 0.801029 401.461139 0.000000 0.000000 0.000000 0.000000 0.801029 419.000000
 76.250000 0.803853 404.212045 0.000000 0.000000 0.000000 0.000000 0.803853 413.000000
 76.500000 0.799758 402.772099 0.000000 0.000000 0.000000 0.000000 0.799758 415.000000
 76.750000 0.799466 406.395419 1.947194 7.788778 0.000000 0.000000 0.799466 426.000000
 77.000000 0.799987 406.267092 1.605521 6.422085 0.000000 0.000000 0.799987 426.000000
 77.250000 0.798437 403.418318 0.000000 0.000000 0.000000 0.000000 0.798437 418.000000
 77.500000 0.799802 403.403357 0.000000 0.000000 0.000000 0.000000 0.799802 415.000000
 77.750000 0.799399 400.906506 0.000000 0.000000 0.000000 0.000000 0.799399 411.000000
 78.000000 0.802590 405.927512 0.860279 3.441116 0.000000 0.000000 0.802590 414.000000
 78.250000 0.794852 397.404801 0.000000 0.000000 0.000000 0.000000 0.794852 413.000000
 78.500000 0.801828 404.129376 0.000000 0.000000 0.000000 0.000000 0.801828 413.000000
 78.750000 0.798873 402.235930 0.000000 0.000000 0.000000 0.000000 0.798873 417.000000
 79.000000 0.797014 402.604147 0.000000 0.000000 0.000000 0.000000 0.797014 425.000000
 79.250000 0.798223 401.481982 0.000000 0.000000 0.000000 0.000000 0.798223 419.000000
 79.500000 0.794114 396.786868 0.000000 0.000000 0.000000 0.000000 0.794114 414.000000
 79.750000 0.797582 400.674360 0.000000 0.000000 0.000000 0.000000 0.797582 412.000000
 80.000000 0.797387 396.171626 0.000000 0.000000 0.000000 0.000000 0.797387 413.000000
 80.250000 0.803816 404.479327 0.000000 0.000000 0.000000 0.000000 0.803816 410.000000
 80.500000 0.794011 388.202004 0.000000 0.000000 0.000000 0.000000 0.794011 409.000000
 80.750000 0.797430 396.787733 0.000000 0.000000 0.000000 0.000000 0.797430 411.000000
 81.000000 0.792127 391.070664 0.000000 0.000000 0.000000 0.000000 0.792127 402.000000
 81.250000 0.794201 392.537350 0.000000 0.000000 0.000000 0.000000 0.794201 403.000000
 81.500000 0.798722 398.526052 0.000000 0.000000 0.000000 0.000000 0.798722 405.000000
 81.750000 0.797342 394.987036 0.000000 0.000000 0.000000 0.000000 0.797342 404.000000
 82.000000 0.796231 395.424374 0.000000 0.000000 0.000000 0.000000 0.796231 405.000000
 82.250000 0.795924 396.123431 0.000000 0.000000 0.000000 0.000000 0.795924 410.000000
 82.500000 0.797324 399.525615 0.000000 0.000000 0.000000 0.000000 0.797324 408.000000
 82.750000 0.798441 398.053454 0.000000 0.000000 0.000000 0.000000 0.798441 412.000000
 83.000000 0.795598 398.557681 0.000000 0.000000 0.000000 0.000000 0.795598 417.000000
 83.250000 0.799111 404.334797 0.000000 0.000000 0.000000 0.000000 0.799111 419.000000
 83.500000 0.798912 400.505434 0.000000 0.000000 0.000000 0.000000 0.798912 414.000000
 83.750000 0.797748 395.255452 0.000000 0.000000 0.000000 0.000000 0.797748 408.000000
 84.000000 0.795787 397.782745 0.000000 0.000000 0.000000 0.000000 0.795787 414.000000
 84.250000 0.798737 397.074530 0.000000 0.000000 0.000000 0.000000 0.798737 409.000000
 84.500000 0.799521 403.059590 0.000000 0.000000 0.000000 0.000000 0.799521 415.000000
 84.750000 0.798766 398.804369 0.000000 0.000000 0.000000 0.000000 0.798766 406.000000
 85.000000 0.801750 404.376184 0.000000 0.000000 0.000000 0.000000 0.801750 411.000000
 85.250000 0.801619 402.511917 0.000000 0.000000 0.000000 0.000000 0.801619 410.000000
 85.500000 0.794400 391.922449 0.000000 0.000000 0.000000 0.000000 0.794400 409.000000
 85.750000 0.795326 393.654738 0.000000 0.000000 0.000000 0.000000 0.795326 405.000000
 86.000000 0.798201 400.531310 0.000000 0.000000 0.000000 0.000000 0.798201 409.000000
 86.250000 0.795538 393.337327 0.000000 0.000000 0.000000 0.000000 0.795538 406.000000
 86.500000 0.802201 403.810747 0.000000 0.000000 0.000000 0.000000 0.802201 412.000000
 86.750000 0.797607 395.213529 0.000000 0.000000 0.000000 0.000000 0.797607 411.000000
 87.000000 0.795962 389.916974 0.000000 0.000000 0.000000 0.000000 0.795962 398.000000
 87.250000 0.800710 396.728078 0.000000 0.000000 0.000000 0.000000 0.800710 408.000000
 87.500000 0.798118 398.743805 0.000000 0.000000 0.000000 0.000000 0.798118 411.000000
 87.750000 0.794974 394.419375 0.000000 0.000000 0.000000 0.000000 0.794974 408.000000
 88.000000 0.800121 402.372137 0.000000 0.000000 0.000000 0.000000 0.800121 410.000000
 88.250000 0.797509 397.177306 0.000000 0.000000 0.000000 0.000000 0.797509 409.000000
 88.500000 0.798246 398.430355 0.000000 0.000000 0.000000 0.000000 0.798246 412.000000
 88.750000 0.793702 392.149042 0.000000 0.000000 0.000000 0.000000 0.793702 404.000000
 89.000000 0.799043 401.613151 0.000000 0.000000 0.000000 0.000000 0.799043 414.000000
 89.250000 0.800462 403.108427 0.000000 0.000000 0.000000 0.000000 0.800462 422.000000
 89.500000 0.798320 399.640621 0.000000 0.000000 0.000000 0.000000 0.798320 412.000000
 89.750000 0.793678 396.197480 0.000000 0.000000 0.000000 0.000000 0.793678 407.000000
 90.000000 0.795326 393.081153 0.000000 0.000000 0.000000 0.000000 0.795326 410.000000
 90.250000 0.790805 387.919640 0.000000 0.000000 0.000000 0.000000 0.790805 407.000000
 90.500000 0.801226 400.803934 0.000000 0.000000 0.000000 0.000000 0.801226 413.000000
 90.750000 0.802917 403.955638 0.000000 0.000000 0.000000 0.000000 0.802917 415.000000
 91.000000 0.800810 400.791989 0.000000 0.000000 0.000000 0.000000 0.800810 410.000000
 91.250000 0.799338 405.679644 0.461916 1.847663 0.000000 0.000000 0.799338 418.000000
 91.500000 0.799650 405.387661 0.150281 0.601124 0.000000 0.000000 0.799650 418.000000
 91.750000 0.795608 399.126214 0.000000 0.000000 0.000000 0.000000 0.795608 413.000000
 92.000000 0.802785 402.447692 0.000000 0.000000 0.000000 0.000000 0.802785 416.000000
 92.250000 0.801687 400.736868 0.000000 0.000000 0.000000 0.000000 0.801687 404.000000
 92.500000 0.793976 392.851910 0.000000 0.000000 0.000000 0.000000 0.793976 406.000000
 92.750000 0.801887 405.316757 0.100335 0.401339 0.000000 0.000000 0.801887 418.000000
 93.000000 0.794102 395.314114 0.000000 0.000000 0.000000 0.000000 0.794102 409.000000
 93.250000 0.798821 398.682561 0.000000 0.000000 0.000000 0.000000 0.798821 410.000000
 93.500000 0.797994 399.654698 0.000000 0.000000 0.000000 0.000000 0.797994 414.000000
 93.750000 0.794423 391.699641 0.000000 0.000000 0.000000 0.000000 0.794423 402.000000
 94.000000 0.794155 391.606323 0.000000 0.000000 0.000000 0.000000 0.794155 406.000000
 94.250000 0.795125 397.492924 0.000000 0.000000 0.000000 0.000000 0.795125 410.000000
 94.500000 0.797712 398.919962 0.000000 0.000000 0.000000 0.000000 0.797712 412.000000
 94.750000 0.801402 402.746676 0.000000 0.000000 0.000000 0.000000 0.801402 416.000000
 95.000000 0.801472 401.655039 0.000000 0.000000 0.000000 0.000000 0.801472 412.000000
 95.250000 0.799811 402.911626 0.000000 0.000000 0.000000 0.000000 0.799811 418.000000
 95.500000 0.796214 398.769438 0.000000 0.000000 0.000000 0.000000 0.796214 410.000000
 95.750000 0.802202 405.629507 0.396279 1.585116 0.000000 0.000000 0.802202 415.000000
 96.000000 0.803022 402.991174 0.000000 0.000000 0.000000 0.000000 0.803022 410.000000
 96.250000 0.797323 399.871247 0.000000 0.000000 0.000000 0.000000 0.797323 412.000000
 96.500000 0.800015 400.602796 0.000000 0.000000 0.000000 0.000000 0.800015 412.000000
 96.750000 0.798387 397.841202 0.000000 0.000000 0.000000 0.000000 0.798387 411.000000
 97.000000 0.791404 388.418516 0.000000 0.000000 0.000000 0.000000 0.791404 406.000000
 97.250000 0.797980 398.184395 0.000000 0.000000 0.000000 0.000000 0.797980 410.000000
 97.500000 0.797341 395.480934 0.000000 0.000000 0.000000 0.000000 0.797341 405.000000
 97.750000 0.790412 385.424763 0.000000 0.000000 0.000000 0.000000 0.790412 400.000000
 98.000000 0.793292 390.920772 0.000000 0.000000 0.000000 0.000000 0.793292 405.000000
 98.250000 0.797840 397.858074 0.000000 0.000000 0.000000 0.000000 0.797840 413.000000
 98.500000 0.800204 398.966109 0.000000 0.000000 0.000000 0.000000 0.800204 409.000000
 98.750000 0.790244 387.020253 0.000000 0.000000 0.000000 0.000000 0.790244 411.000000
 99.000000 0.795525 393.516274 0.000000 0.000000 0.000000 0.000000 0.795525 404.000000
 99.250000 0.802794 402.620698 0.000000 0.000000 0.000000 0.000000 0.802794 409.000000
 99.500000 0.796966 397.086914 0.000000 0.000000 0.000000 0.000000 0.796966 404.000000
 99.750000 0.796756 398.007544 0.000000 0.000000 0.000000 0.000000 0.796756 413.000000
 100.000000 0.802553 405.251761 0.063383 0.253534 0.000000 0.000000 0.802553 409.000000
 100.250000 0.798355 395.304944 0.000000 0.000000 0.000000 0.000000 0.798355 405.000000
 100.500000 0.802126 405.691317 0.477919 1.911677 0.000000 0.000000 0.802126 418.000000
