#! FIELDS time refcv.mean refcv.morethan uwall.bias uwall.force2 lwall.bias lwall.force2 refcv2.mean refcv2.morethan
 0.500000 0.746901 690.366929 0.000000 0.000000 0.000000 0.000000 0.746901 687.000000
 0.750000 0.723801 685.902186 0.000000 0.000000 0.000000 0.000000 0.723801 685.000000
 1.000000 0.724782 694.303530 0.000000 0.000000 0.000000 0.000000 0.724782 693.000000
 1.250000 0.725324 683.816957 0.000000 0.000000 0.000000 0.000000 0.725324 679.000000
 1.500000 0.732081 701.697021 0.000000 0.000000 0.000000 0.000000 0.732081 699.000000
 1.750000 0.723115 692.739057 0.000000 0.000000 0.000000 0.000000 0.723115 687.000000
 2.000000 0.724792 701.909883 0.000000 0.000000 0.000000 0.000000 0.724792 699.000000
 2.250000 0.727376 706.853054 0.000000 0.000000 0.000000 0.000000 0.727376 703.000000
 2.500000 0.727023 698.906173 0.000000 0.000000 0.000000 0.000000 0.727023 699.000000
 2.750000 0.731543 706.346085 0.000000 0.000000 0.000000 0.000000 0.731543 702.000000
 3.000000 0.730747 701.581064 0.000000 0.000000 0.000000 0.000000 0.730747 699.000000
 3.250000 0.727830 699.086561 0.000000 0.000000 0.000000 0.000000 0.727830 694.000000
 3.500000 0.730211 706.743219 0.000000 0.000000 0.000000 0.000000 0.730211 700.000000
 3.750000 0.728472 697.155762 0.000000 0.000000 0.000000 0.000000 0.728472 698.000000
 4.000000 0.730717 700.454289 0.000000 0.000000 0.000000 0.000000 0.730717 694.000000
 4.250000 0.730752 699.593804 0.000000 0.000000 0.000000 0.000000 0.730752 700.000000
 4.500000 0.732803 711.127460 1.271165 5.084660 0.000000 0.000000 0.732803 710.000000
 4.750000 0.735182 711.409906 1.987836 7.951343 0.000000 0.000000 0.735182 709.000000
 5.000000 0.736461 709.795013 0.000000 0.000000 0.000000 0.000000 0.736461 702.000000
 5.250000 0.735119 712.425477 5.882941 23.531764 0.000000 0.000000 0.735119 709.000000
 5.500000 0.735888 708.389472 0.000000 0.000000 0.000000 0.000000 0.735888 705.000000
 5.750000 0.723041 693.082515 0.000000 0.000000 0.000000 0.000000 0.723041 698.000000
 6.000000 0.729905 690.765251 0.000000 0.000000 0.000000 0.000000 0.729905 685.000000
 6.250000 0.734141 709.530186 0.000000 0.000000 0.000000 0.000000 0.734141 708.000000
 6.500000 0.732137 705.073187 0.000000 0.000000 0.000000 0.000000 0.732137 705.000000
 6.750000 0.734378 707.250123 0.000000 0.000000 0.000000 0.000000 0.734378 703.000000
 7.000000 0.723063 693.550835 0.000000 0.000000 0.000000 0.000000 0.723063 695.000000
 7.250000 0.727082 700.504541 0.000000 0.000000 0.000000 0.000000 0.727082 699.000000
 7.500000 0.725780 693.910942 0.000000 0.000000 0.000000 0.000000 0.725780 696.000000
 7.750000 0.724653 689.514363 0.000000 0.000000 0.000000 0.000000 0.724653 680.000000
 8.000000 0.729592 708.047366 0.000000 0.000000 0.000000 0.000000 0.729592 717.000000
 8.250000 0.728101 697.932865 0.000000 0.000000 0.000000 0.000000 0.728101 691.000000
 8.500000 0.723337 680.645622 0.000000 0.000000 0.000000 0.000000 0.723337 677.000000
 8.750000 0.724813 689.530701 0.000000 0.000000 0.000000 0.000000 0.724813 688.000000
 9.000000 0.723606 678.228805 0.000000 0.000000 0.000000 0.000000 0.723606 672.000000
 9.250000 0.725101 686.535168 0.000000 0.000000 0.000000 0.000000 0.725101 675.000000
 9.500000 0.733729 708.545019 0.000000 0.000000 0.000000 0.000000 0.733729 708.000000
 9.750000 0.727209 696.218081 0.000000 0.000000 0.000000 0.000000 0.727209 691.000000
 10.000000 0.723474 692.971623 0.000000 0.000000 0.000000 0.000000 0.723474 692.000000
 10.250000 0.732374 712.766631 7.654245 30.616978 0.000000 0.000000 0.732374 707.000000
 10.500000 0.730393 707.254932 0.000000 0.000000 0.000000 0.000000 0.730393 705.000000
 10.750000 0.733338 706.843888 0.000000 0.000000 0.000000 0.000000 0.733338 700.000000
 11.000000 0.733746 708.102399 0.000000 0.000000 0.000000 0.000000 0.733746 704.000000
 11.250000 0.731790 707.554511 0.000000 0.000000 0.000000 0.000000 0.731790 702.000000
 11.500000 0.731224 706.292701 0.000000 0.000000 0.000000 0.000000 0.731224 709.000000
 11.750000 0.724948 701.881658 0.000000 0.000000 0.000000 0.000000 0.724948 702.000000
 12.000000 0.728316 705.997288 0.000000 0.000000 0.000000 0.000000 0.728316 703.000000
 12.250000 0.729520 710.033859 0.001146 0.004586 0.000000 0.000000 0.729520 710.000000
 12.500000 0.730976 709.935910 0.000000 0.000000 0.000000 0.000000 0.730976 712.000000
 12.750000 0.730712 709.979909 0.000000 0.000000 0.000000 0.000000 0.730712 709.000000
 13.000000 0.730629 710.775753 0.601793 2.407172 0.000000 0.000000 0.730629 707.000000
 13.250000 0.728712 706.998944 0.000000 0.000000 0.000000 0.000000 0.728712 705.000000
 13.500000 0.724559 694.015554 0.000000 0.000000 0.000000 0.000000 0.724559 688.000000
 13.750000 0.727755 703.133279 0.000000 0.000000 0.000000 0.000000 0.727755 704.000000
 14.000000 0.731405 702.010630 0.000000 0.000000 0.000000 0.000000 0.731405 698.000000
 14.250000 0.730415 702.702845 0.000000 0.000000 0.000000 0.000000 0.730415 703.000000
 14.500000 0.730976 706.188885 0.000000 0.000000 0.000000 0.000000 0.730976 709.000000
 14.750000 0.725208 692.861429 0.000000 0.000000 0.000000 0.000000 0.725208 690.000000
 15.000000 0.727946 691.580864 0.000000 0.000000 0.000000 0.000000 0.727946 690.000000
 15.250000 0.730864 703.131759 0.000000 0.000000 0.000000 0.000000 0.730864 702.000000
 15.500000 0.728384 691.973664 0.000000 0.000000 0.000000 0.000000 0.728384 696.000000
 15.750000 0.724632 688.349420 0.000000 0.000000 0.000000 0.000000 0.724632 689.000000
 16.000000 0.733770 705.296720 0.000000 0.000000 0.000000 0.000000 0.733770 702.000000
 16.250000 0.729173 698.123078 0.000000 0.000000 0.000000 0.000000 0.729173 696.000000
 16.500000 0.730156 696.345728 0.000000 0.000000 0.000000 0.000000 0.730156 692.000000
 16.750000 0.728498 702.097784 0.000000 0.000000 0.000000 0.000000 0.728498 700.000000
 17.000000 0.732801 701.032722 0.000000 0.000000 0.000000 0.000000 0.732801 698.000000
 17.250000 0.733636 699.463004 0.000000 0.000000 0.000000 0.000000 0.733636 695.000000
 17.500000 0.732461 702.653863 0.000000 0.000000 0.000000 0.000000 0.732461 697.000000
 17.750000 0.725278 690.686098 0.000000 0.000000 0.000000 0.000000 0.725278 684.000000
 18.000000 0.727566 707.239862 0.000000 0.000000 0.000000 0.000000 0.727566 709.000000
 18.250000 0.730692 703.471043 0.000000 0.000000 0.000000 0.000000 0.730692 697.000000
 18.500000 0.726235 693.805085 0.000000 0.000000 0.000000 0.000000 0.726235 694.000000
 18.750000 0.729659 688.942382 0.000000 0.000000 0.000000 0.000000 0.729659 684.000000
 19.000000 0.732213 696.435053 0.000000 0.000000 0.000000 0.000000 0.732213 695.000000
 19.250000 0.726307 694.112953 0.000000 0.000000 0.000000 0.000000 0.726307 697.000000
 19.500000 0.731886 703.564021 0.000000 0.000000 0.000000 0.000000 0.731886 698.000000
 19.750000 0.730048 706.184837 0.000000 0.000000 0.000000 0.000000 0.730048 711.000000
 20.000000 0.729161 709.594374 0.000000 0.000000 0.000000 0.000000 0.729161 712.000000
 20.250000 0.724328 701.495108 0.000000 0.000000 0.000000 0.000000 0.724328 700.000000
 20.500000 0.726968 690.864959 0.000000 0.000000 0.000000 0.000000 0.726968 686.000000
 20.750000 0.726803 696.040891 0.000000 0.000000 0.000000 0.000000 0.726803 689.000000
 21.000000 0.725321 696.254012 0.000000 0.000000 0.000000 0.000000 0.725321 695.000000
 21.250000 0.724380 690.651064 0.000000 0.000000 0.000000 0.000000 0.724380 691.000000
 21.500000 0.724832 690.587748 0.000000 0.000000 0.000000 0.000000 0.724832 678.000000
 21.750000 0.727235 699.750902 0.000000 0.000000 0.000000 0.000000 0.727235 697.000000
 22.000000 0.730491 698.818650 0.000000 0.000000 0.000000 0.000000 0.730491 701.000000
 22.250000 0.729475 696.507828 0.000000 0.000000 0.000000 0.000000 0.729475 695.000000
 22.500000 0.730239 697.656291 0.000000 0.000000 0.000000 0.000000 0.730239 696.000000
 22.750000 0.726664 697.298498 0.000000 0.000000 0.000000 0.000000 0.726664 688.000000
 23.000000 0.726122 696.341616 0.000000 0.000000 0.000000 0.000000 0.726122 698.000000
 23.250000 0.728234 701.508205 0.000000 0.000000 0.000000 0.000000 0.728234 698.000000
 23.500000 0.726295 700.124213 0.000000 0.000000 0.000000 0.000000 0.726295 693.000000
 23.750000 0.726828 690.234247 0.000000 0.000000 0.000000 0.000000 0.726828 689.000000
 24.000000 0.726351 693.356997 0.000000 0.000000 0.000000 0.000000 0.726351 693.000000
 24.250000 0.726432 694.569890 0.000000 0.000000 0.000000 0.000000 0.726432 698.000000
 24.500000 0.725891 697.572793 0.000000 0.000000 0.000000 0.000000 0.725891 699.000000
 24.750000 0.725839 697.265356 0.000000 0.000000 0.000000 0.000000 0.725839 696.000000
 25.000000 0.728104 694.613864 0.000000 0.000000 0.000000 0.000000 0.728104 693.000000
 25.250000 0.725696 698.869461 0.000000 0.000000 0.000000 0.000000 0.725696 700.000000
 25.500000 0.725542 692.230598 0.000000 0.000000 0.000000 0.000000 0.725542 689.000000
 25.750000 0.722638 683.583490 0.000000 0.000000 0.000000 0.000000 0.722638 684.000000
 26.000000 0.725267 688.993117 0.000000 0.000000 0.000000 0.000000 0.725267 689.000000
 26.250000 0.727899 687.226679 0.000000 0.000000 0.000000 0.000000 0.727899 676.000000
 26.500000 0.718558 666.421639 0.000000 0.000000 0.000000 0.000000 0.718558 664.000000
 26.750000 0.719092 668.937215 0.000000 0.000000 0.000000 0.000000 0.719092 667.000000
 27.000000 0.723882 683.822616 0.000000 0.000000 0.000000 0.000000 0.723882 680.000000
 27.250000 0.716673 665.690710 0.000000 0.000000 0.000000 0.000000 0.716673 663.000000
 27.500000 0.717579 666.966723 0.000000 0.000000 0.000000 0.000000 0.717579 663.000000
 27.750000 0.717429 670.369492 0.000000 0.000000 0.000000 0.000000 0.717429 671.000000
 28.000000 0.723243 684.407607 0.000000 0.000000 0.000000 0.000000 0.723243 675.000000
 28.250000 0.710486 649.357093 0.000000 0.000000 0.413330 1.653319 0.710486 649.000000
 28.500000 0.714605 658.733289 0.000000 0.000000 0.000000 0.000000 0.714605 653.000000
 28.750000 0.716495 661.312441 0.000000 0.000000 0.000000 0.000000 0.716495 659.000000
 29.000000 0.716931 659.366325 0.000000 0.000000 0.000000 0.000000 0.716931 654.000000
 29.250000 0.720303 653.831587 0.000000 0.000000 0.000000 0.000000 0.720303 649.000000
 29.500000 0.723170 663.765456 0.000000 0.000000 0.000000 0.000000 0.723170 656.000000
 29.750000 0.717843 654.254344 0.000000 0.000000 0.000000 0.000000 0.717843 647.000000
 30.000000 0.721291 668.190621 0.000000 0.000000 0.000000 0.000000 0.721291 664.000000
 30.250000 0.718632 663.096968 0.000000 0.000000 0.000000 0.000000 0.718632 660.000000
 30.500000 0.722820 675.194057 0.000000 0.000000 0.000000 0.000000 0.722820 668.000000
 30.750000 0.721854 669.276315 0.000000 0.000000 0.000000 0.000000 0.721854 666.000000
 31.000000 0.717289 669.165111 0.000000 0.000000 0.000000 0.000000 0.717289 669.000000
 31.250000 0.721394 676.148453 0.000000 0.000000 0.000000 0.000000 0.721394 677.000000
 31.500000 0.716329 671.944902 0.000000 0.000000 0.000000 0.000000 0.716329 660.000000
 31.750000 0.716245 664.820141 0.000000 0.000000 0.000000 0.000000 0.716245 658.000000
 32.000000 0.712603 660.475674 0.000000 0.000000 0.000000 0.000000 0.712603 660.000000
 32.250000 0.719388 668.039385 0.000000 0.000000 0.000000 0.000000 0.719388 671.000000
 32.500000 0.719392 666.748599 0.000000 0.000000 0.000000 0.000000 0.719392 664.000000
 32.750000 0.717688 667.631571 0.000000 0.000000 0.000000 0.000000 0.717688 668.000000
 33.000000 0.714895 666.109315 0.000000 0.000000 0.000000 0.000000 0.714895 668.000000
 33.250000 0.719095 658.524150 0.000000 0.000000 0.000000 0.000000 0.719095 652.000000
 33.500000 0.724110 686.331509 0.000000 0.000000 0.000000 0.000000 0.724110 681.000000
 33.750000 0.717155 668.148425 0.000000 0.000000 0.000000 0.000000 0.717155 668.000000
 34.000000 0.720872 677.992386 0.000000 0.000000 0.000000 0.000000 0.720872 670.000000
 34.250000 0.717419 663.000784 0.000000 0.000000 0.000000 0.000000 0.717419 666.000000
 34.500000 0.723294 673.229424 0.000000 0.000000 0.000000 0.000000 0.723294 671.000000
 34.750000 0.724490 675.228612 0.000000 0.000000 0.000000 0.000000 0.724490 672.000000
 35.000000 0.716898 663.052923 0.000000 0.000000 0.000000 0.000000 0.716898 661.000000
 35.250000 0.718440 665.139154 0.000000 0.000000 0.000000 0.000000 0.718440 659.000000
 35.500000 0.713714 655.844552 0.000000 0.000000 0.000000 0.000000 0.713714 654.000000
 35.750000 0.714242 656.063827 0.000000 0.000000 0.000000 0.000000 0.714242 658.000000
 36.000000 0.713445 655.520883 0.000000 0.000000 0.000000 0.000000 0.713445 653.000000
 36.250000 0.712867 661.267717 0.000000 0.000000 0.000000 0.000000 0.712867 661.000000
 36.500000 0.713010 651.481079 0.000000 0.000000 0.000000 0.000000 0.713010 646.000000
 36.750000 0.709526 654.541280 0.000000 0.000000 0.000000 0.000000 0.709526 650.000000
 37.000000 0.711789 655.329230 0.000000 0.000000 0.000000 0.000000 0.711789 653.000000
 37.250000 0.711696 654.269885 0.000000 0.000000 0.000000 0.000000 0.711696 650.000000
 37.500000 0.713957 653.214939 0.000000 0.000000 0.000000 0.000000 0.713957 646.000000
 37.750000 0.709951 656.102178 0.000000 0.000000 0.000000 0.000000 0.709951 656.000000
 38.000000 0.710724 652.476879 0.000000 0.000000 0.000000 0.000000 0.710724 650.000000
 38.250000 0.714548 655.891843 0.000000 0.000000 0.000000 0.000000 0.714548 653.000000
 38.500000 0.715635 652.999524 0.000000 0.000000 0.000000 0.000000 0.715635 643.000000
 38.750000 0.714556 653.366083 0.000000 0.000000 0.000000 0.000000 0.714556 651.000000
 39.000000 0.715096 660.029373 0.000000 0.000000 0.000000 0.000000 0.715096 649.000000
 39.250000 0.716453 657.830436 0.000000 0.000000 0.000000 0.000000 0.716453 656.000000
 39.500000 0.717941 670.963310 0.000000 0.000000 0.000000 0.000000 0.717941 667.000000
 39.750000 0.712434 655.104283 0.000000 0.000000 0.000000 0.000000 0.712434 649.000000
 40.000000 0.715584 658.486686 0.000000 0.000000 0.000000 0.000000 0.715584 657.000000
 40.250000 0.719553 660.246699 0.000000 0.000000 0.000000 0.000000 0.719553 654.000000
 40.500000 0.712822 651.742803 0.000000 0.000000 0.000000 0.000000 0.712822 655.000000
 40.750000 0.714767 654.128978 0.000000 0.000000 0.000000 0.000000 0.714767 651.000000
 41.000000 0.715596 654.921508 0.000000 0.000000 0.000000 0.000000 0.715596 650.000000
 41.250000 0.714769 649.035004 0.000000 0.000000 0.931218 3.724871 0.714769 648.000000
 41.500000 0.714596 651.386058 0.000000 0.000000 0.000000 0.000000 0.714596 645.000000
 41.750000 0.714967 652.874840 0.000000 0.000000 0.000000 0.000000 0.714967 644.000000
 42.000000 0.711277 651.164893 0.000000 0.000000 0.000000 0.000000 0.711277 657.000000
 42.250000 0.713994 649.574601 0.000000 0.000000 0.180964 0.723856 0.713994 644.000000
 42.500000 0.714874 649.768533 0.000000 0.000000 0.053577 0.214307 0.714874 650.000000
 42.750000 0.713613 654.915241 0.000000 0.000000 0.000000 0.000000 0.713613 656.000000
 43.000000 0.714686 647.677854 0.000000 0.000000 5.392362 21.569448 0.714686 640.000000
 43.250000 0.716270 653.489853 0.000000 0.000000 0.000000 0.000000 0.716270 652.000000
 43.500000 0.713001 650.859209 0.000000 0.000000 0.000000 0.000000 0.713001 650.000000
 43.750000 0.714516 666.301748 0.000000 0.000000 0.000000 0.000000 0.714516 665.000000
 44.000000 0.715911 664.540107 0.000000 0.000000 0.000000 0.000000 0.715911 660.000000
 44.250000 0.718392 668.125274 0.000000 0.000000 0.000000 0.000000 0.718392 665.000000
 44.500000 0.718403 670.216574 0.000000 0.000000 0.000000 0.000000 0.718403 663.000000
 44.750000 0.717006 660.581011 0.000000 0.000000 0.000000 0.000000 0.717006 652.000000
 45.000000 0.713023 655.136005 0.000000 0.000000 0.000000 0.000000 0.713023 653.000000
 45.250000 0.716607 658.563046 0.000000 0.000000 0.000000 0.000000 0.716607 651.000000
 45.500000 0.715515 654.937959 0.000000 0.000000 0.000000 0.000000 0.715515 651.000000
 45.750000 0.713508 650.360413 0.000000 0.000000 0.000000 0.000000 0.713508 646.000000
 46.000000 0.712759 649.634157 0.000000 0.000000 0.133841 0.535364 0.712759 641.000000
 46.250000 0.713787 652.131534 0.000000 0.000000 0.000000 0.000000 0.713787 647.000000
 46.500000 0.717454 662.654322 0.000000 0.000000 0.000000 0.000000 0.717454 661.000000
 46.750000 0.717243 660.900687 0.000000 0.000000 0.000000 0.000000 0.717243 649.000000
 47.000000 0.716134 656.688982 0.000000 0.000000 0.000000 0.000000 0.716134 653.000000
 47.250000 0.716408 657.742424 0.000000 0.000000 0.000000 0.000000 0.716408 654.000000
 47.500000 0.712617 648.517337 0.000000 0.000000 2.198290 8.793158 0.712617 645.000000
 47.750000 0.713199 650.580735 0.000000 0.000000 0.000000 0.000000 0.713199 647.000000
 48.000000 0.718047 654.655128 0.000000 0.000000 0.000000 0.000000 0.718047 650.000000
 48.250000 0.714977 651.019287 0.000000 0.000000 0.000000 0.000000 0.714977 647.000000
 48.500000 0.718027 657.734119 0.000000 0.000000 0.000000 0.000000 0.718027 654.000000
 48.750000 0.714247 651.873265 0.000000 0.000000 0.000000 0.000000 0.714247 654.000000
 49.000000 0.715783 659.404044 0.000000 0.000000 0.000000 0.000000 0.715783 653.000000
 49.250000 0.716472 660.445445 0.000000 0.000000 0.000000 0.000000 0.716472 659.000000
 49.500000 0.709730 649.463401 0.000000 0.000000 0.287939 1.151754 0.709730 643.000000
 49.750000 0.721027 666.364164 0.000000 0.000000 0.000000 0.000000 0.721027 663.000000
 50.000000 0.713133 650.927403 0.000000 0.000000 0.000000 0.000000 0.713133 644.000000
 50.250000 0.718411 667.763916 0.000000 0.000000 0.000000 0.000000 0.718411 664.000000
 50.500000 0.718527 663.038681 0.000000 0.000000 0.000000 0.000000 0.718527 663.000000
 50.750000 0.714176 659.138470 0.000000 0.000000 0.000000 0.000000 0.714176 660.000000
 51.000000 0.714932 654.863565 0.000000 0.000000 0.000000 0.000000 0.714932 660.000000
 51.250000 0.717673 668.164755 0.000000 0.000000 0.000000 0.000000 0.717673 658.000000
 51.500000 0.716825 661.568948 0.000000 0.000000 0.000000 0.000000 0.716825 659.000000
 51.750000 0.715139 653.772170 0.000000 0.000000 0.000000 0.000000 0.715139 646.000000
 52.000000 0.716839 659.580593 0.000000 0.000000 0.000000 0.000000 0.716839 655.000000
 52.250000 0.715122 655.596528 0.000000 0.000000 0.000000 0.000000 0.715122 649.000000
 52.500000 0.717488 664.480268 0.000000 0.000000 0.000000 0.000000 0.717488 666.000000
 52.750000 0.717967 658.337522 0.000000 0.000000 0.000000 0.000000 0.717967 655.000000
 53.000000 0.715076 659.565122 0.000000 0.000000 0.000000 0.000000 0.715076 653.000000
 53.250000 0.719668 676.348910 0.000000 0.000000 0.000000 0.000000 0.719668 672.000000
 53.500000 0.717203 657.276925 0.000000 0.000000 0.000000 0.000000 0.717203 652.000000
 53.750000 0.719337 664.759110 0.000000 0.000000 0.000000 0.000000 0.719337 667.000000
 54.000000 0.712746 651.295608 0.000000 0.000000 0.000000 0.000000 0.712746 655.000000
 54.250000 0.709413 650.016946 0.000000 0.000000 0.000000 0.000000 0.709413 651.000000
 54.500000 0.713573 656.377546 0.000000 0.000000 0.000000 0.000000 0.713573 653.000000
 54.750000 0.709481 650.779125 0.000000 0.000000 0.000000 0.000000 0.709481 648.000000
 55.000000 0.713102 658.656637 0.000000 0.000000 0.000000 0.000000 0.713102 659.000000
 55.250000 0.712643 659.406690 0.000000 0.000000 0.000000 0.000000 0.712643 659.000000
 55.500000 0.713418 652.788394 0.000000 0.000000 0.000000 0.000000 0.713418 655.000000
 55.750000 0.712243 652.421664 0.000000 0.000000 0.000000 0.000000 0.712243 649.000000
 56.000000 0.709608 649.363475 0.000000 0.000000 0.405164 1.620654 0.709608 649.000000
 56.250000 0.715399 657.750916 0.000000 0.000000 0.000000 0.000000 0.715399 656.000000
 56.500000 0.719232 664.337475 0.000000 0.000000 0.000000 0.000000 0.719232 664.000000
 56.750000 0.718221 664.770325 0.000000 0.000000 0.000000 0.000000 0.718221 662.000000
 57.000000 0.713752 658.958980 0.000000 0.000000 0.000000 0.000000 0.713752 655.000000
 57.250000 0.715877 656.686242 0.000000 0.000000 0.000000 0.000000 0.715877 653.000000
 57.500000 0.717026 668.623305 0.000000 0.000000 0.000000 0.000000 0.717026 665.000000
 57.750000 0.717375 654.312220 0.000000 0.000000 0.000000 0.000000 0.717375 650.000000
 58.000000 0.720735 666.621370 0.000000 0.000000 0.000000 0.000000 0.720735 660.000000
 58.250000 0.713907 658.028973 0.000000 0.000000 0.000000 0.000000 0.713907 655.000000
 58.500000 0.716632 659.092508 0.000000 0.000000 0.000000 0.000000 0.716632 654.000000
 58.750000 0.714088 660.369828 0.000000 0.000000 0.000000 0.000000 0.714088 661.000000
 59.000000 0.717407 664.070106 0.000000 0.000000 0.000000 0.000000 0.717407 662.000000
 59.250000 0.714353 654.065640 0.000000 0.000000 0.000000 0.000000 0.714353 652.000000
 59.500000 0.721318 671.664718 0.000000 0.000000 0.000000 0.000000 0.721318 666.000000
 59.750000 0.714196 659.336221 0.000000 0.000000 0.000000 0.000000 0.714196 658.000000
 60.000000 0.710920 649.607756 0.000000 0.000000 0.153855 0.615420 0.710920 647.000000
 60.250000 0.714525 650.171303 0.000000 0.000000 0.000000 0.000000 0.714525 648.000000
 60.500000 0.710690 649.174642 0.000000 0.000000 0.681215 2.724861 0.710690 655.000000
 60.750000 0.716302 649.962471 0.000000 0.000000 0.001408 0.005634 0.716302 641.000000
 61.000000 0.715160 651.696847 0.000000 0.000000 0.000000 0.000000 0.715160 643.000000
 61.250000 0.711204 651.328604 0.000000 0.000000 0.000000 0.000000 0.711204 642.000000
 61.500000 0.711457 647.902328 0.000000 0.000000 4.400228 17.600910 0.711457 648.000000
 61.750000 0.716050 654.308414 0.000000 0.000000 0.000000 0.000000 0.716050 652.000000
 62.000000 0.716159 657.493477 0.000000 0.000000 0.000000 0.000000 0.716159 651.000000
 62.250000 0.716188 660.259385 0.000000 0.000000 0.000000 0.000000 0.716188 656.000000
 62.500000 0.713396 649.816678 0.000000 0.000000 0.033607 0.134427 0.713396 648.000000
 62.750000 0.713848 650.795408 0.000000 0.000000 0.000000 0.000000 0.713848 650.000000
 63.000000 0.717577 664.779490 0.000000 0.000000 0.000000 0.000000 0.717577 661.000000
 63.250000 0.713534 651.820838 0.000000 0.000000 0.000000 0.000000 0.713534 648.000000
 63.500000 0.710496 650.434642 0.000000 0.000000 0.000000 0.000000 0.710496 644.000000
 63.750000 0.718882 667.620314 0.000000 0.000000 0.000000 0.000000 0.718882 665.000000
 64.000000 0.723329 672.890685 0.000000 0.000000 0.000000 0.000000 0.723329 670.000000
 64.250000 0.720667 674.854496 0.000000 0.000000 0.000000 0.000000 0.720667 675.000000
 64.500000 0.718731 664.171329 0.000000 0.000000 0.000000 0.000000 0.718731 661.000000
 64.750000 0.717204 657.434023 0.000000 0.000000 0.000000 0.000000 0.717204 656.000000
 65.000000 0.720163 666.657342 0.000000 0.000000 0.000000 0.000000 0.720163 668.000000
 65.250000 0.716835 665.327892 0.000000 0.000000 0.000000 0.000000 0.716835 664.000000
 65.500000 0.717364 657.976590 0.000000 0.000000 0.000000 0.000000 0.717364 664.000000
 65.750000 0.719747 662.308214 0.000000 0.000000 0.000000 0.000000 0.719747 657.000000
 66.000000 0.717983 666.079663 0.000000 0.000000 0.000000 0.000000 0.717983 660.000000
 66.250000 0.717328 653.783925 0.000000 0.000000 0.000000 0.000000 0.717328 647.000000
 66.500000 0.723090 673.316673 0.000000 0.000000 0.000000 0.000000 0.723090 668.000000
 66.750000 0.719636 674.696989 0.000000 0.000000 0.000000 0.000000 0.719636 675.000000
 67.000000 0.718769 670.862954 0.000000 0.000000 0.000000 0.000000 0.718769 674.000000
 67.250000 0.721263 681.431262 0.000000 0.000000 0.000000 0.000000 0.721263 682.000000
 67.500000 0.726611 687.526024 0.000000 0.000000 0.000000 0.000000 0.726611 687.000000
 67.750000 0.728273 686.979810 0.000000 0.000000 0.000000 0.000000 0.728273 687.000000
 68.000000 0.716918 663.545528 0.000000 0.000000 0.000000 0.000000 0.716918 659.000000
 68.250000 0.717806 664.710600 0.000000 0.000000 0.000000 0.000000 0.717806 658.000000
 68.500000 0.724752 679.495502 0.000000 0.000000 0.000000 0.000000 0.724752 677.000000
 68.750000 0.721884 673.210136 0.000000 0.000000 0.000000 0.000000 0.721884 671.000000
 69.000000 0.717440 671.842551 0.000000 0.000000 0.000000 0.000000 0.717440 668.000000
 69.250000 0.723793 682.926332 0.000000 0.000000 0.000000 0.000000 0.723793 681.000000
 69.500000 0.723414 678.763063 0.000000 0.000000 0.000000 0.000000 0.723414 670.000000
 69.750000 0.723505 673.477725 0.000000 0.000000 0.000000 0.000000 0.723505 675.000000
 70.000000 0.717971 659.839782 0.000000 0.000000 0.000000 0.000000 0.717971 656.000000
 70.250000 0.715326 661.115072 0.000000 0.000000 0.000000 0.000000 0.715326 658.000000
 70.500000 0.721886 667.519267 0.000000 0.000000 0.000000 0.000000 0.721886 660.000000
 70.750000 0.715915 657.698584 0.000000 0.000000 0.000000 0.000000 0.715915 650.000000
 71.000000 0.714910 655.030044 0.000000 0.000000 0.000000 0.000000 0.714910 653.000000
 71.250000 0.713944 652.453106 0.000000 0.000000 0.000000 0.000000 0.713944 650.000000
 71.500000 0.717060 657.983958 0.000000 0.000000 0.000000 0.000000 0.717060 657.000000
 71.750000 0.711998 651.311857 0.000000 0.000000 0.000000 0.000000 0.711998 654.000000
 72.000000 0.715230 663.060767 0.000000 0.000000 0.000000 0.000000 0.715230 666.000000
 72.250000 0.716759 654.507850 0.000000 0.000000 0.000000 0.000000 0.716759 650.000000
 72.500000 0.714250 653.057772 0.000000 0.000000 0.000000 0.000000 0.714250 651.000000
 72.750000 0.717203 652.796831 0.000000 0.000000 0.000000 0.000000 0.717203 648.000000
 73.000000 0.716662 656.288685 0.000000 0.000000 0.000000 0.000000 0.716662 645.000000
 73.250000 0.718446 661.767528 0.000000 0.000000 0.000000 0.000000 0.718446 655.000000
 73.500000 0.720225 661.133668 0.000000 0.000000 0.000000 0.000000 0.720225 658.000000
 73.750000 0.715345 651.294483 0.000000 0.000000 0.000000 0.000000 0.715345 643.000000
 74.000000 0.713656 648.298001 0.000000 0.000000 2.896802 11.587209 0.713656 644.000000
 74.250000 0.716535 655.260493 0.000000 0.000000 0.000000 0.000000 0.716535 654.000000
 74.500000 0.717357 657.291719 0.000000 0.000000 0.000000 0.000000 0.717357 654.000000
 74.750000 0.712837 651.811495 0.000000 0.000000 0.000000 0.000000 0.712837 651.000000
 75.000000 0.717975 656.700257 0.000000 0.000000 0.000000 0.000000 0.717975 651.000000
 75.250000 0.712628 653.687880 0.000000 0.000000 0.000000 0.000000 0.712628 648.000000
 75.500000 0.713613 656.483545 0.000000 0.000000 0.000000 0.000000 0.713613 653.000000
 75.750000 0.716699 669.987131 0.000000 0.000000 0.000000 0.000000 0.716699 673.000000
 76.000000 0.716829 668.026442 0.000000 0.000000 0.000000 0.000000 0.716829 670.000000
 76.250000 0.711596 656.301933 0.000000 0.000000 0.000000 0.000000 0.711596 655.000000
 76.500000 0.718565 658.857857 0.000000 0.000000 0.000000 0.000000 0.718565 660.000000
 76.750000 0.717071 658.670478 0.000000 0.000000 0.000000 0.000000 0.717071 652.000000
 77.000000 0.715292 661.900887 0.000000 0.000000 0.000000 0.000000 0.715292 657.000000
 77.250000 0.714364 667.695688 0.000000 0.000000 0.000000 0.000000 0.714364 666.000000
 77.500000 0.714061 657.184303 0.000000 0.000000 0.000000 0.000000 0.714061 650.000000
 77.750000 0.717464 657.712003 0.000000 0.000000 0.000000 0.000000 0.717464 656.000000
 78.000000 0.717664 655.959036 0.000000 0.000000 0.000000 0.000000 0.717664 650.000000
 78.250000 0.711220 650.823293 0.000000 0.000000 0.000000 0.000000 0.711220 649.000000
 78.500000 0.711215 650.839350 0.000000 0.000000 0.000000 0.000000 0.711215 647.000000
 78.750000 0.710004 650.024126 0.000000 0.000000 0.000000 0.000000 0.710004 652.000000
 79.000000 0.715136 661.986210 0.000000 0.000000 0.000000 0.000000 0.715136 665.000000
 79.250000 0.717361 650.227085 0.000000 0.000000 0.000000 0.000000 0.717361 646.000000
 79.500000 0.714144 652.571220 0.000000 0.000000 0.000000 0.000000 0.714144 650.000000
 79.750000 0.714361 649.914262 0.000000 0.000000 0.007351 0.029404 0.714361 649.000000
 80.000000 0.715557 649.861178 0.000000 0.000000 0.019272 0.077086 0.715557 647.000000
 80.250000 0.711645 649.378301 0.000000 0.000000 0.386510 1.546038 0.711645 649.000000
 80.500000 0.717403 659.127069 0.000000 0.000000 0.000000 0.000000 0.717403 652.000000
 80.750000 0.714270 652.008387 0.000000 0.000000 0.000000 0.000000 0.714270 650.000000
 81.000000 0.714910 649.611856 0.000000 0.000000 0.150655 0.602622 0.714910 652.000000
 81.250000 0.714220 652.424697 0.000000 0.000000 0.000000 0.000000 0.714220 656.000000
 81.500000 0.716378 657.263453 0.000000 0.000000 0.000000 0.000000 0.716378 661.000000
 81.750000 0.714449 648.274816 0.000000 0.000000 2.976260 11.905039 0.714449 638.000000
 82.000000 0.714069 651.747584 0.000000 0.000000 0.000000 0.000000 0.714069 645.000000
 82.250000 0.713082 656.580264 0.000000 0.000000 0.000000 0.000000 0.713082 664.000000
 82.500000 0.714670 658.706385 0.000000 0.000000 0.000000 0.000000 0.714670 660.000000
 82.750000 0.712956 649.059766 0.000000 0.000000 0.884040 3.536159 0.712956 647.000000
 83.000000 0.711392 651.770538 0.000000 0.000000 0.000000 0.000000 0.711392 651.000000
 83.250000 0.712852 649.439403 0.000000 0.000000 0.314269 1.257076 0.712852 649.000000
 83.500000 0.711998 652.375493 0.000000 0.000000 0.000000 0.000000 0.711998 656.000000
 83.750000 0.713365 649.673570 0.000000 0.000000 0.106557 0.426227 0.713365 647.000000
 84.000000 0.713043 656.653679 0.000000 0.000000 0.000000 0.000000 0.713043 662.000000
 84.250000 0.711456 654.692017 0.000000 0.000000 0.000000 0.000000 0.711456 655.000000
 84.500000 0.713361 659.028055 0.000000 0.000000 0.000000 0.000000 0.713361 660.000000
 84.750000 0.709654 650.839190 0.000000 0.000000 0.000000 0.000000 0.709654 654.000000
 85.000000 0.714538 651.420690 0.000000 0.000000 0.000000 0.000000 0.714538 650.000000
 85.250000 0.715846 661.301489 0.000000 0.000000 0.000000 0.000000 0.715846 659.000000
 85.500000 0.710350 651.443823 0.000000 0.000000 0.000000 0.000000 0.710350 651.000000
 85.750000 0.713668 661.111621 0.000000 0.000000 0.000000 0.000000 0.713668 658.000000
 86.000000 0.713837 657.269297 0.000000 0.000000 0.000000 0.000000 0.713837 656.000000
 86.250000 0.713204 663.884956 0.000000 0.000000 0.000000 0.000000 0.713204 669.000000
 86.500000 0.712650 654.542771 0.000000 0.000000 0.000000 0.000000 0.712650 654.000000
 86.750000 0.713657 659.965746 0.000000 0.000000 0.000000 0.000000 0.713657 661.000000
 87.000000 0.718782 652.373128 0.000000 0.000000 0.000000 0.000000 0.718782 648.000000
 87.250000 0.714421 656.005382 0.000000 0.000000 0.000000 0.000000 0.714421 656.000000
 87.500000 0.712371 655.196074 0.000000 0.000000 0.000000 0.000000 0.712371 655.000000
 87.750000 0.715120 658.527405 0.000000 0.000000 0.000000 0.000000 0.715120 659.000000
 88.000000 0.715127 655.658775 0.000000 0.000000 0.000000 0.000000 0.715127 651.000000
 88.250000 0.713145 656.906228 0.000000 0.000000 0.000000 0.000000 0.713145 654.000000
 88.500000 0.709103 650.130705 0.000000 0.000000 0.000000 0.000000 0.709103 657.000000
 88.750000 0.711565 653.070389 0.000000 0.000000 0.000000 0.000000 0.711565 649.000000
 89.000000 0.717216 660.719929 0.000000 0.000000 0.000000 0.000000 0.717216 654.000000
 89.250000 0.712916 654.609187 0.000000 0.000000 0.000000 0.000000 0.712916 657.000000
 89.500000 0.716136 655.859973 0.000000 0.000000 0.000000 0.000000 0.716136 651.000000
 89.750000 0.715459 660.023428 0.000000 0.000000 0.000000 0.000000 0.715459 660.000000
 90.000000 0.714079 649.861695 0.000000 0.000000 0.019128 0.076513 0.714079 646.000000
 90.250000 0.720377 664.110792 0.000000 0.000000 0.000000 0.000000 0.720377 658.000000
 90.500000 0.718837 667.687242 0.000000 0.000000 0.000000 0.000000 0.718837 665.000000
 90.750000 0.713215 651.705952 0.000000 0.000000 0.000000 0.000000 0.713215 651.000000
 91.000000 0.712297 653.945889 0.000000 0.000000 0.000000 0.000000 0.712297 649.000000
 91.250000 0.713895 651.545392 0.000000 0.000000 0.000000 0.000000 0.713895 644.000000
 91.500000 0.711935 648.262126 0.000000 0.000000 3.020207 12.080826 0.711935 641.000000
 91.750000 0.712160 651.028408 0.000000 0.000000 0.000000 0.000000 0.712160 654.000000
 92.000000 0.713808 657.086887 0.000000 0.000000 0.000000 0.000000 0.713808 652.000000
 92.250000 0.715713 649.748209 0.000000 0.000000 0.063399 0.253596 0.715713 647.000000
 92.500000 0.711295 652.448326 0.000000 0.000000 0.000000 0.000000 0.711295 651.000000
 92.750000 0.711237 648.838509 0.000000 0.000000 1.349061 5.396246 0.711237 649.000000
 93.000000 0.710662 648.776432 0.000000 0.000000 1.497118 5.988474 0.710662 647.000000
 93.250000 0.710830 648.951896 0.000000 0.000000 1.098523 4.394091 0.710830 654.000000
 93.500000 0.714340 653.403421 0.000000 0.000000 0.000000 0.000000 0.714340 647.000000
 93.750000 0.721167 659.480374 0.000000 0.000000 0.000000 0.000000 0.721167 650.000000
 94.000000 0.714581 652.224630 0.000000 0.000000 0.000000 0.000000 0.714581 654.000000
 94.250000 0.713964 651.911450 0.000000 0.000000 0.000000 0.000000 0.713964 648.000000
 94.500000 0.714426 651.245874 0.000000 0.000000 0.000000 0.000000 0.714426 649.000000
 94.750000 0.718086 659.896132 0.000000 0.000000 0.000000 0.000000 0.718086 655.000000
 95.000000 0.718014 662.943427 0.000000 0.000000 0.000000 0.000000 0.718014 655.000000
 95.250000 0.714644 654.789582 0.000000 0.000000 0.000000 0.000000 0.714644 646.000000
 95.500000 0.718162 657.414398 0.000000 0.000000 0.000000 0.000000 0.718162 654.000000
 95.750000 0.721347 667.726886 0.000000 0.000000 0.000000 0.000000 0.721347 663.000000
 96.000000 0.714308 658.720846 0.000000 0.000000 0.000000 0.000000 0.714308 663.000000
 96.250000 0.715550 663.271289 0.000000 0.000000 0.000000 0.000000 0.715550 662.000000
 96.500000 0.721078 670.484095 0.000000 0.000000 0.000000 0.000000 0.721078 665.000000
 96.750000 0.717480 653.137441 0.000000 0.000000 0.000000 0.000000 0.717480 650.000000
 97.000000 0.717810 655.457850 0.000000 0.000000 0.000000 0.000000 0.717810 654.000000
 97.250000 0.716732 660.043863 0.000000 0.000000 0.000000 0.000000 0.716732 657.000000
 97.500000 0.718152 653.470810 0.000000 0.000000 0.000000 0.000000 0.718152 646.000000
 97.750000 0.715582 657.845501 0.000000 0.000000 0.000000 0.000000 0.715582 658.000000
 98.000000 0.713135 658.208663 0.000000 0.000000 0.000000 0.000000 0.713135 659.000000
 98.250000 0.711018 650.638294 0.000000 0.000000 0.000000 0.000000 0.711018 646.000000
 98.500000 0.721392 661.824491 0.000000 0.000000 0.000000 0.000000 0.721392 654.000000
 98.750000 0.720370 666.695678 0.000000 0.000000 0.000000 0.000000 0.720370 664.000000
 99.000000 0.716081 652.538108 0.000000 0.000000 0.000000 0.000000 0.716081 652.000000
 99.250000 0.710318 651.105103 0.000000 0.000000 0.000000 0.000000 0.710318 647.000000
 99.500000 0.710056 651.064377 0.000000 0.000000 0.000000 0.000000 0.710056 653.000000
 99.750000 0.711426 652.977567 0.000000 0.000000 0.000000 0.000000 0.711426 656.000000
 100.000000 0.718825 661.966748 0.000000 0.000000 0.000000 0.000000 0.718825 661.000000
 100.250000 0.717485 662.688189 0.000000 0.000000 0.000000 0.000000 0.717485 654.000000
