#! FIELDS time refcv.mean refcv.morethan uwall.bias uwall.force2 lwall.bias lwall.force2 refcv2.mean refcv2.morethan
 0.500000 1.028245 485.600500 0.000000 0.000000 0.000000 0.000000 1.028245 472.000000
 0.750000 1.010188 467.557293 0.000000 0.000000 0.000000 0.000000 1.010188 448.000000
 1.000000 0.997730 455.411127 0.000000 0.000000 0.000000 0.000000 0.997730 448.000000
 1.250000 0.991569 442.353268 0.000000 0.000000 0.000000 0.000000 0.991569 441.000000
 1.500000 0.997747 453.833817 0.000000 0.000000 0.000000 0.000000 0.997747 444.000000
 1.750000 0.999922 458.108435 0.000000 0.000000 0.000000 0.000000 0.999922 450.000000
 2.000000 0.995754 450.288646 0.000000 0.000000 0.000000 0.000000 0.995754 442.000000
 2.250000 0.997865 452.251929 0.000000 0.000000 0.000000 0.000000 0.997865 448.000000
 2.500000 0.999039 457.462879 0.000000 0.000000 0.000000 0.000000 0.999039 455.000000
 2.750000 0.996128 455.317028 0.000000 0.000000 0.000000 0.000000 0.996128 454.000000
 3.000000 0.998682 457.040311 0.000000 0.000000 0.000000 0.000000 0.998682 450.000000
 3.250000 1.003371 469.113567 0.000000 0.000000 0.000000 0.000000 1.003371 464.000000
 3.500000 1.003253 462.657433 0.000000 0.000000 0.000000 0.000000 1.003253 450.000000
 3.750000 1.001287 458.773122 0.000000 0.000000 0.000000 0.000000 1.001287 454.000000
 4.000000 1.001935 461.172976 0.000000 0.000000 0.000000 0.000000 1.001935 451.000000
 4.250000 1.003605 464.932663 0.000000 0.000000 0.000000 0.000000 1.003605 456.000000
 4.500000 1.002119 458.622588 0.000000 0.000000 0.000000 0.000000 1.002119 450.000000
 4.750000 1.000642 464.115499 0.000000 0.000000 0.000000 0.000000 1.000642 460.000000
 5.000000 1.005748 464.294138 0.000000 0.000000 0.000000 0.000000 1.005748 452.000000
 5.250000 1.005289 466.446111 0.000000 0.000000 0.000000 0.000000 1.005289 454.000000
 5.500000 0.997385 445.447585 0.000000 0.000000 0.000000 0.000000 0.997385 437.000000
 5.750000 0.998699 457.979261 0.000000 0.000000 0.000000 0.000000 0.998699 453.000000
 6.000000 1.000882 461.604276 0.000000 0.000000 0.000000 0.000000 1.000882 454.000000
 6.250000 1.003731 463.577573 0.000000 0.000000 0.000000 0.000000 1.003731 456.000000
 6.500000 0.997681 458.229304 0.000000 0.000000 0.000000 0.000000 0.997681 449.000000
 6.750000 0.998698 459.632647 0.000000 0.000000 0.000000 0.000000 0.998698 451.000000
 7.000000 0.999460 453.590593 0.000000 0.000000 0.000000 0.000000 0.999460 451.000000
 7.250000 1.004348 469.783762 0.000000 0.000000 0.000000 0.000000 1.004348 463.000000
 7.500000 0.993479 448.046634 0.000000 0.000000 0.000000 0.000000 0.993479 444.000000
 7.750000 0.994654 451.293444 0.000000 0.000000 0.000000 0.000000 0.994654 450.000000
 8.000000 1.001414 461.687900 0.000000 0.000000 0.000000 0.000000 1.001414 453.000000
 8.250000 1.001780 456.883316 0.000000 0.000000 0.000000 0.000000 1.001780 448.000000
 8.500000 0.998987 452.414507 0.000000 0.000000 0.000000 0.000000 0.998987 441.000000
 8.750000 0.998687 452.848256 0.000000 0.000000 0.000000 0.000000 0.998687 445.000000
 9.000000 1.000973 454.592307 0.000000 0.000000 0.000000 0.000000 1.000973 446.000000
 9.250000 0.998674 449.418430 0.000000 0.000000 0.000000 0.000000 0.998674 439.000000
 9.500000 0.995474 453.169329 0.000000 0.000000 0.000000 0.000000 0.995474 447.000000
 9.750000 0.997400 455.101104 0.000000 0.000000 0.000000 0.000000 0.997400 453.000000
 10.000000 0.997163 455.666524 0.000000 0.000000 0.000000 0.000000 0.997163 447.000000
 10.250000 0.995006 446.552214 0.000000 0.000000 0.000000 0.000000 0.995006 444.000000
 10.500000 0.996167 448.918628 0.000000 0.000000 0.000000 0.000000 0.996167 442.000000
 10.750000 1.000229 452.043150 0.000000 0.000000 0.000000 0.000000 1.000229 441.000000
 11.000000 0.998446 452.675193 0.000000 0.000000 0.000000 0.000000 0.998446 451.000000
 11.250000 0.994061 443.497388 0.000000 0.000000 0.000000 0.000000 0.994061 434.000000
 11.500000 0.998225 451.672512 0.000000 0.000000 0.000000 0.000000 0.998225 445.000000
 11.750000 1.001148 456.245937 0.000000 0.000000 0.000000 0.000000 1.001148 452.000000
 12.000000 0.997326 451.438739 0.000000 0.000000 0.000000 0.000000 0.997326 443.000000
 12.250000 0.995937 449.202334 0.000000 0.000000 0.000000 0.000000 0.995937 444.000000
 12.500000 0.995008 446.078398 0.000000 0.000000 0.000000 0.000000 0.995008 443.000000
 12.750000 0.993833 438.803340 0.000000 0.000000 0.000000 0.000000 0.993833 432.000000
 13.000000 0.993691 447.043854 0.000000 0.000000 0.000000 0.000000 0.993691 440.000000
 13.250000 0.994599 447.771965 0.000000 0.000000 0.000000 0.000000 0.994599 446.000000
 13.500000 0.996521 447.724134 0.000000 0.000000 0.000000 0.000000 0.996521 444.000000
 13.750000 0.998089 449.044147 0.000000 0.000000 0.000000 0.000000 0.998089 451.000000
 14.000000 0.998897 457.747829 0.000000 0.000000 0.000000 0.000000 0.998897 451.000000
 14.250000 0.995080 449.892143 0.000000 0.000000 0.000000 0.000000 0.995080 444.000000
 14.500000 0.996371 448.669430 0.000000 0.000000 0.000000 0.000000 0.996371 444.000000
 14.750000 0.998215 457.435105 0.000000 0.000000 0.000000 0.000000 0.998215 456.000000
 15.000000 1.001805 462.496637 0.000000 0.000000 0.000000 0.000000 1.001805 455.000000
 15.250000 0.994866 444.744128 0.000000 0.000000 0.000000 0.000000 0.994866 439.000000
 15.500000 0.996828 452.456715 0.000000 0.000000 0.000000 0.000000 0.996828 455.000000
 15.750000 0.995827 448.054158 0.000000 0.000000 0.000000 0.000000 0.995827 442.000000
 16.000000 0.998077 448.841143 0.000000 0.000000 0.000000 0.000000 0.998077 446.000000
 16.250000 0.998894 451.828308 0.000000 0.000000 0.000000 0.000000 0.998894 442.000000
 16.500000 1.000768 452.590114 0.000000 0.000000 0.000000 0.000000 1.000768 444.000000
 16.750000 0.998962 452.366643 0.000000 0.000000 0.000000 0.000000 0.998962 450.000000
 17.000000 0.995857 452.228287 0.000000 0.000000 0.000000 0.000000 0.995857 453.000000
 17.250000 0.996661 449.732875 0.000000 0.000000 0.000000 0.000000 0.996661 449.000000
 17.500000 1.003155 460.551650 0.000000 0.000000 0.000000 0.000000 1.003155 452.000000
 17.750000 1.001122 459.991044 0.000000 0.000000 0.000000 0.000000 1.001122 454.000000
 18.000000 0.995463 454.215372 0.000000 0.000000 0.000000 0.000000 0.995463 450.000000
 18.250000 0.996842 453.479759 0.000000 0.000000 0.000000 0.000000 0.996842 442.000000
 18.500000 1.003443 465.766187 0.000000 0.000000 0.000000 0.000000 1.003443 463.000000
 18.750000 1.007656 471.673396 0.000000 0.000000 0.000000 0.000000 1.007656 460.000000
 19.000000 1.000836 459.234878 0.000000 0.000000 0.000000 0.000000 1.000836 457.000000
 19.250000 1.002319 462.441826 0.000000 0.000000 0.000000 0.000000 1.002319 460.000000
 19.500000 1.003033 463.261370 0.000000 0.000000 0.000000 0.000000 1.003033 454.000000
 19.750000 1.002025 460.536579 0.000000 0.000000 0.000000 0.000000 1.002025 452.000000
 20.000000 1.001525 456.472728 0.000000 0.000000 0.000000 0.000000 1.001525 452.000000
 20.250000 1.000268 456.314328 0.000000 0.000000 0.000000 0.000000 1.000268 452.000000
 20.500000 1.002065 459.599987 0.000000 0.000000 0.000000 0.000000 1.002065 453.000000
 20.750000 1.000615 461.263376 0.000000 0.000000 0.000000 0.000000 1.000615 462.000000
 21.000000 0.996516 451.407639 0.000000 0.000000 0.000000 0.000000 0.996516 445.000000
 21.250000 0.995888 457.071876 0.000000 0.000000 0.000000 0.000000 0.995888 461.000000
 21.500000 0.999771 456.552863 0.000000 0.000000 0.000000 0.000000 0.999771 449.000000
 21.750000 1.007870 471.320876 0.000000 0.000000 0.000000 0.000000 1.007870 464.000000
 22.000000 1.001190 456.608844 0.000000 0.000000 0.000000 0.000000 1.001190 441.000000
 22.250000 1.003987 467.663427 0.000000 0.000000 0.000000 0.000000 1.003987 459.000000
 22.500000 1.005067 471.191597 0.000000 0.000000 0.000000 0.000000 1.005067 460.000000
 22.750000 1.002515 468.588112 0.000000 0.000000 0.000000 0.000000 1.002515 468.000000
 23.000000 1.001177 463.328791 0.000000 0.000000 0.000000 0.000000 1.001177 463.000000
 23.250000 1.004421 465.768833 0.000000 0.000000 0.000000 0.000000 1.004421 453.000000
 23.500000 1.004444 463.189039 0.000000 0.000000 0.000000 0.000000 1.004444 456.000000
 23.750000 1.002344 462.810785 0.000000 0.000000 0.000000 0.000000 1.002344 455.000000
 24.000000 0.997891 456.754511 0.000000 0.000000 0.000000 0.000000 0.997891 447.000000
 24.250000 1.000484 462.838781 0.000000 0.000000 0.000000 0.000000 1.000484 457.000000
 24.500000 0.999737 455.674741 0.000000 0.000000 0.000000 0.000000 0.999737 451.000000
 24.750000 1.000251 458.820903 0.000000 0.000000 0.000000 0.000000 1.000251 459.000000
 25.000000 0.997517 455.871015 0.000000 0.000000 0.000000 0.000000 0.997517 447.000000
 25.250000 0.995377 450.804547 0.000000 0.000000 0.000000 0.000000 0.995377 447.000000
 25.500000 0.997749 461.028621 0.000000 0.000000 0.000000 0.000000 0.997749 462.000000
 25.750000 0.998797 453.601033 0.000000 0.000000 0.000000 0.000000 0.998797 448.000000
 26.000000 1.004598 463.938520 0.000000 0.000000 0.000000 0.000000 1.004598 450.000000
 26.250000 1.009174 469.406248 0.000000 0.000000 0.000000 0.000000 1.009174 456.000000
 26.500000 0.998940 455.820528 0.000000 0.000000 0.000000 0.000000 0.998940 461.000000
 26.750000 0.999744 454.041658 0.000000 0.000000 0.000000 0.000000 0.999744 446.000000
 27.000000 1.004301 459.197721 0.000000 0.000000 0.000000 0.000000 1.004301 454.000000
 27.250000 1.003020 464.696932 0.000000 0.000000 0.000000 0.000000 1.003020 460.000000
 27.500000 1.002712 458.154463 0.000000 0.000000 0.000000 0.000000 1.002712 450.000000
 27.750000 0.999710 453.774176 0.000000 0.000000 0.000000 0.000000 0.999710 449.000000
 28.000000 0.998410 448.688239 0.000000 0.000000 0.000000 0.000000 0.998410 439.000000
 28.250000 1.000557 454.129416 0.000000 0.000000 0.000000 0.000000 1.000557 450.000000
 28.500000 1.001801 456.812022 0.000000 0.000000 0.000000 0.000000 1.001801 451.000000
 28.750000 0.995842 437.869534 0.000000 0.000000 0.000000 0.000000 0.995842 435.000000
 29.000000 1.002354 456.586823 0.000000 0.000000 0.000000 0.000000 1.002354 450.000000
 29.250000 1.001052 449.663609 0.000000 0.000000 0.000000 0.000000 1.001052 434.000000
 29.500000 1.000128 454.805631 0.000000 0.000000 0.000000 0.000000 1.000128 444.000000
 29.750000 0.993769 442.972111 0.000000 0.000000 0.000000 0.000000 0.993769 438.000000
 30.000000 1.002950 456.632833 0.000000 0.000000 0.000000 0.000000 1.002950 449.000000
 30.250000 1.002213 450.924041 0.000000 0.000000 0.000000 0.000000 1.002213 440.000000
 30.500000 0.998958 451.828189 0.000000 0.000000 0.000000 0.000000 0.998958 438.000000
 30.750000 0.996592 443.061043 0.000000 0.000000 0.000000 0.000000 0.996592 436.000000
 31.000000 0.998042 447.793023 0.000000 0.000000 0.000000 0.000000 0.998042 443.000000
 31.250000 1.004238 459.662349 0.000000 0.000000 0.000000 0.000000 1.004238 455.000000
 31.500000 1.002243 451.540825 0.000000 0.000000 0.000000 0.000000 1.002243 436.000000
 31.750000 0.994826 440.200798 0.000000 0.000000 0.000000 0.000000 0.994826 434.000000
 32.000000 0.993549 441.471180 0.000000 0.000000 0.000000 0.000000 0.993549 435.000000
 32.250000 0.994194 444.500721 0.000000 0.000000 0.000000 0.000000 0.994194 439.000000
 32.500000 0.997490 449.501106 0.000000 0.000000 0.000000 0.000000 0.997490 444.000000
 32.750000 0.999401 456.236479 0.000000 0.000000 0.000000 0.000000 0.999401 452.000000
 33.000000 1.010634 478.758295 0.000000 0.000000 0.000000 0.000000 1.010634 467.000000
 33.250000 1.003809 463.450558 0.000000 0.000000 0.000000 0.000000 1.003809 453.000000
 33.500000 0.996969 450.836463 0.000000 0.000000 0.000000 0.000000 0.996969 447.000000
 33.750000 0.998683 450.699171 0.000000 0.000000 0.000000 0.000000 0.998683 447.000000
 34.000000 1.003526 456.753658 0.000000 0.000000 0.000000 0.000000 1.003526 449.000000
 34.250000 1.000720 457.935159 0.000000 0.000000 0.000000 0.000000 1.000720 453.000000
 34.500000 0.996821 450.584153 0.000000 0.000000 0.000000 0.000000 0.996821 448.000000
 34.750000 0.998777 453.037279 0.000000 0.000000 0.000000 0.000000 0.998777 448.000000
 35.000000 0.998031 447.753884 0.000000 0.000000 0.000000 0.000000 0.998031 444.000000
 35.250000 0.999870 453.924338 0.000000 0.000000 0.000000 0.000000 0.999870 450.000000
 35.500000 1.000891 454.082905 0.000000 0.000000 0.000000 0.000000 1.000891 448.000000
 35.750000 1.002358 458.253529 0.000000 0.000000 0.000000 0.000000 1.002358 446.000000
 36.000000 0.995811 450.173598 0.000000 0.000000 0.000000 0.000000 0.995811 444.000000
 36.250000 0.993398 445.248431 0.000000 0.000000 0.000000 0.000000 0.993398 445.000000
 36.500000 0.997480 455.792513 0.000000 0.000000 0.000000 0.000000 0.997480 450.000000
 36.750000 1.001328 462.421358 0.000000 0.000000 0.000000 0.000000 1.001328 457.000000
 37.000000 1.001686 461.574257 0.000000 0.000000 0.000000 0.000000 1.001686 453.000000
 37.250000 0.998396 459.782815 0.000000 0.000000 0.000000 0.000000 0.998396 455.000000
 37.500000 0.996163 455.088374 0.000000 0.000000 0.000000 0.000000 0.996163 456.000000
 37.750000 0.999625 461.292243 0.000000 0.000000 0.000000 0.000000 0.999625 461.000000
 38.000000 0.999430 459.701616 0.000000 0.000000 0.000000 0.000000 0.999430 454.000000
 38.250000 0.999573 458.209122 0.000000 0.000000 0.000000 0.000000 0.999573 451.000000
 38.500000 0.996111 452.289247 0.000000 0.000000 0.000000 0.000000 0.996111 452.000000
 38.750000 0.999320 456.539062 0.000000 0.000000 0.000000 0.000000 0.999320 454.000000
 39.000000 1.004715 463.043100 0.000000 0.000000 0.000000 0.000000 1.004715 452.000000
 39.250000 0.999718 452.927796 0.000000 0.000000 0.000000 0.000000 0.999718 447.000000
 39.500000 0.990994 444.620830 0.000000 0.000000 0.000000 0.000000 0.990994 442.000000
 39.750000 0.991502 443.264981 0.000000 0.000000 0.000000 0.000000 0.991502 445.000000
 40.000000 0.996340 450.288032 0.000000 0.000000 0.000000 0.000000 0.996340 446.000000
 40.250000 0.997298 455.058662 0.000000 0.000000 0.000000 0.000000 0.997298 452.000000
 40.500000 0.996134 447.112647 0.000000 0.000000 0.000000 0.000000 0.996134 440.000000
 40.750000 0.997049 447.483512 0.000000 0.000000 0.000000 0.000000 0.997049 442.000000
 41.000000 0.996750 446.406938 0.000000 0.000000 0.000000 0.000000 0.996750 442.000000
 41.250000 1.000370 452.404429 0.000000 0.000000 0.000000 0.000000 1.000370 438.000000
 41.500000 0.997054 450.492718 0.000000 0.000000 0.000000 0.000000 0.997054 438.000000
 41.750000 1.003536 463.204245 0.000000 0.000000 0.000000 0.000000 1.003536 454.000000
 42.000000 0.999395 457.856138 0.000000 0.000000 0.000000 0.000000 0.999395 457.000000
 42.250000 0.994339 447.660023 0.000000 0.000000 0.000000 0.000000 0.994339 447.000000
 42.500000 0.999473 452.868889 0.000000 0.000000 0.000000 0.000000 0.999473 448.000000
 42.750000 1.002021 454.369325 0.000000 0.000000 0.000000 0.000000 1.002021 442.000000
 43.000000 0.999156 454.915268 0.000000 0.000000 0.000000 0.000000 0.999156 452.000000
 43.250000 0.995249 453.441377 0.000000 0.000000 0.000000 0.000000 0.995249 448.000000
 43.500000 0.996275 452.208329 0.000000 0.000000 0.000000 0.000000 0.996275 448.000000
 43.750000 0.996997 448.727732 0.000000 0.000000 0.000000 0.000000 0.996997 444.000000
 44.000000 0.997841 450.148243 0.000000 0.000000 0.000000 0.000000 0.997841 439.000000
 44.250000 0.996980 446.515941 0.000000 0.000000 0.000000 0.000000 0.996980 442.000000
 44.500000 0.998239 449.508959 0.000000 0.000000 0.000000 0.000000 0.998239 444.000000
 44.750000 1.000062 453.656986 0.000000 0.000000 0.000000 0.000000 1.000062 445.000000
 45.000000 0.997792 450.196483 0.000000 0.000000 0.000000 0.000000 0.997792 444.000000
 45.250000 0.997940 448.387432 0.000000 0.000000 0.000000 0.000000 0.997940 438.000000
 45.500000 0.999776 454.952236 0.000000 0.000000 0.000000 0.000000 0.999776 440.000000
 45.750000 0.996005 441.480987 0.000000 0.000000 0.000000 0.000000 0.996005 430.000000
 46.000000 0.991352 437.091570 0.000000 0.000000 0.000000 0.000000 0.991352 434.000000
 46.250000 0.992550 439.293416 0.000000 0.000000 0.000000 0.000000 0.992550 432.000000
 46.500000 0.996510 452.921018 0.000000 0.000000 0.000000 0.000000 0.996510 447.000000
 46.750000 0.998109 449.815799 0.000000 0.000000 0.000000 0.000000 0.998109 444.000000
 47.000000 0.991315 441.721939 0.000000 0.000000 0.000000 0.000000 0.991315 436.000000
 47.250000 0.988450 432.834899 0.000000 0.000000 0.000000 0.000000 0.988450 432.000000
 47.500000 0.995695 444.830151 0.000000 0.000000 0.000000 0.000000 0.995695 439.000000
 47.750000 0.997064 451.436724 0.000000 0.000000 0.000000 0.000000 0.997064 442.000000
 48.000000 0.997412 452.562871 0.000000 0.000000 0.000000 0.000000 0.997412 451.000000
 48.250000 0.993225 444.762413 0.000000 0.000000 0.000000 0.000000 0.993225 440.000000
 48.500000 0.996350 447.124063 0.000000 0.000000 0.000000 0.000000 0.996350 436.000000
 48.750000 0.997244 449.063405 0.000000 0.000000 0.000000 0.000000 0.997244 441.000000
 49.000000 0.994445 442.937844 0.000000 0.000000 0.000000 0.000000 0.994445 433.000000
 49.250000 0.996753 453.094642 0.000000 0.000000 0.000000 0.000000 0.996753 443.000000
 49.500000 1.002668 457.180252 0.000000 0.000000 0.000000 0.000000 1.002668 452.000000
 49.750000 1.000797 454.636664 0.000000 0.000000 0.000000 0.000000 1.000797 445.000000
 50.000000 0.998303 450.912944 0.000000 0.000000 0.000000 0.000000 0.998303 451.000000
 50.250000 0.994824 440.240097 0.000000 0.000000 0.000000 0.000000 0.994824 439.000000
 50.500000 0.993763 443.173231 0.000000 0.000000 0.000000 0.000000 0.993763 436.000000
 50.750000 0.991954 437.162136 0.000000 0.000000 0.000000 0.000000 0.991954 429.000000
 51.000000 0.992052 434.381154 0.000000 0.000000 0.000000 0.000000 0.992052 429.000000
 51.250000 0.994313 439.428696 0.000000 0.000000 0.000000 0.000000 0.994313 438.000000
 51.500000 0.998151 445.544637 0.000000 0.000000 0.000000 0.000000 0.998151 436.000000
 51.750000 0.994065 437.511811 0.000000 0.000000 0.000000 0.000000 0.994065 424.000000
 52.000000 0.989790 433.947772 0.000000 0.000000 0.000000 0.000000 0.989790 429.000000
 52.250000 0.992711 438.511325 0.000000 0.000000 0.000000 0.000000 0.992711 435.000000
 52.500000 0.997580 443.849455 0.000000 0.000000 0.000000 0.000000 0.997580 435.000000
 52.750000 0.992077 433.608502 0.000000 0.000000 0.000000 0.000000 0.992077 431.000000
 53.000000 0.990369 432.279519 0.000000 0.000000 0.000000 0.000000 0.990369 425.000000
 53.250000 0.992177 439.278598 0.000000 0.000000 0.000000 0.000000 0.992177 436.000000
 53.500000 0.995724 446.433608 0.000000 0.000000 0.000000 0.000000 0.995724 440.000000
 53.750000 0.995376 442.415702 0.000000 0.000000 0.000000 0.000000 0.995376 431.000000
 54.000000 0.997837 450.302586 0.000000 0.000000 0.000000 0.000000 0.997837 448.000000
 54.250000 0.995262 448.895809 0.000000 0.000000 0.000000 0.000000 0.995262 448.000000
 54.500000 0.990948 446.046486 0.000000 0.000000 0.000000 0.000000 0.990948 449.000000
 54.750000 0.985864 436.155252 0.000000 0.000000 0.000000 0.000000 0.985864 436.000000
 55.000000 0.993245 441.560260 0.000000 0.000000 0.000000 0.000000 0.993245 444.000000
 55.250000 0.998175 450.366469 0.000000 0.000000 0.000000 0.000000 0.998175 445.000000
 55.500000 0.997464 449.463992 0.000000 0.000000 0.000000 0.000000 0.997464 440.000000
 55.750000 0.997026 455.494763 0.000000 0.000000 0.000000 0.000000 0.997026 451.000000
 56.000000 0.997045 454.692528 0.000000 0.000000 0.000000 0.000000 0.997045 452.000000
 56.250000 0.995461 451.496817 0.000000 0.000000 0.000000 0.000000 0.995461 448.000000
 56.500000 0.994025 447.890378 0.000000 0.000000 0.000000 0.000000 0.994025 444.000000
 56.750000 0.996394 452.540026 0.000000 0.000000 0.000000 0.000000 0.996394 448.000000
 57.000000 1.000626 461.461801 0.000000 0.000000 0.000000 0.000000 1.000626 458.000000
 57.250000 1.001404 465.707165 0.000000 0.000000 0.000000 0.000000 1.001404 463.000000
 57.500000 0.998864 457.288286 0.000000 0.000000 0.000000 0.000000 0.998864 453.000000
 57.750000 0.997078 454.940360 0.000000 0.000000 0.000000 0.000000 0.997078 453.000000
 58.000000 0.997628 449.184155 0.000000 0.000000 0.000000 0.000000 0.997628 441.000000
 58.250000 1.000733 461.497720 0.000000 0.000000 0.000000 0.000000 1.000733 462.000000
 58.500000 0.998838 459.033995 0.000000 0.000000 0.000000 0.000000 0.998838 461.000000
 58.750000 0.995610 450.348589 0.000000 0.000000 0.000000 0.000000 0.995610 456.000000
 59.000000 1.000579 459.801917 0.000000 0.000000 0.000000 0.000000 1.000579 452.000000
 59.250000 1.000534 454.206792 0.000000 0.000000 0.000000 0.000000 1.000534 453.000000
 59.500000 0.994600 445.364820 0.000000 0.000000 0.000000 0.000000 0.994600 439.000000
 59.750000 0.991981 438.974559 0.000000 0.000000 0.000000 0.000000 0.991981 436.000000
 60.000000 0.992971 439.901972 0.000000 0.000000 0.000000 0.000000 0.992971 440.000000
 60.250000 0.995382 447.358473 0.000000 0.000000 0.000000 0.000000 0.995382 452.000000
 60.500000 0.995196 445.097544 0.000000 0.000000 0.000000 0.000000 0.995196 442.000000
 60.750000 0.997308 454.568187 0.000000 0.000000 0.000000 0.000000 0.997308 449.000000
 61.000000 0.992837 440.744153 0.000000 0.000000 0.000000 0.000000 0.992837 440.000000
 61.250000 0.993125 439.169127 0.000000 0.000000 0.000000 0.000000 0.993125 433.000000
 61.500000 0.989249 432.496632 0.000000 0.000000 0.000000 0.000000 0.989249 436.000000
 61.750000 0.990600 436.920402 0.000000 0.000000 0.000000 0.000000 0.990600 431.000000
 62.000000 0.992758 441.141925 0.000000 0.000000 0.000000 0.000000 0.992758 435.000000
 62.250000 0.990713 433.974699 0.000000 0.000000 0.000000 0.000000 0.990713 429.000000
 62.500000 0.989957 437.043760 0.000000 0.000000 0.000000 0.000000 0.989957 435.000000
 62.750000 0.987029 424.102881 0.000000 0.000000 0.000000 0.000000 0.987029 424.000000
 63.000000 0.989905 431.736808 0.000000 0.000000 0.000000 0.000000 0.989905 433.000000
 63.250000 0.989942 430.202881 0.000000 0.000000 0.000000 0.000000 0.989942 429.000000
 63.500000 0.992771 441.248530 0.000000 0.000000 0.000000 0.000000 0.992771 435.000000
 63.750000 0.994895 439.479076 0.000000 0.000000 0.000000 0.000000 0.994895 439.000000
 64.000000 0.998314 450.604656 0.000000 0.000000 0.000000 0.000000 0.998314 444.000000
 64.250000 0.990020 439.755206 0.000000 0.000000 0.000000 0.000000 0.990020 440.000000
 64.500000 0.989101 435.059924 0.000000 0.000000 0.000000 0.000000 0.989101 436.000000
 64.750000 0.996897 449.956877 0.000000 0.000000 0.000000 0.000000 0.996897 445.000000
 65.000000 0.999405 447.683117 0.000000 0.000000 0.000000 0.000000 0.999405 442.000000
 65.250000 1.000746 450.688149 0.000000 0.000000 0.000000 0.000000 1.000746 442.000000
 65.500000 0.999479 446.692546 0.000000 0.000000 0.000000 0.000000 0.999479 437.000000
 65.750000 0.996785 450.297398 0.000000 0.000000 0.000000 0.000000 0.996785 441.000000
 66.000000 0.998965 451.561490 0.000000 0.000000 0.000000 0.000000 0.998965 447.000000
 66.250000 0.992716 440.510399 0.000000 0.000000 0.000000 0.000000 0.992716 437.000000
 66.500000 0.996505 448.839490 0.000000 0.000000 0.000000 0.000000 0.996505 454.000000
 66.750000 1.006101 466.396522 0.000000 0.000000 0.000000 0.000000 1.006101 458.000000
 67.000000 1.002322 460.533360 0.000000 0.000000 0.000000 0.000000 1.002322 451.000000
 67.250000 0.993915 448.262143 0.000000 0.000000 0.000000 0.000000 0.993915 453.000000
 67.500000 0.994310 442.574821 0.000000 0.000000 0.000000 0.000000 0.994310 442.000000
 67.750000 1.003581 465.330086 0.000000 0.000000 0.000000 0.000000 1.003581 455.000000
 68.000000 0.998725 450.797135 0.000000 0.000000 0.000000 0.000000 0.998725 442.000000
 68.250000 0.998411 457.051387 0.000000 0.000000 0.000000 0.000000 0.998411 449.000000
 68.500000 1.001360 455.721493 0.000000 0.000000 0.000000 0.000000 1.001360 446.000000
 68.750000 1.007345 472.121041 0.000000 0.000000 0.000000 0.000000 1.007345 462.000000
 69.000000 1.005452 467.736756 0.000000 0.000000 0.000000 0.000000 1.005452 454.000000
 69.250000 1.003025 463.721944 0.000000 0.000000 0.000000 0.000000 1.003025 457.000000
 69.500000 1.003787 464.553804 0.000000 0.000000 0.000000 0.000000 1.003787 461.000000
 69.750000 1.001273 456.550843 0.000000 0.000000 0.000000 0.000000 1.001273 449.000000
 70.000000 1.002025 457.195241 0.000000 0.000000 0.000000 0.000000 1.002025 444.000000
 70.250000 1.000124 452.560184 0.000000 0.000000 0.000000 0.000000 1.000124 443.000000
 70.500000 1.000633 450.864506 0.000000 0.000000 0.000000 0.000000 1.000633 434.000000
 70.750000 1.003196 462.325972 0.000000 0.000000 0.000000 0.000000 1.003196 447.000000
 71.000000 0.999898 458.946654 0.000000 0.000000 0.000000 0.000000 0.999898 448.000000
 71.250000 0.996217 448.757991 0.000000 0.000000 0.000000 0.000000 0.996217 443.000000
 71.500000 1.002313 459.258543 0.000000 0.000000 0.000000 0.000000 1.002313 448.000000
 71.750000 1.001904 456.445237 0.000000 0.000000 0.000000 0.000000 1.001904 446.000000
 72.000000 0.992008 443.559094 0.000000 0.000000 0.000000 0.000000 0.992008 444.000000
 72.250000 0.992427 443.375811 0.000000 0.000000 0.000000 0.000000 0.992427 446.000000
 72.500000 0.994616 448.909508 0.000000 0.000000 0.000000 0.000000 0.994616 444.000000
 72.750000 0.996304 447.577860 0.000000 0.000000 0.000000 0.000000 0.996304 434.000000
 73.000000 0.993838 447.354780 0.000000 0.000000 0.000000 0.000000 0.993838 443.000000
 73.250000 0.999473 457.509097 0.000000 0.000000 0.000000 0.000000 0.999473 457.000000
 73.500000 1.001277 459.128847 0.000000 0.000000 0.000000 0.000000 1.001277 452.000000
 73.750000 0.999587 456.027904 0.000000 0.000000 0.000000 0.000000 0.999587 455.000000
 74.000000 0.997703 456.843411 0.000000 0.000000 0.000000 0.000000 0.997703 455.000000
 74.250000 0.996738 453.426112 0.000000 0.000000 0.000000 0.000000 0.996738 449.000000
 74.500000 0.998513 450.558988 0.000000 0.000000 0.000000 0.000000 0.998513 449.000000
 74.750000 1.000934 459.565634 0.000000 0.000000 0.000000 0.000000 1.000934 456.000000
 75.000000 0.998517 451.210293 0.000000 0.000000 0.000000 0.000000 0.998517 442.000000
 75.250000 1.003428 465.212249 0.000000 0.000000 0.000000 0.000000 1.003428 457.000000
 75.500000 1.001499 457.322290 0.000000 0.000000 0.000000 0.000000 1.001499 449.000000
 75.750000 0.999411 458.262254 0.000000 0.000000 0.000000 0.000000 0.999411 453.000000
 76.000000 0.996684 452.742816 0.000000 0.000000 0.000000 0.000000 0.996684 455.000000
 76.250000 1.007507 466.272330 0.000000 0.000000 0.000000 0.000000 1.007507 453.000000
 76.500000 1.008523 467.036459 0.000000 0.000000 0.000000 0.000000 1.008523 455.000000
 76.750000 1.002303 462.592543 0.000000 0.000000 0.000000 0.000000 1.002303 451.000000
 77.000000 1.004184 462.467358 0.000000 0.000000 0.000000 0.000000 1.004184 459.000000
 77.250000 1.008921 472.459892 0.000000 0.000000 0.000000 0.000000 1.008921 460.000000
 77.500000 1.005368 468.126662 0.000000 0.000000 0.000000 0.000000 1.005368 461.000000
 77.750000 0.995582 454.030054 0.000000 0.000000 0.000000 0.000000 0.995582 455.000000
 78.000000 0.997418 461.373162 0.000000 0.000000 0.000000 0.000000 0.997418 458.000000
 78.250000 1.003354 465.622229 0.000000 0.000000 0.000000 0.000000 1.003354 460.000000
 78.500000 1.005023 466.292470 0.000000 0.000000 0.000000 0.000000 1.005023 461.000000
 78.750000 0.995121 452.795584 0.000000 0.000000 0.000000 0.000000 0.995121 449.000000
 79.000000 0.998626 458.817587 0.000000 0.000000 0.000000 0.000000 0.998626 456.000000
 79.250000 1.002547 460.746812 0.000000 0.000000 0.000000 0.000000 1.002547 456.000000
 79.500000 0.999941 458.538422 0.000000 0.000000 0.000000 0.000000 0.999941 457.000000
 79.750000 1.001075 461.234780 0.000000 0.000000 0.000000 0.000000 1.001075 453.000000
 80.000000 1.006322 469.828011 0.000000 0.000000 0.000000 0.000000 1.006322 462.000000
 80.250000 1.002651 461.870722 0.000000 0.000000 0.000000 0.000000 1.002651 455.000000
 80.500000 0.998804 457.745229 0.000000 0.000000 0.000000 0.000000 0.998804 455.000000
 80.750000 0.994266 443.387867 0.000000 0.000000 0.000000 0.000000 0.994266 443.000000
 81.000000 1.003322 459.852776 0.000000 0.000000 0.000000 0.000000 1.003322 454.000000
 81.250000 1.005038 460.796976 0.000000 0.000000 0.000000 0.000000 1.005038 453.000000
 81.500000 0.999838 452.191818 0.000000 0.000000 0.000000 0.000000 0.999838 443.000000
 81.750000 1.001242 456.336913 0.000000 0.000000 0.000000 0.000000 1.001242 448.000000
 82.000000 1.003169 457.937987 0.000000 0.000000 0.000000 0.000000 1.003169 449.000000
 82.250000 1.004242 455.275879 0.000000 0.000000 0.000000 0.000000 1.004242 437.000000
 82.500000 1.000360 453.996076 0.000000 0.000000 0.000000 0.000000 1.000360 445.000000
 82.750000 1.001057 454.701311 0.000000 0.000000 0.000000 0.000000 1.001057 443.000000
 83.000000 0.997288 448.758302 0.000000 0.000000 0.000000 0.000000 0.997288 443.000000
 83.250000 0.995815 445.183375 0.000000 0.000000 0.000000 0.000000 0.995815 441.000000
 83.500000 1.002123 458.165862 0.000000 0.000000 0.000000 0.000000 1.002123 444.000000
 83.750000 1.005124 464.801295 0.000000 0.000000 0.000000 0.000000 1.005124 455.000000
 84.000000 0.999795 456.442259 0.000000 0.000000 0.000000 0.000000 0.999795 453.000000
 84.250000 0.998038 454.671333 0.000000 0.000000 0.000000 0.000000 0.998038 454.000000
 84.500000 1.003890 463.885441 0.000000 0.000000 0.000000 0.000000 1.003890 450.000000
 84.750000 1.002308 460.177827 0.000000 0.000000 0.000000 0.000000 1.002308 448.000000
 85.000000 1.000437 456.772617 0.000000 0.000000 0.000000 0.000000 1.000437 446.000000
 85.250000 1.001760 462.016753 0.000000 0.000000 0.000000 0.000000 1.001760 456.000000
 85.500000 1.002543 460.505220 0.000000 0.000000 0.000000 0.000000 1.002543 448.000000
 85.750000 1.000250 453.610919 0.000000 0.000000 0.000000 0.000000 1.000250 441.000000
 86.000000 0.998907 457.809151 0.000000 0.000000 0.000000 0.000000 0.998907 453.000000
 86.250000 1.000953 464.293876 0.000000 0.000000 0.000000 0.000000 1.000953 460.000000
 86.500000 1.002943 461.492912 0.000000 0.000000 0.000000 0.000000 1.002943 448.000000
 86.750000 1.006804 466.606013 0.000000 0.000000 0.000000 0.000000 1.006804 458.000000
 87.000000 0.998772 456.173313 0.000000 0.000000 0.000000 0.000000 0.998772 450.000000
 87.250000 0.999978 454.491202 0.000000 0.000000 0.000000 0.000000 0.999978 444.000000
 87.500000 1.001809 462.474090 0.000000 0.000000 0.000000 0.000000 1.001809 446.000000
 87.750000 0.999959 451.359282 0.000000 0.000000 0.000000 0.000000 0.999959 444.000000
 88.000000 0.999287 457.633260 0.000000 0.000000 0.000000 0.000000 0.999287 459.000000
 88.250000 1.003097 459.375200 0.000000 0.000000 0.000000 0.000000 1.003097 451.000000
 88.500000 1.007457 470.028210 0.000000 0.000000 0.000000 0.000000 1.007457 454.000000
 88.750000 1.005535 468.857956 0.000000 0.000000 0.000000 0.000000 1.005535 464.000000
 89.000000 1.005813 469.102507 0.000000 0.000000 0.000000 0.000000 1.005813 453.000000
 89.250000 1.005063 465.219621 0.000000 0.000000 0.000000 0.000000 1.005063 455.000000
 89.500000 1.005753 471.482542 0.000000 0.000000 0.000000 0.000000 1.005753 467.000000
 89.750000 1.001541 461.629097 0.000000 0.000000 0.000000 0.000000 1.001541 458.000000
 90.000000 1.002631 464.180733 0.000000 0.000000 0.000000 0.000000 1.002631 459.000000
 90.250000 1.003017 465.779686 0.000000 0.000000 0.000000 0.000000 1.003017 464.000000
 90.500000 1.001569 459.838765 0.000000 0.000000 0.000000 0.000000 1.001569 456.000000
 90.750000 1.003087 464.944244 0.000000 0.000000 0.000000 0.000000 1.003087 457.000000
 91.000000 1.001551 463.374345 0.000000 0.000000 0.000000 0.000000 1.001551 452.000000
 91.250000 1.007064 471.488425 0.000000 0.000000 0.000000 0.000000 1.007064 463.000000
 91.500000 1.011147 485.264138 0.000000 0.000000 0.000000 0.000000 1.011147 474.000000
 91.750000 1.006736 477.805761 0.000000 0.000000 0.000000 0.000000 1.006736 472.000000
 92.000000 1.003622 479.245171 0.000000 0.000000 0.000000 0.000000 1.003622 477.000000
 92.250000 1.002639 473.000629 0.000000 0.000000 0.000000 0.000000 1.002639 470.000000
 92.500000 1.012951 483.392495 0.000000 0.000000 0.000000 0.000000 1.012951 472.000000
 92.750000 1.008110 480.533853 0.000000 0.000000 0.000000 0.000000 1.008110 474.000000
 93.000000 0.999650 467.197237 0.000000 0.000000 0.000000 0.000000 0.999650 464.000000
 93.250000 1.004958 479.604646 0.000000 0.000000 0.000000 0.000000 1.004958 471.000000
 93.500000 1.009525 477.773838 0.000000 0.000000 0.000000 0.000000 1.009525 468.000000
 93.750000 1.005509 479.163414 0.000000 0.000000 0.000000 0.000000 1.005509 472.000000
 94.000000 1.005427 470.306488 0.000000 0.000000 0.000000 0.000000 1.005427 456.000000
 94.250000 1.005043 469.026226 0.000000 0.000000 0.000000 0.000000 1.005043 457.000000
 94.500000 1.003972 471.905555 0.000000 0.000000 0.000000 0.000000 1.003972 465.000000
 94.750000 1.000863 466.785181 0.000000 0.000000 0.000000 0.000000 1.000863 458.000000
 95.000000 1.002717 470.500452 0.000000 0.000000 0.000000 0.000000 1.002717 467.000000
 95.250000 1.005189 470.402216 0.000000 0.000000 0.000000 0.000000 1.005189 468.000000
 95.500000 1.006850 469.671921 0.000000 0.000000 0.000000 0.000000 1.006850 462.000000
 95.750000 1.000722 466.447969 0.000000 0.000000 0.000000 0.000000 1.000722 461.000000
 96.000000 1.000739 466.098582 0.000000 0.000000 0.000000 0.000000 1.000739 465.000000
 96.250000 1.002794 466.291659 0.000000 0.000000 0.000000 0.000000 1.002794 462.000000
 96.500000 1.000346 461.834099 0.000000 0.000000 0.000000 0.000000 1.000346 459.000000
 96.750000 1.000029 460.244370 0.000000 0.000000 0.000000 0.000000 1.000029 453.000000
 97.000000 0.997538 459.608427 0.000000 0.000000 0.000000 0.000000 0.997538 454.000000
 97.250000 1.001582 460.799192 0.000000 0.000000 0.000000 0.000000 1.001582 454.000000
 97.500000 1.003799 464.676682 0.000000 0.000000 0.000000 0.000000 1.003799 453.000000
 97.750000 0.998177 453.456152 0.000000 0.000000 0.000000 0.000000 0.998177 449.000000
 98.000000 0.996188 455.002412 0.000000 0.000000 0.000000 0.000000 0.996188 460.000000
 98.250000 0.993442 451.579113 0.000000 0.000000 0.000000 0.000000 0.993442 453.000000
 98.500000 0.998484 455.276648 0.000000 0.000000 0.000000 0.000000 0.998484 455.000000
 98.750000 0.997349 451.928049 0.000000 0.000000 0.000000 0.000000 0.997349 445.000000
 99.000000 0.993874 451.843366 0.000000 0.000000 0.000000 0.000000 0.993874 454.000000
 99.250000 0.997869 458.648743 0.000000 0.000000 0.000000 0.000000 0.997869 453.000000
 99.500000 0.998503 449.773934 0.000000 0.000000 0.000000 0.000000 0.998503 444.000000
 99.750000 0.995187 445.567696 0.000000 0.000000 0.000000 0.000000 0.995187 444.000000
 100.000000 1.000069 456.818976 0.000000 0.000000 0.000000 0.000000 1.000069 451.000000
 100.250000 1.001549 452.748873 0.000000 0.000000 0.000000 0.000000 1.001549 445.000000
