#! FIELDS time refcv.mean refcv.morethan uwall.bias uwall.force2 lwall.bias lwall.force2 refcv2.mean refcv2.morethan
 0.500000 0.921153 468.199685 1310.417221 5241.668884 0.000000 0.000000 0.921153 477.000000
 0.750000 0.890004 416.082275 0.000000 0.000000 0.000000 0.000000 0.890004 427.000000
 1.000000 0.897973 425.401252 0.000000 0.000000 0.000000 0.000000 0.897973 437.000000
 1.250000 0.896157 432.251779 0.063392 0.253570 0.000000 0.000000 0.896157 446.000000
 1.500000 0.886840 409.352237 0.000000 0.000000 0.000000 0.000000 0.886840 420.000000
 1.750000 0.889623 414.137158 0.000000 0.000000 0.000000 0.000000 0.889623 430.000000
 2.000000 0.894027 416.933102 0.000000 0.000000 0.000000 0.000000 0.894027 419.000000
 2.250000 0.895582 422.112730 0.000000 0.000000 0.000000 0.000000 0.895582 429.000000
 2.500000 0.893838 420.543532 0.000000 0.000000 0.000000 0.000000 0.893838 428.000000
 2.750000 0.898065 426.331690 0.000000 0.000000 0.000000 0.000000 0.898065 433.000000
 3.000000 0.895384 423.309248 0.000000 0.000000 0.000000 0.000000 0.895384 432.000000
 3.250000 0.896950 427.569176 0.000000 0.000000 0.000000 0.000000 0.896950 436.000000
 3.500000 0.895832 423.630969 0.000000 0.000000 0.000000 0.000000 0.895832 430.000000
 3.750000 0.889259 412.886565 0.000000 0.000000 0.000000 0.000000 0.889259 411.000000
 4.000000 0.890540 417.265544 0.000000 0.000000 0.000000 0.000000 0.890540 430.000000
 4.250000 0.888210 410.327169 0.000000 0.000000 0.000000 0.000000 0.888210 415.000000
 4.500000 0.888875 414.856641 0.000000 0.000000 0.000000 0.000000 0.888875 427.000000
 4.750000 0.877809 389.287848 0.000000 0.000000 0.000000 0.000000 0.877809 400.000000
 5.000000 0.872490 382.308414 0.000000 0.000000 0.000000 0.000000 0.872490 395.000000
 5.250000 0.875666 382.016280 0.000000 0.000000 0.000000 0.000000 0.875666 388.000000
 5.500000 0.884526 398.974174 0.000000 0.000000 0.000000 0.000000 0.884526 404.000000
 5.750000 0.885103 405.816299 0.000000 0.000000 0.000000 0.000000 0.885103 413.000000
 6.000000 0.881110 392.813926 0.000000 0.000000 0.000000 0.000000 0.881110 395.000000
 6.250000 0.876105 385.619500 0.000000 0.000000 0.000000 0.000000 0.876105 391.000000
 6.500000 0.873931 383.062721 0.000000 0.000000 0.000000 0.000000 0.873931 388.000000
 6.750000 0.877234 390.166615 0.000000 0.000000 0.000000 0.000000 0.877234 399.000000
 7.000000 0.881080 394.039709 0.000000 0.000000 0.000000 0.000000 0.881080 399.000000
 7.250000 0.876814 386.693005 0.000000 0.000000 0.000000 0.000000 0.876814 393.000000
 7.500000 0.879157 396.446528 0.000000 0.000000 0.000000 0.000000 0.879157 409.000000
 7.750000 0.873585 383.434322 0.000000 0.000000 0.000000 0.000000 0.873585 392.000000
 8.000000 0.877629 392.637595 0.000000 0.000000 0.000000 0.000000 0.877629 403.000000
 8.250000 0.886489 400.545017 0.000000 0.000000 0.000000 0.000000 0.886489 399.000000
 8.500000 0.889843 411.939345 0.000000 0.000000 0.000000 0.000000 0.889843 421.000000
 8.750000 0.895989 418.681514 0.000000 0.000000 0.000000 0.000000 0.895989 421.000000
 9.000000 0.885848 398.779834 0.000000 0.000000 0.000000 0.000000 0.885848 402.000000
 9.250000 0.885273 405.334531 0.000000 0.000000 0.000000 0.000000 0.885273 416.000000
 9.500000 0.885502 406.428381 0.000000 0.000000 0.000000 0.000000 0.885502 413.000000
 9.750000 0.878138 391.371563 0.000000 0.000000 0.000000 0.000000 0.878138 402.000000
 10.000000 0.878308 390.653707 0.000000 0.000000 0.000000 0.000000 0.878308 404.000000
 10.250000 0.879946 396.818280 0.000000 0.000000 0.000000 0.000000 0.879946 409.000000
 10.500000 0.873306 385.999271 0.000000 0.000000 0.000000 0.000000 0.873306 388.000000
 10.750000 0.880585 396.273275 0.000000 0.000000 0.000000 0.000000 0.880585 400.000000
 11.000000 0.886717 408.918831 0.000000 0.000000 0.000000 0.000000 0.886717 416.000000
 11.250000 0.884343 394.323876 0.000000 0.000000 0.000000 0.000000 0.884343 396.000000
 11.500000 0.874974 381.372610 0.000000 0.000000 0.000000 0.000000 0.874974 383.000000
 11.750000 0.878072 384.734545 0.000000 0.000000 0.000000 0.000000 0.878072 389.000000
 12.000000 0.878529 384.268253 0.000000 0.000000 0.000000 0.000000 0.878529 394.000000
 12.250000 0.876681 380.130378 0.000000 0.000000 0.000000 0.000000 0.876681 385.000000
 12.500000 0.869271 372.806396 0.000000 0.000000 0.000000 0.000000 0.869271 378.000000
 12.750000 0.864762 361.261616 0.000000 0.000000 0.000000 0.000000 0.864762 366.000000
 13.000000 0.864531 361.548697 0.000000 0.000000 0.000000 0.000000 0.864531 371.000000
 13.250000 0.866046 363.958360 0.000000 0.000000 0.000000 0.000000 0.866046 372.000000
 13.500000 0.865718 365.698229 0.000000 0.000000 0.000000 0.000000 0.865718 372.000000
 13.750000 0.865363 362.655589 0.000000 0.000000 0.000000 0.000000 0.865363 369.000000
 14.000000 0.870479 368.934946 0.000000 0.000000 0.000000 0.000000 0.870479 371.000000
 14.250000 0.864443 358.775047 0.000000 0.000000 1.500511 6.002044 0.864443 364.000000
 14.500000 0.864793 359.245661 0.000000 0.000000 0.569027 2.276106 0.864793 361.000000
 14.750000 0.869019 366.846907 0.000000 0.000000 0.000000 0.000000 0.869019 368.000000
 15.000000 0.873878 382.900742 0.000000 0.000000 0.000000 0.000000 0.873878 387.000000
 15.250000 0.868267 370.962567 0.000000 0.000000 0.000000 0.000000 0.868267 379.000000
 15.500000 0.869198 369.215802 0.000000 0.000000 0.000000 0.000000 0.869198 376.000000
 15.750000 0.870861 372.267537 0.000000 0.000000 0.000000 0.000000 0.870861 378.000000
 16.000000 0.868386 364.961810 0.000000 0.000000 0.000000 0.000000 0.868386 371.000000
 16.250000 0.869883 373.320566 0.000000 0.000000 0.000000 0.000000 0.869883 383.000000
 16.500000 0.870666 378.931573 0.000000 0.000000 0.000000 0.000000 0.870666 394.000000
 16.750000 0.874973 380.806134 0.000000 0.000000 0.000000 0.000000 0.874973 383.000000
 17.000000 0.879709 389.209174 0.000000 0.000000 0.000000 0.000000 0.879709 395.000000
 17.250000 0.881258 387.836631 0.000000 0.000000 0.000000 0.000000 0.881258 394.000000
 17.500000 0.874521 382.268633 0.000000 0.000000 0.000000 0.000000 0.874521 388.000000
 17.750000 0.870838 376.903615 0.000000 0.000000 0.000000 0.000000 0.870838 381.000000
 18.000000 0.879026 389.782138 0.000000 0.000000 0.000000 0.000000 0.879026 394.000000
 18.250000 0.894651 417.194250 0.000000 0.000000 0.000000 0.000000 0.894651 419.000000
 18.500000 0.895465 419.145743 0.000000 0.000000 0.000000 0.000000 0.895465 425.000000
 18.750000 0.885954 401.587847 0.000000 0.000000 0.000000 0.000000 0.885954 405.000000
 19.000000 0.889404 410.582623 0.000000 0.000000 0.000000 0.000000 0.889404 421.000000
 19.250000 0.888741 404.002468 0.000000 0.000000 0.000000 0.000000 0.888741 406.000000
 19.500000 0.884233 403.026192 0.000000 0.000000 0.000000 0.000000 0.884233 413.000000
 19.750000 0.883294 397.095264 0.000000 0.000000 0.000000 0.000000 0.883294 402.000000
 20.000000 0.881580 395.944140 0.000000 0.000000 0.000000 0.000000 0.881580 406.000000
 20.250000 0.883662 397.940313 0.000000 0.000000 0.000000 0.000000 0.883662 402.000000
 20.500000 0.881966 395.318083 0.000000 0.000000 0.000000 0.000000 0.881966 407.000000
 20.750000 0.886216 400.536107 0.000000 0.000000 0.000000 0.000000 0.886216 402.000000
 21.000000 0.881772 393.609837 0.000000 0.000000 0.000000 0.000000 0.881772 397.000000
 21.250000 0.877051 395.626140 0.000000 0.000000 0.000000 0.000000 0.877051 402.000000
 21.500000 0.880552 388.545496 0.000000 0.000000 0.000000 0.000000 0.880552 389.000000
 21.750000 0.885859 397.073995 0.000000 0.000000 0.000000 0.000000 0.885859 396.000000
 22.000000 0.886732 402.027957 0.000000 0.000000 0.000000 0.000000 0.886732 406.000000
 22.250000 0.879369 393.027378 0.000000 0.000000 0.000000 0.000000 0.879369 402.000000
 22.500000 0.882031 401.442553 0.000000 0.000000 0.000000 0.000000 0.882031 411.000000
 22.750000 0.880811 390.149239 0.000000 0.000000 0.000000 0.000000 0.880811 393.000000
 23.000000 0.880008 396.303906 0.000000 0.000000 0.000000 0.000000 0.880008 407.000000
 23.250000 0.877576 385.332128 0.000000 0.000000 0.000000 0.000000 0.877576 393.000000
 23.500000 0.873267 379.819502 0.000000 0.000000 0.000000 0.000000 0.873267 382.000000
 23.750000 0.875232 380.351635 0.000000 0.000000 0.000000 0.000000 0.875232 390.000000
 24.000000 0.868415 368.430767 0.000000 0.000000 0.000000 0.000000 0.868415 372.000000
 24.250000 0.876633 381.156237 0.000000 0.000000 0.000000 0.000000 0.876633 381.000000
 24.500000 0.870593 375.430812 0.000000 0.000000 0.000000 0.000000 0.870593 389.000000
 24.750000 0.872039 379.615400 0.000000 0.000000 0.000000 0.000000 0.872039 391.000000
 25.000000 0.874307 377.690055 0.000000 0.000000 0.000000 0.000000 0.874307 388.000000
 25.250000 0.872989 379.769889 0.000000 0.000000 0.000000 0.000000 0.872989 388.000000
 25.500000 0.866511 365.131135 0.000000 0.000000 0.000000 0.000000 0.866511 374.000000
 25.750000 0.865041 369.232621 0.000000 0.000000 0.000000 0.000000 0.865041 380.000000
 26.000000 0.866407 362.444607 0.000000 0.000000 0.000000 0.000000 0.866407 366.000000
 26.250000 0.864247 360.418828 0.000000 0.000000 0.000000 0.000000 0.864247 367.000000
 26.500000 0.867999 367.670410 0.000000 0.000000 0.000000 0.000000 0.867999 374.000000
 26.750000 0.865731 366.343264 0.000000 0.000000 0.000000 0.000000 0.865731 371.000000
 27.000000 0.863674 364.408345 0.000000 0.000000 0.000000 0.000000 0.863674 369.000000
 27.250000 0.869423 370.489153 0.000000 0.000000 0.000000 0.000000 0.869423 378.000000
 27.500000 0.873880 375.482923 0.000000 0.000000 0.000000 0.000000 0.873880 382.000000
 27.750000 0.873745 373.032543 0.000000 0.000000 0.000000 0.000000 0.873745 378.000000
 28.000000 0.868906 373.520518 0.000000 0.000000 0.000000 0.000000 0.868906 384.000000
 28.250000 0.873549 379.891073 0.000000 0.000000 0.000000 0.000000 0.873549 391.000000
 28.500000 0.880114 392.758630 0.000000 0.000000 0.000000 0.000000 0.880114 399.000000
 28.750000 0.877931 386.543715 0.000000 0.000000 0.000000 0.000000 0.877931 398.000000
 29.000000 0.864546 358.794586 0.000000 0.000000 1.453023 5.812094 0.864546 361.000000
 29.250000 0.867227 369.417017 0.000000 0.000000 0.000000 0.000000 0.867227 380.000000
 29.500000 0.863121 357.589355 0.000000 0.000000 5.811210 23.244840 0.863121 362.000000
 29.750000 0.867641 362.236313 0.000000 0.000000 0.000000 0.000000 0.867641 365.000000
 30.000000 0.865296 364.576257 0.000000 0.000000 0.000000 0.000000 0.865296 375.000000
 30.250000 0.867007 364.268334 0.000000 0.000000 0.000000 0.000000 0.867007 372.000000
 30.500000 0.872011 371.351812 0.000000 0.000000 0.000000 0.000000 0.872011 377.000000
 30.750000 0.874112 381.059317 0.000000 0.000000 0.000000 0.000000 0.874112 393.000000
 31.000000 0.870191 373.406379 0.000000 0.000000 0.000000 0.000000 0.870191 381.000000
 31.250000 0.867696 369.781335 0.000000 0.000000 0.000000 0.000000 0.867696 376.000000
 31.500000 0.865304 365.533611 0.000000 0.000000 0.000000 0.000000 0.865304 377.000000
 31.750000 0.872767 379.684287 0.000000 0.000000 0.000000 0.000000 0.872767 390.000000
 32.000000 0.872577 381.382379 0.000000 0.000000 0.000000 0.000000 0.872577 386.000000
 32.250000 0.873441 380.704310 0.000000 0.000000 0.000000 0.000000 0.873441 383.000000
 32.500000 0.869497 372.313835 0.000000 0.000000 0.000000 0.000000 0.869497 381.000000
 32.750000 0.869064 369.380180 0.000000 0.000000 0.000000 0.000000 0.869064 378.000000
 33.000000 0.871594 372.974462 0.000000 0.000000 0.000000 0.000000 0.871594 382.000000
 33.250000 0.871016 372.200325 0.000000 0.000000 0.000000 0.000000 0.871016 376.000000
 33.500000 0.867084 365.334601 0.000000 0.000000 0.000000 0.000000 0.867084 376.000000
 33.750000 0.868947 368.022646 0.000000 0.000000 0.000000 0.000000 0.868947 376.000000
 34.000000 0.867074 363.582905 0.000000 0.000000 0.000000 0.000000 0.867074 369.000000
 34.250000 0.868772 370.535016 0.000000 0.000000 0.000000 0.000000 0.868772 383.000000
 34.500000 0.863014 359.780656 0.000000 0.000000 0.048112 0.192447 0.863014 369.000000
 34.750000 0.868245 374.963554 0.000000 0.000000 0.000000 0.000000 0.868245 383.000000
 35.000000 0.877245 384.247903 0.000000 0.000000 0.000000 0.000000 0.877245 389.000000
 35.250000 0.881934 392.198598 0.000000 0.000000 0.000000 0.000000 0.881934 404.000000
 35.500000 0.875848 387.318981 0.000000 0.000000 0.000000 0.000000 0.875848 397.000000
 35.750000 0.875655 383.605416 0.000000 0.000000 0.000000 0.000000 0.875655 396.000000
 36.000000 0.875113 382.795785 0.000000 0.000000 0.000000 0.000000 0.875113 395.000000
 36.250000 0.875511 384.922992 0.000000 0.000000 0.000000 0.000000 0.875511 391.000000
 36.500000 0.876408 391.529595 0.000000 0.000000 0.000000 0.000000 0.876408 402.000000
 36.750000 0.876980 386.381896 0.000000 0.000000 0.000000 0.000000 0.876980 391.000000
 37.000000 0.876673 385.324586 0.000000 0.000000 0.000000 0.000000 0.876673 394.000000
 37.250000 0.879413 393.652536 0.000000 0.000000 0.000000 0.000000 0.879413 404.000000
 37.500000 0.874888 379.378671 0.000000 0.000000 0.000000 0.000000 0.874888 390.000000
 37.750000 0.880277 393.906857 0.000000 0.000000 0.000000 0.000000 0.880277 405.000000
 38.000000 0.877491 385.245308 0.000000 0.000000 0.000000 0.000000 0.877491 389.000000
 38.250000 0.879744 388.638396 0.000000 0.000000 0.000000 0.000000 0.879744 388.000000
 38.500000 0.878801 391.379114 0.000000 0.000000 0.000000 0.000000 0.878801 399.000000
 38.750000 0.879934 388.976956 0.000000 0.000000 0.000000 0.000000 0.879934 399.000000
 39.000000 0.882558 399.593382 0.000000 0.000000 0.000000 0.000000 0.882558 400.000000
 39.250000 0.882324 392.175644 0.000000 0.000000 0.000000 0.000000 0.882324 398.000000
 39.500000 0.882605 398.249710 0.000000 0.000000 0.000000 0.000000 0.882605 403.000000
 39.750000 0.884931 400.764649 0.000000 0.000000 0.000000 0.000000 0.884931 410.000000
 40.000000 0.886991 405.113106 0.000000 0.000000 0.000000 0.000000 0.886991 413.000000
 40.250000 0.885467 402.663699 0.000000 0.000000 0.000000 0.000000 0.885467 410.000000
 40.500000 0.890614 412.695685 0.000000 0.000000 0.000000 0.000000 0.890614 412.000000
 40.750000 0.890333 408.328283 0.000000 0.000000 0.000000 0.000000 0.890333 416.000000
 41.000000 0.890672 412.249731 0.000000 0.000000 0.000000 0.000000 0.890672 415.000000
 41.250000 0.884363 396.476265 0.000000 0.000000 0.000000 0.000000 0.884363 397.000000
 41.500000 0.879394 389.556706 0.000000 0.000000 0.000000 0.000000 0.879394 396.000000
 41.750000 0.881259 386.518890 0.000000 0.000000 0.000000 0.000000 0.881259 387.000000
 42.000000 0.874938 376.706748 0.000000 0.000000 0.000000 0.000000 0.874938 379.000000
 42.250000 0.864746 357.767425 0.000000 0.000000 4.984391 19.937565 0.864746 363.000000
 42.500000 0.872767 368.716765 0.000000 0.000000 0.000000 0.000000 0.872767 368.000000
 42.750000 0.872754 376.403872 0.000000 0.000000 0.000000 0.000000 0.872754 380.000000
 43.000000 0.870898 369.390931 0.000000 0.000000 0.000000 0.000000 0.870898 377.000000
 43.250000 0.870695 366.713562 0.000000 0.000000 0.000000 0.000000 0.870695 369.000000
 43.500000 0.870221 372.904031 0.000000 0.000000 0.000000 0.000000 0.870221 378.000000
 43.750000 0.868549 367.059159 0.000000 0.000000 0.000000 0.000000 0.868549 374.000000
 44.000000 0.874057 378.167742 0.000000 0.000000 0.000000 0.000000 0.874057 387.000000
 44.250000 0.868158 365.675805 0.000000 0.000000 0.000000 0.000000 0.868158 374.000000
 44.500000 0.870416 372.582088 0.000000 0.000000 0.000000 0.000000 0.870416 383.000000
 44.750000 0.868717 371.769171 0.000000 0.000000 0.000000 0.000000 0.868717 380.000000
 45.000000 0.874686 380.082006 0.000000 0.000000 0.000000 0.000000 0.874686 385.000000
 45.250000 0.871207 370.835313 0.000000 0.000000 0.000000 0.000000 0.871207 377.000000
 45.500000 0.872059 381.041465 0.000000 0.000000 0.000000 0.000000 0.872059 389.000000
 45.750000 0.872831 375.341657 0.000000 0.000000 0.000000 0.000000 0.872831 376.000000
 46.000000 0.876965 384.261137 0.000000 0.000000 0.000000 0.000000 0.876965 396.000000
 46.250000 0.880559 390.902632 0.000000 0.000000 0.000000 0.000000 0.880559 398.000000
 46.500000 0.877103 385.218341 0.000000 0.000000 0.000000 0.000000 0.877103 391.000000
 46.750000 0.881935 392.538934 0.000000 0.000000 0.000000 0.000000 0.881935 397.000000
 47.000000 0.883531 398.408868 0.000000 0.000000 0.000000 0.000000 0.883531 407.000000
 47.250000 0.875749 389.061428 0.000000 0.000000 0.000000 0.000000 0.875749 406.000000
 47.500000 0.876454 387.563859 0.000000 0.000000 0.000000 0.000000 0.876454 395.000000
 47.750000 0.872765 379.000213 0.000000 0.000000 0.000000 0.000000 0.872765 387.000000
 48.000000 0.870811 376.671809 0.000000 0.000000 0.000000 0.000000 0.870811 384.000000
 48.250000 0.870858 368.802900 0.000000 0.000000 0.000000 0.000000 0.870858 373.000000
 48.500000 0.873533 379.653915 0.000000 0.000000 0.000000 0.000000 0.873533 391.000000
 48.750000 0.873877 382.192715 0.000000 0.000000 0.000000 0.000000 0.873877 386.000000
 49.000000 0.876642 379.516722 0.000000 0.000000 0.000000 0.000000 0.876642 380.000000
 49.250000 0.877416 380.771474 0.000000 0.000000 0.000000 0.000000 0.877416 389.000000
 49.500000 0.878376 395.884284 0.000000 0.000000 0.000000 0.000000 0.878376 405.000000
 49.750000 0.875588 389.123474 0.000000 0.000000 0.000000 0.000000 0.875588 396.000000
 50.000000 0.881498 396.261710 0.000000 0.000000 0.000000 0.000000 0.881498 407.000000
 50.250000 0.885012 404.304618 0.000000 0.000000 0.000000 0.000000 0.885012 417.000000
 50.500000 0.874850 384.298893 0.000000 0.000000 0.000000 0.000000 0.874850 393.000000
 50.750000 0.873463 384.804745 0.000000 0.000000 0.000000 0.000000 0.873463 390.000000
 51.000000 0.877295 384.162582 0.000000 0.000000 0.000000 0.000000 0.877295 392.000000
 51.250000 0.885880 403.106817 0.000000 0.000000 0.000000 0.000000 0.885880 412.000000
 51.500000 0.881993 393.510184 0.000000 0.000000 0.000000 0.000000 0.881993 390.000000
 51.750000 0.876923 387.075041 0.000000 0.000000 0.000000 0.000000 0.876923 393.000000
 52.000000 0.880276 396.164087 0.000000 0.000000 0.000000 0.000000 0.880276 404.000000
 52.250000 0.885699 406.173541 0.000000 0.000000 0.000000 0.000000 0.885699 420.000000
 52.500000 0.881873 394.337087 0.000000 0.000000 0.000000 0.000000 0.881873 404.000000
 52.750000 0.877169 388.666481 0.000000 0.000000 0.000000 0.000000 0.877169 400.000000
 53.000000 0.874392 385.895703 0.000000 0.000000 0.000000 0.000000 0.874392 394.000000
 53.250000 0.875954 387.770303 0.000000 0.000000 0.000000 0.000000 0.875954 401.000000
 53.500000 0.885471 406.514233 0.000000 0.000000 0.000000 0.000000 0.885471 422.000000
 53.750000 0.891242 415.980734 0.000000 0.000000 0.000000 0.000000 0.891242 429.000000
 54.000000 0.893091 421.607052 0.000000 0.000000 0.000000 0.000000 0.893091 433.000000
 54.250000 0.893046 419.263828 0.000000 0.000000 0.000000 0.000000 0.893046 426.000000
 54.500000 0.895378 423.940251 0.000000 0.000000 0.000000 0.000000 0.895378 434.000000
 54.750000 0.898166 427.465636 0.000000 0.000000 0.000000 0.000000 0.898166 437.000000
 55.000000 0.899858 429.763203 0.000000 0.000000 0.000000 0.000000 0.899858 437.000000
 55.250000 0.898054 427.747107 0.000000 0.000000 0.000000 0.000000 0.898054 436.000000
 55.500000 0.900639 430.387438 0.000000 0.000000 0.000000 0.000000 0.900639 436.000000
 55.750000 0.900736 433.027744 1.056257 4.225029 0.000000 0.000000 0.900736 443.000000
 56.000000 0.895876 429.901000 0.000000 0.000000 0.000000 0.000000 0.895876 443.000000
 56.250000 0.900217 433.434987 2.059187 8.236748 0.000000 0.000000 0.900217 443.000000
 56.500000 0.902446 433.228501 1.509215 6.036861 0.000000 0.000000 0.902446 442.000000
 56.750000 0.898382 425.426558 0.000000 0.000000 0.000000 0.000000 0.898382 424.000000
 57.000000 0.896192 422.951946 0.000000 0.000000 0.000000 0.000000 0.896192 429.000000
 57.250000 0.898550 430.004025 0.000000 0.000000 0.000000 0.000000 0.898550 430.000000
 57.500000 0.896343 427.368924 0.000000 0.000000 0.000000 0.000000 0.896343 437.000000
 57.750000 0.900385 430.079978 0.000000 0.000000 0.000000 0.000000 0.900385 436.000000
 58.000000 0.890707 416.990418 0.000000 0.000000 0.000000 0.000000 0.890707 425.000000
 58.250000 0.892314 417.623265 0.000000 0.000000 0.000000 0.000000 0.892314 421.000000
 58.500000 0.896729 429.088372 0.000000 0.000000 0.000000 0.000000 0.896729 439.000000
 58.750000 0.901630 431.982873 0.000000 0.000000 0.000000 0.000000 0.901630 439.000000
 59.000000 0.901063 429.980345 0.000000 0.000000 0.000000 0.000000 0.901063 434.000000
 59.250000 0.895683 424.552582 0.000000 0.000000 0.000000 0.000000 0.895683 433.000000
 59.500000 0.891840 417.505839 0.000000 0.000000 0.000000 0.000000 0.891840 432.000000
 59.750000 0.899200 430.237855 0.000000 0.000000 0.000000 0.000000 0.899200 441.000000
 60.000000 0.897757 424.952913 0.000000 0.000000 0.000000 0.000000 0.897757 437.000000
 60.250000 0.897367 429.835047 0.000000 0.000000 0.000000 0.000000 0.897367 444.000000
 60.500000 0.894169 424.469744 0.000000 0.000000 0.000000 0.000000 0.894169 438.000000
 60.750000 0.898086 429.751380 0.000000 0.000000 0.000000 0.000000 0.898086 441.000000
 61.000000 0.895888 423.693657 0.000000 0.000000 0.000000 0.000000 0.895888 430.000000
 61.250000 0.895794 431.216873 0.000000 0.000000 0.000000 0.000000 0.895794 450.000000
 61.500000 0.892659 416.337543 0.000000 0.000000 0.000000 0.000000 0.892659 425.000000
 61.750000 0.896858 430.187855 0.000000 0.000000 0.000000 0.000000 0.896858 445.000000
 62.000000 0.899692 432.761696 0.580181 2.320725 0.000000 0.000000 0.899692 443.000000
 62.250000 0.899590 431.623693 0.000000 0.000000 0.000000 0.000000 0.899590 440.000000
 62.500000 0.892586 422.163424 0.000000 0.000000 0.000000 0.000000 0.892586 438.000000
 62.750000 0.899973 428.820451 0.000000 0.000000 0.000000 0.000000 0.899973 429.000000
 63.000000 0.899969 432.274206 0.075189 0.300756 0.000000 0.000000 0.899969 439.000000
 63.250000 0.893989 423.825884 0.000000 0.000000 0.000000 0.000000 0.893989 425.000000
 63.500000 0.895305 427.519745 0.000000 0.000000 0.000000 0.000000 0.895305 440.000000
 63.750000 0.900345 432.597375 0.356857 1.427429 0.000000 0.000000 0.900345 446.000000
 64.000000 0.900295 432.824038 0.679039 2.716155 0.000000 0.000000 0.900295 438.000000
 64.250000 0.898540 430.780370 0.000000 0.000000 0.000000 0.000000 0.898540 437.000000
 64.500000 0.895200 422.606775 0.000000 0.000000 0.000000 0.000000 0.895200 425.000000
 64.750000 0.896959 427.224507 0.000000 0.000000 0.000000 0.000000 0.896959 437.000000
 65.000000 0.895144 419.115645 0.000000 0.000000 0.000000 0.000000 0.895144 425.000000
 65.250000 0.893448 417.761035 0.000000 0.000000 0.000000 0.000000 0.893448 425.000000
 65.500000 0.895974 424.784794 0.000000 0.000000 0.000000 0.000000 0.895974 437.000000
 65.750000 0.898932 432.987969 0.976083 3.904333 0.000000 0.000000 0.898932 450.000000
 66.000000 0.898769 432.414831 0.172085 0.688341 0.000000 0.000000 0.898769 443.000000
 66.250000 0.898205 429.283197 0.000000 0.000000 0.000000 0.000000 0.898205 435.000000
 66.500000 0.898727 430.137459 0.000000 0.000000 0.000000 0.000000 0.898727 434.000000
 66.750000 0.901952 432.204523 0.041830 0.167318 0.000000 0.000000 0.901952 431.000000
 67.000000 0.896680 423.007548 0.000000 0.000000 0.000000 0.000000 0.896680 433.000000
 67.250000 0.898059 432.948624 0.899888 3.599553 0.000000 0.000000 0.898059 440.000000
 67.500000 0.900158 430.721720 0.000000 0.000000 0.000000 0.000000 0.900158 435.000000
 67.750000 0.898402 424.867593 0.000000 0.000000 0.000000 0.000000 0.898402 432.000000
 68.000000 0.897845 430.772883 0.000000 0.000000 0.000000 0.000000 0.897845 439.000000
 68.250000 0.897464 432.170697 0.029137 0.116549 0.000000 0.000000 0.897464 443.000000
 68.500000 0.888918 410.359576 0.000000 0.000000 0.000000 0.000000 0.888918 421.000000
 68.750000 0.896795 426.005708 0.000000 0.000000 0.000000 0.000000 0.896795 438.000000
 69.000000 0.896314 423.042179 0.000000 0.000000 0.000000 0.000000 0.896314 429.000000
 69.250000 0.893674 421.800639 0.000000 0.000000 0.000000 0.000000 0.893674 423.000000
 69.500000 0.889717 412.884743 0.000000 0.000000 0.000000 0.000000 0.889717 419.000000
 69.750000 0.893449 416.314775 0.000000 0.000000 0.000000 0.000000 0.893449 432.000000
 70.000000 0.896855 417.143659 0.000000 0.000000 0.000000 0.000000 0.896855 413.000000
 70.250000 0.896561 422.714081 0.000000 0.000000 0.000000 0.000000 0.896561 431.000000
 70.500000 0.892586 412.305967 0.000000 0.000000 0.000000 0.000000 0.892586 413.000000
 70.750000 0.897922 427.549858 0.000000 0.000000 0.000000 0.000000 0.897922 435.000000
 71.000000 0.900776 425.950816 0.000000 0.000000 0.000000 0.000000 0.900776 424.000000
 71.250000 0.902017 432.044729 0.002001 0.008003 0.000000 0.000000 0.902017 439.000000
 71.500000 0.899219 431.848676 0.000000 0.000000 0.000000 0.000000 0.899219 440.000000
 71.750000 0.897750 428.268408 0.000000 0.000000 0.000000 0.000000 0.897750 437.000000
 72.000000 0.897354 430.835132 0.000000 0.000000 0.000000 0.000000 0.897354 443.000000
 72.250000 0.886766 407.630955 0.000000 0.000000 0.000000 0.000000 0.886766 415.000000
 72.500000 0.887496 408.502363 0.000000 0.000000 0.000000 0.000000 0.887496 418.000000
 72.750000 0.898799 428.420433 0.000000 0.000000 0.000000 0.000000 0.898799 445.000000
 73.000000 0.901712 433.212247 1.469543 5.878173 0.000000 0.000000 0.901712 442.000000
 73.250000 0.898493 424.606948 0.000000 0.000000 0.000000 0.000000 0.898493 429.000000
 73.500000 0.896987 423.674023 0.000000 0.000000 0.000000 0.000000 0.896987 431.000000
 73.750000 0.902324 428.829881 0.000000 0.000000 0.000000 0.000000 0.902324 426.000000
 74.000000 0.900672 432.412145 0.169863 0.679454 0.000000 0.000000 0.900672 444.000000
 74.250000 0.898044 429.406187 0.000000 0.000000 0.000000 0.000000 0.898044 436.000000
 74.500000 0.893591 417.041204 0.000000 0.000000 0.000000 0.000000 0.893591 424.000000
 74.750000 0.890546 416.063604 0.000000 0.000000 0.000000 0.000000 0.890546 427.000000
 75.000000 0.887707 410.783413 0.000000 0.000000 0.000000 0.000000 0.887707 425.000000
 75.250000 0.885271 402.777438 0.000000 0.000000 0.000000 0.000000 0.885271 409.000000
 75.500000 0.893071 420.051280 0.000000 0.000000 0.000000 0.000000 0.893071 432.000000
 75.750000 0.885068 402.228762 0.000000 0.000000 0.000000 0.000000 0.885068 414.000000
 76.000000 0.886935 410.862024 0.000000 0.000000 0.000000 0.000000 0.886935 423.000000
 76.250000 0.886514 413.760104 0.000000 0.000000 0.000000 0.000000 0.886514 430.000000
 76.500000 0.888476 411.069200 0.000000 0.000000 0.000000 0.000000 0.888476 414.000000
 76.750000 0.888063 407.640718 0.000000 0.000000 0.000000 0.000000 0.888063 415.000000
 77.000000 0.883980 409.021386 0.000000 0.000000 0.000000 0.000000 0.883980 418.000000
 77.250000 0.886639 411.521971 0.000000 0.000000 0.000000 0.000000 0.886639 426.000000
 77.500000 0.895111 426.426209 0.000000 0.000000 0.000000 0.000000 0.895111 437.000000
 77.750000 0.895789 420.753337 0.000000 0.000000 0.000000 0.000000 0.895789 425.000000
 78.000000 0.899482 432.003468 0.000012 0.000048 0.000000 0.000000 0.899482 442.000000
 78.250000 0.893659 426.366446 0.000000 0.000000 0.000000 0.000000 0.893659 436.000000
 78.500000 0.898024 430.355969 0.000000 0.000000 0.000000 0.000000 0.898024 436.000000
 78.750000 0.897403 427.167856 0.000000 0.000000 0.000000 0.000000 0.897403 435.000000
 79.000000 0.896951 426.983811 0.000000 0.000000 0.000000 0.000000 0.896951 435.000000
 79.250000 0.897650 429.037481 0.000000 0.000000 0.000000 0.000000 0.897650 439.000000
 79.500000 0.897955 429.664668 0.000000 0.000000 0.000000 0.000000 0.897955 441.000000
 79.750000 0.896696 427.177764 0.000000 0.000000 0.000000 0.000000 0.896696 439.000000
 80.000000 0.897087 425.894333 0.000000 0.000000 0.000000 0.000000 0.897087 429.000000
 80.250000 0.901580 433.514058 2.292373 9.169492 0.000000 0.000000 0.901580 442.000000
 80.500000 0.893715 419.486472 0.000000 0.000000 0.000000 0.000000 0.893715 425.000000
 80.750000 0.894183 429.265900 0.000000 0.000000 0.000000 0.000000 0.894183 444.000000
 81.000000 0.899211 431.936190 0.000000 0.000000 0.000000 0.000000 0.899211 442.000000
 81.250000 0.900666 434.232761 4.985224 19.940895 0.000000 0.000000 0.900666 448.000000
 81.500000 0.897220 431.988686 0.000000 0.000000 0.000000 0.000000 0.897220 455.000000
 81.750000 0.889357 418.549903 0.000000 0.000000 0.000000 0.000000 0.889357 426.000000
 82.000000 0.889065 416.864498 0.000000 0.000000 0.000000 0.000000 0.889065 426.000000
 82.250000 0.897738 432.724521 0.524930 2.099721 0.000000 0.000000 0.897738 441.000000
 82.500000 0.898542 432.935611 0.875368 3.501470 0.000000 0.000000 0.898542 446.000000
 82.750000 0.892124 418.601894 0.000000 0.000000 0.000000 0.000000 0.892124 430.000000
 83.000000 0.895907 425.189213 0.000000 0.000000 0.000000 0.000000 0.895907 430.000000
 83.250000 0.893910 421.028602 0.000000 0.000000 0.000000 0.000000 0.893910 434.000000
 83.500000 0.884807 409.808463 0.000000 0.000000 0.000000 0.000000 0.884807 426.000000
 83.750000 0.888855 411.241209 0.000000 0.000000 0.000000 0.000000 0.888855 423.000000
 84.000000 0.884706 396.600285 0.000000 0.000000 0.000000 0.000000 0.884706 406.000000
 84.250000 0.885665 404.427333 0.000000 0.000000 0.000000 0.000000 0.885665 407.000000
 84.500000 0.880879 395.796420 0.000000 0.000000 0.000000 0.000000 0.880879 399.000000
 84.750000 0.889255 408.750994 0.000000 0.000000 0.000000 0.000000 0.889255 415.000000
 85.000000 0.883495 399.782898 0.000000 0.000000 0.000000 0.000000 0.883495 405.000000
 85.250000 0.890481 408.099009 0.000000 0.000000 0.000000 0.000000 0.890481 407.000000
 85.500000 0.878881 391.875909 0.000000 0.000000 0.000000 0.000000 0.878881 398.000000
 85.750000 0.871327 379.158098 0.000000 0.000000 0.000000 0.000000 0.871327 388.000000
 86.000000 0.879636 392.515561 0.000000 0.000000 0.000000 0.000000 0.879636 396.000000
 86.250000 0.881673 394.220273 0.000000 0.000000 0.000000 0.000000 0.881673 400.000000
 86.500000 0.876620 385.234960 0.000000 0.000000 0.000000 0.000000 0.876620 391.000000
 86.750000 0.875529 385.318867 0.000000 0.000000 0.000000 0.000000 0.875529 389.000000
 87.000000 0.877013 390.167029 0.000000 0.000000 0.000000 0.000000 0.877013 399.000000
 87.250000 0.872055 379.926476 0.000000 0.000000 0.000000 0.000000 0.872055 392.000000
 87.500000 0.874912 383.180625 0.000000 0.000000 0.000000 0.000000 0.874912 395.000000
 87.750000 0.867539 367.812796 0.000000 0.000000 0.000000 0.000000 0.867539 379.000000
 88.000000 0.868045 372.958970 0.000000 0.000000 0.000000 0.000000 0.868045 382.000000
 88.250000 0.872176 380.271523 0.000000 0.000000 0.000000 0.000000 0.872176 388.000000
 88.500000 0.877180 389.195463 0.000000 0.000000 0.000000 0.000000 0.877180 402.000000
 88.750000 0.876003 390.085166 0.000000 0.000000 0.000000 0.000000 0.876003 400.000000
 89.000000 0.880997 392.416010 0.000000 0.000000 0.000000 0.000000 0.880997 389.000000
 89.250000 0.885418 407.675742 0.000000 0.000000 0.000000 0.000000 0.885418 420.000000
 89.500000 0.877824 391.120321 0.000000 0.000000 0.000000 0.000000 0.877824 404.000000
 89.750000 0.875485 385.091417 0.000000 0.000000 0.000000 0.000000 0.875485 383.000000
 90.000000 0.879228 388.533099 0.000000 0.000000 0.000000 0.000000 0.879228 393.000000
 90.250000 0.885005 396.504284 0.000000 0.000000 0.000000 0.000000 0.885005 394.000000
 90.500000 0.887517 408.651650 0.000000 0.000000 0.000000 0.000000 0.887517 409.000000
 90.750000 0.890892 408.214345 0.000000 0.000000 0.000000 0.000000 0.890892 413.000000
 91.000000 0.891472 415.522527 0.000000 0.000000 0.000000 0.000000 0.891472 424.000000
 91.250000 0.890539 412.278500 0.000000 0.000000 0.000000 0.000000 0.890539 420.000000
 91.500000 0.894468 417.456153 0.000000 0.000000 0.000000 0.000000 0.894468 419.000000
 91.750000 0.887607 406.313019 0.000000 0.000000 0.000000 0.000000 0.887607 412.000000
 92.000000 0.887673 408.460312 0.000000 0.000000 0.000000 0.000000 0.887673 417.000000
 92.250000 0.885147 400.626753 0.000000 0.000000 0.000000 0.000000 0.885147 409.000000
 92.500000 0.888903 410.081830 0.000000 0.000000 0.000000 0.000000 0.888903 418.000000
 92.750000 0.888556 407.218970 0.000000 0.000000 0.000000 0.000000 0.888556 409.000000
 93.000000 0.887460 408.398541 0.000000 0.000000 0.000000 0.000000 0.887460 415.000000
 93.250000 0.894368 415.450788 0.000000 0.000000 0.000000 0.000000 0.894368 416.000000
 93.500000 0.892437 413.224133 0.000000 0.000000 0.000000 0.000000 0.892437 417.000000
 93.750000 0.881316 397.512354 0.000000 0.000000 0.000000 0.000000 0.881316 406.000000
 94.000000 0.879733 394.897065 0.000000 0.000000 0.000000 0.000000 0.879733 403.000000
 94.250000 0.880618 394.984889 0.000000 0.000000 0.000000 0.000000 0.880618 404.000000
 94.500000 0.886059 404.692162 0.000000 0.000000 0.000000 0.000000 0.886059 417.000000
 94.750000 0.889457 405.333124 0.000000 0.000000 0.000000 0.000000 0.889457 412.000000
 95.000000 0.887053 403.992693 0.000000 0.000000 0.000000 0.000000 0.887053 414.000000
 95.250000 0.883874 397.709816 0.000000 0.000000 0.000000 0.000000 0.883874 405.000000
 95.500000 0.878290 389.591018 0.000000 0.000000 0.000000 0.000000 0.878290 398.000000
 95.750000 0.878354 396.605334 0.000000 0.000000 0.000000 0.000000 0.878354 412.000000
 96.000000 0.878739 388.669380 0.000000 0.000000 0.000000 0.000000 0.878739 393.000000
 96.250000 0.874333 383.417594 0.000000 0.000000 0.000000 0.000000 0.874333 396.000000
 96.500000 0.871746 377.462830 0.000000 0.000000 0.000000 0.000000 0.871746 381.000000
 96.750000 0.870712 375.521503 0.000000 0.000000 0.000000 0.000000 0.870712 379.000000
 97.000000 0.870861 375.270754 0.000000 0.000000 0.000000 0.000000 0.870861 379.000000
 97.250000 0.877687 386.190584 0.000000 0.000000 0.000000 0.000000 0.877687 391.000000
 97.500000 0.882066 397.491490 0.000000 0.000000 0.000000 0.000000 0.882066 400.000000
 97.750000 0.880520 395.076585 0.000000 0.000000 0.000000 0.000000 0.880520 401.000000
 98.000000 0.876107 388.858744 0.000000 0.000000 0.000000 0.000000 0.876107 395.000000
 98.250000 0.876697 388.633177 0.000000 0.000000 0.000000 0.000000 0.876697 394.000000
 98.500000 0.875062 384.643910 0.000000 0.000000 0.000000 0.000000 0.875062 384.000000
 98.750000 0.880636 388.603673 0.000000 0.000000 0.000000 0.000000 0.880636 392.000000
 99.000000 0.879991 389.730850 0.000000 0.000000 0.000000 0.000000 0.879991 390.000000
 99.250000 0.883152 399.073915 0.000000 0.000000 0.000000 0.000000 0.883152 405.000000
 99.500000 0.882159 400.446434 0.000000 0.000000 0.000000 0.000000 0.882159 408.000000
 99.750000 0.885527 406.550165 0.000000 0.000000 0.000000 0.000000 0.885527 417.000000
 100.000000 0.888380 409.402415 0.000000 0.000000 0.000000 0.000000 0.888380 413.000000
 100.250000 0.893004 418.650359 0.000000 0.000000 0.000000 0.000000 0.893004 425.000000
