#! FIELDS s hh dhh_s
#! SET normalisation  399.000000
#! SET min_s -0.5
#! SET max_s 7
#! SET nbins_s  2000
#! SET periodic_s false
 -0.500000 0.000000 0.000000
 -0.496250 0.000000 0.000000
 -0.492500 0.000000 0.000000
 -0.488750 0.000000 0.000000
 -0.485000 0.000000 0.000000
 -0.481250 0.000000 0.000000
 -0.477500 0.000000 0.000000
 -0.473750 0.000000 0.000000
 -0.470000 0.000000 0.000000
 -0.466250 0.000000 0.000000
 -0.462500 0.000000 0.000000
 -0.458750 0.000000 0.000000
 -0.455000 0.000000 0.000000
 -0.451250 0.000000 0.000000
 -0.447500 0.000000 0.000000
 -0.443750 0.000000 0.000000
 -0.440000 0.000000 0.000000
 -0.436250 0.000000 0.000000
 -0.432500 0.000000 0.000000
 -0.428750 0.000000 0.000000
 -0.425000 0.000000 0.000000
 -0.421250 0.000000 0.000000
 -0.417500 0.000000 0.000000
 -0.413750 0.000000 0.000000
 -0.410000 0.000000 0.000000
 -0.406250 0.000000 0.000000
 -0.402500 0.000000 0.000000
 -0.398750 0.000000 0.000000
 -0.395000 0.000000 0.000000
 -0.391250 0.000000 0.000000
 -0.387500 0.000000 0.000000
 -0.383750 0.000000 0.000000
 -0.380000 0.000000 0.000000
 -0.376250 0.000000 0.000000
 -0.372500 0.000000 0.000000
 -0.368750 0.000000 0.000000
 -0.365000 0.000000 0.000000
 -0.361250 0.000000 0.000000
 -0.357500 0.000000 0.000000
 -0.353750 0.000000 0.000000
 -0.350000 0.000000 0.000000
 -0.346250 0.000000 0.000000
 -0.342500 0.000000 0.000000
 -0.338750 0.000000 0.000000
 -0.335000 0.000000 0.000000
 -0.331250 0.000000 0.000000
 -0.327500 0.000000 0.000000
 -0.323750 0.000000 0.000000
 -0.320000 0.000000 0.000000
 -0.316250 0.000000 0.000000
 -0.312500 0.000000 0.000000
 -0.308750 0.000000 0.000000
 -0.305000 0.000000 0.000000
 -0.301250 0.000000 0.000000
 -0.297500 0.000000 0.000000
 -0.293750 0.000000 0.000000
 -0.290000 0.000000 0.000000
 -0.286250 0.000000 0.000000
 -0.282500 0.000000 0.000000
 -0.278750 0.000000 0.000000
 -0.275000 0.000000 0.000000
 -0.271250 0.000000 0.000000
 -0.267500 0.000000 0.000000
 -0.263750 0.000000 0.000000
 -0.260000 0.000000 0.000000
 -0.256250 0.000000 0.000000
 -0.252500 0.000000 0.000000
 -0.248750 0.000000 0.000000
 -0.245000 0.000000 0.000000
 -0.241250 0.000000 0.000000
 -0.237500 0.000000 0.000000
 -0.233750 0.000000 0.000000
 -0.230000 0.000000 0.000000
 -0.226250 0.000000 0.000000
 -0.222500 0.000000 0.000000
 -0.218750 0.000000 0.000000
 -0.215000 0.000000 0.000000
 -0.211250 0.000000 0.000000
 -0.207500 0.000000 0.000000
 -0.203750 0.000000 0.000000
 -0.200000 0.000000 0.000000
 -0.196250 0.000000 0.000000
 -0.192500 0.000000 0.000000
 -0.188750 0.000000 0.000000
 -0.185000 0.000000 0.000000
 -0.181250 0.000000 0.000000
 -0.177500 0.000000 0.000000
 -0.173750 0.000000 0.000000
 -0.170000 0.000000 0.000000
 -0.166250 0.000000 0.000000
 -0.162500 0.000000 0.000000
 -0.158750 0.000000 0.000000
 -0.155000 0.000000 0.000000
 -0.151250 0.000000 0.000000
 -0.147500 0.000000 0.000000
 -0.143750 0.000000 0.000000
 -0.140000 0.000000 0.000000
 -0.136250 0.000000 0.000000
 -0.132500 0.000000 0.000000
 -0.128750 0.000000 0.000000
 -0.125000 0.000000 0.000000
 -0.121250 0.000000 0.000000
 -0.117500 0.000000 0.000000
 -0.113750 0.000000 0.000000
 -0.110000 0.000000 0.000000
 -0.106250 0.000000 0.000000
 -0.102500 0.000000 0.000000
 -0.098750 0.000000 0.000000
 -0.095000 0.000000 0.000000
 -0.091250 0.000000 0.000000
 -0.087500 0.000000 0.000000
 -0.083750 0.000000 0.000000
 -0.080000 0.000000 0.000000
 -0.076250 0.000000 0.000000
 -0.072500 0.000000 0.000000
 -0.068750 0.000000 0.000000
 -0.065000 0.000000 0.000000
 -0.061250 0.000000 0.000000
 -0.057500 0.000000 0.000000
 -0.053750 0.000000 0.000000
 -0.050000 0.000000 0.000000
 -0.046250 0.000000 0.000000
 -0.042500 0.000000 0.000000
 -0.038750 0.000000 0.000000
 -0.035000 0.000000 0.000000
 -0.031250 0.000000 0.000000
 -0.027500 0.000000 0.000000
 -0.023750 0.000000 0.000000
 -0.020000 0.000000 0.000000
 -0.016250 0.000000 0.000000
 -0.012500 0.000000 0.000144
 -0.008750 0.000004 0.001561
 -0.005000 0.000023 0.008300
 -0.001250 0.000096 0.032149
 0.002500 0.000340 0.104418
 0.006250 0.001051 0.294073
 0.010000 0.002893 0.731903
 0.013750 0.007160 1.625558
 0.017500 0.016071 3.255563
 0.021250 0.032972 5.929165
 0.025000 0.062267 9.894251
 0.028750 0.109054 15.254888
 0.032500 0.178459 21.916769
 0.036250 0.274869 29.591958
 0.040000 0.401335 37.870269
 0.043750 0.559329 46.327631
 0.047500 0.748771 54.582547
 0.051250 0.968326 62.341568
 0.055000 1.215726 69.401409
 0.058750 1.488108 75.649363
 0.062500 1.782357 81.055492
 0.066250 2.095290 85.609178
 0.070000 2.423602 89.237354
 0.073750 2.763527 91.760528
 0.077500 3.110463 92.945300
 0.081250 3.459082 92.662225
 0.085000 3.804007 91.022246
 0.088750 4.140652 88.318885
 0.092500 4.465649 84.874251
 0.096250 4.776691 80.919475
 0.100000 5.072063 76.547694
 0.103750 5.350172 71.715544
 0.107500 5.609011 66.247274
 0.111250 5.845637 59.854772
 0.115000 6.056102 52.284096
 0.118750 6.235928 43.578103
 0.122500 6.381505 34.166880
 0.126250 6.491562 24.783251
 0.130000 6.567665 16.195070
 0.133750 6.613739 8.833388
 0.137500 6.634434 2.631058
 0.141250 6.633419 -2.800704
 0.145000 6.612619 -7.977604
 0.148750 6.572198 -13.305784
 0.152500 6.511094 -19.002652
 0.156250 6.427917 -25.032678
 0.160000 6.321906 -31.092907
 0.163750 6.193865 -36.660662
 0.167500 6.046661 -41.243178
 0.171250 5.884698 -44.502388
 0.175000 5.713042 -46.425961
 0.178750 5.536221 -47.318287
 0.182500 5.357189 -47.720482
 0.186250 5.176576 -48.242715
 0.190000 4.993006 -49.365192
 0.193750 4.803906 -51.176543
 0.197500 4.607178 -53.345380
 0.201250 4.402537 -55.289913
 0.205000 4.192026 -56.400898
 0.208750 3.979610 -56.277996
 0.212500 3.770052 -54.921380
 0.216250 3.567323 -52.742975
 0.220000 3.373343 -50.378930
 0.223750 3.187716 -48.365920
 0.227500 3.008607 -46.901174
 0.231250 2.834200 -45.828875
 0.235000 2.663653 -44.785324
 0.238750 2.497449 -43.507800
 0.242500 2.336632 -41.925827
 0.246250 2.182099 -40.220488
 0.250000 2.033920 -38.569296
 0.253750 1.891768 -37.005757
 0.257500 1.755640 -35.330668
 0.261250 1.626403 -33.297558
 0.265000 1.505572 -30.891980
 0.268750 1.394157 -28.341250
 0.272500 1.292005 -26.022312
 0.276250 1.197690 -24.194397
 0.280000 1.109263 -22.883053
 0.283750 1.025080 -21.901902
 0.287500 0.944352 -21.009621
 0.291250 0.867127 -20.009942
 0.295000 0.794028 -18.810853
 0.298750 0.725865 -17.401878
 0.302500 0.663330 -15.830993
 0.306250 0.606825 -14.210140
 0.310000 0.556243 -12.712164
 0.313750 0.510794 -11.502648
 0.317500 0.469215 -10.653360
 0.321250 0.430269 -10.078830
 0.325000 0.393283 -9.578278
 0.328750 0.358313 -8.984079
 0.332500 0.325832 -8.270315
 0.336250 0.296169 -7.500362
 0.340000 0.269374 -6.751757
 0.343750 0.245289 -6.063491
 0.347500 0.223640 -5.465433
 0.351250 0.203992 -5.005503
 0.355000 0.185754 -4.717755
 0.358750 0.168335 -4.551945
 0.362500 0.151494 -4.389238
 0.366250 0.135453 -4.116825
 0.370000 0.120702 -3.711628
 0.373750 0.107613 -3.247443
 0.377500 0.096200 -2.833491
 0.381250 0.086148 -2.530799
 0.385000 0.077049 -2.317924
 0.388750 0.068661 -2.142472
 0.392500 0.060935 -1.963214
 0.396250 0.053907 -1.768611
 0.400000 0.047627 -1.566369
 0.403750 0.042127 -1.356493
 0.407500 0.037438 -1.136811
 0.411250 0.033567 -0.923746
 0.415000 0.030426 -0.755278
 0.418750 0.027797 -0.652559
 0.422500 0.025441 -0.604036
 0.426250 0.023219 -0.575314
 0.430000 0.021123 -0.536592
 0.433750 0.019203 -0.482222
 0.437500 0.017493 -0.428554
 0.441250 0.015959 -0.387727
 0.445000 0.014557 -0.358085
 0.448750 0.013271 -0.324677
 0.452500 0.012131 -0.280094
 0.456250 0.011162 -0.235982
 0.460000 0.010322 -0.216018
 0.463750 0.009489 -0.231994
 0.467500 0.008550 -0.268467
 0.471250 0.007487 -0.292220
 0.475000 0.006402 -0.278259
 0.478750 0.005439 -0.230194
 0.482500 0.004680 -0.174617
 0.486250 0.004102 -0.137085
 0.490000 0.003618 -0.123066
 0.493750 0.003160 -0.121539
 0.497500 0.002710 -0.116670
 0.501250 0.002295 -0.102262
 0.505000 0.001947 -0.081810
 0.508750 0.001679 -0.060747
 0.512500 0.001486 -0.042181
 0.516250 0.001355 -0.028999
 0.520000 0.001259 -0.023380
 0.523750 0.001169 -0.025541
 0.527500 0.001061 -0.031504
 0.531250 0.000934 -0.034425
 0.535000 0.000812 -0.029215
 0.538750 0.000725 -0.016562
 0.542500 0.000688 -0.003665
 0.546250 0.000687 0.002185
 0.550000 0.000690 -0.002650
 0.553750 0.000658 -0.014887
 0.557500 0.000577 -0.027761
 0.561250 0.000456 -0.035328
 0.565000 0.000322 -0.034955
 0.568750 0.000201 -0.028403
 0.572500 0.000111 -0.019477
 0.576250 0.000054 -0.011354
 0.580000 0.000023 -0.005666
 0.583750 0.000009 -0.002430
 0.587500 0.000003 -0.000840
 0.591250 0.000001 -0.000273
 0.595000 0.000000 0.000000
 0.598750 0.000000 0.000000
 0.602500 0.000000 0.000000
 0.606250 0.000000 0.000000
 0.610000 0.000000 0.000000
 0.613750 0.000000 0.000000
 0.617500 0.000000 0.000000
 0.621250 0.000000 0.000000
 0.625000 0.000000 0.000000
 0.628750 0.000000 0.000000
 0.632500 0.000000 0.000000
 0.636250 0.000000 0.000000
 0.640000 0.000000 0.000000
 0.643750 0.000000 0.000000
 0.647500 0.000000 0.000000
 0.651250 0.000000 0.000000
 0.655000 0.000000 0.000000
 0.658750 0.000000 0.000000
 0.662500 0.000000 0.000000
 0.666250 0.000000 0.000000
 0.670000 0.000000 0.000000
 0.673750 0.000000 0.000000
 0.677500 0.000000 0.000000
 0.681250 0.000000 0.000000
 0.685000 0.000000 0.000000
 0.688750 0.000000 0.000000
 0.692500 0.000000 0.000000
 0.696250 0.000000 0.000000
 0.700000 0.000000 0.000000
 0.703750 0.000000 0.000000
 0.707500 0.000000 0.000000
 0.711250 0.000000 0.000000
 0.715000 0.000000 0.000000
 0.718750 0.000000 0.000000
 0.722500 0.000000 0.000000
 0.726250 0.000000 0.000000
 0.730000 0.000000 0.000000
 0.733750 0.000000 0.000000
 0.737500 0.000000 0.000000
 0.741250 0.000000 0.000000
 0.745000 0.000000 0.000000
 0.748750 0.000000 0.000000
 0.752500 0.000000 0.000000
 0.756250 0.000000 0.000000
 0.760000 0.000000 0.000000
 0.763750 0.000000 0.000000
 0.767500 0.000000 0.000000
 0.771250 0.000000 0.000000
 0.775000 0.000000 0.000000
 0.778750 0.000000 0.000000
 0.782500 0.000000 0.000000
 0.786250 0.000000 0.000000
 0.790000 0.000000 0.000000
 0.793750 0.000000 0.000000
 0.797500 0.000000 0.000000
 0.801250 0.000000 0.000000
 0.805000 0.000000 0.000000
 0.808750 0.000000 0.000000
 0.812500 0.000000 0.000000
 0.816250 0.000000 0.000000
 0.820000 0.000000 0.000000
 0.823750 0.000000 0.000000
 0.827500 0.000000 0.000000
 0.831250 0.000000 0.000000
 0.835000 0.000000 0.000000
 0.838750 0.000000 0.000000
 0.842500 0.000000 0.000000
 0.846250 0.000000 0.000000
 0.850000 0.000000 0.000000
 0.853750 0.000000 0.000000
 0.857500 0.000000 0.000000
 0.861250 0.000000 0.000000
 0.865000 0.000000 0.000000
 0.868750 0.000000 0.000000
 0.872500 0.000000 0.000000
 0.876250 0.000000 0.000000
 0.880000 0.000000 0.000000
 0.883750 0.000000 0.000000
 0.887500 0.000000 0.000000
 0.891250 0.000000 0.000000
 0.895000 0.000000 0.000000
 0.898750 0.000000 0.000000
 0.902500 0.000000 0.000000
 0.906250 0.000000 0.000000
 0.910000 0.000000 0.000000
 0.913750 0.000000 0.000000
 0.917500 0.000000 0.000000
 0.921250 0.000000 0.000000
 0.925000 0.000000 0.000000
 0.928750 0.000000 0.000000
 0.932500 0.000000 0.000000
 0.936250 0.000000 0.000000
 0.940000 0.000000 0.000000
 0.943750 0.000000 0.000000
 0.947500 0.000000 0.000000
 0.951250 0.000000 0.000000
 0.955000 0.000000 0.000000
 0.958750 0.000000 0.000000
 0.962500 0.000000 0.000000
 0.966250 0.000000 0.000000
 0.970000 0.000000 0.000000
 0.973750 0.000000 0.000000
 0.977500 0.000000 0.000000
 0.981250 0.000000 0.000000
 0.985000 0.000000 0.000000
 0.988750 0.000000 0.000000
 0.992500 0.000000 0.000000
 0.996250 0.000000 0.000000
 1.000000 0.000000 0.000000
 1.003750 0.000000 0.000000
 1.007500 0.000000 0.000000
 1.011250 0.000000 0.000000
 1.015000 0.000000 0.000000
 1.018750 0.000000 0.000000
 1.022500 0.000000 0.000000
 1.026250 0.000000 0.000000
 1.030000 0.000000 0.000000
 1.033750 0.000000 0.000000
 1.037500 0.000000 0.000000
 1.041250 0.000000 0.000000
 1.045000 0.000000 0.000000
 1.048750 0.000000 0.000000
 1.052500 0.000000 0.000000
 1.056250 0.000000 0.000000
 1.060000 0.000000 0.000000
 1.063750 0.000000 0.000000
 1.067500 0.000000 0.000000
 1.071250 0.000000 0.000000
 1.075000 0.000000 0.000000
 1.078750 0.000000 0.000000
 1.082500 0.000000 0.000000
 1.086250 0.000000 0.000000
 1.090000 0.000000 0.000000
 1.093750 0.000000 0.000000
 1.097500 0.000000 0.000000
 1.101250 0.000000 0.000000
 1.105000 0.000000 0.000000
 1.108750 0.000000 0.000000
 1.112500 0.000000 0.000000
 1.116250 0.000000 0.000000
 1.120000 0.000000 0.000000
 1.123750 0.000000 0.000000
 1.127500 0.000000 0.000000
 1.131250 0.000000 0.000000
 1.135000 0.000000 0.000000
 1.138750 0.000000 0.000000
 1.142500 0.000000 0.000000
 1.146250 0.000000 0.000000
 1.150000 0.000000 0.000000
 1.153750 0.000000 0.000000
 1.157500 0.000000 0.000000
 1.161250 0.000000 0.000000
 1.165000 0.000000 0.000000
 1.168750 0.000000 0.000000
 1.172500 0.000000 0.000000
 1.176250 0.000000 0.000000
 1.180000 0.000000 0.000000
 1.183750 0.000000 0.000000
 1.187500 0.000000 0.000000
 1.191250 0.000000 0.000000
 1.195000 0.000000 0.000000
 1.198750 0.000000 0.000000
 1.202500 0.000000 0.000000
 1.206250 0.000000 0.000000
 1.210000 0.000000 0.000000
 1.213750 0.000000 0.000000
 1.217500 0.000000 0.000000
 1.221250 0.000000 0.000000
 1.225000 0.000000 0.000000
 1.228750 0.000000 0.000000
 1.232500 0.000000 0.000000
 1.236250 0.000000 0.000000
 1.240000 0.000000 0.000000
 1.243750 0.000000 0.000000
 1.247500 0.000000 0.000000
 1.251250 0.000000 0.000000
 1.255000 0.000000 0.000000
 1.258750 0.000000 0.000000
 1.262500 0.000000 0.000000
 1.266250 0.000000 0.000000
 1.270000 0.000000 0.000000
 1.273750 0.000000 0.000000
 1.277500 0.000000 0.000000
 1.281250 0.000000 0.000000
 1.285000 0.000000 0.000000
 1.288750 0.000000 0.000000
 1.292500 0.000000 0.000000
 1.296250 0.000000 0.000000
 1.300000 0.000000 0.000000
 1.303750 0.000000 0.000000
 1.307500 0.000000 0.000000
 1.311250 0.000000 0.000000
 1.315000 0.000000 0.000000
 1.318750 0.000000 0.000000
 1.322500 0.000000 0.000000
 1.326250 0.000000 0.000000
 1.330000 0.000000 0.000000
 1.333750 0.000000 0.000000
 1.337500 0.000000 0.000000
 1.341250 0.000000 0.000000
 1.345000 0.000000 0.000000
 1.348750 0.000000 0.000000
 1.352500 0.000000 0.000000
 1.356250 0.000000 0.000000
 1.360000 0.000000 0.000000
 1.363750 0.000000 0.000000
 1.367500 0.000000 0.000000
 1.371250 0.000000 0.000000
 1.375000 0.000000 0.000000
 1.378750 0.000000 0.000000
 1.382500 0.000000 0.000000
 1.386250 0.000000 0.000000
 1.390000 0.000000 0.000000
 1.393750 0.000000 0.000000
 1.397500 0.000000 0.000000
 1.401250 0.000000 0.000000
 1.405000 0.000000 0.000000
 1.408750 0.000000 0.000000
 1.412500 0.000000 0.000000
 1.416250 0.000000 0.000000
 1.420000 0.000000 0.000000
 1.423750 0.000000 0.000000
 1.427500 0.000000 0.000000
 1.431250 0.000000 0.000000
 1.435000 0.000000 0.000000
 1.438750 0.000000 0.000000
 1.442500 0.000000 0.000000
 1.446250 0.000000 0.000000
 1.450000 0.000000 0.000000
 1.453750 0.000000 0.000000
 1.457500 0.000000 0.000000
 1.461250 0.000000 0.000000
 1.465000 0.000000 0.000000
 1.468750 0.000000 0.000000
 1.472500 0.000000 0.000000
 1.476250 0.000000 0.000000
 1.480000 0.000000 0.000000
 1.483750 0.000000 0.000000
 1.487500 0.000000 0.000000
 1.491250 0.000000 0.000000
 1.495000 0.000000 0.000000
 1.498750 0.000000 0.000000
 1.502500 0.000000 0.000000
 1.506250 0.000000 0.000000
 1.510000 0.000000 0.000000
 1.513750 0.000000 0.000000
 1.517500 0.000000 0.000000
 1.521250 0.000000 0.000000
 1.525000 0.000000 0.000000
 1.528750 0.000000 0.000000
 1.532500 0.000000 0.000000
 1.536250 0.000000 0.000000
 1.540000 0.000000 0.000000
 1.543750 0.000000 0.000000
 1.547500 0.000000 0.000000
 1.551250 0.000000 0.000000
 1.555000 0.000000 0.000000
 1.558750 0.000000 0.000000
 1.562500 0.000000 0.000000
 1.566250 0.000000 0.000000
 1.570000 0.000000 0.000000
 1.573750 0.000000 0.000000
 1.577500 0.000000 0.000000
 1.581250 0.000000 0.000000
 1.585000 0.000000 0.000000
 1.588750 0.000000 0.000000
 1.592500 0.000000 0.000000
 1.596250 0.000000 0.000000
 1.600000 0.000000 0.000000
 1.603750 0.000000 0.000000
 1.607500 0.000000 0.000000
 1.611250 0.000000 0.000000
 1.615000 0.000000 0.000000
 1.618750 0.000000 0.000000
 1.622500 0.000000 0.000000
 1.626250 0.000000 0.000000
 1.630000 0.000000 0.000000
 1.633750 0.000000 0.000000
 1.637500 0.000000 0.000000
 1.641250 0.000000 0.000000
 1.645000 0.000000 0.000000
 1.648750 0.000000 0.000000
 1.652500 0.000000 0.000000
 1.656250 0.000000 0.000000
 1.660000 0.000000 0.000000
 1.663750 0.000000 0.000000
 1.667500 0.000000 0.000000
 1.671250 0.000000 0.000000
 1.675000 0.000000 0.000000
 1.678750 0.000000 0.000000
 1.682500 0.000000 0.000000
 1.686250 0.000000 0.000000
 1.690000 0.000000 0.000000
 1.693750 0.000000 0.000000
 1.697500 0.000000 0.000000
 1.701250 0.000000 0.000000
 1.705000 0.000000 0.000000
 1.708750 0.000000 0.000000
 1.712500 0.000000 0.000000
 1.716250 0.000000 0.000000
 1.720000 0.000000 0.000000
 1.723750 0.000000 0.000000
 1.727500 0.000000 0.000000
 1.731250 0.000000 0.000000
 1.735000 0.000000 0.000000
 1.738750 0.000000 0.000000
 1.742500 0.000000 0.000000
 1.746250 0.000000 0.000000
 1.750000 0.000000 0.000000
 1.753750 0.000000 0.000000
 1.757500 0.000000 0.000000
 1.761250 0.000000 0.000000
 1.765000 0.000000 0.000000
 1.768750 0.000000 0.000000
 1.772500 0.000000 0.000000
 1.776250 0.000000 0.000000
 1.780000 0.000000 0.000000
 1.783750 0.000000 0.000000
 1.787500 0.000000 0.000000
 1.791250 0.000000 0.000000
 1.795000 0.000000 0.000000
 1.798750 0.000000 0.000000
 1.802500 0.000000 0.000000
 1.806250 0.000000 0.000000
 1.810000 0.000000 0.000000
 1.813750 0.000000 0.000000
 1.817500 0.000000 0.000000
 1.821250 0.000000 0.000000
 1.825000 0.000000 0.000000
 1.828750 0.000000 0.000000
 1.832500 0.000000 0.000000
 1.836250 0.000000 0.000000
 1.840000 0.000000 0.000000
 1.843750 0.000000 0.000000
 1.847500 0.000000 0.000000
 1.851250 0.000000 0.000000
 1.855000 0.000000 0.000000
 1.858750 0.000000 0.000000
 1.862500 0.000000 0.000000
 1.866250 0.000000 0.000000
 1.870000 0.000000 0.000000
 1.873750 0.000000 0.000000
 1.877500 0.000000 0.000000
 1.881250 0.000000 0.000000
 1.885000 0.000000 0.000000
 1.888750 0.000000 0.000000
 1.892500 0.000000 0.000000
 1.896250 0.000000 0.000000
 1.900000 0.000000 0.000000
 1.903750 0.000000 0.000000
 1.907500 0.000000 0.000000
 1.911250 0.000000 0.000000
 1.915000 0.000000 0.000000
 1.918750 0.000000 0.000000
 1.922500 0.000000 0.000000
 1.926250 0.000000 0.000000
 1.930000 0.000000 0.000000
 1.933750 0.000000 0.000000
 1.937500 0.000000 0.000000
 1.941250 0.000000 0.000000
 1.945000 0.000000 0.000000
 1.948750 0.000000 0.000000
 1.952500 0.000000 0.000000
 1.956250 0.000000 0.000000
 1.960000 0.000000 0.000000
 1.963750 0.000000 0.000000
 1.967500 0.000000 0.000000
 1.971250 0.000000 0.000000
 1.975000 0.000000 0.000000
 1.978750 0.000000 0.000000
 1.982500 0.000000 0.000000
 1.986250 0.000000 0.000000
 1.990000 0.000000 0.000000
 1.993750 0.000000 0.000000
 1.997500 0.000000 0.000000
 2.001250 0.000000 0.000000
 2.005000 0.000000 0.000000
 2.008750 0.000000 0.000000
 2.012500 0.000000 0.000000
 2.016250 0.000000 0.000000
 2.020000 0.000000 0.000000
 2.023750 0.000000 0.000000
 2.027500 0.000000 0.000000
 2.031250 0.000000 0.000000
 2.035000 0.000000 0.000000
 2.038750 0.000000 0.000000
 2.042500 0.000000 0.000000
 2.046250 0.000000 0.000000
 2.050000 0.000000 0.000000
 2.053750 0.000000 0.000000
 2.057500 0.000000 0.000000
 2.061250 0.000000 0.000000
 2.065000 0.000000 0.000000
 2.068750 0.000000 0.000000
 2.072500 0.000000 0.000000
 2.076250 0.000000 0.000000
 2.080000 0.000000 0.000000
 2.083750 0.000000 0.000000
 2.087500 0.000000 0.000000
 2.091250 0.000000 0.000000
 2.095000 0.000000 0.000000
 2.098750 0.000000 0.000000
 2.102500 0.000000 0.000000
 2.106250 0.000000 0.000000
 2.110000 0.000000 0.000000
 2.113750 0.000000 0.000000
 2.117500 0.000000 0.000000
 2.121250 0.000000 0.000000
 2.125000 0.000000 0.000000
 2.128750 0.000000 0.000000
 2.132500 0.000000 0.000000
 2.136250 0.000000 0.000000
 2.140000 0.000000 0.000000
 2.143750 0.000000 0.000000
 2.147500 0.000000 0.000000
 2.151250 0.000000 0.000000
 2.155000 0.000000 0.000000
 2.158750 0.000000 0.000000
 2.162500 0.000000 0.000000
 2.166250 0.000000 0.000000
 2.170000 0.000000 0.000000
 2.173750 0.000000 0.000000
 2.177500 0.000000 0.000000
 2.181250 0.000000 0.000000
 2.185000 0.000000 0.000000
 2.188750 0.000000 0.000000
 2.192500 0.000000 0.000000
 2.196250 0.000000 0.000000
 2.200000 0.000000 0.000000
 2.203750 0.000000 0.000000
 2.207500 0.000000 0.000000
 2.211250 0.000000 0.000000
 2.215000 0.000000 0.000000
 2.218750 0.000000 0.000000
 2.222500 0.000000 0.000000
 2.226250 0.000000 0.000000
 2.230000 0.000000 0.000000
 2.233750 0.000000 0.000000
 2.237500 0.000000 0.000000
 2.241250 0.000000 0.000000
 2.245000 0.000000 0.000000
 2.248750 0.000000 0.000000
 2.252500 0.000000 0.000000
 2.256250 0.000000 0.000000
 2.260000 0.000000 0.000000
 2.263750 0.000000 0.000000
 2.267500 0.000000 0.000000
 2.271250 0.000000 0.000000
 2.275000 0.000000 0.000000
 2.278750 0.000000 0.000000
 2.282500 0.000000 0.000000
 2.286250 0.000000 0.000000
 2.290000 0.000000 0.000000
 2.293750 0.000000 0.000000
 2.297500 0.000000 0.000000
 2.301250 0.000000 0.000000
 2.305000 0.000000 0.000000
 2.308750 0.000000 0.000000
 2.312500 0.000000 0.000000
 2.316250 0.000000 0.000000
 2.320000 0.000000 0.000000
 2.323750 0.000000 0.000000
 2.327500 0.000000 0.000000
 2.331250 0.000000 0.000000
 2.335000 0.000000 0.000000
 2.338750 0.000000 0.000000
 2.342500 0.000000 0.000000
 2.346250 0.000000 0.000000
 2.350000 0.000000 0.000000
 2.353750 0.000000 0.000000
 2.357500 0.000000 0.000000
 2.361250 0.000000 0.000000
 2.365000 0.000000 0.000000
 2.368750 0.000000 0.000000
 2.372500 0.000000 0.000000
 2.376250 0.000000 0.000000
 2.380000 0.000000 0.000000
 2.383750 0.000000 0.000000
 2.387500 0.000000 0.000000
 2.391250 0.000000 0.000000
 2.395000 0.000000 0.000000
 2.398750 0.000000 0.000000
 2.402500 0.000000 0.000000
 2.406250 0.000000 0.000000
 2.410000 0.000000 0.000000
 2.413750 0.000000 0.000000
 2.417500 0.000000 0.000000
 2.421250 0.000000 0.000000
 2.425000 0.000000 0.000000
 2.428750 0.000000 0.000000
 2.432500 0.000000 0.000000
 2.436250 0.000000 0.000000
 2.440000 0.000000 0.000000
 2.443750 0.000000 0.000000
 2.447500 0.000000 0.000000
 2.451250 0.000000 0.000000
 2.455000 0.000000 0.000000
 2.458750 0.000000 0.000000
 2.462500 0.000000 0.000000
 2.466250 0.000000 0.000000
 2.470000 0.000000 0.000000
 2.473750 0.000000 0.000000
 2.477500 0.000000 0.000000
 2.481250 0.000000 0.000000
 2.485000 0.000000 0.000000
 2.488750 0.000000 0.000000
 2.492500 0.000000 0.000000
 2.496250 0.000000 0.000000
 2.500000 0.000000 0.000000
 2.503750 0.000000 0.000000
 2.507500 0.000000 0.000000
 2.511250 0.000000 0.000000
 2.515000 0.000000 0.000000
 2.518750 0.000000 0.000000
 2.522500 0.000000 0.000000
 2.526250 0.000000 0.000000
 2.530000 0.000000 0.000000
 2.533750 0.000000 0.000000
 2.537500 0.000000 0.000000
 2.541250 0.000000 0.000000
 2.545000 0.000000 0.000000
 2.548750 0.000000 0.000000
 2.552500 0.000000 0.000000
 2.556250 0.000000 0.000000
 2.560000 0.000000 0.000000
 2.563750 0.000000 0.000000
 2.567500 0.000000 0.000000
 2.571250 0.000000 0.000000
 2.575000 0.000000 0.000000
 2.578750 0.000000 0.000000
 2.582500 0.000000 0.000000
 2.586250 0.000000 0.000000
 2.590000 0.000000 0.000000
 2.593750 0.000000 0.000000
 2.597500 0.000000 0.000000
 2.601250 0.000000 0.000000
 2.605000 0.000000 0.000000
 2.608750 0.000000 0.000000
 2.612500 0.000000 0.000000
 2.616250 0.000000 0.000000
 2.620000 0.000000 0.000000
 2.623750 0.000000 0.000000
 2.627500 0.000000 0.000000
 2.631250 0.000000 0.000000
 2.635000 0.000000 0.000000
 2.638750 0.000000 0.000000
 2.642500 0.000000 0.000000
 2.646250 0.000000 0.000000
 2.650000 0.000000 0.000000
 2.653750 0.000000 0.000000
 2.657500 0.000000 0.000000
 2.661250 0.000000 0.000000
 2.665000 0.000000 0.000000
 2.668750 0.000000 0.000000
 2.672500 0.000000 0.000000
 2.676250 0.000000 0.000000
 2.680000 0.000000 0.000000
 2.683750 0.000000 0.000000
 2.687500 0.000000 0.000000
 2.691250 0.000000 0.000000
 2.695000 0.000000 0.000000
 2.698750 0.000000 0.000000
 2.702500 0.000000 0.000000
 2.706250 0.000000 0.000000
 2.710000 0.000000 0.000000
 2.713750 0.000000 0.000000
 2.717500 0.000000 0.000000
 2.721250 0.000000 0.000000
 2.725000 0.000000 0.000000
 2.728750 0.000000 0.000000
 2.732500 0.000000 0.000000
 2.736250 0.000000 0.000000
 2.740000 0.000000 0.000000
 2.743750 0.000000 0.000000
 2.747500 0.000000 0.000000
 2.751250 0.000000 0.000000
 2.755000 0.000000 0.000000
 2.758750 0.000000 0.000000
 2.762500 0.000000 0.000000
 2.766250 0.000000 0.000000
 2.770000 0.000000 0.000000
 2.773750 0.000000 0.000000
 2.777500 0.000000 0.000000
 2.781250 0.000000 0.000000
 2.785000 0.000000 0.000000
 2.788750 0.000000 0.000000
 2.792500 0.000000 0.000000
 2.796250 0.000000 0.000000
 2.800000 0.000000 0.000000
 2.803750 0.000000 0.000000
 2.807500 0.000000 0.000000
 2.811250 0.000000 0.000000
 2.815000 0.000000 0.000000
 2.818750 0.000000 0.000000
 2.822500 0.000000 0.000000
 2.826250 0.000000 0.000000
 2.830000 0.000000 0.000000
 2.833750 0.000000 0.000000
 2.837500 0.000000 0.000000
 2.841250 0.000000 0.000000
 2.845000 0.000000 0.000000
 2.848750 0.000000 0.000000
 2.852500 0.000000 0.000000
 2.856250 0.000000 0.000000
 2.860000 0.000000 0.000000
 2.863750 0.000000 0.000000
 2.867500 0.000000 0.000000
 2.871250 0.000000 0.000000
 2.875000 0.000000 0.000000
 2.878750 0.000000 0.000000
 2.882500 0.000000 0.000000
 2.886250 0.000000 0.000000
 2.890000 0.000000 0.000000
 2.893750 0.000000 0.000000
 2.897500 0.000000 0.000000
 2.901250 0.000000 0.000000
 2.905000 0.000000 0.000000
 2.908750 0.000000 0.000000
 2.912500 0.000000 0.000000
 2.916250 0.000000 0.000000
 2.920000 0.000000 0.000000
 2.923750 0.000000 0.000000
 2.927500 0.000000 0.000000
 2.931250 0.000000 0.000000
 2.935000 0.000000 0.000000
 2.938750 0.000000 0.000000
 2.942500 0.000000 0.000000
 2.946250 0.000000 0.000000
 2.950000 0.000000 0.000000
 2.953750 0.000000 0.000000
 2.957500 0.000000 0.000000
 2.961250 0.000000 0.000000
 2.965000 0.000000 0.000000
 2.968750 0.000000 0.000000
 2.972500 0.000000 0.000000
 2.976250 0.000000 0.000000
 2.980000 0.000000 0.000000
 2.983750 0.000000 0.000000
 2.987500 0.000000 0.000000
 2.991250 0.000000 0.000000
 2.995000 0.000000 0.000000
 2.998750 0.000000 0.000000
 3.002500 0.000000 0.000000
 3.006250 0.000000 0.000000
 3.010000 0.000000 0.000000
 3.013750 0.000000 0.000000
 3.017500 0.000000 0.000000
 3.021250 0.000000 0.000000
 3.025000 0.000000 0.000000
 3.028750 0.000000 0.000000
 3.032500 0.000000 0.000000
 3.036250 0.000000 0.000000
 3.040000 0.000000 0.000000
 3.043750 0.000000 0.000000
 3.047500 0.000000 0.000000
 3.051250 0.000000 0.000000
 3.055000 0.000000 0.000000
 3.058750 0.000000 0.000000
 3.062500 0.000000 0.000000
 3.066250 0.000000 0.000000
 3.070000 0.000000 0.000000
 3.073750 0.000000 0.000000
 3.077500 0.000000 0.000000
 3.081250 0.000000 0.000000
 3.085000 0.000000 0.000000
 3.088750 0.000000 0.000000
 3.092500 0.000000 0.000000
 3.096250 0.000000 0.000000
 3.100000 0.000000 0.000000
 3.103750 0.000000 0.000000
 3.107500 0.000000 0.000000
 3.111250 0.000000 0.000000
 3.115000 0.000000 0.000000
 3.118750 0.000000 0.000000
 3.122500 0.000000 0.000000
 3.126250 0.000000 0.000000
 3.130000 0.000000 0.000000
 3.133750 0.000000 0.000000
 3.137500 0.000000 0.000000
 3.141250 0.000000 0.000000
 3.145000 0.000000 0.000000
 3.148750 0.000000 0.000000
 3.152500 0.000000 0.000000
 3.156250 0.000000 0.000000
 3.160000 0.000000 0.000000
 3.163750 0.000000 0.000000
 3.167500 0.000000 0.000000
 3.171250 0.000000 0.000000
 3.175000 0.000000 0.000000
 3.178750 0.000000 0.000000
 3.182500 0.000000 0.000000
 3.186250 0.000000 0.000000
 3.190000 0.000000 0.000000
 3.193750 0.000000 0.000000
 3.197500 0.000000 0.000000
 3.201250 0.000000 0.000000
 3.205000 0.000000 0.000000
 3.208750 0.000000 0.000000
 3.212500 0.000000 0.000000
 3.216250 0.000000 0.000000
 3.220000 0.000000 0.000000
 3.223750 0.000000 0.000000
 3.227500 0.000000 0.000000
 3.231250 0.000000 0.000000
 3.235000 0.000000 0.000000
 3.238750 0.000000 0.000000
 3.242500 0.000000 0.000000
 3.246250 0.000000 0.000000
 3.250000 0.000000 0.000000
 3.253750 0.000000 0.000000
 3.257500 0.000000 0.000000
 3.261250 0.000000 0.000000
 3.265000 0.000000 0.000000
 3.268750 0.000000 0.000000
 3.272500 0.000000 0.000000
 3.276250 0.000000 0.000000
 3.280000 0.000000 0.000000
 3.283750 0.000000 0.000000
 3.287500 0.000000 0.000000
 3.291250 0.000000 0.000000
 3.295000 0.000000 0.000000
 3.298750 0.000000 0.000000
 3.302500 0.000000 0.000000
 3.306250 0.000000 0.000000
 3.310000 0.000000 0.000000
 3.313750 0.000000 0.000000
 3.317500 0.000000 0.000000
 3.321250 0.000000 0.000000
 3.325000 0.000000 0.000000
 3.328750 0.000000 0.000000
 3.332500 0.000000 0.000000
 3.336250 0.000000 0.000000
 3.340000 0.000000 0.000000
 3.343750 0.000000 0.000000
 3.347500 0.000000 0.000000
 3.351250 0.000000 0.000000
 3.355000 0.000000 0.000000
 3.358750 0.000000 0.000000
 3.362500 0.000000 0.000000
 3.366250 0.000000 0.000000
 3.370000 0.000000 0.000000
 3.373750 0.000000 0.000000
 3.377500 0.000000 0.000000
 3.381250 0.000000 0.000000
 3.385000 0.000000 0.000000
 3.388750 0.000000 0.000000
 3.392500 0.000000 0.000000
 3.396250 0.000000 0.000000
 3.400000 0.000000 0.000000
 3.403750 0.000000 0.000000
 3.407500 0.000000 0.000000
 3.411250 0.000000 0.000000
 3.415000 0.000000 0.000000
 3.418750 0.000000 0.000000
 3.422500 0.000000 0.000000
 3.426250 0.000000 0.000000
 3.430000 0.000000 0.000000
 3.433750 0.000000 0.000000
 3.437500 0.000000 0.000000
 3.441250 0.000000 0.000000
 3.445000 0.000000 0.000000
 3.448750 0.000000 0.000000
 3.452500 0.000000 0.000000
 3.456250 0.000000 0.000000
 3.460000 0.000000 0.000000
 3.463750 0.000000 0.000000
 3.467500 0.000000 0.000000
 3.471250 0.000000 0.000000
 3.475000 0.000000 0.000000
 3.478750 0.000000 0.000000
 3.482500 0.000000 0.000000
 3.486250 0.000000 0.000000
 3.490000 0.000000 0.000000
 3.493750 0.000000 0.000000
 3.497500 0.000000 0.000000
 3.501250 0.000000 0.000000
 3.505000 0.000000 0.000000
 3.508750 0.000000 0.000000
 3.512500 0.000000 0.000000
 3.516250 0.000000 0.000000
 3.520000 0.000000 0.000000
 3.523750 0.000000 0.000000
 3.527500 0.000000 0.000000
 3.531250 0.000000 0.000000
 3.535000 0.000000 0.000000
 3.538750 0.000000 0.000000
 3.542500 0.000000 0.000000
 3.546250 0.000000 0.000000
 3.550000 0.000000 0.000000
 3.553750 0.000000 0.000000
 3.557500 0.000000 0.000000
 3.561250 0.000000 0.000000
 3.565000 0.000000 0.000000
 3.568750 0.000000 0.000000
 3.572500 0.000000 0.000000
 3.576250 0.000000 0.000000
 3.580000 0.000000 0.000000
 3.583750 0.000000 0.000000
 3.587500 0.000000 0.000000
 3.591250 0.000000 0.000000
 3.595000 0.000000 0.000000
 3.598750 0.000000 0.000000
 3.602500 0.000000 0.000000
 3.606250 0.000000 0.000000
 3.610000 0.000000 0.000000
 3.613750 0.000000 0.000000
 3.617500 0.000000 0.000000
 3.621250 0.000000 0.000000
 3.625000 0.000000 0.000000
 3.628750 0.000000 0.000000
 3.632500 0.000000 0.000000
 3.636250 0.000000 0.000000
 3.640000 0.000000 0.000000
 3.643750 0.000000 0.000000
 3.647500 0.000000 0.000000
 3.651250 0.000000 0.000000
 3.655000 0.000000 0.000000
 3.658750 0.000000 0.000000
 3.662500 0.000000 0.000000
 3.666250 0.000000 0.000000
 3.670000 0.000000 0.000000
 3.673750 0.000000 0.000000
 3.677500 0.000000 0.000000
 3.681250 0.000000 0.000000
 3.685000 0.000000 0.000000
 3.688750 0.000000 0.000000
 3.692500 0.000000 0.000000
 3.696250 0.000000 0.000000
 3.700000 0.000000 0.000000
 3.703750 0.000000 0.000000
 3.707500 0.000000 0.000000
 3.711250 0.000000 0.000000
 3.715000 0.000000 0.000000
 3.718750 0.000000 0.000000
 3.722500 0.000000 0.000000
 3.726250 0.000000 0.000000
 3.730000 0.000000 0.000000
 3.733750 0.000000 0.000000
 3.737500 0.000000 0.000000
 3.741250 0.000000 0.000000
 3.745000 0.000000 0.000000
 3.748750 0.000000 0.000000
 3.752500 0.000000 0.000000
 3.756250 0.000000 0.000000
 3.760000 0.000000 0.000000
 3.763750 0.000000 0.000000
 3.767500 0.000000 0.000000
 3.771250 0.000000 0.000000
 3.775000 0.000000 0.000000
 3.778750 0.000000 0.000000
 3.782500 0.000000 0.000000
 3.786250 0.000000 0.000000
 3.790000 0.000000 0.000000
 3.793750 0.000000 0.000000
 3.797500 0.000000 0.000000
 3.801250 0.000000 0.000000
 3.805000 0.000000 0.000000
 3.808750 0.000000 0.000000
 3.812500 0.000000 0.000000
 3.816250 0.000000 0.000000
 3.820000 0.000000 0.000000
 3.823750 0.000000 0.000000
 3.827500 0.000000 0.000000
 3.831250 0.000000 0.000000
 3.835000 0.000000 0.000000
 3.838750 0.000000 0.000000
 3.842500 0.000000 0.000000
 3.846250 0.000000 0.000000
 3.850000 0.000000 0.000000
 3.853750 0.000000 0.000000
 3.857500 0.000000 0.000000
 3.861250 0.000000 0.000000
 3.865000 0.000000 0.000000
 3.868750 0.000000 0.000000
 3.872500 0.000000 0.000000
 3.876250 0.000000 0.000000
 3.880000 0.000000 0.000000
 3.883750 0.000000 0.000000
 3.887500 0.000000 0.000000
 3.891250 0.000000 0.000000
 3.895000 0.000000 0.000000
 3.898750 0.000000 0.000000
 3.902500 0.000000 0.000000
 3.906250 0.000000 0.000000
 3.910000 0.000000 0.000000
 3.913750 0.000000 0.000000
 3.917500 0.000000 0.000000
 3.921250 0.000000 0.000000
 3.925000 0.000000 0.000000
 3.928750 0.000000 0.000000
 3.932500 0.000000 0.000000
 3.936250 0.000000 0.000000
 3.940000 0.000000 0.000000
 3.943750 0.000000 0.000000
 3.947500 0.000000 0.000000
 3.951250 0.000000 0.000000
 3.955000 0.000000 0.000000
 3.958750 0.000000 0.000000
 3.962500 0.000000 0.000000
 3.966250 0.000000 0.000000
 3.970000 0.000000 0.000000
 3.973750 0.000000 0.000000
 3.977500 0.000000 0.000000
 3.981250 0.000000 0.000000
 3.985000 0.000000 0.000000
 3.988750 0.000000 0.000000
 3.992500 0.000000 0.000000
 3.996250 0.000000 0.000000
 4.000000 0.000000 0.000000
 4.003750 0.000000 0.000000
 4.007500 0.000000 0.000000
 4.011250 0.000000 0.000000
 4.015000 0.000000 0.000000
 4.018750 0.000000 0.000000
 4.022500 0.000000 0.000000
 4.026250 0.000000 0.000000
 4.030000 0.000000 0.000000
 4.033750 0.000000 0.000000
 4.037500 0.000000 0.000000
 4.041250 0.000000 0.000000
 4.045000 0.000000 0.000000
 4.048750 0.000000 0.000000
 4.052500 0.000000 0.000000
 4.056250 0.000000 0.000000
 4.060000 0.000000 0.000000
 4.063750 0.000000 0.000000
 4.067500 0.000000 0.000000
 4.071250 0.000000 0.000000
 4.075000 0.000000 0.000000
 4.078750 0.000000 0.000000
 4.082500 0.000000 0.000000
 4.086250 0.000000 0.000000
 4.090000 0.000000 0.000000
 4.093750 0.000000 0.000000
 4.097500 0.000000 0.000000
 4.101250 0.000000 0.000000
 4.105000 0.000000 0.000000
 4.108750 0.000000 0.000000
 4.112500 0.000000 0.000000
 4.116250 0.000000 0.000000
 4.120000 0.000000 0.000000
 4.123750 0.000000 0.000000
 4.127500 0.000000 0.000000
 4.131250 0.000000 0.000000
 4.135000 0.000000 0.000000
 4.138750 0.000000 0.000000
 4.142500 0.000000 0.000000
 4.146250 0.000000 0.000000
 4.150000 0.000000 0.000000
 4.153750 0.000000 0.000000
 4.157500 0.000000 0.000000
 4.161250 0.000000 0.000000
 4.165000 0.000000 0.000000
 4.168750 0.000000 0.000000
 4.172500 0.000000 0.000000
 4.176250 0.000000 0.000000
 4.180000 0.000000 0.000000
 4.183750 0.000000 0.000000
 4.187500 0.000000 0.000000
 4.191250 0.000000 0.000000
 4.195000 0.000000 0.000000
 4.198750 0.000000 0.000000
 4.202500 0.000000 0.000000
 4.206250 0.000000 0.000000
 4.210000 0.000000 0.000000
 4.213750 0.000000 0.000000
 4.217500 0.000000 0.000000
 4.221250 0.000000 0.000000
 4.225000 0.000000 0.000000
 4.228750 0.000000 0.000000
 4.232500 0.000000 0.000000
 4.236250 0.000000 0.000000
 4.240000 0.000000 0.000000
 4.243750 0.000000 0.000000
 4.247500 0.000000 0.000000
 4.251250 0.000000 0.000000
 4.255000 0.000000 0.000000
 4.258750 0.000000 0.000000
 4.262500 0.000000 0.000000
 4.266250 0.000000 0.000000
 4.270000 0.000000 0.000000
 4.273750 0.000000 0.000000
 4.277500 0.000000 0.000000
 4.281250 0.000000 0.000000
 4.285000 0.000000 0.000000
 4.288750 0.000000 0.000000
 4.292500 0.000000 0.000000
 4.296250 0.000000 0.000000
 4.300000 0.000000 0.000000
 4.303750 0.000000 0.000000
 4.307500 0.000000 0.000000
 4.311250 0.000000 0.000000
 4.315000 0.000000 0.000000
 4.318750 0.000000 0.000000
 4.322500 0.000000 0.000000
 4.326250 0.000000 0.000000
 4.330000 0.000000 0.000000
 4.333750 0.000000 0.000000
 4.337500 0.000000 0.000000
 4.341250 0.000000 0.000000
 4.345000 0.000000 0.000000
 4.348750 0.000000 0.000000
 4.352500 0.000000 0.000000
 4.356250 0.000000 0.000000
 4.360000 0.000000 0.000000
 4.363750 0.000000 0.000000
 4.367500 0.000000 0.000000
 4.371250 0.000000 0.000000
 4.375000 0.000000 0.000000
 4.378750 0.000000 0.000000
 4.382500 0.000000 0.000000
 4.386250 0.000000 0.000000
 4.390000 0.000000 0.000000
 4.393750 0.000000 0.000000
 4.397500 0.000000 0.000000
 4.401250 0.000000 0.000000
 4.405000 0.000000 0.000000
 4.408750 0.000000 0.000000
 4.412500 0.000000 0.000000
 4.416250 0.000000 0.000000
 4.420000 0.000000 0.000000
 4.423750 0.000000 0.000000
 4.427500 0.000000 0.000000
 4.431250 0.000000 0.000000
 4.435000 0.000000 0.000000
 4.438750 0.000000 0.000000
 4.442500 0.000000 0.000000
 4.446250 0.000000 0.000000
 4.450000 0.000000 0.000000
 4.453750 0.000000 0.000000
 4.457500 0.000000 0.000000
 4.461250 0.000000 0.000000
 4.465000 0.000000 0.000000
 4.468750 0.000000 0.000000
 4.472500 0.000000 0.000000
 4.476250 0.000000 0.000000
 4.480000 0.000000 0.000000
 4.483750 0.000000 0.000000
 4.487500 0.000000 0.000000
 4.491250 0.000000 0.000000
 4.495000 0.000000 0.000000
 4.498750 0.000000 0.000000
 4.502500 0.000000 0.000000
 4.506250 0.000000 0.000000
 4.510000 0.000000 0.000000
 4.513750 0.000000 0.000000
 4.517500 0.000000 0.000000
 4.521250 0.000000 0.000000
 4.525000 0.000000 0.000000
 4.528750 0.000000 0.000000
 4.532500 0.000000 0.000000
 4.536250 0.000000 0.000000
 4.540000 0.000000 0.000000
 4.543750 0.000000 0.000000
 4.547500 0.000000 0.000000
 4.551250 0.000000 0.000000
 4.555000 0.000000 0.000000
 4.558750 0.000000 0.000000
 4.562500 0.000000 0.000000
 4.566250 0.000000 0.000000
 4.570000 0.000000 0.000000
 4.573750 0.000000 0.000000
 4.577500 0.000000 0.000000
 4.581250 0.000000 0.000000
 4.585000 0.000000 0.000000
 4.588750 0.000000 0.000000
 4.592500 0.000000 0.000000
 4.596250 0.000000 0.000000
 4.600000 0.000000 0.000000
 4.603750 0.000000 0.000000
 4.607500 0.000000 0.000000
 4.611250 0.000000 0.000000
 4.615000 0.000000 0.000000
 4.618750 0.000000 0.000000
 4.622500 0.000000 0.000000
 4.626250 0.000000 0.000000
 4.630000 0.000000 0.000000
 4.633750 0.000000 0.000000
 4.637500 0.000000 0.000000
 4.641250 0.000000 0.000000
 4.645000 0.000000 0.000000
 4.648750 0.000000 0.000000
 4.652500 0.000000 0.000000
 4.656250 0.000000 0.000000
 4.660000 0.000000 0.000000
 4.663750 0.000000 0.000000
 4.667500 0.000000 0.000000
 4.671250 0.000000 0.000000
 4.675000 0.000000 0.000000
 4.678750 0.000000 0.000000
 4.682500 0.000000 0.000000
 4.686250 0.000000 0.000000
 4.690000 0.000000 0.000000
 4.693750 0.000000 0.000000
 4.697500 0.000000 0.000000
 4.701250 0.000000 0.000000
 4.705000 0.000000 0.000000
 4.708750 0.000000 0.000000
 4.712500 0.000000 0.000000
 4.716250 0.000000 0.000000
 4.720000 0.000000 0.000000
 4.723750 0.000000 0.000000
 4.727500 0.000000 0.000000
 4.731250 0.000000 0.000000
 4.735000 0.000000 0.000000
 4.738750 0.000000 0.000000
 4.742500 0.000000 0.000000
 4.746250 0.000000 0.000000
 4.750000 0.000000 0.000000
 4.753750 0.000000 0.000000
 4.757500 0.000000 0.000000
 4.761250 0.000000 0.000000
 4.765000 0.000000 0.000000
 4.768750 0.000000 0.000000
 4.772500 0.000000 0.000000
 4.776250 0.000000 0.000000
 4.780000 0.000000 0.000000
 4.783750 0.000000 0.000000
 4.787500 0.000000 0.000000
 4.791250 0.000000 0.000000
 4.795000 0.000000 0.000000
 4.798750 0.000000 0.000000
 4.802500 0.000000 0.000000
 4.806250 0.000000 0.000000
 4.810000 0.000000 0.000000
 4.813750 0.000000 0.000000
 4.817500 0.000000 0.000000
 4.821250 0.000000 0.000000
 4.825000 0.000000 0.000000
 4.828750 0.000000 0.000000
 4.832500 0.000000 0.000000
 4.836250 0.000000 0.000000
 4.840000 0.000000 0.000000
 4.843750 0.000000 0.000000
 4.847500 0.000000 0.000000
 4.851250 0.000000 0.000000
 4.855000 0.000000 0.000000
 4.858750 0.000000 0.000000
 4.862500 0.000000 0.000000
 4.866250 0.000000 0.000000
 4.870000 0.000000 0.000000
 4.873750 0.000000 0.000000
 4.877500 0.000000 0.000000
 4.881250 0.000000 0.000000
 4.885000 0.000000 0.000000
 4.888750 0.000000 0.000000
 4.892500 0.000000 0.000000
 4.896250 0.000000 0.000000
 4.900000 0.000000 0.000000
 4.903750 0.000000 0.000000
 4.907500 0.000000 0.000000
 4.911250 0.000000 0.000000
 4.915000 0.000000 0.000000
 4.918750 0.000000 0.000000
 4.922500 0.000000 0.000000
 4.926250 0.000000 0.000000
 4.930000 0.000000 0.000000
 4.933750 0.000000 0.000000
 4.937500 0.000000 0.000000
 4.941250 0.000000 0.000000
 4.945000 0.000000 0.000000
 4.948750 0.000000 0.000000
 4.952500 0.000000 0.000000
 4.956250 0.000000 0.000000
 4.960000 0.000000 0.000000
 4.963750 0.000000 0.000000
 4.967500 0.000000 0.000000
 4.971250 0.000000 0.000000
 4.975000 0.000000 0.000000
 4.978750 0.000000 0.000000
 4.982500 0.000000 0.000000
 4.986250 0.000000 0.000000
 4.990000 0.000000 0.000000
 4.993750 0.000000 0.000000
 4.997500 0.000000 0.000000
 5.001250 0.000000 0.000000
 5.005000 0.000000 0.000000
 5.008750 0.000000 0.000000
 5.012500 0.000000 0.000000
 5.016250 0.000000 0.000000
 5.020000 0.000000 0.000000
 5.023750 0.000000 0.000000
 5.027500 0.000000 0.000000
 5.031250 0.000000 0.000000
 5.035000 0.000000 0.000000
 5.038750 0.000000 0.000000
 5.042500 0.000000 0.000000
 5.046250 0.000000 0.000000
 5.050000 0.000000 0.000000
 5.053750 0.000000 0.000000
 5.057500 0.000000 0.000000
 5.061250 0.000000 0.000000
 5.065000 0.000000 0.000000
 5.068750 0.000000 0.000000
 5.072500 0.000000 0.000000
 5.076250 0.000000 0.000000
 5.080000 0.000000 0.000000
 5.083750 0.000000 0.000000
 5.087500 0.000000 0.000000
 5.091250 0.000000 0.000000
 5.095000 0.000000 0.000000
 5.098750 0.000000 0.000000
 5.102500 0.000000 0.000000
 5.106250 0.000000 0.000000
 5.110000 0.000000 0.000000
 5.113750 0.000000 0.000000
 5.117500 0.000000 0.000000
 5.121250 0.000000 0.000000
 5.125000 0.000000 0.000000
 5.128750 0.000000 0.000000
 5.132500 0.000000 0.000000
 5.136250 0.000000 0.000000
 5.140000 0.000000 0.000000
 5.143750 0.000000 0.000000
 5.147500 0.000000 0.000000
 5.151250 0.000000 0.000000
 5.155000 0.000000 0.000000
 5.158750 0.000000 0.000000
 5.162500 0.000000 0.000000
 5.166250 0.000000 0.000000
 5.170000 0.000000 0.000000
 5.173750 0.000000 0.000000
 5.177500 0.000000 0.000000
 5.181250 0.000000 0.000000
 5.185000 0.000000 0.000000
 5.188750 0.000000 0.000000
 5.192500 0.000000 0.000000
 5.196250 0.000000 0.000000
 5.200000 0.000000 0.000000
 5.203750 0.000000 0.000000
 5.207500 0.000000 0.000000
 5.211250 0.000000 0.000000
 5.215000 0.000000 0.000000
 5.218750 0.000000 0.000000
 5.222500 0.000000 0.000000
 5.226250 0.000000 0.000000
 5.230000 0.000000 0.000000
 5.233750 0.000000 0.000000
 5.237500 0.000000 0.000000
 5.241250 0.000000 0.000000
 5.245000 0.000000 0.000000
 5.248750 0.000000 0.000000
 5.252500 0.000000 0.000000
 5.256250 0.000000 0.000000
 5.260000 0.000000 0.000000
 5.263750 0.000000 0.000000
 5.267500 0.000000 0.000000
 5.271250 0.000000 0.000000
 5.275000 0.000000 0.000000
 5.278750 0.000000 0.000000
 5.282500 0.000000 0.000000
 5.286250 0.000000 0.000000
 5.290000 0.000000 0.000000
 5.293750 0.000000 0.000000
 5.297500 0.000000 0.000000
 5.301250 0.000000 0.000000
 5.305000 0.000000 0.000000
 5.308750 0.000000 0.000000
 5.312500 0.000000 0.000000
 5.316250 0.000000 0.000000
 5.320000 0.000000 0.000000
 5.323750 0.000000 0.000000
 5.327500 0.000000 0.000000
 5.331250 0.000000 0.000000
 5.335000 0.000000 0.000000
 5.338750 0.000000 0.000000
 5.342500 0.000000 0.000000
 5.346250 0.000000 0.000000
 5.350000 0.000000 0.000000
 5.353750 0.000000 0.000000
 5.357500 0.000000 0.000000
 5.361250 0.000000 0.000000
 5.365000 0.000000 0.000000
 5.368750 0.000000 0.000000
 5.372500 0.000000 0.000000
 5.376250 0.000000 0.000000
 5.380000 0.000000 0.000000
 5.383750 0.000000 0.000000
 5.387500 0.000000 0.000000
 5.391250 0.000000 0.000000
 5.395000 0.000000 0.000000
 5.398750 0.000000 0.000000
 5.402500 0.000000 0.000000
 5.406250 0.000000 0.000000
 5.410000 0.000000 0.000000
 5.413750 0.000000 0.000000
 5.417500 0.000000 0.000000
 5.421250 0.000000 0.000000
 5.425000 0.000000 0.000000
 5.428750 0.000000 0.000000
 5.432500 0.000000 0.000000
 5.436250 0.000000 0.000000
 5.440000 0.000000 0.000000
 5.443750 0.000000 0.000000
 5.447500 0.000000 0.000000
 5.451250 0.000000 0.000000
 5.455000 0.000000 0.000000
 5.458750 0.000000 0.000000
 5.462500 0.000000 0.000000
 5.466250 0.000000 0.000000
 5.470000 0.000000 0.000000
 5.473750 0.000000 0.000000
 5.477500 0.000000 0.000000
 5.481250 0.000000 0.000000
 5.485000 0.000000 0.000000
 5.488750 0.000000 0.000000
 5.492500 0.000000 0.000000
 5.496250 0.000000 0.000000
 5.500000 0.000000 0.000000
 5.503750 0.000000 0.000000
 5.507500 0.000000 0.000000
 5.511250 0.000000 0.000000
 5.515000 0.000000 0.000000
 5.518750 0.000000 0.000000
 5.522500 0.000000 0.000000
 5.526250 0.000000 0.000000
 5.530000 0.000000 0.000000
 5.533750 0.000000 0.000000
 5.537500 0.000000 0.000000
 5.541250 0.000000 0.000000
 5.545000 0.000000 0.000000
 5.548750 0.000000 0.000000
 5.552500 0.000000 0.000000
 5.556250 0.000000 0.000000
 5.560000 0.000000 0.000000
 5.563750 0.000000 0.000000
 5.567500 0.000000 0.000000
 5.571250 0.000000 0.000000
 5.575000 0.000000 0.000000
 5.578750 0.000000 0.000000
 5.582500 0.000000 0.000000
 5.586250 0.000000 0.000000
 5.590000 0.000000 0.000000
 5.593750 0.000000 0.000000
 5.597500 0.000000 0.000000
 5.601250 0.000000 0.000000
 5.605000 0.000000 0.000000
 5.608750 0.000000 0.000000
 5.612500 0.000000 0.000000
 5.616250 0.000000 0.000000
 5.620000 0.000000 0.000000
 5.623750 0.000000 0.000000
 5.627500 0.000000 0.000000
 5.631250 0.000000 0.000000
 5.635000 0.000000 0.000000
 5.638750 0.000000 0.000000
 5.642500 0.000000 0.000000
 5.646250 0.000000 0.000000
 5.650000 0.000000 0.000000
 5.653750 0.000000 0.000000
 5.657500 0.000000 0.000000
 5.661250 0.000000 0.000000
 5.665000 0.000000 0.000000
 5.668750 0.000000 0.000000
 5.672500 0.000000 0.000000
 5.676250 0.000000 0.000000
 5.680000 0.000000 0.000000
 5.683750 0.000000 0.000000
 5.687500 0.000000 0.000000
 5.691250 0.000000 0.000000
 5.695000 0.000000 0.000000
 5.698750 0.000000 0.000000
 5.702500 0.000000 0.000000
 5.706250 0.000000 0.000000
 5.710000 0.000000 0.000000
 5.713750 0.000000 0.000000
 5.717500 0.000000 0.000000
 5.721250 0.000000 0.000000
 5.725000 0.000000 0.000000
 5.728750 0.000000 0.000000
 5.732500 0.000000 0.000000
 5.736250 0.000000 0.000000
 5.740000 0.000000 0.000000
 5.743750 0.000000 0.000000
 5.747500 0.000000 0.000000
 5.751250 0.000000 0.000000
 5.755000 0.000000 0.000000
 5.758750 0.000000 0.000000
 5.762500 0.000000 0.000000
 5.766250 0.000000 0.000000
 5.770000 0.000000 0.000000
 5.773750 0.000000 0.000000
 5.777500 0.000000 0.000000
 5.781250 0.000000 0.000000
 5.785000 0.000000 0.000000
 5.788750 0.000000 0.000000
 5.792500 0.000000 0.000000
 5.796250 0.000000 0.000000
 5.800000 0.000000 0.000000
 5.803750 0.000000 0.000000
 5.807500 0.000000 0.000000
 5.811250 0.000000 0.000000
 5.815000 0.000000 0.000000
 5.818750 0.000000 0.000000
 5.822500 0.000000 0.000000
 5.826250 0.000000 0.000000
 5.830000 0.000000 0.000000
 5.833750 0.000000 0.000000
 5.837500 0.000000 0.000000
 5.841250 0.000000 0.000000
 5.845000 0.000000 0.000000
 5.848750 0.000000 0.000000
 5.852500 0.000000 0.000000
 5.856250 0.000000 0.000000
 5.860000 0.000000 0.000000
 5.863750 0.000000 0.000000
 5.867500 0.000000 0.000000
 5.871250 0.000000 0.000000
 5.875000 0.000000 0.000000
 5.878750 0.000000 0.000000
 5.882500 0.000000 0.000000
 5.886250 0.000000 0.000000
 5.890000 0.000000 0.000000
 5.893750 0.000000 0.000000
 5.897500 0.000000 0.000000
 5.901250 0.000000 0.000000
 5.905000 0.000000 0.000000
 5.908750 0.000000 0.000000
 5.912500 0.000000 0.000000
 5.916250 0.000000 0.000000
 5.920000 0.000000 0.000000
 5.923750 0.000000 0.000000
 5.927500 0.000000 0.000000
 5.931250 0.000000 0.000000
 5.935000 0.000000 0.000000
 5.938750 0.000000 0.000000
 5.942500 0.000000 0.000000
 5.946250 0.000000 0.000000
 5.950000 0.000000 0.000000
 5.953750 0.000000 0.000000
 5.957500 0.000000 0.000000
 5.961250 0.000000 0.000000
 5.965000 0.000000 0.000000
 5.968750 0.000000 0.000000
 5.972500 0.000000 0.000000
 5.976250 0.000000 0.000000
 5.980000 0.000000 0.000000
 5.983750 0.000000 0.000000
 5.987500 0.000000 0.000000
 5.991250 0.000000 0.000000
 5.995000 0.000000 0.000000
 5.998750 0.000000 0.000000
 6.002500 0.000000 0.000000
 6.006250 0.000000 0.000000
 6.010000 0.000000 0.000000
 6.013750 0.000000 0.000000
 6.017500 0.000000 0.000000
 6.021250 0.000000 0.000000
 6.025000 0.000000 0.000000
 6.028750 0.000000 0.000000
 6.032500 0.000000 0.000000
 6.036250 0.000000 0.000000
 6.040000 0.000000 0.000000
 6.043750 0.000000 0.000000
 6.047500 0.000000 0.000000
 6.051250 0.000000 0.000000
 6.055000 0.000000 0.000000
 6.058750 0.000000 0.000000
 6.062500 0.000000 0.000000
 6.066250 0.000000 0.000000
 6.070000 0.000000 0.000000
 6.073750 0.000000 0.000000
 6.077500 0.000000 0.000000
 6.081250 0.000000 0.000000
 6.085000 0.000000 0.000000
 6.088750 0.000000 0.000000
 6.092500 0.000000 0.000000
 6.096250 0.000000 0.000000
 6.100000 0.000000 0.000000
 6.103750 0.000000 0.000000
 6.107500 0.000000 0.000000
 6.111250 0.000000 0.000000
 6.115000 0.000000 0.000000
 6.118750 0.000000 0.000000
 6.122500 0.000000 0.000000
 6.126250 0.000000 0.000000
 6.130000 0.000000 0.000000
 6.133750 0.000000 0.000000
 6.137500 0.000000 0.000000
 6.141250 0.000000 0.000000
 6.145000 0.000000 0.000000
 6.148750 0.000000 0.000000
 6.152500 0.000000 0.000000
 6.156250 0.000000 0.000000
 6.160000 0.000000 0.000000
 6.163750 0.000000 0.000000
 6.167500 0.000000 0.000000
 6.171250 0.000000 0.000000
 6.175000 0.000000 0.000000
 6.178750 0.000000 0.000000
 6.182500 0.000000 0.000000
 6.186250 0.000000 0.000000
 6.190000 0.000000 0.000000
 6.193750 0.000000 0.000000
 6.197500 0.000000 0.000000
 6.201250 0.000000 0.000000
 6.205000 0.000000 0.000000
 6.208750 0.000000 0.000000
 6.212500 0.000000 0.000000
 6.216250 0.000000 0.000000
 6.220000 0.000000 0.000000
 6.223750 0.000000 0.000000
 6.227500 0.000000 0.000000
 6.231250 0.000000 0.000000
 6.235000 0.000000 0.000000
 6.238750 0.000000 0.000000
 6.242500 0.000000 0.000000
 6.246250 0.000000 0.000000
 6.250000 0.000000 0.000000
 6.253750 0.000000 0.000000
 6.257500 0.000000 0.000000
 6.261250 0.000000 0.000000
 6.265000 0.000000 0.000000
 6.268750 0.000000 0.000000
 6.272500 0.000000 0.000000
 6.276250 0.000000 0.000000
 6.280000 0.000000 0.000000
 6.283750 0.000000 0.000000
 6.287500 0.000000 0.000000
 6.291250 0.000000 0.000000
 6.295000 0.000000 0.000000
 6.298750 0.000000 0.000000
 6.302500 0.000000 0.000000
 6.306250 0.000000 0.000000
 6.310000 0.000000 0.000000
 6.313750 0.000000 0.000000
 6.317500 0.000000 0.000000
 6.321250 0.000000 0.000000
 6.325000 0.000000 0.000000
 6.328750 0.000000 0.000000
 6.332500 0.000000 0.000000
 6.336250 0.000000 0.000000
 6.340000 0.000000 0.000000
 6.343750 0.000000 0.000000
 6.347500 0.000000 0.000000
 6.351250 0.000000 0.000000
 6.355000 0.000000 0.000000
 6.358750 0.000000 0.000000
 6.362500 0.000000 0.000000
 6.366250 0.000000 0.000000
 6.370000 0.000000 0.000000
 6.373750 0.000000 0.000000
 6.377500 0.000000 0.000000
 6.381250 0.000000 0.000000
 6.385000 0.000000 0.000000
 6.388750 0.000000 0.000000
 6.392500 0.000000 0.000000
 6.396250 0.000000 0.000000
 6.400000 0.000000 0.000000
 6.403750 0.000000 0.000000
 6.407500 0.000000 0.000000
 6.411250 0.000000 0.000000
 6.415000 0.000000 0.000000
 6.418750 0.000000 0.000000
 6.422500 0.000000 0.000000
 6.426250 0.000000 0.000000
 6.430000 0.000000 0.000000
 6.433750 0.000000 0.000000
 6.437500 0.000000 0.000000
 6.441250 0.000000 0.000000
 6.445000 0.000000 0.000000
 6.448750 0.000000 0.000000
 6.452500 0.000000 0.000000
 6.456250 0.000000 0.000000
 6.460000 0.000000 0.000000
 6.463750 0.000000 0.000000
 6.467500 0.000000 0.000000
 6.471250 0.000000 0.000000
 6.475000 0.000000 0.000000
 6.478750 0.000000 0.000000
 6.482500 0.000000 0.000000
 6.486250 0.000000 0.000000
 6.490000 0.000000 0.000000
 6.493750 0.000000 0.000000
 6.497500 0.000000 0.000000
 6.501250 0.000000 0.000000
 6.505000 0.000000 0.000000
 6.508750 0.000000 0.000000
 6.512500 0.000000 0.000000
 6.516250 0.000000 0.000000
 6.520000 0.000000 0.000000
 6.523750 0.000000 0.000000
 6.527500 0.000000 0.000000
 6.531250 0.000000 0.000000
 6.535000 0.000000 0.000000
 6.538750 0.000000 0.000000
 6.542500 0.000000 0.000000
 6.546250 0.000000 0.000000
 6.550000 0.000000 0.000000
 6.553750 0.000000 0.000000
 6.557500 0.000000 0.000000
 6.561250 0.000000 0.000000
 6.565000 0.000000 0.000000
 6.568750 0.000000 0.000000
 6.572500 0.000000 0.000000
 6.576250 0.000000 0.000000
 6.580000 0.000000 0.000000
 6.583750 0.000000 0.000000
 6.587500 0.000000 0.000000
 6.591250 0.000000 0.000000
 6.595000 0.000000 0.000000
 6.598750 0.000000 0.000000
 6.602500 0.000000 0.000000
 6.606250 0.000000 0.000000
 6.610000 0.000000 0.000000
 6.613750 0.000000 0.000000
 6.617500 0.000000 0.000000
 6.621250 0.000000 0.000000
 6.625000 0.000000 0.000000
 6.628750 0.000000 0.000000
 6.632500 0.000000 0.000000
 6.636250 0.000000 0.000000
 6.640000 0.000000 0.000000
 6.643750 0.000000 0.000000
 6.647500 0.000000 0.000000
 6.651250 0.000000 0.000000
 6.655000 0.000000 0.000000
 6.658750 0.000000 0.000000
 6.662500 0.000000 0.000000
 6.666250 0.000000 0.000000
 6.670000 0.000000 0.000000
 6.673750 0.000000 0.000000
 6.677500 0.000000 0.000000
 6.681250 0.000000 0.000000
 6.685000 0.000000 0.000000
 6.688750 0.000000 0.000000
 6.692500 0.000000 0.000000
 6.696250 0.000000 0.000000
 6.700000 0.000000 0.000000
 6.703750 0.000000 0.000000
 6.707500 0.000000 0.000000
 6.711250 0.000000 0.000000
 6.715000 0.000000 0.000000
 6.718750 0.000000 0.000000
 6.722500 0.000000 0.000000
 6.726250 0.000000 0.000000
 6.730000 0.000000 0.000000
 6.733750 0.000000 0.000000
 6.737500 0.000000 0.000000
 6.741250 0.000000 0.000000
 6.745000 0.000000 0.000000
 6.748750 0.000000 0.000000
 6.752500 0.000000 0.000000
 6.756250 0.000000 0.000000
 6.760000 0.000000 0.000000
 6.763750 0.000000 0.000000
 6.767500 0.000000 0.000000
 6.771250 0.000000 0.000000
 6.775000 0.000000 0.000000
 6.778750 0.000000 0.000000
 6.782500 0.000000 0.000000
 6.786250 0.000000 0.000000
 6.790000 0.000000 0.000000
 6.793750 0.000000 0.000000
 6.797500 0.000000 0.000000
 6.801250 0.000000 0.000000
 6.805000 0.000000 0.000000
 6.808750 0.000000 0.000000
 6.812500 0.000000 0.000000
 6.816250 0.000000 0.000000
 6.820000 0.000000 0.000000
 6.823750 0.000000 0.000000
 6.827500 0.000000 0.000000
 6.831250 0.000000 0.000000
 6.835000 0.000000 0.000000
 6.838750 0.000000 0.000000
 6.842500 0.000000 0.000000
 6.846250 0.000000 0.000000
 6.850000 0.000000 0.000000
 6.853750 0.000000 0.000000
 6.857500 0.000000 0.000000
 6.861250 0.000000 0.000000
 6.865000 0.000000 0.000000
 6.868750 0.000000 0.000000
 6.872500 0.000000 0.000000
 6.876250 0.000000 0.000000
 6.880000 0.000000 0.000000
 6.883750 0.000000 0.000000
 6.887500 0.000000 0.000000
 6.891250 0.000000 0.000000
 6.895000 0.000000 0.000000
 6.898750 0.000000 0.000000
 6.902500 0.000000 0.000000
 6.906250 0.000000 0.000000
 6.910000 0.000000 0.000000
 6.913750 0.000000 0.000000
 6.917500 0.000000 0.000000
 6.921250 0.000000 0.000000
 6.925000 0.000000 0.000000
 6.928750 0.000000 0.000000
 6.932500 0.000000 0.000000
 6.936250 0.000000 0.000000
 6.940000 0.000000 0.000000
 6.943750 0.000000 0.000000
 6.947500 0.000000 0.000000
 6.951250 0.000000 0.000000
 6.955000 0.000000 0.000000
 6.958750 0.000000 0.000000
 6.962500 0.000000 0.000000
 6.966250 0.000000 0.000000
 6.970000 0.000000 0.000000
 6.973750 0.000000 0.000000
 6.977500 0.000000 0.000000
 6.981250 0.000000 0.000000
 6.985000 0.000000 0.000000
 6.988750 0.000000 0.000000
 6.992500 0.000000 0.000000
 6.996250 0.000000 0.000000
 7.000000 0.000000 0.000000
