#! FIELDS time refcv.mean refcv.morethan uwall.bias uwall.force2 lwall.bias lwall.force2 refcv2.mean refcv2.morethan
 0.500000 0.766049 285.041298 0.000000 0.000000 0.000000 0.000000 0.766049 286.000000
 0.750000 0.733175 270.900900 0.000000 0.000000 0.000000 0.000000 0.733175 282.000000
 1.000000 0.725729 269.813503 0.000000 0.000000 0.000000 0.000000 0.725729 284.000000
 1.250000 0.726435 272.182809 0.000000 0.000000 0.000000 0.000000 0.726435 285.000000
 1.500000 0.724660 269.858545 0.000000 0.000000 0.000000 0.000000 0.724660 282.000000
 1.750000 0.727704 268.758016 0.000000 0.000000 0.000000 0.000000 0.727704 285.000000
 2.000000 0.719254 265.713972 0.000000 0.000000 0.000000 0.000000 0.719254 282.000000
 2.250000 0.724705 270.701031 0.000000 0.000000 0.000000 0.000000 0.724705 284.000000
 2.500000 0.727017 269.928442 0.000000 0.000000 0.000000 0.000000 0.727017 283.000000
 2.750000 0.734192 274.210550 0.000000 0.000000 0.000000 0.000000 0.734192 285.000000
 3.000000 0.724288 265.663963 0.000000 0.000000 0.000000 0.000000 0.724288 278.000000
 3.250000 0.731658 277.024922 0.000000 0.000000 0.000000 0.000000 0.731658 291.000000
 3.500000 0.734948 277.276176 0.000000 0.000000 0.000000 0.000000 0.734948 286.000000
 3.750000 0.726206 268.936848 0.000000 0.000000 0.000000 0.000000 0.726206 283.000000
 4.000000 0.730004 274.539205 0.000000 0.000000 0.000000 0.000000 0.730004 284.000000
 4.250000 0.733345 274.995689 0.000000 0.000000 0.000000 0.000000 0.733345 289.000000
 4.500000 0.728532 270.943253 0.000000 0.000000 0.000000 0.000000 0.728532 285.000000
 4.750000 0.728250 274.134653 0.000000 0.000000 0.000000 0.000000 0.728250 285.000000
 5.000000 0.728846 273.016123 0.000000 0.000000 0.000000 0.000000 0.728846 285.000000
 5.250000 0.728775 275.045808 0.000000 0.000000 0.000000 0.000000 0.728775 286.000000
 5.500000 0.725278 268.701641 0.000000 0.000000 0.000000 0.000000 0.725278 280.000000
 5.750000 0.728696 270.810856 0.000000 0.000000 0.000000 0.000000 0.728696 283.000000
 6.000000 0.724553 269.884449 0.000000 0.000000 0.000000 0.000000 0.724553 285.000000
 6.250000 0.728765 270.498551 0.000000 0.000000 0.000000 0.000000 0.728765 283.000000
 6.500000 0.730665 271.294093 0.000000 0.000000 0.000000 0.000000 0.730665 282.000000
 6.750000 0.726836 270.013588 0.000000 0.000000 0.000000 0.000000 0.726836 282.000000
 7.000000 0.728338 270.298830 0.000000 0.000000 0.000000 0.000000 0.728338 282.000000
 7.250000 0.730278 273.220693 0.000000 0.000000 0.000000 0.000000 0.730278 287.000000
 7.500000 0.727255 269.063036 0.000000 0.000000 0.000000 0.000000 0.727255 284.000000
 7.750000 0.719656 264.582239 0.000000 0.000000 0.000000 0.000000 0.719656 280.000000
 8.000000 0.723196 269.517272 0.000000 0.000000 0.000000 0.000000 0.723196 285.000000
 8.250000 0.721646 267.707634 0.000000 0.000000 0.000000 0.000000 0.721646 284.000000
 8.500000 0.723338 268.225420 0.000000 0.000000 0.000000 0.000000 0.723338 280.000000
 8.750000 0.727038 271.702115 0.000000 0.000000 0.000000 0.000000 0.727038 284.000000
 9.000000 0.723876 271.846233 0.000000 0.000000 0.000000 0.000000 0.723876 285.000000
 9.250000 0.725094 271.199349 0.000000 0.000000 0.000000 0.000000 0.725094 286.000000
 9.500000 0.722076 273.422315 0.000000 0.000000 0.000000 0.000000 0.722076 286.000000
 9.750000 0.716429 270.095619 0.000000 0.000000 0.000000 0.000000 0.716429 288.000000
 10.000000 0.716711 269.303422 0.000000 0.000000 0.000000 0.000000 0.716711 282.000000
 10.250000 0.712336 266.667366 0.000000 0.000000 0.000000 0.000000 0.712336 285.000000
 10.500000 0.722516 272.039913 0.000000 0.000000 0.000000 0.000000 0.722516 285.000000
 10.750000 0.720940 270.945181 0.000000 0.000000 0.000000 0.000000 0.720940 283.000000
 11.000000 0.712499 261.143534 0.000000 0.000000 0.000000 0.000000 0.712499 280.000000
 11.250000 0.712649 263.188030 0.000000 0.000000 0.000000 0.000000 0.712649 279.000000
 11.500000 0.715098 267.373407 0.000000 0.000000 0.000000 0.000000 0.715098 281.000000
 11.750000 0.709052 261.391825 0.000000 0.000000 0.000000 0.000000 0.709052 281.000000
 12.000000 0.714395 267.044918 0.000000 0.000000 0.000000 0.000000 0.714395 281.000000
 12.250000 0.724924 273.174686 0.000000 0.000000 0.000000 0.000000 0.724924 285.000000
 12.500000 0.722639 267.830040 0.000000 0.000000 0.000000 0.000000 0.722639 281.000000
 12.750000 0.722484 270.262529 0.000000 0.000000 0.000000 0.000000 0.722484 283.000000
 13.000000 0.718670 265.703071 0.000000 0.000000 0.000000 0.000000 0.718670 281.000000
 13.250000 0.711803 262.283330 0.000000 0.000000 0.000000 0.000000 0.711803 283.000000
 13.500000 0.719170 269.209527 0.000000 0.000000 0.000000 0.000000 0.719170 284.000000
 13.750000 0.714301 261.499300 0.000000 0.000000 0.000000 0.000000 0.714301 276.000000
 14.000000 0.720112 268.195156 0.000000 0.000000 0.000000 0.000000 0.720112 283.000000
 14.250000 0.715312 263.320576 0.000000 0.000000 0.000000 0.000000 0.715312 278.000000
 14.500000 0.711741 258.296652 0.000000 0.000000 0.000000 0.000000 0.711741 275.000000
 14.750000 0.714528 257.728557 0.000000 0.000000 0.000000 0.000000 0.714528 275.000000
 15.000000 0.717497 261.931680 0.000000 0.000000 0.000000 0.000000 0.717497 276.000000
 15.250000 0.709556 257.121162 0.000000 0.000000 0.000000 0.000000 0.709556 272.000000
 15.500000 0.707413 256.590007 0.000000 0.000000 0.000000 0.000000 0.707413 278.000000
 15.750000 0.712084 260.046563 0.000000 0.000000 0.000000 0.000000 0.712084 277.000000
 16.000000 0.715985 263.826167 0.000000 0.000000 0.000000 0.000000 0.715985 280.000000
 16.250000 0.700875 250.440612 0.000000 0.000000 0.000000 0.000000 0.700875 267.000000
 16.500000 0.705284 252.996618 0.000000 0.000000 0.000000 0.000000 0.705284 271.000000
 16.750000 0.712311 263.484486 0.000000 0.000000 0.000000 0.000000 0.712311 279.000000
 17.000000 0.714679 265.631838 0.000000 0.000000 0.000000 0.000000 0.714679 280.000000
 17.250000 0.713699 263.079649 0.000000 0.000000 0.000000 0.000000 0.713699 281.000000
 17.500000 0.714046 261.103710 0.000000 0.000000 0.000000 0.000000 0.714046 281.000000
 17.750000 0.717502 265.888980 0.000000 0.000000 0.000000 0.000000 0.717502 280.000000
 18.000000 0.718042 266.433972 0.000000 0.000000 0.000000 0.000000 0.718042 280.000000
 18.250000 0.712547 260.368743 0.000000 0.000000 0.000000 0.000000 0.712547 279.000000
 18.500000 0.714480 266.024073 0.000000 0.000000 0.000000 0.000000 0.714480 281.000000
 18.750000 0.714621 263.824521 0.000000 0.000000 0.000000 0.000000 0.714621 280.000000
 19.000000 0.715596 263.166079 0.000000 0.000000 0.000000 0.000000 0.715596 280.000000
 19.250000 0.713026 258.451330 0.000000 0.000000 0.000000 0.000000 0.713026 277.000000
 19.500000 0.718742 265.280312 0.000000 0.000000 0.000000 0.000000 0.718742 277.000000
 19.750000 0.717374 265.929664 0.000000 0.000000 0.000000 0.000000 0.717374 280.000000
 20.000000 0.721650 268.539786 0.000000 0.000000 0.000000 0.000000 0.721650 282.000000
 20.250000 0.722340 268.340968 0.000000 0.000000 0.000000 0.000000 0.722340 282.000000
 20.500000 0.719041 265.477854 0.000000 0.000000 0.000000 0.000000 0.719041 284.000000
 20.750000 0.720345 266.644943 0.000000 0.000000 0.000000 0.000000 0.720345 283.000000
 21.000000 0.717723 269.342384 0.000000 0.000000 0.000000 0.000000 0.717723 284.000000
 21.250000 0.717804 268.505145 0.000000 0.000000 0.000000 0.000000 0.717804 281.000000
 21.500000 0.718294 267.488164 0.000000 0.000000 0.000000 0.000000 0.718294 279.000000
 21.750000 0.716411 264.012235 0.000000 0.000000 0.000000 0.000000 0.716411 278.000000
 22.000000 0.716118 265.941410 0.000000 0.000000 0.000000 0.000000 0.716118 279.000000
 22.250000 0.721137 272.613535 0.000000 0.000000 0.000000 0.000000 0.721137 283.000000
 22.500000 0.714453 264.037745 0.000000 0.000000 0.000000 0.000000 0.714453 284.000000
 22.750000 0.712970 260.473152 0.000000 0.000000 0.000000 0.000000 0.712970 277.000000
 23.000000 0.716324 266.783256 0.000000 0.000000 0.000000 0.000000 0.716324 282.000000
 23.250000 0.722005 270.600789 0.000000 0.000000 0.000000 0.000000 0.722005 280.000000
 23.500000 0.727558 274.759752 0.000000 0.000000 0.000000 0.000000 0.727558 282.000000
 23.750000 0.720976 268.898990 0.000000 0.000000 0.000000 0.000000 0.720976 281.000000
 24.000000 0.730542 276.689097 0.000000 0.000000 0.000000 0.000000 0.730542 288.000000
 24.250000 0.728133 273.131623 0.000000 0.000000 0.000000 0.000000 0.728133 289.000000
 24.500000 0.720734 265.921362 0.000000 0.000000 0.000000 0.000000 0.720734 282.000000
 24.750000 0.723484 267.198369 0.000000 0.000000 0.000000 0.000000 0.723484 281.000000
 25.000000 0.734787 278.382623 0.000000 0.000000 0.000000 0.000000 0.734787 287.000000
 25.250000 0.731760 272.259166 0.000000 0.000000 0.000000 0.000000 0.731760 281.000000
 25.500000 0.729783 274.613590 0.000000 0.000000 0.000000 0.000000 0.729783 285.000000
 25.750000 0.729357 274.275412 0.000000 0.000000 0.000000 0.000000 0.729357 286.000000
 26.000000 0.731841 276.198287 0.000000 0.000000 0.000000 0.000000 0.731841 284.000000
 26.250000 0.730692 270.896236 0.000000 0.000000 0.000000 0.000000 0.730692 282.000000
 26.500000 0.724901 268.781307 0.000000 0.000000 0.000000 0.000000 0.724901 283.000000
 26.750000 0.729731 271.574463 0.000000 0.000000 0.000000 0.000000 0.729731 281.000000
 27.000000 0.720572 267.773375 0.000000 0.000000 0.000000 0.000000 0.720572 280.000000
 27.250000 0.722334 269.065272 0.000000 0.000000 0.000000 0.000000 0.722334 281.000000
 27.500000 0.729810 274.619292 0.000000 0.000000 0.000000 0.000000 0.729810 283.000000
 27.750000 0.717052 264.854703 0.000000 0.000000 0.000000 0.000000 0.717052 279.000000
 28.000000 0.723824 269.952597 0.000000 0.000000 0.000000 0.000000 0.723824 280.000000
 28.250000 0.726097 274.541917 0.000000 0.000000 0.000000 0.000000 0.726097 283.000000
 28.500000 0.723398 271.988375 0.000000 0.000000 0.000000 0.000000 0.723398 284.000000
 28.750000 0.723409 271.921861 0.000000 0.000000 0.000000 0.000000 0.723409 286.000000
 29.000000 0.729454 275.956303 0.000000 0.000000 0.000000 0.000000 0.729454 286.000000
 29.250000 0.714314 263.756899 0.000000 0.000000 0.000000 0.000000 0.714314 279.000000
 29.500000 0.725823 271.829026 0.000000 0.000000 0.000000 0.000000 0.725823 288.000000
 29.750000 0.724875 271.477519 0.000000 0.000000 0.000000 0.000000 0.724875 280.000000
 30.000000 0.719820 267.581956 0.000000 0.000000 0.000000 0.000000 0.719820 283.000000
 30.250000 0.722934 269.058172 0.000000 0.000000 0.000000 0.000000 0.722934 284.000000
 30.500000 0.723109 270.948810 0.000000 0.000000 0.000000 0.000000 0.723109 285.000000
 30.750000 0.721146 268.417198 0.000000 0.000000 0.000000 0.000000 0.721146 282.000000
 31.000000 0.719016 264.640847 0.000000 0.000000 0.000000 0.000000 0.719016 279.000000
 31.250000 0.718735 263.449097 0.000000 0.000000 0.000000 0.000000 0.718735 280.000000
 31.500000 0.715980 258.125445 0.000000 0.000000 0.000000 0.000000 0.715980 274.000000
 31.750000 0.715571 257.344886 0.000000 0.000000 0.000000 0.000000 0.715571 273.000000
 32.000000 0.721706 259.146864 0.000000 0.000000 0.000000 0.000000 0.721706 272.000000
 32.250000 0.718151 262.149590 0.000000 0.000000 0.000000 0.000000 0.718151 275.000000
 32.500000 0.710977 250.748722 0.000000 0.000000 0.000000 0.000000 0.710977 263.000000
 32.750000 0.717181 262.237388 0.000000 0.000000 0.000000 0.000000 0.717181 279.000000
 33.000000 0.716508 258.597055 0.000000 0.000000 0.000000 0.000000 0.716508 272.000000
 33.250000 0.720608 264.403754 0.000000 0.000000 0.000000 0.000000 0.720608 279.000000
 33.500000 0.719311 265.448787 0.000000 0.000000 0.000000 0.000000 0.719311 276.000000
 33.750000 0.710660 256.679621 0.000000 0.000000 0.000000 0.000000 0.710660 272.000000
 34.000000 0.709334 254.603407 0.000000 0.000000 0.000000 0.000000 0.709334 273.000000
 34.250000 0.716233 262.236840 0.000000 0.000000 0.000000 0.000000 0.716233 277.000000
 34.500000 0.716932 261.977800 0.000000 0.000000 0.000000 0.000000 0.716932 273.000000
 34.750000 0.710219 255.751681 0.000000 0.000000 0.000000 0.000000 0.710219 277.000000
 35.000000 0.713761 262.258661 0.000000 0.000000 0.000000 0.000000 0.713761 278.000000
 35.250000 0.712143 261.460592 0.000000 0.000000 0.000000 0.000000 0.712143 278.000000
 35.500000 0.713947 261.921781 0.000000 0.000000 0.000000 0.000000 0.713947 276.000000
 35.750000 0.711184 258.322205 0.000000 0.000000 0.000000 0.000000 0.711184 273.000000
 36.000000 0.711001 259.047232 0.000000 0.000000 0.000000 0.000000 0.711001 277.000000
 36.250000 0.714755 261.557255 0.000000 0.000000 0.000000 0.000000 0.714755 277.000000
 36.500000 0.717070 262.957994 0.000000 0.000000 0.000000 0.000000 0.717070 278.000000
 36.750000 0.710708 255.936133 0.000000 0.000000 0.000000 0.000000 0.710708 276.000000
 37.000000 0.708267 257.091729 0.000000 0.000000 0.000000 0.000000 0.708267 274.000000
 37.250000 0.715139 265.811022 0.000000 0.000000 0.000000 0.000000 0.715139 282.000000
 37.500000 0.719947 264.505251 0.000000 0.000000 0.000000 0.000000 0.719947 278.000000
 37.750000 0.722561 266.130580 0.000000 0.000000 0.000000 0.000000 0.722561 286.000000
 38.000000 0.716425 260.057102 0.000000 0.000000 0.000000 0.000000 0.716425 272.000000
 38.250000 0.718674 264.767840 0.000000 0.000000 0.000000 0.000000 0.718674 282.000000
 38.500000 0.707166 257.890292 0.000000 0.000000 0.000000 0.000000 0.707166 279.000000
 38.750000 0.718989 265.367178 0.000000 0.000000 0.000000 0.000000 0.718989 277.000000
 39.000000 0.725944 274.579676 0.000000 0.000000 0.000000 0.000000 0.725944 285.000000
 39.250000 0.718896 265.402834 0.000000 0.000000 0.000000 0.000000 0.718896 277.000000
 39.500000 0.714377 265.516954 0.000000 0.000000 0.000000 0.000000 0.714377 284.000000
 39.750000 0.714145 262.781415 0.000000 0.000000 0.000000 0.000000 0.714145 280.000000
 40.000000 0.722672 271.575637 0.000000 0.000000 0.000000 0.000000 0.722672 284.000000
 40.250000 0.722394 268.879207 0.000000 0.000000 0.000000 0.000000 0.722394 283.000000
 40.500000 0.716648 264.839862 0.000000 0.000000 0.000000 0.000000 0.716648 280.000000
 40.750000 0.720745 265.574954 0.000000 0.000000 0.000000 0.000000 0.720745 281.000000
 41.000000 0.727317 272.942363 0.000000 0.000000 0.000000 0.000000 0.727317 284.000000
 41.250000 0.720706 265.293460 0.000000 0.000000 0.000000 0.000000 0.720706 280.000000
 41.500000 0.718493 266.056974 0.000000 0.000000 0.000000 0.000000 0.718493 281.000000
 41.750000 0.717251 268.026177 0.000000 0.000000 0.000000 0.000000 0.717251 284.000000
 42.000000 0.716175 263.377713 0.000000 0.000000 0.000000 0.000000 0.716175 282.000000
 42.250000 0.727025 269.516494 0.000000 0.000000 0.000000 0.000000 0.727025 286.000000
 42.500000 0.728028 273.357929 0.000000 0.000000 0.000000 0.000000 0.728028 287.000000
 42.750000 0.716499 260.815365 0.000000 0.000000 0.000000 0.000000 0.716499 278.000000
 43.000000 0.717486 264.171184 0.000000 0.000000 0.000000 0.000000 0.717486 279.000000
 43.250000 0.714053 262.364140 0.000000 0.000000 0.000000 0.000000 0.714053 277.000000
 43.500000 0.715243 260.708717 0.000000 0.000000 0.000000 0.000000 0.715243 275.000000
 43.750000 0.717647 262.076445 0.000000 0.000000 0.000000 0.000000 0.717647 276.000000
 44.000000 0.712796 260.646792 0.000000 0.000000 0.000000 0.000000 0.712796 278.000000
 44.250000 0.711947 260.855016 0.000000 0.000000 0.000000 0.000000 0.711947 279.000000
 44.500000 0.710115 257.352466 0.000000 0.000000 0.000000 0.000000 0.710115 272.000000
 44.750000 0.714463 261.573716 0.000000 0.000000 0.000000 0.000000 0.714463 278.000000
 45.000000 0.714530 265.777345 0.000000 0.000000 0.000000 0.000000 0.714530 281.000000
 45.250000 0.713766 264.919695 0.000000 0.000000 0.000000 0.000000 0.713766 282.000000
 45.500000 0.711679 257.130843 0.000000 0.000000 0.000000 0.000000 0.711679 272.000000
 45.750000 0.709844 258.512380 0.000000 0.000000 0.000000 0.000000 0.709844 274.000000
 46.000000 0.718166 264.606255 0.000000 0.000000 0.000000 0.000000 0.718166 281.000000
 46.250000 0.716497 263.717473 0.000000 0.000000 0.000000 0.000000 0.716497 278.000000
 46.500000 0.712690 260.211671 0.000000 0.000000 0.000000 0.000000 0.712690 276.000000
 46.750000 0.714076 262.340531 0.000000 0.000000 0.000000 0.000000 0.714076 279.000000
 47.000000 0.715601 262.131645 0.000000 0.000000 0.000000 0.000000 0.715601 274.000000
 47.250000 0.713521 263.052149 0.000000 0.000000 0.000000 0.000000 0.713521 278.000000
 47.500000 0.717298 266.021509 0.000000 0.000000 0.000000 0.000000 0.717298 278.000000
 47.750000 0.723852 269.458082 0.000000 0.000000 0.000000 0.000000 0.723852 286.000000
 48.000000 0.728278 273.224305 0.000000 0.000000 0.000000 0.000000 0.728278 282.000000
 48.250000 0.723769 269.493883 0.000000 0.000000 0.000000 0.000000 0.723769 280.000000
 48.500000 0.716492 265.895522 0.000000 0.000000 0.000000 0.000000 0.716492 280.000000
 48.750000 0.713233 266.261329 0.000000 0.000000 0.000000 0.000000 0.713233 282.000000
 49.000000 0.711703 263.248761 0.000000 0.000000 0.000000 0.000000 0.711703 280.000000
 49.250000 0.716770 266.416257 0.000000 0.000000 0.000000 0.000000 0.716770 284.000000
 49.500000 0.708623 259.046404 0.000000 0.000000 0.000000 0.000000 0.708623 280.000000
 49.750000 0.718748 267.897141 0.000000 0.000000 0.000000 0.000000 0.718748 279.000000
 50.000000 0.717521 268.169998 0.000000 0.000000 0.000000 0.000000 0.717521 282.000000
 50.250000 0.713886 267.885854 0.000000 0.000000 0.000000 0.000000 0.713886 285.000000
 50.500000 0.708210 262.913803 0.000000 0.000000 0.000000 0.000000 0.708210 282.000000
 50.750000 0.707407 259.662584 0.000000 0.000000 0.000000 0.000000 0.707407 276.000000
 51.000000 0.715845 267.147273 0.000000 0.000000 0.000000 0.000000 0.715845 282.000000
 51.250000 0.708538 258.773832 0.000000 0.000000 0.000000 0.000000 0.708538 277.000000
 51.500000 0.708795 260.233073 0.000000 0.000000 0.000000 0.000000 0.708795 279.000000
 51.750000 0.716713 269.085805 0.000000 0.000000 0.000000 0.000000 0.716713 283.000000
 52.000000 0.714455 263.469501 0.000000 0.000000 0.000000 0.000000 0.714455 280.000000
 52.250000 0.711925 263.963580 0.000000 0.000000 0.000000 0.000000 0.711925 279.000000
 52.500000 0.711982 265.003775 0.000000 0.000000 0.000000 0.000000 0.711982 279.000000
 52.750000 0.710470 262.524088 0.000000 0.000000 0.000000 0.000000 0.710470 278.000000
 53.000000 0.710033 260.804514 0.000000 0.000000 0.000000 0.000000 0.710033 280.000000
 53.250000 0.710165 260.932816 0.000000 0.000000 0.000000 0.000000 0.710165 277.000000
 53.500000 0.717645 267.663041 0.000000 0.000000 0.000000 0.000000 0.717645 281.000000
 53.750000 0.719406 265.981552 0.000000 0.000000 0.000000 0.000000 0.719406 280.000000
 54.000000 0.723475 273.535996 0.000000 0.000000 0.000000 0.000000 0.723475 285.000000
 54.250000 0.710946 262.571481 0.000000 0.000000 0.000000 0.000000 0.710946 283.000000
 54.500000 0.710996 258.758502 0.000000 0.000000 0.000000 0.000000 0.710996 277.000000
 54.750000 0.719397 265.548981 0.000000 0.000000 0.000000 0.000000 0.719397 278.000000
 55.000000 0.717503 266.173982 0.000000 0.000000 0.000000 0.000000 0.717503 280.000000
 55.250000 0.714213 262.335988 0.000000 0.000000 0.000000 0.000000 0.714213 279.000000
 55.500000 0.716294 268.029520 0.000000 0.000000 0.000000 0.000000 0.716294 282.000000
 55.750000 0.723669 269.457972 0.000000 0.000000 0.000000 0.000000 0.723669 282.000000
 56.000000 0.722646 265.461298 0.000000 0.000000 0.000000 0.000000 0.722646 276.000000
 56.250000 0.722227 267.579733 0.000000 0.000000 0.000000 0.000000 0.722227 279.000000
 56.500000 0.723040 268.810171 0.000000 0.000000 0.000000 0.000000 0.723040 281.000000
 56.750000 0.715129 265.775901 0.000000 0.000000 0.000000 0.000000 0.715129 281.000000
 57.000000 0.711694 261.432903 0.000000 0.000000 0.000000 0.000000 0.711694 279.000000
 57.250000 0.714339 266.312214 0.000000 0.000000 0.000000 0.000000 0.714339 281.271231
 57.500000 0.716427 267.225837 0.000000 0.000000 0.000000 0.000000 0.716427 279.000000
 57.750000 0.712375 263.611170 0.000000 0.000000 0.000000 0.000000 0.712375 285.000000
 58.000000 0.722357 273.582371 0.000000 0.000000 0.000000 0.000000 0.722357 288.000000
 58.250000 0.714549 262.411285 0.000000 0.000000 0.000000 0.000000 0.714549 280.000000
 58.500000 0.719143 266.076910 0.000000 0.000000 0.000000 0.000000 0.719143 283.000000
 58.750000 0.717332 267.695499 0.000000 0.000000 0.000000 0.000000 0.717332 283.000000
 59.000000 0.717601 265.873227 0.000000 0.000000 0.000000 0.000000 0.717601 282.000000
 59.250000 0.718243 267.469682 0.000000 0.000000 0.000000 0.000000 0.718243 283.000000
 59.500000 0.704772 259.370168 0.000000 0.000000 0.000000 0.000000 0.704772 281.000000
 59.750000 0.712222 267.138525 0.000000 0.000000 0.000000 0.000000 0.712222 282.000000
 60.000000 0.716968 269.602038 0.000000 0.000000 0.000000 0.000000 0.716968 286.000000
 60.250000 0.713789 266.638525 0.000000 0.000000 0.000000 0.000000 0.713789 282.000000
 60.500000 0.721789 270.889003 0.000000 0.000000 0.000000 0.000000 0.721789 286.000000
 60.750000 0.714298 263.858876 0.000000 0.000000 0.000000 0.000000 0.714298 283.000000
 61.000000 0.719042 270.777824 0.000000 0.000000 0.000000 0.000000 0.719042 283.000000
 61.250000 0.720881 265.833178 0.000000 0.000000 0.000000 0.000000 0.720881 277.000000
 61.500000 0.717582 269.126392 0.000000 0.000000 0.000000 0.000000 0.717582 284.000000
 61.750000 0.714733 266.275296 0.000000 0.000000 0.000000 0.000000 0.714733 286.000000
 62.000000 0.716111 267.044331 0.000000 0.000000 0.000000 0.000000 0.716111 283.000000
 62.250000 0.722712 272.313570 0.000000 0.000000 0.000000 0.000000 0.722712 287.000000
 62.500000 0.716590 267.905649 0.000000 0.000000 0.000000 0.000000 0.716590 282.000000
 62.750000 0.717480 267.092652 0.000000 0.000000 0.000000 0.000000 0.717480 282.000000
 63.000000 0.716603 260.161296 0.000000 0.000000 0.000000 0.000000 0.716603 276.000000
 63.250000 0.720109 270.251983 0.000000 0.000000 0.000000 0.000000 0.720109 284.000000
 63.500000 0.714694 268.135809 0.000000 0.000000 0.000000 0.000000 0.714694 283.000000
 63.750000 0.714632 267.884419 0.000000 0.000000 0.000000 0.000000 0.714632 280.000000
 64.000000 0.727639 275.313952 0.000000 0.000000 0.000000 0.000000 0.727639 286.000000
 64.250000 0.723412 274.075036 0.000000 0.000000 0.000000 0.000000 0.723412 290.000000
 64.500000 0.721207 269.806908 0.000000 0.000000 0.000000 0.000000 0.721207 285.000000
 64.750000 0.722213 273.477030 0.000000 0.000000 0.000000 0.000000 0.722213 289.000000
 65.000000 0.722285 271.649718 0.000000 0.000000 0.000000 0.000000 0.722285 285.000000
 65.250000 0.724147 268.576852 0.000000 0.000000 0.000000 0.000000 0.724147 282.000000
 65.500000 0.724565 271.422901 0.000000 0.000000 0.000000 0.000000 0.724565 284.000000
 65.750000 0.723715 268.797372 0.000000 0.000000 0.000000 0.000000 0.723715 283.000000
 66.000000 0.726229 270.925084 0.000000 0.000000 0.000000 0.000000 0.726229 283.000000
 66.250000 0.720058 266.819744 0.000000 0.000000 0.000000 0.000000 0.720058 280.000000
 66.500000 0.722261 271.252754 0.000000 0.000000 0.000000 0.000000 0.722261 285.000000
 66.750000 0.717599 265.901744 0.000000 0.000000 0.000000 0.000000 0.717599 280.000000
 67.000000 0.723141 270.362572 0.000000 0.000000 0.000000 0.000000 0.723141 283.000000
 67.250000 0.718784 265.202860 0.000000 0.000000 0.000000 0.000000 0.718784 283.000000
 67.500000 0.727194 268.704001 0.000000 0.000000 0.000000 0.000000 0.727194 282.000000
 67.750000 0.724058 266.517042 0.000000 0.000000 0.000000 0.000000 0.724058 282.000000
 68.000000 0.725175 267.268310 0.000000 0.000000 0.000000 0.000000 0.725175 283.000000
 68.250000 0.729322 275.278354 0.000000 0.000000 0.000000 0.000000 0.729322 290.000000
 68.500000 0.725474 274.071558 0.000000 0.000000 0.000000 0.000000 0.725474 284.000000
 68.750000 0.718428 269.471875 0.000000 0.000000 0.000000 0.000000 0.718428 284.000000
 69.000000 0.725441 273.223145 0.000000 0.000000 0.000000 0.000000 0.725441 282.000000
 69.250000 0.727011 273.859781 0.000000 0.000000 0.000000 0.000000 0.727011 287.000000
 69.500000 0.728977 272.788305 0.000000 0.000000 0.000000 0.000000 0.728977 284.000000
 69.750000 0.727402 268.223346 0.000000 0.000000 0.000000 0.000000 0.727402 283.000000
 70.000000 0.734668 275.332385 0.000000 0.000000 0.000000 0.000000 0.734668 289.000000
 70.250000 0.732973 272.857854 0.000000 0.000000 0.000000 0.000000 0.732973 284.000000
 70.500000 0.726273 268.445066 0.000000 0.000000 0.000000 0.000000 0.726273 281.000000
 70.750000 0.732664 274.109724 0.000000 0.000000 0.000000 0.000000 0.732664 286.000000
 71.000000 0.728854 272.182571 0.000000 0.000000 0.000000 0.000000 0.728854 286.000000
 71.250000 0.725643 267.682470 0.000000 0.000000 0.000000 0.000000 0.725643 281.000000
 71.500000 0.729013 273.846567 0.000000 0.000000 0.000000 0.000000 0.729013 284.000000
 71.750000 0.725982 268.695249 0.000000 0.000000 0.000000 0.000000 0.725982 282.000000
 72.000000 0.723870 272.266855 0.000000 0.000000 0.000000 0.000000 0.723870 282.000000
 72.250000 0.720984 273.752963 0.000000 0.000000 0.000000 0.000000 0.720984 288.000000
 72.500000 0.727867 275.694104 0.000000 0.000000 0.000000 0.000000 0.727867 287.000000
 72.750000 0.727876 279.988144 0.000000 0.000000 0.000000 0.000000 0.727876 292.000000
 73.000000 0.735310 281.613296 0.000000 0.000000 0.000000 0.000000 0.735310 295.000000
 73.250000 0.741647 287.980384 0.000000 0.000000 0.000000 0.000000 0.741647 298.000000
 73.500000 0.732186 277.431086 0.000000 0.000000 0.000000 0.000000 0.732186 289.000000
 73.750000 0.733211 278.020735 0.000000 0.000000 0.000000 0.000000 0.733211 292.000000
 74.000000 0.732249 281.181916 0.000000 0.000000 0.000000 0.000000 0.732249 293.000000
 74.250000 0.733825 281.176570 0.000000 0.000000 0.000000 0.000000 0.733825 294.000000
 74.500000 0.731950 276.667103 0.000000 0.000000 0.000000 0.000000 0.731950 289.000000
 74.750000 0.734820 280.545216 0.000000 0.000000 0.000000 0.000000 0.734820 294.000000
 75.000000 0.725553 272.061628 0.000000 0.000000 0.000000 0.000000 0.725553 292.000000
 75.250000 0.729671 274.989261 0.000000 0.000000 0.000000 0.000000 0.729671 292.000000
 75.500000 0.722304 270.512313 0.000000 0.000000 0.000000 0.000000 0.722304 282.000000
 75.750000 0.721491 273.926010 0.000000 0.000000 0.000000 0.000000 0.721491 288.000000
 76.000000 0.717085 263.998542 0.000000 0.000000 0.000000 0.000000 0.717085 280.000000
 76.250000 0.728912 271.654604 0.000000 0.000000 0.000000 0.000000 0.728912 282.000000
 76.500000 0.725608 272.814935 0.000000 0.000000 0.000000 0.000000 0.725608 283.000000
 76.750000 0.729043 275.758941 0.000000 0.000000 0.000000 0.000000 0.729043 286.000000
 77.000000 0.724797 273.327082 0.000000 0.000000 0.000000 0.000000 0.724797 286.000000
 77.250000 0.729732 275.639404 0.000000 0.000000 0.000000 0.000000 0.729732 289.246229
 77.500000 0.727938 274.556240 0.000000 0.000000 0.000000 0.000000 0.727938 288.000000
 77.750000 0.724068 274.076683 0.000000 0.000000 0.000000 0.000000 0.724068 290.000000
 78.000000 0.727394 276.684940 0.000000 0.000000 0.000000 0.000000 0.727394 291.000000
 78.250000 0.717951 268.545768 0.000000 0.000000 0.000000 0.000000 0.717951 285.000000
 78.500000 0.719895 270.767419 0.000000 0.000000 0.000000 0.000000 0.719895 287.000000
 78.750000 0.722721 273.184158 0.000000 0.000000 0.000000 0.000000 0.722721 289.000000
 79.000000 0.723067 266.957105 0.000000 0.000000 0.000000 0.000000 0.723067 282.000000
 79.250000 0.725931 272.553510 0.000000 0.000000 0.000000 0.000000 0.725931 284.000000
 79.500000 0.723149 271.579546 0.000000 0.000000 0.000000 0.000000 0.723149 283.000000
 79.750000 0.733650 278.377451 0.000000 0.000000 0.000000 0.000000 0.733650 291.000000
 80.000000 0.729285 274.152991 0.000000 0.000000 0.000000 0.000000 0.729285 293.000000
 80.250000 0.721646 269.202780 0.000000 0.000000 0.000000 0.000000 0.721646 286.000000
 80.500000 0.716794 266.985478 0.000000 0.000000 0.000000 0.000000 0.716794 282.000000
 80.750000 0.725934 270.458261 0.000000 0.000000 0.000000 0.000000 0.725934 288.000000
 81.000000 0.724033 269.376045 0.000000 0.000000 0.000000 0.000000 0.724033 283.000000
 81.250000 0.720380 265.372513 0.000000 0.000000 0.000000 0.000000 0.720380 278.000000
 81.500000 0.721086 269.279175 0.000000 0.000000 0.000000 0.000000 0.721086 285.000000
 81.750000 0.718606 265.665606 0.000000 0.000000 0.000000 0.000000 0.718606 278.000000
 82.000000 0.719989 264.824404 0.000000 0.000000 0.000000 0.000000 0.719989 283.000000
 82.250000 0.713124 259.712924 0.000000 0.000000 0.000000 0.000000 0.713124 277.000000
 82.500000 0.712615 264.195528 0.000000 0.000000 0.000000 0.000000 0.712615 279.000000
 82.750000 0.718060 267.934264 0.000000 0.000000 0.000000 0.000000 0.718060 282.000000
 83.000000 0.715131 261.315062 0.000000 0.000000 0.000000 0.000000 0.715131 280.000000
 83.250000 0.717216 262.686741 0.000000 0.000000 0.000000 0.000000 0.717216 277.000000
 83.500000 0.709371 258.017149 0.000000 0.000000 0.000000 0.000000 0.709371 279.000000
 83.750000 0.711507 258.674124 0.000000 0.000000 0.000000 0.000000 0.711507 277.000000
 84.000000 0.716166 260.895929 0.000000 0.000000 0.000000 0.000000 0.716166 274.000000
 84.250000 0.721975 263.880959 0.000000 0.000000 0.000000 0.000000 0.721975 275.000000
 84.500000 0.711856 254.428332 0.000000 0.000000 0.000000 0.000000 0.711856 275.000000
 84.750000 0.726920 267.126698 0.000000 0.000000 0.000000 0.000000 0.726920 282.000000
 85.000000 0.726275 264.867433 0.000000 0.000000 0.000000 0.000000 0.726275 276.000000
 85.250000 0.720745 262.285331 0.000000 0.000000 0.000000 0.000000 0.720745 276.000000
 85.500000 0.725028 265.967480 0.000000 0.000000 0.000000 0.000000 0.725028 284.000000
 85.750000 0.726519 266.241905 0.000000 0.000000 0.000000 0.000000 0.726519 285.000000
 86.000000 0.718011 264.289024 0.000000 0.000000 0.000000 0.000000 0.718011 281.000000
 86.250000 0.715024 262.078621 0.000000 0.000000 0.000000 0.000000 0.715024 278.000000
 86.500000 0.716921 265.627569 0.000000 0.000000 0.000000 0.000000 0.716921 280.000000
 86.750000 0.714970 259.626244 0.000000 0.000000 0.000000 0.000000 0.714970 277.000000
 87.000000 0.717584 264.646314 0.000000 0.000000 0.000000 0.000000 0.717584 280.000000
 87.250000 0.703692 250.729158 0.000000 0.000000 0.000000 0.000000 0.703692 269.000000
 87.500000 0.709812 260.730960 0.000000 0.000000 0.000000 0.000000 0.709812 276.000000
 87.750000 0.718964 265.026238 0.000000 0.000000 0.000000 0.000000 0.718964 278.000000
 88.000000 0.719908 268.024548 0.000000 0.000000 0.000000 0.000000 0.719908 283.000000
 88.250000 0.715248 265.477746 0.000000 0.000000 0.000000 0.000000 0.715248 276.000000
 88.500000 0.712778 261.758228 0.000000 0.000000 0.000000 0.000000 0.712778 275.000000
 88.750000 0.715126 264.236897 0.000000 0.000000 0.000000 0.000000 0.715126 280.000000
 89.000000 0.718976 266.583104 0.000000 0.000000 0.000000 0.000000 0.718976 279.000000
 89.250000 0.716135 266.543531 0.000000 0.000000 0.000000 0.000000 0.716135 284.000000
 89.500000 0.716334 265.243150 0.000000 0.000000 0.000000 0.000000 0.716334 280.000000
 89.750000 0.713705 263.255568 0.000000 0.000000 0.000000 0.000000 0.713705 281.000000
 90.000000 0.709124 258.192224 0.000000 0.000000 0.000000 0.000000 0.709124 279.000000
 90.250000 0.712420 261.562502 0.000000 0.000000 0.000000 0.000000 0.712420 274.000000
 90.500000 0.714928 259.110835 0.000000 0.000000 0.000000 0.000000 0.714928 274.000000
 90.750000 0.711330 260.020205 0.000000 0.000000 0.000000 0.000000 0.711330 278.000000
 91.000000 0.713482 262.507208 0.000000 0.000000 0.000000 0.000000 0.713482 277.000000
 91.250000 0.718324 267.268449 0.000000 0.000000 0.000000 0.000000 0.718324 279.274536
 91.500000 0.711640 266.804445 0.000000 0.000000 0.000000 0.000000 0.711640 277.000000
 91.750000 0.711217 266.606875 0.000000 0.000000 0.000000 0.000000 0.711217 281.000000
 92.000000 0.712434 261.415338 0.000000 0.000000 0.000000 0.000000 0.712434 273.000000
 92.250000 0.712231 264.325990 0.000000 0.000000 0.000000 0.000000 0.712231 282.000000
 92.500000 0.715761 267.987300 0.000000 0.000000 0.000000 0.000000 0.715761 281.000000
 92.750000 0.713811 268.744943 0.000000 0.000000 0.000000 0.000000 0.713811 281.000000
 93.000000 0.712152 262.781650 0.000000 0.000000 0.000000 0.000000 0.712152 280.000000
 93.250000 0.717719 267.476010 0.000000 0.000000 0.000000 0.000000 0.717719 283.000000
 93.500000 0.721124 267.717114 0.000000 0.000000 0.000000 0.000000 0.721124 287.000000
 93.750000 0.720423 270.321991 0.000000 0.000000 0.000000 0.000000 0.720423 284.000000
 94.000000 0.721632 266.630613 0.000000 0.000000 0.000000 0.000000 0.721632 283.000000
 94.250000 0.718484 266.003706 0.000000 0.000000 0.000000 0.000000 0.718484 283.000000
 94.500000 0.731917 276.973262 0.000000 0.000000 0.000000 0.000000 0.731917 291.000000
 94.750000 0.719772 265.764188 0.000000 0.000000 0.000000 0.000000 0.719772 284.000000
 95.000000 0.718834 265.307861 0.000000 0.000000 0.000000 0.000000 0.718834 281.000000
 95.250000 0.727960 276.147835 0.000000 0.000000 0.000000 0.000000 0.727960 287.000000
 95.500000 0.727675 273.106048 0.000000 0.000000 0.000000 0.000000 0.727675 285.000000
 95.750000 0.731074 278.673646 0.000000 0.000000 0.000000 0.000000 0.731074 290.000000
 96.000000 0.723177 274.297009 0.000000 0.000000 0.000000 0.000000 0.723177 290.000000
 96.250000 0.717349 272.501611 0.000000 0.000000 0.000000 0.000000 0.717349 290.000000
 96.500000 0.721048 273.506469 0.000000 0.000000 0.000000 0.000000 0.721048 290.000000
 96.750000 0.722979 273.884833 0.000000 0.000000 0.000000 0.000000 0.722979 285.000000
 97.000000 0.722359 274.948301 0.000000 0.000000 0.000000 0.000000 0.722359 294.000000
 97.250000 0.719020 272.294247 0.000000 0.000000 0.000000 0.000000 0.719020 289.000000
 97.500000 0.722542 272.839001 0.000000 0.000000 0.000000 0.000000 0.722542 288.000000
 97.750000 0.722006 274.806815 0.000000 0.000000 0.000000 0.000000 0.722006 289.000000
 98.000000 0.718001 270.660809 0.000000 0.000000 0.000000 0.000000 0.718001 280.000000
 98.250000 0.725139 278.384942 0.000000 0.000000 0.000000 0.000000 0.725139 287.000000
 98.500000 0.722908 272.127292 0.000000 0.000000 0.000000 0.000000 0.722908 285.000000
 98.750000 0.736051 285.177776 0.000000 0.000000 0.000000 0.000000 0.736051 293.000000
 99.000000 0.726058 274.717576 0.000000 0.000000 0.000000 0.000000 0.726058 291.000000
 99.250000 0.727183 276.888493 0.000000 0.000000 0.000000 0.000000 0.727183 287.000000
 99.500000 0.728648 277.823298 0.000000 0.000000 0.000000 0.000000 0.728648 291.000000
 99.750000 0.723065 270.581916 0.000000 0.000000 0.000000 0.000000 0.723065 288.000000
 100.000000 0.725543 275.458435 0.000000 0.000000 0.000000 0.000000 0.725543 287.581937
 100.250000 0.734122 279.085890 0.000000 0.000000 0.000000 0.000000 0.734122 288.000000
