#! FIELDS time s.mean
 1.000000 0.578103
 1.250000 0.654369
 1.500000 0.680401
 1.750000 0.688374
 2.000000 0.698201
 2.250000 0.692765
 2.500000 0.699673
 2.750000 0.701938
 3.000000 0.693241
 3.250000 0.702136
 3.500000 0.699250
 3.750000 0.693313
 4.000000 0.700402
 4.250000 0.699821
 4.500000 0.703003
 4.750000 0.710549
 5.000000 0.694400
 5.250000 0.702783
 5.500000 0.702457
 5.750000 0.699561
 6.000000 0.700485
 6.250000 0.691016
 6.500000 0.696200
 6.750000 0.707236
 7.000000 0.700307
 7.250000 0.701819
 7.500000 0.696475
 7.750000 0.695646
 8.000000 0.706382
 8.250000 0.696171
 8.500000 0.700665
 8.750000 0.690771
 9.000000 0.693448
 9.250000 0.712240
 9.500000 0.691496
 9.750000 0.701921
 10.000000 0.701654
 10.250000 0.700674
 10.500000 0.711202
 10.750000 0.693380
