#! FIELDS time refcv.mean refcv.morethan uwall.bias uwall.force2 lwall.bias lwall.force2 refcv2.mean refcv2.morethan
 0.500000 0.742399 277.769514 0.000000 0.000000 0.000000 0.000000 0.742399 284.000000
 0.750000 0.738383 277.229486 0.000000 0.000000 0.000000 0.000000 0.738383 283.000000
 1.000000 0.728604 270.281305 0.000000 0.000000 0.000000 0.000000 0.728604 283.000000
 1.250000 0.720296 267.025138 0.000000 0.000000 0.000000 0.000000 0.720296 280.000000
 1.500000 0.724516 269.949935 0.000000 0.000000 0.000000 0.000000 0.724516 284.000000
 1.750000 0.728160 269.309403 0.000000 0.000000 0.000000 0.000000 0.728160 284.000000
 2.000000 0.714274 259.132613 0.000000 0.000000 0.000000 0.000000 0.714274 277.000000
 2.250000 0.722032 265.340464 0.000000 0.000000 0.000000 0.000000 0.722032 278.000000
 2.500000 0.725563 271.137343 0.000000 0.000000 0.000000 0.000000 0.725563 286.000000
 2.750000 0.719550 262.117271 0.000000 0.000000 0.000000 0.000000 0.719550 281.000000
 3.000000 0.722452 266.768522 0.000000 0.000000 0.000000 0.000000 0.722452 281.000000
 3.250000 0.715397 262.851909 0.000000 0.000000 0.000000 0.000000 0.715397 280.000000
 3.500000 0.715246 262.815032 0.000000 0.000000 0.000000 0.000000 0.715246 277.000000
 3.750000 0.714921 264.164538 0.000000 0.000000 0.000000 0.000000 0.714921 279.000000
 4.000000 0.710702 257.998700 0.000000 0.000000 0.000000 0.000000 0.710702 276.000000
 4.250000 0.717011 263.518140 0.000000 0.000000 0.000000 0.000000 0.717011 281.000000
 4.500000 0.716082 262.312493 0.000000 0.000000 0.000000 0.000000 0.716082 274.000000
 4.750000 0.723283 268.265287 0.000000 0.000000 0.000000 0.000000 0.723283 282.000000
 5.000000 0.723862 268.018904 0.000000 0.000000 0.000000 0.000000 0.723862 280.000000
 5.250000 0.722434 263.788935 0.000000 0.000000 0.000000 0.000000 0.722434 278.000000
 5.500000 0.713960 260.716727 0.000000 0.000000 0.000000 0.000000 0.713960 279.000000
 5.750000 0.715390 262.063149 0.000000 0.000000 0.000000 0.000000 0.715390 275.000000
 6.000000 0.723482 267.967861 0.000000 0.000000 0.000000 0.000000 0.723482 279.000000
 6.250000 0.721698 268.181972 0.000000 0.000000 0.000000 0.000000 0.721698 281.000000
 6.500000 0.717569 262.754951 0.000000 0.000000 0.000000 0.000000 0.717569 275.000000
 6.750000 0.714542 259.999948 0.000000 0.000000 0.000000 0.000000 0.714542 278.000000
 7.000000 0.718918 259.537342 0.000000 0.000000 0.000000 0.000000 0.718918 274.000000
 7.250000 0.714628 255.579153 0.000000 0.000000 0.000000 0.000000 0.714628 269.000000
 7.500000 0.716315 256.757323 0.000000 0.000000 0.000000 0.000000 0.716315 274.000000
 7.750000 0.723857 263.640217 0.000000 0.000000 0.000000 0.000000 0.723857 276.000000
 8.000000 0.724624 263.430932 0.000000 0.000000 0.000000 0.000000 0.724624 277.000000
 8.250000 0.717987 258.046022 0.000000 0.000000 0.000000 0.000000 0.717987 275.000000
 8.500000 0.720939 261.096794 0.000000 0.000000 0.000000 0.000000 0.720939 276.000000
 8.750000 0.717955 261.578838 0.000000 0.000000 0.000000 0.000000 0.717955 278.000000
 9.000000 0.716512 258.850710 0.000000 0.000000 0.000000 0.000000 0.716512 277.000000
 9.250000 0.718066 256.696600 0.000000 0.000000 0.000000 0.000000 0.718066 275.000000
 9.500000 0.729892 267.552055 0.000000 0.000000 0.000000 0.000000 0.729892 279.000000
 9.750000 0.726258 266.814913 0.000000 0.000000 0.000000 0.000000 0.726258 280.000000
 10.000000 0.727654 267.591333 0.000000 0.000000 0.000000 0.000000 0.727654 280.000000
 10.250000 0.719860 258.849954 0.000000 0.000000 0.000000 0.000000 0.719860 277.000000
 10.500000 0.721782 263.247066 0.000000 0.000000 0.000000 0.000000 0.721782 277.000000
 10.750000 0.724461 264.905875 0.000000 0.000000 0.000000 0.000000 0.724461 277.000000
 11.000000 0.724209 263.887716 0.000000 0.000000 0.000000 0.000000 0.724209 278.000000
 11.250000 0.728605 267.197102 0.000000 0.000000 0.000000 0.000000 0.728605 280.000000
 11.500000 0.721271 261.190148 0.000000 0.000000 0.000000 0.000000 0.721271 276.000000
 11.750000 0.717568 259.226130 0.000000 0.000000 0.000000 0.000000 0.717568 273.000000
 12.000000 0.718820 263.038958 0.000000 0.000000 0.000000 0.000000 0.718820 279.000000
 12.250000 0.716995 259.437550 0.000000 0.000000 0.000000 0.000000 0.716995 277.000000
 12.500000 0.715735 259.032721 0.000000 0.000000 0.000000 0.000000 0.715735 273.000000
 12.750000 0.717477 260.142675 0.000000 0.000000 0.000000 0.000000 0.717477 274.000000
 13.000000 0.713826 256.455321 0.000000 0.000000 0.000000 0.000000 0.713826 275.000000
 13.250000 0.718047 261.765749 0.000000 0.000000 0.000000 0.000000 0.718047 276.000000
 13.500000 0.716790 261.923270 0.000000 0.000000 0.000000 0.000000 0.716790 278.000000
 13.750000 0.713839 258.576619 0.000000 0.000000 0.000000 0.000000 0.713839 270.000000
 14.000000 0.705701 254.673222 0.000000 0.000000 0.000000 0.000000 0.705701 270.000000
 14.250000 0.709012 260.516698 0.000000 0.000000 0.000000 0.000000 0.709012 279.000000
 14.500000 0.707732 254.073947 0.000000 0.000000 0.000000 0.000000 0.707732 275.000000
 14.750000 0.713457 261.589466 0.000000 0.000000 0.000000 0.000000 0.713457 278.000000
 15.000000 0.706549 255.912945 0.000000 0.000000 0.000000 0.000000 0.706549 272.000000
 15.250000 0.703948 260.850076 0.000000 0.000000 0.000000 0.000000 0.703948 279.000000
 15.500000 0.706331 257.743810 0.000000 0.000000 0.000000 0.000000 0.706331 274.000000
 15.750000 0.709892 257.694099 0.000000 0.000000 0.000000 0.000000 0.709892 275.000000
 16.000000 0.711832 256.519028 0.000000 0.000000 0.000000 0.000000 0.711832 272.000000
 16.250000 0.716204 263.433025 0.000000 0.000000 0.000000 0.000000 0.716204 277.000000
 16.500000 0.709588 257.906586 0.000000 0.000000 0.000000 0.000000 0.709588 276.000000
 16.750000 0.713423 263.157707 0.000000 0.000000 0.000000 0.000000 0.713423 279.000000
 17.000000 0.717061 264.308343 0.000000 0.000000 0.000000 0.000000 0.717061 279.000000
 17.250000 0.703880 252.829668 0.000000 0.000000 0.000000 0.000000 0.703880 271.000000
 17.500000 0.707369 257.534591 0.000000 0.000000 0.000000 0.000000 0.707369 278.000000
 17.750000 0.715936 263.120918 0.000000 0.000000 0.000000 0.000000 0.715936 278.000000
 18.000000 0.719292 262.262859 0.000000 0.000000 0.000000 0.000000 0.719292 275.000000
 18.250000 0.717173 264.791183 0.000000 0.000000 0.000000 0.000000 0.717173 276.000000
 18.500000 0.715976 262.950752 0.000000 0.000000 0.000000 0.000000 0.715976 277.000000
 18.750000 0.717607 263.215377 0.000000 0.000000 0.000000 0.000000 0.717607 279.000000
 19.000000 0.722074 268.104789 0.000000 0.000000 0.000000 0.000000 0.722074 280.000000
 19.250000 0.720221 265.664896 0.000000 0.000000 0.000000 0.000000 0.720221 279.000000
 19.500000 0.709795 263.592450 0.000000 0.000000 0.000000 0.000000 0.709795 278.000000
 19.750000 0.711822 264.387291 0.000000 0.000000 0.000000 0.000000 0.711822 280.000000
 20.000000 0.714626 265.498908 0.000000 0.000000 0.000000 0.000000 0.714626 279.000000
 20.250000 0.707156 260.191297 0.000000 0.000000 0.000000 0.000000 0.707156 276.000000
 20.500000 0.711849 264.291075 0.000000 0.000000 0.000000 0.000000 0.711849 276.000000
 20.750000 0.713849 265.423894 0.000000 0.000000 0.000000 0.000000 0.713849 279.000000
 21.000000 0.715936 265.482615 0.000000 0.000000 0.000000 0.000000 0.715936 278.000000
 21.250000 0.715030 266.159853 0.000000 0.000000 0.000000 0.000000 0.715030 278.000000
 21.500000 0.718066 267.484769 0.000000 0.000000 0.000000 0.000000 0.718066 277.000000
 21.750000 0.715188 266.941740 0.000000 0.000000 0.000000 0.000000 0.715188 279.000000
 22.000000 0.717560 265.701401 0.000000 0.000000 0.000000 0.000000 0.717560 277.000000
 22.250000 0.713899 265.166555 0.000000 0.000000 0.000000 0.000000 0.713899 279.000000
 22.500000 0.714967 264.662345 0.000000 0.000000 0.000000 0.000000 0.714967 278.000000
 22.750000 0.708862 264.848437 0.000000 0.000000 0.000000 0.000000 0.708862 278.000000
 23.000000 0.708241 265.789259 0.000000 0.000000 0.000000 0.000000 0.708241 278.000000
 23.250000 0.715351 269.749463 0.000000 0.000000 0.000000 0.000000 0.715351 281.000000
 23.500000 0.710509 262.467585 0.000000 0.000000 0.000000 0.000000 0.710509 275.000000
 23.750000 0.714339 264.941616 0.000000 0.000000 0.000000 0.000000 0.714339 279.000000
 24.000000 0.715095 265.306049 0.000000 0.000000 0.000000 0.000000 0.715095 279.000000
 24.250000 0.713189 262.915252 0.000000 0.000000 0.000000 0.000000 0.713189 278.000000
 24.500000 0.713501 263.248469 0.000000 0.000000 0.000000 0.000000 0.713501 278.000000
 24.750000 0.717779 271.731247 0.000000 0.000000 0.000000 0.000000 0.717779 281.000000
 25.000000 0.707002 264.578141 0.000000 0.000000 0.000000 0.000000 0.707002 283.000000
 25.250000 0.712849 267.828418 0.000000 0.000000 0.000000 0.000000 0.712849 280.000000
 25.500000 0.720225 268.238985 0.000000 0.000000 0.000000 0.000000 0.720225 279.000000
 25.750000 0.714933 265.764351 0.000000 0.000000 0.000000 0.000000 0.714933 279.000000
 26.000000 0.713977 265.207308 0.000000 0.000000 0.000000 0.000000 0.713977 279.000000
 26.250000 0.719606 268.639951 0.000000 0.000000 0.000000 0.000000 0.719606 282.000000
 26.500000 0.714012 262.064004 0.000000 0.000000 0.000000 0.000000 0.714012 276.000000
 26.750000 0.718889 270.355533 0.000000 0.000000 0.000000 0.000000 0.718889 284.000000
 27.000000 0.722167 269.924131 0.000000 0.000000 0.000000 0.000000 0.722167 280.000000
 27.250000 0.718220 267.635731 0.000000 0.000000 0.000000 0.000000 0.718220 279.000000
 27.500000 0.715034 264.884895 0.000000 0.000000 0.000000 0.000000 0.715034 277.000000
 27.750000 0.724348 269.428173 0.000000 0.000000 0.000000 0.000000 0.724348 280.000000
 28.000000 0.719170 266.556687 0.000000 0.000000 0.000000 0.000000 0.719170 279.000000
 28.250000 0.720000 270.331684 0.000000 0.000000 0.000000 0.000000 0.720000 283.000000
 28.500000 0.727970 273.131021 0.000000 0.000000 0.000000 0.000000 0.727970 280.294620
 28.750000 0.722706 268.159058 0.000000 0.000000 0.000000 0.000000 0.722706 277.000000
 29.000000 0.732415 276.156544 0.000000 0.000000 0.000000 0.000000 0.732415 283.000000
 29.250000 0.723211 270.463213 0.000000 0.000000 0.000000 0.000000 0.723211 284.000000
 29.500000 0.718921 270.083808 0.000000 0.000000 0.000000 0.000000 0.718921 285.000000
 29.750000 0.721821 269.851335 0.000000 0.000000 0.000000 0.000000 0.721821 285.000000
 30.000000 0.712866 261.555967 0.000000 0.000000 0.000000 0.000000 0.712866 275.000000
 30.250000 0.714321 262.656141 0.000000 0.000000 0.000000 0.000000 0.714321 277.000000
 30.500000 0.715241 265.877629 0.000000 0.000000 0.000000 0.000000 0.715241 279.000000
 30.750000 0.718225 269.398766 0.000000 0.000000 0.000000 0.000000 0.718225 282.000000
 31.000000 0.718377 270.999002 0.000000 0.000000 0.000000 0.000000 0.718377 285.000000
 31.250000 0.722171 269.017701 0.000000 0.000000 0.000000 0.000000 0.722171 283.000000
 31.500000 0.722673 271.331135 0.000000 0.000000 0.000000 0.000000 0.722673 282.000000
 31.750000 0.728377 270.628885 0.000000 0.000000 0.000000 0.000000 0.728377 282.000000
 32.000000 0.720963 268.155842 0.000000 0.000000 0.000000 0.000000 0.720963 282.000000
 32.250000 0.727521 271.334188 0.000000 0.000000 0.000000 0.000000 0.727521 280.000000
 32.500000 0.726973 271.352388 0.000000 0.000000 0.000000 0.000000 0.726973 283.000000
 32.750000 0.721324 262.588210 0.000000 0.000000 0.000000 0.000000 0.721324 275.000000
 33.000000 0.729747 274.555415 0.000000 0.000000 0.000000 0.000000 0.729747 284.000000
 33.250000 0.727677 272.059224 0.000000 0.000000 0.000000 0.000000 0.727677 284.000000
 33.500000 0.717396 264.884955 0.000000 0.000000 0.000000 0.000000 0.717396 279.000000
 33.750000 0.727431 274.209769 0.000000 0.000000 0.000000 0.000000 0.727431 286.000000
 34.000000 0.726246 277.688438 0.000000 0.000000 0.000000 0.000000 0.726246 291.000000
 34.250000 0.726748 272.528905 0.000000 0.000000 0.000000 0.000000 0.726748 282.000000
 34.500000 0.727337 271.774708 0.000000 0.000000 0.000000 0.000000 0.727337 282.000000
 34.750000 0.724567 272.464586 0.000000 0.000000 0.000000 0.000000 0.724567 285.000000
 35.000000 0.724624 268.780955 0.000000 0.000000 0.000000 0.000000 0.724624 280.000000
 35.250000 0.723916 268.828982 0.000000 0.000000 0.000000 0.000000 0.723916 275.000000
 35.500000 0.727149 271.993680 0.000000 0.000000 0.000000 0.000000 0.727149 286.000000
 35.750000 0.727854 274.049632 0.000000 0.000000 0.000000 0.000000 0.727854 284.000000
 36.000000 0.728144 273.063911 0.000000 0.000000 0.000000 0.000000 0.728144 284.000000
 36.250000 0.734641 278.170719 0.000000 0.000000 0.000000 0.000000 0.734641 286.000000
 36.500000 0.730515 275.323477 0.000000 0.000000 0.000000 0.000000 0.730515 286.000000
 36.750000 0.726904 271.204616 0.000000 0.000000 0.000000 0.000000 0.726904 281.000000
 37.000000 0.729785 273.978794 0.000000 0.000000 0.000000 0.000000 0.729785 281.000000
 37.250000 0.727525 272.077731 0.000000 0.000000 0.000000 0.000000 0.727525 282.000000
 37.500000 0.733811 275.169170 0.000000 0.000000 0.000000 0.000000 0.733811 285.000000
 37.750000 0.727190 270.743648 0.000000 0.000000 0.000000 0.000000 0.727190 279.000000
 38.000000 0.731455 273.012020 0.000000 0.000000 0.000000 0.000000 0.731455 283.000000
 38.250000 0.726795 270.357924 0.000000 0.000000 0.000000 0.000000 0.726795 279.000000
 38.500000 0.728572 272.578659 0.000000 0.000000 0.000000 0.000000 0.728572 284.000000
 38.750000 0.729149 273.595151 0.000000 0.000000 0.000000 0.000000 0.729149 283.000000
 39.000000 0.725551 272.540026 0.000000 0.000000 0.000000 0.000000 0.725551 285.000000
 39.250000 0.728476 269.548978 0.000000 0.000000 0.000000 0.000000 0.728476 281.000000
 39.500000 0.726232 271.611226 0.000000 0.000000 0.000000 0.000000 0.726232 283.000000
 39.750000 0.716041 267.634733 0.000000 0.000000 0.000000 0.000000 0.716041 283.000000
 40.000000 0.727332 273.170846 0.000000 0.000000 0.000000 0.000000 0.727332 284.000000
 40.250000 0.725013 268.182087 0.000000 0.000000 0.000000 0.000000 0.725013 281.000000
 40.500000 0.726024 269.085517 0.000000 0.000000 0.000000 0.000000 0.726024 284.000000
 40.750000 0.729620 274.721604 0.000000 0.000000 0.000000 0.000000 0.729620 284.000000
 41.000000 0.726054 273.511388 0.000000 0.000000 0.000000 0.000000 0.726054 286.000000
 41.250000 0.729069 277.554390 0.000000 0.000000 0.000000 0.000000 0.729069 287.000000
 41.500000 0.727088 275.172106 0.000000 0.000000 0.000000 0.000000 0.727088 286.000000
 41.750000 0.727518 276.106774 0.000000 0.000000 0.000000 0.000000 0.727518 287.000000
 42.000000 0.723020 276.782449 0.000000 0.000000 0.000000 0.000000 0.723020 288.000000
 42.250000 0.727963 276.720404 0.000000 0.000000 0.000000 0.000000 0.727963 288.000000
 42.500000 0.726454 276.534404 0.000000 0.000000 0.000000 0.000000 0.726454 286.000000
 42.750000 0.728250 280.134879 0.000000 0.000000 0.000000 0.000000 0.728250 289.000000
 43.000000 0.724724 273.596363 0.000000 0.000000 0.000000 0.000000 0.724724 285.000000
 43.250000 0.720218 271.208764 0.000000 0.000000 0.000000 0.000000 0.720218 286.000000
 43.500000 0.728230 275.203948 0.000000 0.000000 0.000000 0.000000 0.728230 285.000000
 43.750000 0.718608 270.012115 0.000000 0.000000 0.000000 0.000000 0.718608 285.000000
 44.000000 0.723898 274.696035 0.000000 0.000000 0.000000 0.000000 0.723898 288.000000
 44.250000 0.730215 276.644962 0.000000 0.000000 0.000000 0.000000 0.730215 286.000000
 44.500000 0.728838 276.478266 0.000000 0.000000 0.000000 0.000000 0.728838 285.000000
 44.750000 0.722679 274.798242 0.000000 0.000000 0.000000 0.000000 0.722679 286.000000
 45.000000 0.728732 276.662015 0.000000 0.000000 0.000000 0.000000 0.728732 286.000000
 45.250000 0.729335 275.346898 0.000000 0.000000 0.000000 0.000000 0.729335 288.000000
 45.500000 0.725222 273.893933 0.000000 0.000000 0.000000 0.000000 0.725222 286.000000
 45.750000 0.729505 277.547109 0.000000 0.000000 0.000000 0.000000 0.729505 286.000000
 46.000000 0.725526 274.860483 0.000000 0.000000 0.000000 0.000000 0.725526 288.000000
 46.250000 0.731606 281.436867 0.000000 0.000000 0.000000 0.000000 0.731606 289.000000
 46.500000 0.733394 279.694573 0.000000 0.000000 0.000000 0.000000 0.733394 289.000000
 46.750000 0.725510 274.282308 0.000000 0.000000 0.000000 0.000000 0.725510 287.000000
 47.000000 0.729290 278.301868 0.000000 0.000000 0.000000 0.000000 0.729290 289.000000
 47.250000 0.734894 279.783367 0.000000 0.000000 0.000000 0.000000 0.734894 290.000000
 47.500000 0.733788 279.588925 0.000000 0.000000 0.000000 0.000000 0.733788 291.000000
 47.750000 0.731833 280.749977 0.000000 0.000000 0.000000 0.000000 0.731833 293.000000
 48.000000 0.729141 278.176945 0.000000 0.000000 0.000000 0.000000 0.729141 289.000000
 48.250000 0.724804 276.256322 0.000000 0.000000 0.000000 0.000000 0.724804 289.000000
 48.500000 0.722573 275.079856 0.000000 0.000000 0.000000 0.000000 0.722573 284.000000
 48.750000 0.719846 274.324461 0.000000 0.000000 0.000000 0.000000 0.719846 291.000000
 49.000000 0.720913 274.856127 0.000000 0.000000 0.000000 0.000000 0.720913 289.000000
 49.250000 0.722690 275.239080 0.000000 0.000000 0.000000 0.000000 0.722690 286.000000
 49.500000 0.720999 272.589915 0.000000 0.000000 0.000000 0.000000 0.720999 287.000000
 49.750000 0.724815 274.834220 0.000000 0.000000 0.000000 0.000000 0.724815 287.000000
 50.000000 0.721110 268.582876 0.000000 0.000000 0.000000 0.000000 0.721110 280.000000
 50.250000 0.728484 278.848121 0.000000 0.000000 0.000000 0.000000 0.728484 290.000000
 50.500000 0.730809 276.793717 0.000000 0.000000 0.000000 0.000000 0.730809 287.000000
 50.750000 0.731910 277.210254 0.000000 0.000000 0.000000 0.000000 0.731910 287.000000
 51.000000 0.722707 272.382298 0.000000 0.000000 0.000000 0.000000 0.722707 283.000000
 51.250000 0.730381 278.395203 0.000000 0.000000 0.000000 0.000000 0.730381 288.000000
 51.500000 0.731002 278.461068 0.000000 0.000000 0.000000 0.000000 0.731002 288.000000
 51.750000 0.727032 279.915110 0.000000 0.000000 0.000000 0.000000 0.727032 290.000000
 52.000000 0.730791 280.600195 0.000000 0.000000 0.000000 0.000000 0.730791 290.000000
 52.250000 0.728092 277.711323 0.000000 0.000000 0.000000 0.000000 0.728092 289.000000
 52.500000 0.724938 276.719666 0.000000 0.000000 0.000000 0.000000 0.724938 291.000000
 52.750000 0.727500 276.591639 0.000000 0.000000 0.000000 0.000000 0.727500 287.000000
 53.000000 0.722594 275.930207 0.000000 0.000000 0.000000 0.000000 0.722594 290.000000
 53.250000 0.727122 279.387938 0.000000 0.000000 0.000000 0.000000 0.727122 293.000000
 53.500000 0.728146 281.377881 0.000000 0.000000 0.000000 0.000000 0.728146 292.000000
 53.750000 0.726216 277.264154 0.000000 0.000000 0.000000 0.000000 0.726216 286.000000
 54.000000 0.731690 283.138801 0.000000 0.000000 0.000000 0.000000 0.731690 294.000000
 54.250000 0.723246 276.038660 0.000000 0.000000 0.000000 0.000000 0.723246 287.000000
 54.500000 0.728062 278.961407 0.000000 0.000000 0.000000 0.000000 0.728062 281.000000
 54.750000 0.725749 276.697480 0.000000 0.000000 0.000000 0.000000 0.725749 287.000000
 55.000000 0.730109 279.875495 0.000000 0.000000 0.000000 0.000000 0.730109 289.000000
 55.250000 0.728823 279.677739 0.000000 0.000000 0.000000 0.000000 0.728823 289.000000
 55.500000 0.732488 279.818540 0.000000 0.000000 0.000000 0.000000 0.732488 287.000000
 55.750000 0.729856 274.119784 0.000000 0.000000 0.000000 0.000000 0.729856 286.000000
 56.000000 0.725515 274.803848 0.000000 0.000000 0.000000 0.000000 0.725515 287.000000
 56.250000 0.724220 273.046900 0.000000 0.000000 0.000000 0.000000 0.724220 284.000000
 56.500000 0.729306 277.545540 0.000000 0.000000 0.000000 0.000000 0.729306 287.000000
 56.750000 0.724006 273.121196 0.000000 0.000000 0.000000 0.000000 0.724006 283.000000
 57.000000 0.725253 273.250837 0.000000 0.000000 0.000000 0.000000 0.725253 283.000000
 57.250000 0.733791 279.817724 0.000000 0.000000 0.000000 0.000000 0.733791 289.000000
 57.500000 0.734796 277.623457 0.000000 0.000000 0.000000 0.000000 0.734796 288.000000
 57.750000 0.734017 281.469402 0.000000 0.000000 0.000000 0.000000 0.734017 288.000000
 58.000000 0.727234 274.365599 0.000000 0.000000 0.000000 0.000000 0.727234 287.000000
 58.250000 0.735250 280.282468 0.000000 0.000000 0.000000 0.000000 0.735250 286.000000
 58.500000 0.727255 274.366649 0.000000 0.000000 0.000000 0.000000 0.727255 287.000000
 58.750000 0.727714 275.652234 0.000000 0.000000 0.000000 0.000000 0.727714 284.000000
 59.000000 0.727667 278.108420 0.000000 0.000000 0.000000 0.000000 0.727667 289.000000
 59.250000 0.740530 283.491222 0.000000 0.000000 0.000000 0.000000 0.740530 287.000000
 59.500000 0.740137 283.365489 0.000000 0.000000 0.000000 0.000000 0.740137 292.000000
 59.750000 0.728901 279.085797 0.000000 0.000000 0.000000 0.000000 0.728901 291.000000
 60.000000 0.733068 280.446623 0.000000 0.000000 0.000000 0.000000 0.733068 285.000000
 60.250000 0.736737 281.972521 0.000000 0.000000 0.000000 0.000000 0.736737 290.000000
 60.500000 0.733658 284.216422 0.000000 0.000000 0.000000 0.000000 0.733658 293.000000
 60.750000 0.727077 276.106105 0.000000 0.000000 0.000000 0.000000 0.727077 285.000000
 61.000000 0.723996 270.565751 0.000000 0.000000 0.000000 0.000000 0.723996 285.000000
 61.250000 0.724340 270.191055 0.000000 0.000000 0.000000 0.000000 0.724340 281.000000
 61.500000 0.721936 269.906077 0.000000 0.000000 0.000000 0.000000 0.721936 286.000000
 61.750000 0.728575 277.626654 0.000000 0.000000 0.000000 0.000000 0.728575 287.000000
 62.000000 0.726321 276.377327 0.000000 0.000000 0.000000 0.000000 0.726321 288.000000
 62.250000 0.735706 278.770486 0.000000 0.000000 0.000000 0.000000 0.735706 287.000000
 62.500000 0.743686 285.505072 0.000000 0.000000 0.000000 0.000000 0.743686 294.000000
 62.750000 0.730720 281.331880 0.000000 0.000000 0.000000 0.000000 0.730720 292.000000
 63.000000 0.734080 282.466551 0.000000 0.000000 0.000000 0.000000 0.734080 292.000000
 63.250000 0.731219 281.090334 0.000000 0.000000 0.000000 0.000000 0.731219 289.000000
 63.500000 0.730525 281.318733 0.000000 0.000000 0.000000 0.000000 0.730525 290.000000
 63.750000 0.743635 284.929456 0.000000 0.000000 0.000000 0.000000 0.743635 292.000000
 64.000000 0.733977 281.758214 0.000000 0.000000 0.000000 0.000000 0.733977 293.000000
 64.250000 0.736008 285.167287 0.000000 0.000000 0.000000 0.000000 0.736008 293.000000
 64.500000 0.727009 274.042508 0.000000 0.000000 0.000000 0.000000 0.727009 283.000000
 64.750000 0.733279 282.649940 0.000000 0.000000 0.000000 0.000000 0.733279 291.000000
 65.000000 0.732115 282.760374 0.000000 0.000000 0.000000 0.000000 0.732115 293.000000
 65.250000 0.727380 281.438207 0.000000 0.000000 0.000000 0.000000 0.727380 294.000000
 65.500000 0.715114 269.663717 0.000000 0.000000 0.000000 0.000000 0.715114 285.000000
 65.750000 0.725380 276.710572 0.000000 0.000000 0.000000 0.000000 0.725380 290.000000
 66.000000 0.727729 276.704538 0.000000 0.000000 0.000000 0.000000 0.727729 290.000000
 66.250000 0.726270 272.077441 0.000000 0.000000 0.000000 0.000000 0.726270 283.000000
 66.500000 0.724544 272.061396 0.000000 0.000000 0.000000 0.000000 0.724544 282.000000
 66.750000 0.726399 274.637765 0.000000 0.000000 0.000000 0.000000 0.726399 286.000000
 67.000000 0.726542 278.289841 0.000000 0.000000 0.000000 0.000000 0.726542 292.000000
 67.250000 0.719703 276.485319 0.000000 0.000000 0.000000 0.000000 0.719703 297.000000
 67.500000 0.720949 273.480623 0.000000 0.000000 0.000000 0.000000 0.720949 289.000000
 67.750000 0.727835 276.766707 0.000000 0.000000 0.000000 0.000000 0.727835 294.000000
 68.000000 0.729926 280.185595 0.000000 0.000000 0.000000 0.000000 0.729926 294.000000
 68.250000 0.719105 267.210821 0.000000 0.000000 0.000000 0.000000 0.719105 286.000000
 68.500000 0.724853 274.034200 0.000000 0.000000 0.000000 0.000000 0.724853 290.000000
 68.750000 0.724640 275.170488 0.000000 0.000000 0.000000 0.000000 0.724640 288.000000
 69.000000 0.723570 269.321286 0.000000 0.000000 0.000000 0.000000 0.723570 283.000000
 69.250000 0.735664 281.951852 0.000000 0.000000 0.000000 0.000000 0.735664 294.000000
 69.500000 0.735445 281.772310 0.000000 0.000000 0.000000 0.000000 0.735445 291.000000
 69.750000 0.731105 278.493295 0.000000 0.000000 0.000000 0.000000 0.731105 292.000000
 70.000000 0.738650 286.904691 0.000000 0.000000 0.000000 0.000000 0.738650 296.000000
 70.250000 0.736475 281.678010 0.000000 0.000000 0.000000 0.000000 0.736475 292.000000
 70.500000 0.735675 281.034612 0.000000 0.000000 0.000000 0.000000 0.735675 291.000000
 70.750000 0.721448 272.151001 0.000000 0.000000 0.000000 0.000000 0.721448 286.000000
 71.000000 0.729017 278.337768 0.000000 0.000000 0.000000 0.000000 0.729017 289.000000
 71.250000 0.735515 279.801462 0.000000 0.000000 0.000000 0.000000 0.735515 288.000000
 71.500000 0.735723 278.065412 0.000000 0.000000 0.000000 0.000000 0.735723 292.000000
 71.750000 0.733600 279.591392 0.000000 0.000000 0.000000 0.000000 0.733600 293.000000
 72.000000 0.734726 279.711541 0.000000 0.000000 0.000000 0.000000 0.734726 288.000000
 72.250000 0.733252 277.920818 0.000000 0.000000 0.000000 0.000000 0.733252 288.000000
 72.500000 0.732727 280.894922 0.000000 0.000000 0.000000 0.000000 0.732727 289.000000
 72.750000 0.741910 285.485020 0.000000 0.000000 0.000000 0.000000 0.741910 295.000000
 73.000000 0.735966 280.253584 0.000000 0.000000 0.000000 0.000000 0.735966 291.000000
 73.250000 0.739627 285.354403 0.000000 0.000000 0.000000 0.000000 0.739627 291.000000
 73.500000 0.746502 286.632504 0.000000 0.000000 0.000000 0.000000 0.746502 297.000000
 73.750000 0.747043 287.773568 0.000000 0.000000 0.000000 0.000000 0.747043 294.000000
 74.000000 0.740525 279.300548 0.000000 0.000000 0.000000 0.000000 0.740525 284.000000
 74.250000 0.736507 279.404284 0.000000 0.000000 0.000000 0.000000 0.736507 289.000000
 74.500000 0.741774 286.278049 0.000000 0.000000 0.000000 0.000000 0.741774 296.000000
 74.750000 0.736111 279.136105 0.000000 0.000000 0.000000 0.000000 0.736111 288.000000
 75.000000 0.738077 281.251768 0.000000 0.000000 0.000000 0.000000 0.738077 293.000000
 75.250000 0.737943 281.024160 0.000000 0.000000 0.000000 0.000000 0.737943 288.000000
 75.500000 0.734565 280.758681 0.000000 0.000000 0.000000 0.000000 0.734565 289.000000
 75.750000 0.730771 274.587270 0.000000 0.000000 0.000000 0.000000 0.730771 286.000000
 76.000000 0.729383 276.431674 0.000000 0.000000 0.000000 0.000000 0.729383 292.000000
 76.250000 0.733870 279.828892 0.000000 0.000000 0.000000 0.000000 0.733870 290.000000
 76.500000 0.736811 280.610984 0.000000 0.000000 0.000000 0.000000 0.736811 288.000000
 76.750000 0.740841 281.684859 0.000000 0.000000 0.000000 0.000000 0.740841 289.000000
 77.000000 0.740528 284.163356 0.000000 0.000000 0.000000 0.000000 0.740528 290.729824
 77.250000 0.741299 283.276523 0.000000 0.000000 0.000000 0.000000 0.741299 293.000000
 77.500000 0.744572 289.043237 1.088344 4.353374 0.000000 0.000000 0.744572 298.000000
 77.750000 0.740629 285.506047 0.000000 0.000000 0.000000 0.000000 0.740629 298.000000
 78.000000 0.740883 284.998452 0.000000 0.000000 0.000000 0.000000 0.740883 300.000000
 78.250000 0.743755 286.172080 0.000000 0.000000 0.000000 0.000000 0.743755 295.000000
 78.500000 0.743006 286.483362 0.000000 0.000000 0.000000 0.000000 0.743006 293.000000
 78.750000 0.734675 281.820123 0.000000 0.000000 0.000000 0.000000 0.734675 293.000000
 79.000000 0.740180 286.240591 0.000000 0.000000 0.000000 0.000000 0.740180 295.000000
 79.250000 0.736055 281.451107 0.000000 0.000000 0.000000 0.000000 0.736055 290.000000
 79.500000 0.741554 285.657289 0.000000 0.000000 0.000000 0.000000 0.741554 293.053324
 79.750000 0.741835 287.416651 0.000000 0.000000 0.000000 0.000000 0.741835 300.000000
 80.000000 0.741098 282.667432 0.000000 0.000000 0.000000 0.000000 0.741098 295.000000
 80.250000 0.740225 286.752501 0.000000 0.000000 0.000000 0.000000 0.740225 296.000000
 80.500000 0.739582 286.900515 0.000000 0.000000 0.000000 0.000000 0.739582 298.000000
 80.750000 0.733661 279.190878 0.000000 0.000000 0.000000 0.000000 0.733661 287.000000
 81.000000 0.738768 282.493365 0.000000 0.000000 0.000000 0.000000 0.738768 291.000000
 81.250000 0.742446 286.509107 0.000000 0.000000 0.000000 0.000000 0.742446 293.000000
 81.500000 0.737229 285.402131 0.000000 0.000000 0.000000 0.000000 0.737229 297.000000
 81.750000 0.734725 281.239412 0.000000 0.000000 0.000000 0.000000 0.734725 289.000000
 82.000000 0.737775 283.831114 0.000000 0.000000 0.000000 0.000000 0.737775 293.000000
 82.250000 0.736831 278.954603 0.000000 0.000000 0.000000 0.000000 0.736831 287.002431
 82.500000 0.738484 282.555205 0.000000 0.000000 0.000000 0.000000 0.738484 293.000000
 82.750000 0.735706 281.993279 0.000000 0.000000 0.000000 0.000000 0.735706 294.000000
 83.000000 0.740298 286.938176 0.000000 0.000000 0.000000 0.000000 0.740298 297.000000
 83.250000 0.739230 287.515462 0.000000 0.000000 0.000000 0.000000 0.739230 301.000000
 83.500000 0.739544 287.571995 0.000000 0.000000 0.000000 0.000000 0.739544 296.000000
 83.750000 0.731948 278.925549 0.000000 0.000000 0.000000 0.000000 0.731948 289.000000
 84.000000 0.736284 283.474646 0.000000 0.000000 0.000000 0.000000 0.736284 295.000000
 84.250000 0.741843 286.214576 0.000000 0.000000 0.000000 0.000000 0.741843 297.000000
 84.500000 0.738760 285.212885 0.000000 0.000000 0.000000 0.000000 0.738760 295.000000
 84.750000 0.732108 278.717059 0.000000 0.000000 0.000000 0.000000 0.732108 290.000000
 85.000000 0.720356 270.022535 0.000000 0.000000 0.000000 0.000000 0.720356 276.000000
 85.250000 0.737776 284.228960 0.000000 0.000000 0.000000 0.000000 0.737776 294.000000
 85.500000 0.731111 276.953617 0.000000 0.000000 0.000000 0.000000 0.731111 291.000000
 85.750000 0.735759 280.954373 0.000000 0.000000 0.000000 0.000000 0.735759 292.000000
 86.000000 0.734911 282.143749 0.000000 0.000000 0.000000 0.000000 0.734911 290.000000
 86.250000 0.739511 282.934123 0.000000 0.000000 0.000000 0.000000 0.739511 293.000000
 86.500000 0.738919 286.759574 0.000000 0.000000 0.000000 0.000000 0.738919 294.000000
 86.750000 0.738129 288.988121 0.976383 3.905531 0.000000 0.000000 0.738129 302.000000
 87.000000 0.738705 285.192909 0.000000 0.000000 0.000000 0.000000 0.738705 296.000000
 87.250000 0.740748 287.355944 0.000000 0.000000 0.000000 0.000000 0.740748 299.000000
 87.500000 0.743560 287.726307 0.000000 0.000000 0.000000 0.000000 0.743560 303.000000
 87.750000 0.738381 283.370971 0.000000 0.000000 0.000000 0.000000 0.738381 297.000000
 88.000000 0.733361 281.432465 0.000000 0.000000 0.000000 0.000000 0.733361 299.000000
 88.250000 0.737617 286.823414 0.000000 0.000000 0.000000 0.000000 0.737617 302.000000
 88.500000 0.734204 285.116058 0.000000 0.000000 0.000000 0.000000 0.734204 298.000000
 88.750000 0.738194 283.077285 0.000000 0.000000 0.000000 0.000000 0.738194 290.000000
 89.000000 0.737510 283.761115 0.000000 0.000000 0.000000 0.000000 0.737510 297.000000
 89.250000 0.738119 289.204228 1.450164 5.800657 0.000000 0.000000 0.738119 300.000000
 89.500000 0.734269 282.682399 0.000000 0.000000 0.000000 0.000000 0.734269 297.000000
 89.750000 0.732072 284.083567 0.000000 0.000000 0.000000 0.000000 0.732072 302.000000
 90.000000 0.737728 289.650040 2.722632 10.890529 0.000000 0.000000 0.737728 299.000000
 90.250000 0.735841 288.433337 0.187781 0.751124 0.000000 0.000000 0.735841 301.000000
 90.500000 0.734823 284.510910 0.000000 0.000000 0.000000 0.000000 0.734823 296.000000
 90.750000 0.734298 286.411150 0.000000 0.000000 0.000000 0.000000 0.734298 300.000000
 91.000000 0.737537 288.829715 0.688428 2.753711 0.000000 0.000000 0.737537 297.000000
 91.250000 0.741221 288.669100 0.447694 1.790777 0.000000 0.000000 0.741221 297.000000
 91.500000 0.738254 286.406191 0.000000 0.000000 0.000000 0.000000 0.738254 298.000000
 91.750000 0.734396 282.613103 0.000000 0.000000 0.000000 0.000000 0.734396 295.000000
 92.000000 0.736128 285.727697 0.000000 0.000000 0.000000 0.000000 0.736128 298.000000
 92.250000 0.740253 288.854587 0.730319 2.921275 0.000000 0.000000 0.740253 300.000000
 92.500000 0.738096 286.296230 0.000000 0.000000 0.000000 0.000000 0.738096 297.000000
 92.750000 0.737380 284.690045 0.000000 0.000000 0.000000 0.000000 0.737380 294.000000
 93.000000 0.736017 282.072690 0.000000 0.000000 0.000000 0.000000 0.736017 290.000000
 93.250000 0.735643 284.596084 0.000000 0.000000 0.000000 0.000000 0.735643 297.000000
 93.500000 0.736703 286.789323 0.000000 0.000000 0.000000 0.000000 0.736703 300.000000
 93.750000 0.738855 289.051326 1.105286 4.421146 0.000000 0.000000 0.738855 298.000000
 94.000000 0.740225 288.564147 0.318261 1.273046 0.000000 0.000000 0.740225 299.000000
 94.250000 0.737212 286.105126 0.000000 0.000000 0.000000 0.000000 0.737212 303.000000
 94.500000 0.737145 288.101072 0.010215 0.040862 0.000000 0.000000 0.737145 302.000000
 94.750000 0.737277 288.551658 0.304326 1.217304 0.000000 0.000000 0.737277 302.000000
 95.000000 0.735240 287.956414 0.000000 0.000000 0.000000 0.000000 0.735240 303.000000
 95.250000 0.738187 288.213178 0.045445 0.181780 0.000000 0.000000 0.738187 304.000000
 95.500000 0.736687 290.098254 4.402668 17.610671 0.000000 0.000000 0.736687 304.000000
 95.750000 0.734879 288.326028 0.106294 0.425177 0.000000 0.000000 0.734879 306.000000
 96.000000 0.738593 287.655725 0.000000 0.000000 0.000000 0.000000 0.738593 303.000000
 96.250000 0.733242 286.304187 0.000000 0.000000 0.000000 0.000000 0.733242 301.000000
 96.500000 0.734379 288.432829 0.187341 0.749363 0.000000 0.000000 0.734379 304.000000
 96.750000 0.728175 282.588519 0.000000 0.000000 0.000000 0.000000 0.728175 299.000000
 97.000000 0.738675 287.223059 0.000000 0.000000 0.000000 0.000000 0.738675 298.000000
 97.250000 0.736609 288.815845 0.665604 2.662415 0.000000 0.000000 0.736609 300.000000
 97.500000 0.733563 284.987649 0.000000 0.000000 0.000000 0.000000 0.733563 297.000000
 97.750000 0.732326 286.608265 0.000000 0.000000 0.000000 0.000000 0.732326 301.000000
 98.000000 0.740172 288.138973 0.019313 0.077254 0.000000 0.000000 0.740172 300.000000
 98.250000 0.739439 287.707205 0.000000 0.000000 0.000000 0.000000 0.739439 299.000000
 98.500000 0.739928 288.119490 0.014278 0.057112 0.000000 0.000000 0.739928 297.000000
 98.750000 0.742796 287.800329 0.000000 0.000000 0.000000 0.000000 0.742796 299.000000
 99.000000 0.731516 281.312255 0.000000 0.000000 0.000000 0.000000 0.731516 289.000000
 99.250000 0.735384 286.364394 0.000000 0.000000 0.000000 0.000000 0.735384 302.000000
 99.500000 0.733817 283.073020 0.000000 0.000000 0.000000 0.000000 0.733817 294.000000
 99.750000 0.732101 281.995642 0.000000 0.000000 0.000000 0.000000 0.732101 293.000000
 100.000000 0.735260 285.835823 0.000000 0.000000 0.000000 0.000000 0.735260 299.000000
 100.250000 0.731972 277.945639 0.000000 0.000000 0.000000 0.000000 0.731972 294.000000
