#! FIELDS time refcv.mean refcv.morethan uwall.bias uwall.force2 lwall.bias lwall.force2 refcv2.mean refcv2.morethan
 1.000000 0.859382 361.483687 0.000000 0.000000 0.000000 0.000000 0.906257 397.000000
 1.250000 0.859018 362.759398 0.000000 0.000000 0.000000 0.000000 0.906117 396.000000
 1.500000 0.851246 357.184516 0.000000 0.000000 0.000000 0.000000 0.897604 396.000000
 1.750000 0.849855 356.104198 0.000000 0.000000 0.000000 0.000000 0.896159 407.000000
 2.000000 0.849111 354.117958 0.000000 0.000000 0.000000 0.000000 0.896248 394.000000
 2.250000 0.843813 345.991265 0.000000 0.000000 0.000000 0.000000 0.891073 389.000000
 2.500000 0.843628 349.178737 0.000000 0.000000 0.000000 0.000000 0.890205 389.000000
 2.750000 0.846349 356.836257 0.000000 0.000000 0.000000 0.000000 0.892656 398.000000
 3.000000 0.841210 346.335524 0.000000 0.000000 0.000000 0.000000 0.888997 400.000000
 3.250000 0.848680 351.735381 0.000000 0.000000 0.000000 0.000000 0.895702 390.000000
 3.500000 0.845614 351.646153 0.000000 0.000000 0.000000 0.000000 0.892491 396.000000
 3.750000 0.840966 343.909963 0.000000 0.000000 0.000000 0.000000 0.888208 393.000000
 4.000000 0.842553 345.859233 0.000000 0.000000 0.000000 0.000000 0.889821 390.000000
 4.250000 0.845554 347.986147 0.000000 0.000000 0.000000 0.000000 0.892953 392.000000
 4.500000 0.849038 353.824209 0.000000 0.000000 0.000000 0.000000 0.895663 398.000000
 4.750000 0.844372 350.556001 0.000000 0.000000 0.000000 0.000000 0.891534 386.000000
 5.000000 0.851977 358.927005 0.000000 0.000000 0.000000 0.000000 0.898719 400.000000
 5.250000 0.849855 358.035369 0.000000 0.000000 0.000000 0.000000 0.896726 397.000000
 5.500000 0.842524 343.318554 0.000000 0.000000 0.000000 0.000000 0.889637 388.000000
 5.750000 0.852324 360.209132 0.000000 0.000000 0.000000 0.000000 0.898782 395.000000
 6.000000 0.842053 339.097553 0.000000 0.000000 0.000000 0.000000 0.889727 389.000000
 6.250000 0.836693 335.063819 0.000000 0.000000 0.876434 3.505736 0.884010 379.000000
 6.500000 0.840298 339.613703 0.000000 0.000000 0.000000 0.000000 0.887274 377.000000
 6.750000 0.843177 342.889130 0.000000 0.000000 0.000000 0.000000 0.890702 384.000000
 7.000000 0.843890 343.034635 0.000000 0.000000 0.000000 0.000000 0.891253 380.000000
 7.250000 0.837514 336.444676 0.000000 0.000000 0.000000 0.000000 0.884650 377.000000
 7.500000 0.841700 344.796046 0.000000 0.000000 0.000000 0.000000 0.888155 377.000000
 7.750000 0.840465 338.093912 0.000000 0.000000 0.000000 0.000000 0.888043 380.000000
 8.000000 0.841200 338.067433 0.000000 0.000000 0.000000 0.000000 0.889070 371.000000
 8.250000 0.841939 342.469620 0.000000 0.000000 0.000000 0.000000 0.889284 386.000000
 8.500000 0.845387 341.082045 0.000000 0.000000 0.000000 0.000000 0.891744 370.000000
 8.750000 0.847916 349.472593 0.000000 0.000000 0.000000 0.000000 0.894579 383.000000
 9.000000 0.850096 349.429194 0.000000 0.000000 0.000000 0.000000 0.896947 383.000000
 9.250000 0.843424 340.955022 0.000000 0.000000 0.000000 0.000000 0.890666 381.000000
 9.500000 0.843466 342.509014 0.000000 0.000000 0.000000 0.000000 0.890809 386.000000
 9.750000 0.842971 341.319551 0.000000 0.000000 0.000000 0.000000 0.890226 385.000000
 10.000000 0.842646 343.062386 0.000000 0.000000 0.000000 0.000000 0.890286 385.000000
 10.250000 0.843048 342.565985 0.000000 0.000000 0.000000 0.000000 0.890656 381.000000
 10.500000 0.840869 336.485949 0.000000 0.000000 0.000000 0.000000 0.888285 385.000000
 10.750000 0.843387 343.964418 0.000000 0.000000 0.000000 0.000000 0.890300 383.000000
 11.000000 0.840707 343.106681 0.000000 0.000000 0.000000 0.000000 0.888251 378.000000
 11.250000 0.844608 344.929515 0.000000 0.000000 0.000000 0.000000 0.891571 381.000000
 11.500000 0.834253 337.760903 0.000000 0.000000 0.000000 0.000000 0.881087 385.000000
 11.750000 0.839342 337.002292 0.000000 0.000000 0.000000 0.000000 0.886011 380.000000
 12.000000 0.846693 344.361215 0.000000 0.000000 0.000000 0.000000 0.894099 386.000000
 12.250000 0.843426 338.362012 0.000000 0.000000 0.000000 0.000000 0.891018 380.000000
 12.500000 0.838892 336.460412 0.000000 0.000000 0.000000 0.000000 0.885734 378.000000
 12.750000 0.838756 335.885642 0.000000 0.000000 0.013078 0.052311 0.885416 382.000000
 13.000000 0.837887 337.272397 0.000000 0.000000 0.000000 0.000000 0.885614 388.000000
 13.250000 0.843421 341.596222 0.000000 0.000000 0.000000 0.000000 0.891103 384.000000
 13.500000 0.844658 342.040751 0.000000 0.000000 0.000000 0.000000 0.891571 386.000000
 13.750000 0.842372 340.763455 0.000000 0.000000 0.000000 0.000000 0.889313 381.000000
 14.000000 0.842894 339.602761 0.000000 0.000000 0.000000 0.000000 0.890620 381.000000
 14.250000 0.842524 334.338055 0.000000 0.000000 2.762060 11.048239 0.890015 378.000000
 14.500000 0.843507 346.142424 0.000000 0.000000 0.000000 0.000000 0.890488 395.000000
 14.750000 0.845055 341.384683 0.000000 0.000000 0.000000 0.000000 0.892373 384.000000
 15.000000 0.845850 344.150492 0.000000 0.000000 0.000000 0.000000 0.893693 392.000000
 15.250000 0.843873 335.590974 0.000000 0.000000 0.167303 0.669211 0.892007 386.000000
 15.500000 0.843428 334.149975 0.000000 0.000000 3.422592 13.690367 0.890531 373.000000
 15.750000 0.842735 341.326897 0.000000 0.000000 0.000000 0.000000 0.890057 383.000000
 16.000000 0.846271 342.263378 0.000000 0.000000 0.000000 0.000000 0.893217 373.000000
 16.250000 0.841622 334.334926 0.000000 0.000000 2.772472 11.089889 0.888728 377.000000
 16.500000 0.843464 333.972470 0.000000 0.000000 4.110879 16.443518 0.890915 369.000000
 16.750000 0.844018 334.631345 0.000000 0.000000 1.873216 7.492866 0.892712 376.000000
 17.000000 0.844894 336.402255 0.000000 0.000000 0.000000 0.000000 0.892687 378.000000
 17.250000 0.843069 339.577495 0.000000 0.000000 0.000000 0.000000 0.890279 379.000000
 17.500000 0.839870 334.584449 0.000000 0.000000 2.003785 8.015140 0.887467 369.000000
 17.750000 0.842429 339.281731 0.000000 0.000000 0.000000 0.000000 0.890176 375.000000
 18.000000 0.838716 335.375893 0.000000 0.000000 0.389509 1.558037 0.886518 372.000000
 18.250000 0.838343 334.389080 0.000000 0.000000 2.595065 10.380259 0.885348 370.000000
 18.500000 0.840074 339.243531 0.000000 0.000000 0.000000 0.000000 0.886837 375.000000
 18.750000 0.839725 338.609370 0.000000 0.000000 0.000000 0.000000 0.886687 376.000000
 19.000000 0.841842 336.892433 0.000000 0.000000 0.000000 0.000000 0.888918 370.714424
 19.250000 0.842266 336.878508 0.000000 0.000000 0.000000 0.000000 0.888918 374.000000
 19.500000 0.844296 340.961417 0.000000 0.000000 0.000000 0.000000 0.891428 380.000000
 19.750000 0.841174 336.657083 0.000000 0.000000 0.000000 0.000000 0.888818 377.000000
 20.000000 0.839148 334.346812 0.000000 0.000000 2.733031 10.932123 0.885986 370.000000
 20.250000 0.836609 335.126198 0.000000 0.000000 0.763529 3.054117 0.883592 374.000000
 20.500000 0.837738 338.201120 0.000000 0.000000 0.000000 0.000000 0.884882 373.000000
 20.750000 0.845015 345.309719 0.000000 0.000000 0.000000 0.000000 0.891372 386.000000
 21.000000 0.843455 341.121889 0.000000 0.000000 0.000000 0.000000 0.890066 377.000000
 21.250000 0.840055 337.737627 0.000000 0.000000 0.000000 0.000000 0.887591 377.000000
 21.500000 0.841606 336.688893 0.000000 0.000000 0.000000 0.000000 0.888834 375.000000
 21.750000 0.841715 336.260965 0.000000 0.000000 0.000000 0.000000 0.888000 366.000000
 22.000000 0.838663 334.950702 0.000000 0.000000 1.101027 4.404108 0.885568 374.000000
 22.250000 0.845217 340.278682 0.000000 0.000000 0.000000 0.000000 0.893269 383.000000
 22.500000 0.842913 337.313326 0.000000 0.000000 0.000000 0.000000 0.890933 386.000000
 22.750000 0.843005 336.008474 0.000000 0.000000 0.000000 0.000000 0.890219 378.000000
 23.000000 0.842770 339.598621 0.000000 0.000000 0.000000 0.000000 0.890288 375.000000
 23.250000 0.844046 337.775619 0.000000 0.000000 0.000000 0.000000 0.891118 373.000000
 23.500000 0.839098 335.787992 0.000000 0.000000 0.044947 0.179789 0.886708 383.000000
 23.750000 0.838721 334.853459 0.000000 0.000000 1.314557 5.258227 0.886672 378.000000
 24.000000 0.845551 336.540355 0.000000 0.000000 0.000000 0.000000 0.893179 368.000000
 24.250000 0.845031 336.722945 0.000000 0.000000 0.000000 0.000000 0.892533 379.000000
 24.500000 0.843485 334.063860 0.000000 0.000000 3.748637 14.994549 0.891025 380.000000
 24.750000 0.843499 337.987850 0.000000 0.000000 0.000000 0.000000 0.891113 378.000000
 25.000000 0.845644 337.209355 0.000000 0.000000 0.000000 0.000000 0.893787 378.000000
 25.250000 0.844443 336.588110 0.000000 0.000000 0.000000 0.000000 0.893047 377.000000
 25.500000 0.845025 335.694708 0.000000 0.000000 0.093203 0.372813 0.893017 371.000000
 25.750000 0.848268 339.777954 0.000000 0.000000 0.000000 0.000000 0.896080 382.000000
 26.000000 0.847375 336.631663 0.000000 0.000000 0.000000 0.000000 0.895879 378.000000
 26.250000 0.847895 340.365270 0.000000 0.000000 0.000000 0.000000 0.895487 384.000000
 26.500000 0.841011 335.348888 0.000000 0.000000 0.423947 1.695786 0.888381 375.000000
 26.750000 0.841445 337.930399 0.000000 0.000000 0.000000 0.000000 0.889279 375.000000
 27.000000 0.840286 335.403688 0.000000 0.000000 0.355588 1.422354 0.888374 379.000000
 27.250000 0.839940 333.654285 0.000000 0.000000 5.502377 22.009508 0.887594 374.000000
 27.500000 0.845354 337.514880 0.000000 0.000000 0.000000 0.000000 0.892880 389.000000
 27.750000 0.844067 334.892902 0.000000 0.000000 1.225667 4.902668 0.892310 372.000000
 28.000000 0.845630 337.465559 0.000000 0.000000 0.000000 0.000000 0.893333 374.000000
 28.250000 0.842365 335.506746 0.000000 0.000000 0.243299 0.973197 0.889448 370.000000
 28.500000 0.841891 335.547973 0.000000 0.000000 0.204328 0.817313 0.889087 371.000000
 28.750000 0.842196 335.535120 0.000000 0.000000 0.216113 0.864453 0.889786 378.000000
 29.000000 0.840545 335.031719 0.000000 0.000000 0.937569 3.750275 0.887999 378.000000
 29.250000 0.839495 336.221559 0.000000 0.000000 0.000000 0.000000 0.886787 369.000000
 29.500000 0.842072 336.299842 0.000000 0.000000 0.000000 0.000000 0.889525 372.000000
 29.750000 0.843771 332.999052 0.000000 0.000000 9.005692 36.022768 0.890964 368.000000
 30.000000 0.835125 334.720359 0.000000 0.000000 1.637481 6.549922 0.882337 379.000000
 30.250000 0.838523 333.433898 0.000000 0.000000 6.584882 26.339528 0.885409 370.000000
 30.500000 0.840728 335.812195 0.000000 0.000000 0.035271 0.141083 0.888365 376.000000
 30.750000 0.843972 338.799362 0.000000 0.000000 0.000000 0.000000 0.890890 375.000000
 31.000000 0.840205 334.184907 0.000000 0.000000 3.294562 13.178248 0.886829 382.000000
 31.250000 0.840724 339.967512 0.000000 0.000000 0.000000 0.000000 0.887850 384.000000
 31.500000 0.838718 336.098530 0.000000 0.000000 0.000000 0.000000 0.886135 375.000000
 31.750000 0.839007 340.671700 0.000000 0.000000 0.000000 0.000000 0.885828 377.000000
 32.000000 0.836680 337.192392 0.000000 0.000000 0.000000 0.000000 0.883569 385.000000
 32.250000 0.840312 345.857863 0.000000 0.000000 0.000000 0.000000 0.887270 388.000000
 32.500000 0.841662 342.630327 0.000000 0.000000 0.000000 0.000000 0.888413 383.000000
 32.750000 0.843156 348.745439 0.000000 0.000000 0.000000 0.000000 0.890057 390.000000
 33.000000 0.838244 342.732198 0.000000 0.000000 0.000000 0.000000 0.885108 389.000000
 33.250000 0.834998 334.861613 0.000000 0.000000 1.295926 5.183703 0.882111 382.000000
 33.500000 0.845290 339.527165 0.000000 0.000000 0.000000 0.000000 0.892329 382.000000
 33.750000 0.846503 342.239489 0.000000 0.000000 0.000000 0.000000 0.893963 385.000000
 34.000000 0.841864 340.595098 0.000000 0.000000 0.000000 0.000000 0.889069 387.000000
 34.250000 0.840367 337.649105 0.000000 0.000000 0.000000 0.000000 0.887367 382.000000
 34.500000 0.840798 334.640693 0.000000 0.000000 1.847716 7.390864 0.888292 381.000000
 34.750000 0.841913 339.485528 0.000000 0.000000 0.000000 0.000000 0.889195 380.000000
 35.000000 0.839352 337.290984 0.000000 0.000000 0.000000 0.000000 0.886356 376.000000
 35.250000 0.837336 337.861182 0.000000 0.000000 0.000000 0.000000 0.884315 384.000000
 35.500000 0.843810 341.625012 0.000000 0.000000 0.000000 0.000000 0.891145 384.000000
 35.750000 0.851576 352.241275 0.000000 0.000000 0.000000 0.000000 0.898637 389.000000
 36.000000 0.845359 348.421839 0.000000 0.000000 0.000000 0.000000 0.892192 386.000000
 36.250000 0.845039 351.363064 0.000000 0.000000 0.000000 0.000000 0.891020 395.000000
 36.500000 0.839698 342.132754 0.000000 0.000000 0.000000 0.000000 0.886794 392.000000
 36.750000 0.841277 339.879671 0.000000 0.000000 0.000000 0.000000 0.888307 379.000000
 37.000000 0.840347 342.721571 0.000000 0.000000 0.000000 0.000000 0.887209 385.000000
 37.250000 0.840636 337.544641 0.000000 0.000000 0.000000 0.000000 0.887771 385.000000
 37.500000 0.843493 344.802165 0.000000 0.000000 0.000000 0.000000 0.890715 386.000000
 37.750000 0.841923 340.526207 0.000000 0.000000 0.000000 0.000000 0.889257 377.000000
 38.000000 0.840473 340.668391 0.000000 0.000000 0.000000 0.000000 0.887267 379.000000
 38.250000 0.841162 344.896835 0.000000 0.000000 0.000000 0.000000 0.887854 382.000000
 38.500000 0.833399 335.468601 0.000000 0.000000 0.282385 1.129541 0.880603 371.000000
 38.750000 0.836450 333.895222 0.000000 0.000000 4.430091 17.720364 0.883266 375.000000
 39.000000 0.841518 343.450696 0.000000 0.000000 0.000000 0.000000 0.888733 385.000000
 39.250000 0.839378 340.301789 0.000000 0.000000 0.000000 0.000000 0.886651 383.000000
 39.500000 0.835147 337.870271 0.000000 0.000000 0.000000 0.000000 0.882225 377.000000
 39.750000 0.838055 338.272914 0.000000 0.000000 0.000000 0.000000 0.884861 381.000000
 40.000000 0.843405 342.886679 0.000000 0.000000 0.000000 0.000000 0.890615 383.000000
 40.250000 0.839238 335.250699 0.000000 0.000000 0.561452 2.245806 0.887084 379.000000
 40.500000 0.838327 337.628120 0.000000 0.000000 0.000000 0.000000 0.885586 385.000000
 40.750000 0.836346 334.641839 0.000000 0.000000 1.844602 7.378406 0.883458 379.000000
 41.000000 0.836283 335.228344 0.000000 0.000000 0.595452 2.381810 0.883242 371.000000
 41.250000 0.836880 338.716827 0.000000 0.000000 0.000000 0.000000 0.884080 383.000000
 41.500000 0.837183 334.366286 0.000000 0.000000 2.669023 10.676092 0.884496 379.000000
 41.750000 0.837640 337.182224 0.000000 0.000000 0.000000 0.000000 0.884548 377.000000
 42.000000 0.840701 338.483769 0.000000 0.000000 0.000000 0.000000 0.887251 369.000000
 42.250000 0.833146 333.378446 0.000000 0.000000 6.872543 27.490171 0.880610 375.000000
 42.500000 0.841686 341.512061 0.000000 0.000000 0.000000 0.000000 0.889006 380.000000
 42.750000 0.840517 336.540471 0.000000 0.000000 0.000000 0.000000 0.888557 383.000000
 43.000000 0.846752 341.206088 0.000000 0.000000 0.000000 0.000000 0.893871 378.000000
 43.250000 0.843161 341.714165 0.000000 0.000000 0.000000 0.000000 0.890059 385.000000
 43.500000 0.837994 336.749230 0.000000 0.000000 0.000000 0.000000 0.885445 378.000000
 43.750000 0.839008 334.516163 0.000000 0.000000 2.201771 8.807084 0.886503 384.000000
 44.000000 0.840000 335.892390 0.000000 0.000000 0.011580 0.046319 0.887778 374.000000
 44.250000 0.843802 342.318339 0.000000 0.000000 0.000000 0.000000 0.891603 378.000000
 44.500000 0.841007 342.250442 0.000000 0.000000 0.000000 0.000000 0.888310 388.000000
 44.750000 0.836338 339.774944 0.000000 0.000000 0.000000 0.000000 0.882938 379.000000
 45.000000 0.836350 337.807737 0.000000 0.000000 0.000000 0.000000 0.883280 376.000000
 45.250000 0.841531 342.034099 0.000000 0.000000 0.000000 0.000000 0.889112 385.000000
 45.500000 0.841013 334.494748 0.000000 0.000000 2.265783 9.063130 0.888412 375.000000
 45.750000 0.841062 335.207552 0.000000 0.000000 0.627974 2.511896 0.888389 379.000000
 46.000000 0.842257 335.717236 0.000000 0.000000 0.079955 0.319822 0.890298 388.000000
 46.250000 0.845530 341.637273 0.000000 0.000000 0.000000 0.000000 0.893338 384.000000
 46.500000 0.842443 340.026080 0.000000 0.000000 0.000000 0.000000 0.889873 378.000000
 46.750000 0.837622 333.741890 0.000000 0.000000 5.099059 20.396238 0.884354 377.000000
 47.000000 0.839415 338.056026 0.000000 0.000000 0.000000 0.000000 0.887042 381.000000
 47.250000 0.844635 336.459397 0.000000 0.000000 0.000000 0.000000 0.892203 374.000000
 47.500000 0.842477 339.981226 0.000000 0.000000 0.000000 0.000000 0.889722 382.000000
 47.750000 0.842122 337.568467 0.000000 0.000000 0.000000 0.000000 0.889391 382.000000
 48.000000 0.842638 336.629638 0.000000 0.000000 0.000000 0.000000 0.889582 380.000000
 48.250000 0.851318 352.772264 0.000000 0.000000 0.000000 0.000000 0.897910 397.000000
 48.500000 0.840558 336.103102 0.000000 0.000000 0.000000 0.000000 0.887900 377.000000
 48.750000 0.841269 335.854725 0.000000 0.000000 0.021105 0.084419 0.887970 376.000000
 49.000000 0.839061 338.518430 0.000000 0.000000 0.000000 0.000000 0.886552 383.000000
 49.250000 0.844748 342.847152 0.000000 0.000000 0.000000 0.000000 0.892165 387.000000
 49.500000 0.841678 345.255109 0.000000 0.000000 0.000000 0.000000 0.888181 390.000000
 49.750000 0.837977 338.218306 0.000000 0.000000 0.000000 0.000000 0.884377 378.000000
 50.000000 0.837579 335.398807 0.000000 0.000000 0.361433 1.445733 0.884653 384.000000
 50.250000 0.840497 343.387147 0.000000 0.000000 0.000000 0.000000 0.887937 388.000000
 50.500000 0.838718 339.222301 0.000000 0.000000 0.000000 0.000000 0.885579 377.000000
 50.750000 0.838183 334.897448 0.000000 0.000000 1.215621 4.862483 0.885282 382.000000
 51.000000 0.846651 342.652498 0.000000 0.000000 0.000000 0.000000 0.893297 375.000000
 51.250000 0.843029 341.755257 0.000000 0.000000 0.000000 0.000000 0.889839 382.000000
 51.500000 0.842214 340.427812 0.000000 0.000000 0.000000 0.000000 0.889106 388.000000
 51.750000 0.838960 335.620269 0.000000 0.000000 0.144196 0.576783 0.886023 379.000000
 52.000000 0.842094 345.006166 0.000000 0.000000 0.000000 0.000000 0.889007 390.000000
 52.250000 0.842896 345.827461 0.000000 0.000000 0.000000 0.000000 0.889394 385.000000
 52.500000 0.839404 339.154816 0.000000 0.000000 0.000000 0.000000 0.885910 378.000000
 52.750000 0.845275 344.562515 0.000000 0.000000 0.000000 0.000000 0.891928 388.000000
 53.000000 0.848791 347.814472 0.000000 0.000000 0.000000 0.000000 0.896238 389.000000
 53.250000 0.842134 338.105690 0.000000 0.000000 0.000000 0.000000 0.889927 380.000000
 53.500000 0.838027 337.634209 0.000000 0.000000 0.000000 0.000000 0.885079 378.000000
 53.750000 0.834601 335.289558 0.000000 0.000000 0.504727 2.018910 0.881802 380.000000
 54.000000 0.842748 344.766366 0.000000 0.000000 0.000000 0.000000 0.889957 388.000000
 54.250000 0.841314 337.926821 0.000000 0.000000 0.000000 0.000000 0.889000 386.000000
 54.500000 0.842169 340.464534 0.000000 0.000000 0.000000 0.000000 0.889389 380.000000
 54.750000 0.838471 334.024594 0.000000 0.000000 3.902229 15.608915 0.885925 377.000000
 55.000000 0.840159 338.684165 0.000000 0.000000 0.000000 0.000000 0.887294 374.000000
 55.250000 0.834398 335.053468 0.000000 0.000000 0.895923 3.583693 0.881609 381.000000
 55.500000 0.842843 341.395552 0.000000 0.000000 0.000000 0.000000 0.889395 373.000000
 55.750000 0.845510 340.689038 0.000000 0.000000 0.000000 0.000000 0.892190 381.000000
 56.000000 0.844064 338.336586 0.000000 0.000000 0.000000 0.000000 0.891256 375.000000
 56.250000 0.846389 344.337674 0.000000 0.000000 0.000000 0.000000 0.893339 380.000000
 56.500000 0.844559 346.283045 0.000000 0.000000 0.000000 0.000000 0.891026 380.000000
 56.750000 0.841069 337.390623 0.000000 0.000000 0.000000 0.000000 0.887792 375.000000
 57.000000 0.840794 337.661981 0.000000 0.000000 0.000000 0.000000 0.887750 374.000000
 57.250000 0.844609 339.593722 0.000000 0.000000 0.000000 0.000000 0.891021 368.000000
 57.500000 0.841302 339.242946 0.000000 0.000000 0.000000 0.000000 0.888336 371.000000
 57.750000 0.845684 342.655313 0.000000 0.000000 0.000000 0.000000 0.892468 383.000000
 58.000000 0.843529 343.897208 0.000000 0.000000 0.000000 0.000000 0.890127 391.000000
 58.250000 0.841079 340.811273 0.000000 0.000000 0.000000 0.000000 0.888172 382.000000
 58.500000 0.847235 341.613228 0.000000 0.000000 0.000000 0.000000 0.894321 380.000000
 58.750000 0.840218 337.347818 0.000000 0.000000 0.000000 0.000000 0.887063 381.000000
 59.000000 0.836788 334.295411 0.000000 0.000000 2.905622 11.622489 0.883150 373.000000
 59.250000 0.838129 337.800658 0.000000 0.000000 0.000000 0.000000 0.885039 379.000000
 59.500000 0.840443 339.785697 0.000000 0.000000 0.000000 0.000000 0.887655 384.000000
 59.750000 0.836405 336.038238 0.000000 0.000000 0.000000 0.000000 0.883456 383.000000
 60.000000 0.838142 337.884820 0.000000 0.000000 0.000000 0.000000 0.885074 385.000000
 60.250000 0.845268 346.098029 0.000000 0.000000 0.000000 0.000000 0.892349 387.000000
 60.500000 0.843058 346.008599 0.000000 0.000000 0.000000 0.000000 0.890640 390.000000
 60.750000 0.837521 335.728890 0.000000 0.000000 0.073500 0.294002 0.884807 376.000000
 61.000000 0.838908 336.950734 0.000000 0.000000 0.000000 0.000000 0.885740 376.000000
 61.250000 0.844061 346.301618 0.000000 0.000000 0.000000 0.000000 0.890822 387.000000
 61.500000 0.845189 341.020210 0.000000 0.000000 0.000000 0.000000 0.892438 379.000000
 61.750000 0.844491 349.242475 0.000000 0.000000 0.000000 0.000000 0.891470 391.000000
 62.000000 0.842250 341.010073 0.000000 0.000000 0.000000 0.000000 0.889091 384.000000
 62.250000 0.842084 342.250478 0.000000 0.000000 0.000000 0.000000 0.888964 385.000000
 62.500000 0.843895 344.296324 0.000000 0.000000 0.000000 0.000000 0.890810 384.000000
 62.750000 0.841292 344.708621 0.000000 0.000000 0.000000 0.000000 0.888542 386.000000
 63.000000 0.844617 353.268103 0.000000 0.000000 0.000000 0.000000 0.890761 390.000000
 63.250000 0.836386 339.271272 0.000000 0.000000 0.000000 0.000000 0.882818 378.000000
 63.500000 0.839019 339.193873 0.000000 0.000000 0.000000 0.000000 0.886189 382.000000
 63.750000 0.843282 345.503938 0.000000 0.000000 0.000000 0.000000 0.890429 382.000000
 64.000000 0.844923 342.998217 0.000000 0.000000 0.000000 0.000000 0.892331 384.000000
 64.250000 0.844259 346.348372 0.000000 0.000000 0.000000 0.000000 0.891860 383.000000
 64.500000 0.843253 346.331252 0.000000 0.000000 0.000000 0.000000 0.890323 393.000000
 64.750000 0.837779 335.980963 0.000000 0.000000 0.000362 0.001450 0.885218 380.000000
 65.000000 0.835607 337.045223 0.000000 0.000000 0.000000 0.000000 0.883036 385.000000
 65.250000 0.833157 334.437261 0.000000 0.000000 2.442153 9.768612 0.880012 381.000000
 65.500000 0.840772 341.167259 0.000000 0.000000 0.000000 0.000000 0.887646 382.000000
 65.750000 0.837488 334.481706 0.000000 0.000000 2.305217 9.220867 0.885333 371.000000
 66.000000 0.837281 333.554605 0.000000 0.000000 5.979958 23.919834 0.884759 377.000000
 66.250000 0.835413 336.510911 0.000000 0.000000 0.000000 0.000000 0.882433 385.000000
 66.500000 0.837852 339.544303 0.000000 0.000000 0.000000 0.000000 0.884518 386.000000
 66.750000 0.838994 338.542415 0.000000 0.000000 0.000000 0.000000 0.886197 380.000000
 67.000000 0.839632 335.307166 0.000000 0.000000 0.480018 1.920073 0.887516 375.000000
 67.250000 0.838803 335.370449 0.000000 0.000000 0.396334 1.585337 0.886311 366.000000
 67.500000 0.838723 334.638862 0.000000 0.000000 1.852695 7.410782 0.886185 379.000000
 67.750000 0.840541 334.820224 0.000000 0.000000 1.391871 5.567485 0.887895 374.000000
 68.000000 0.842081 335.797261 0.000000 0.000000 0.041103 0.164412 0.889963 375.000000
 68.250000 0.840690 341.548871 0.000000 0.000000 0.000000 0.000000 0.888213 390.000000
 68.500000 0.838752 337.794237 0.000000 0.000000 0.000000 0.000000 0.885533 377.000000
 68.750000 0.836822 334.907059 0.000000 0.000000 1.194521 4.778084 0.883783 369.000000
 69.000000 0.839385 336.021626 0.000000 0.000000 0.000000 0.000000 0.886780 375.000000
 69.250000 0.842424 343.377325 0.000000 0.000000 0.000000 0.000000 0.889949 384.000000
 69.500000 0.841150 339.816632 0.000000 0.000000 0.000000 0.000000 0.887964 373.000000
 69.750000 0.838069 335.661497 0.000000 0.000000 0.114584 0.458337 0.884834 373.000000
 70.000000 0.839729 337.627714 0.000000 0.000000 0.000000 0.000000 0.887631 372.000000
 70.250000 0.843262 340.306390 0.000000 0.000000 0.000000 0.000000 0.890622 382.000000
 70.500000 0.838382 337.112648 0.000000 0.000000 0.000000 0.000000 0.885308 373.000000
 70.750000 0.836621 333.648857 0.000000 0.000000 5.527876 22.111502 0.884198 379.000000
 71.000000 0.839504 335.689795 0.000000 0.000000 0.096227 0.384909 0.888007 376.000000
 71.250000 0.846510 344.897031 0.000000 0.000000 0.000000 0.000000 0.894240 380.000000
 71.500000 0.842399 335.905586 0.000000 0.000000 0.008914 0.035656 0.889998 389.000000
 71.750000 0.844218 341.370422 0.000000 0.000000 0.000000 0.000000 0.892145 379.000000
 72.000000 0.839308 334.951147 0.000000 0.000000 1.100092 4.400367 0.887382 383.000000
 72.250000 0.836389 334.117069 0.000000 0.000000 3.545427 14.181710 0.884086 380.000000
 72.500000 0.841960 341.160015 0.000000 0.000000 0.000000 0.000000 0.889657 384.000000
 72.750000 0.845607 340.332032 0.000000 0.000000 0.000000 0.000000 0.893145 380.000000
 73.000000 0.838833 332.052332 0.000000 0.000000 15.584083 62.336333 0.886491 378.000000
 73.250000 0.840200 335.708986 0.000000 0.000000 0.084689 0.338756 0.887584 378.000000
 73.500000 0.843568 340.897451 0.000000 0.000000 0.000000 0.000000 0.890996 381.000000
 73.750000 0.839848 334.722139 0.000000 0.000000 1.632929 6.531715 0.887456 376.000000
 74.000000 0.841392 336.291772 0.000000 0.000000 0.000000 0.000000 0.888422 377.000000
 74.250000 0.839781 335.324987 0.000000 0.000000 0.455643 1.822573 0.886832 389.000000
 74.500000 0.848161 344.720864 0.000000 0.000000 0.000000 0.000000 0.895568 396.000000
 74.750000 0.846731 339.237300 0.000000 0.000000 0.000000 0.000000 0.894229 378.000000
 75.000000 0.839671 335.964809 0.000000 0.000000 0.001238 0.004954 0.886788 379.000000
 75.250000 0.841458 336.305418 0.000000 0.000000 0.000000 0.000000 0.888651 382.000000
 75.500000 0.846378 337.984571 0.000000 0.000000 0.000000 0.000000 0.894036 382.000000
 75.750000 0.841772 337.238054 0.000000 0.000000 0.000000 0.000000 0.889672 374.005938
 76.000000 0.843040 340.089776 0.000000 0.000000 0.000000 0.000000 0.890711 380.000000
 76.250000 0.843434 336.979695 0.000000 0.000000 0.000000 0.000000 0.891041 389.000000
 76.500000 0.844002 339.974468 0.000000 0.000000 0.000000 0.000000 0.891704 382.000000
 76.750000 0.844057 337.977325 0.000000 0.000000 0.000000 0.000000 0.892111 382.000000
 77.000000 0.844034 340.916970 0.000000 0.000000 0.000000 0.000000 0.891809 387.000000
 77.250000 0.840456 335.655054 0.000000 0.000000 0.118988 0.475952 0.887854 380.000000
 77.500000 0.841405 339.102978 0.000000 0.000000 0.000000 0.000000 0.888046 383.000000
 77.750000 0.841680 339.047581 0.000000 0.000000 0.000000 0.000000 0.889309 389.000000
 78.000000 0.848314 343.907213 0.000000 0.000000 0.000000 0.000000 0.895942 386.000000
 78.250000 0.844320 337.382428 0.000000 0.000000 0.000000 0.000000 0.891220 383.000000
 78.500000 0.839359 337.831778 0.000000 0.000000 0.000000 0.000000 0.885956 385.000000
 78.750000 0.842257 333.988434 0.000000 0.000000 4.046398 16.185593 0.889329 377.000000
 79.000000 0.840139 335.492154 0.000000 0.000000 0.257908 1.031630 0.887675 385.000000
 79.250000 0.846926 346.118842 0.000000 0.000000 0.000000 0.000000 0.893525 387.000000
 79.500000 0.841294 339.435408 0.000000 0.000000 0.000000 0.000000 0.888158 388.000000
 79.750000 0.836402 336.642191 0.000000 0.000000 0.000000 0.000000 0.883199 382.000000
 80.000000 0.842749 343.268341 0.000000 0.000000 0.000000 0.000000 0.889665 386.000000
 80.250000 0.843345 339.563235 0.000000 0.000000 0.000000 0.000000 0.890770 381.000000
 80.500000 0.841933 339.405481 0.000000 0.000000 0.000000 0.000000 0.889270 383.000000
 80.750000 0.836494 336.179169 0.000000 0.000000 0.000000 0.000000 0.883196 385.000000
 81.000000 0.834628 335.441377 0.000000 0.000000 0.312059 1.248237 0.881578 376.000000
 81.250000 0.842549 337.717628 0.000000 0.000000 0.000000 0.000000 0.889879 377.000000
 81.500000 0.838342 336.788470 0.000000 0.000000 0.000000 0.000000 0.885897 381.000000
 81.750000 0.838539 335.511858 0.000000 0.000000 0.238282 0.953130 0.885516 379.000000
 82.000000 0.842558 338.664858 0.000000 0.000000 0.000000 0.000000 0.890147 377.000000
 82.250000 0.841952 335.912023 0.000000 0.000000 0.007740 0.030960 0.890356 382.000000
 82.500000 0.844799 337.005074 0.000000 0.000000 0.000000 0.000000 0.892146 384.000000
 82.750000 0.841809 334.814263 0.000000 0.000000 1.405972 5.623887 0.889153 380.000000
 83.000000 0.845165 343.562004 0.000000 0.000000 0.000000 0.000000 0.892865 391.000000
 83.250000 0.844496 342.246645 0.000000 0.000000 0.000000 0.000000 0.892391 384.000000
 83.500000 0.845942 344.175450 0.000000 0.000000 0.000000 0.000000 0.892969 379.000000
 83.750000 0.842495 337.603669 0.000000 0.000000 0.000000 0.000000 0.889651 376.000000
 84.000000 0.840971 337.392005 0.000000 0.000000 0.000000 0.000000 0.888341 384.000000
 84.250000 0.839722 336.683352 0.000000 0.000000 0.000000 0.000000 0.886959 377.000000
 84.500000 0.838385 337.109755 0.000000 0.000000 0.000000 0.000000 0.885517 374.000000
 84.750000 0.836729 334.380717 0.000000 0.000000 2.622077 10.488310 0.884108 376.000000
 85.000000 0.841232 337.165924 0.000000 0.000000 0.000000 0.000000 0.888415 370.000000
 85.250000 0.838122 337.008251 0.000000 0.000000 0.000000 0.000000 0.885112 375.000000
 85.500000 0.840133 334.577970 0.000000 0.000000 2.022170 8.088681 0.886741 376.000000
 85.750000 0.840652 335.306453 0.000000 0.000000 0.481007 1.924028 0.887991 374.000000
 86.000000 0.837275 335.418572 0.000000 0.000000 0.338059 1.352235 0.884707 383.000000
 86.250000 0.839590 336.461007 0.000000 0.000000 0.000000 0.000000 0.886374 374.000000
 86.500000 0.836184 334.782003 0.000000 0.000000 1.483516 5.934065 0.883233 376.000000
 86.750000 0.836960 339.629567 0.000000 0.000000 0.000000 0.000000 0.884107 381.000000
 87.000000 0.838141 335.526182 0.000000 0.000000 0.224503 0.898014 0.885730 382.000000
 87.250000 0.840507 334.483303 0.000000 0.000000 2.300371 9.201483 0.887498 375.000000
 87.500000 0.838027 335.495253 0.000000 0.000000 0.254770 1.019080 0.884596 380.000000
 87.750000 0.842620 340.579662 0.000000 0.000000 0.000000 0.000000 0.889844 381.000000
 88.000000 0.845831 339.416557 0.000000 0.000000 0.000000 0.000000 0.893016 382.000000
 88.250000 0.840641 335.545692 0.000000 0.000000 0.206396 0.825585 0.887863 373.000000
 88.500000 0.841869 337.875366 0.000000 0.000000 0.000000 0.000000 0.889036 392.000000
 88.750000 0.841551 335.753386 0.000000 0.000000 0.060819 0.243275 0.889092 379.000000
 89.000000 0.846605 343.196854 0.000000 0.000000 0.000000 0.000000 0.893234 387.000000
 89.250000 0.838932 335.133788 0.000000 0.000000 0.750323 3.001291 0.885721 375.000000
 89.500000 0.843467 337.773924 0.000000 0.000000 0.000000 0.000000 0.890008 376.000000
 89.750000 0.840616 337.105472 0.000000 0.000000 0.000000 0.000000 0.887441 376.000000
 90.000000 0.840274 335.200637 0.000000 0.000000 0.638981 2.555924 0.887288 373.000000
 90.250000 0.840242 337.902890 0.000000 0.000000 0.000000 0.000000 0.887002 376.000000
 90.500000 0.838395 336.336916 0.000000 0.000000 0.000000 0.000000 0.885356 380.000000
 90.750000 0.837052 335.153254 0.000000 0.000000 0.716979 2.867914 0.884597 377.000000
 91.000000 0.840411 339.604993 0.000000 0.000000 0.000000 0.000000 0.887161 374.000000
 91.250000 0.835687 336.449159 0.000000 0.000000 0.000000 0.000000 0.881872 373.000000
 91.500000 0.835137 337.440792 0.000000 0.000000 0.000000 0.000000 0.881736 374.000000
 91.750000 0.843389 341.143186 0.000000 0.000000 0.000000 0.000000 0.890349 378.000000
 92.000000 0.845376 338.056246 0.000000 0.000000 0.000000 0.000000 0.892929 384.000000
 92.250000 0.841722 338.148649 0.000000 0.000000 0.000000 0.000000 0.889054 375.000000
 92.500000 0.838803 335.510965 0.000000 0.000000 0.239156 0.956623 0.885817 377.000000
 92.750000 0.840682 335.835276 0.000000 0.000000 0.027134 0.108536 0.887598 369.000000
 93.000000 0.841338 335.973541 0.000000 0.000000 0.000700 0.002800 0.888743 370.000000
 93.250000 0.843087 337.042474 0.000000 0.000000 0.000000 0.000000 0.890357 378.000000
 93.500000 0.839598 336.086347 0.000000 0.000000 0.000000 0.000000 0.886864 381.000000
 93.750000 0.840426 334.060696 0.000000 0.000000 3.760899 15.043595 0.887848 379.000000
 94.000000 0.841042 335.568196 0.000000 0.000000 0.186455 0.745820 0.888601 372.000000
 94.250000 0.841889 334.954490 0.000000 0.000000 1.093091 4.372364 0.889075 376.000000
 94.500000 0.840270 334.818033 0.000000 0.000000 1.397046 5.588183 0.887813 381.000000
 94.750000 0.845141 338.666260 0.000000 0.000000 0.000000 0.000000 0.892190 380.000000
 95.000000 0.840134 337.466970 0.000000 0.000000 0.000000 0.000000 0.887673 380.000000
 95.250000 0.841340 340.885639 0.000000 0.000000 0.000000 0.000000 0.888635 389.000000
 95.500000 0.833987 334.368858 0.000000 0.000000 2.660625 10.642501 0.881078 380.000000
 95.750000 0.840524 343.825830 0.000000 0.000000 0.000000 0.000000 0.886846 380.000000
 96.000000 0.838047 339.198524 0.000000 0.000000 0.000000 0.000000 0.885384 391.000000
 96.250000 0.837561 336.226484 0.000000 0.000000 0.000000 0.000000 0.885041 384.000000
 96.500000 0.838236 337.419083 0.000000 0.000000 0.000000 0.000000 0.885029 384.000000
 96.750000 0.843163 337.953736 0.000000 0.000000 0.000000 0.000000 0.890695 384.000000
 97.000000 0.842560 338.962962 0.000000 0.000000 0.000000 0.000000 0.890726 382.000000
 97.250000 0.839355 335.241443 0.000000 0.000000 0.575408 2.301633 0.886856 374.000000
 97.500000 0.838568 335.671864 0.000000 0.000000 0.107673 0.430693 0.885859 376.000000
 97.750000 0.835487 334.179204 0.000000 0.000000 3.315298 13.261192 0.882988 377.000000
 98.000000 0.837331 338.163788 0.000000 0.000000 0.000000 0.000000 0.884150 375.000000
 98.250000 0.834377 335.670784 0.000000 0.000000 0.108383 0.433533 0.881841 384.000000
 98.500000 0.838806 336.676287 0.000000 0.000000 0.000000 0.000000 0.885978 377.000000
 98.750000 0.839117 339.740145 0.000000 0.000000 0.000000 0.000000 0.886358 386.000000
 99.000000 0.839484 336.837331 0.000000 0.000000 0.000000 0.000000 0.886955 384.000000
 99.250000 0.839204 335.932362 0.000000 0.000000 0.004575 0.018299 0.886537 380.000000
 99.500000 0.838841 337.055994 0.000000 0.000000 0.000000 0.000000 0.886074 386.000000
 99.750000 0.845966 348.676693 0.000000 0.000000 0.000000 0.000000 0.892712 391.000000
 100.000000 0.836823 336.217047 0.000000 0.000000 0.000000 0.000000 0.884527 380.000000
 100.250000 0.840289 336.942990 0.000000 0.000000 0.000000 0.000000 0.887450 379.000000
 100.500000 0.843254 341.547554 0.000000 0.000000 0.000000 0.000000 0.890253 387.000000
 100.750000 0.849436 349.613061 0.000000 0.000000 0.000000 0.000000 0.896496 388.000000
