#! FIELDS time refcv.mean refcv.morethan uwall.bias uwall.force2 lwall.bias lwall.force2 refcv2.mean refcv2.morethan
 0.500000 0.744155 277.824693 0.000000 0.000000 0.000000 0.000000 0.744155 284.000000
 0.750000 0.747181 283.162119 0.000000 0.000000 0.000000 0.000000 0.747181 291.000000
 1.000000 0.740380 280.847742 0.000000 0.000000 0.000000 0.000000 0.740380 285.000000
 1.250000 0.733113 275.557868 0.000000 0.000000 0.000000 0.000000 0.733113 282.000000
 1.500000 0.737308 275.205808 0.000000 0.000000 0.000000 0.000000 0.737308 282.000000
 1.750000 0.740740 275.569017 0.000000 0.000000 0.000000 0.000000 0.740740 283.000000
 2.000000 0.742649 277.776516 0.000000 0.000000 0.000000 0.000000 0.742649 282.000000
 2.250000 0.738584 278.622423 0.000000 0.000000 0.000000 0.000000 0.738584 287.000000
 2.500000 0.733458 273.774874 0.000000 0.000000 0.000000 0.000000 0.733458 285.000000
 2.750000 0.728753 269.303317 0.000000 0.000000 0.000000 0.000000 0.728753 281.000000
 3.000000 0.735798 274.900816 0.000000 0.000000 0.000000 0.000000 0.735798 282.000000
 3.250000 0.735857 271.706323 0.000000 0.000000 0.000000 0.000000 0.735857 282.000000
 3.500000 0.733826 273.030988 0.000000 0.000000 0.000000 0.000000 0.733826 284.000000
 3.750000 0.739512 275.623183 0.000000 0.000000 0.000000 0.000000 0.739512 285.000000
 4.000000 0.743679 279.090946 0.000000 0.000000 0.000000 0.000000 0.743679 285.000000
 4.250000 0.742664 279.732571 0.000000 0.000000 0.000000 0.000000 0.742664 286.000000
 4.500000 0.739143 279.091722 0.000000 0.000000 0.000000 0.000000 0.739143 286.000000
 4.750000 0.734867 272.583937 0.000000 0.000000 0.000000 0.000000 0.734867 283.000000
 5.000000 0.737286 274.453785 0.000000 0.000000 0.000000 0.000000 0.737286 281.000000
 5.250000 0.732486 271.934072 0.000000 0.000000 0.000000 0.000000 0.732486 283.000000
 5.500000 0.735555 278.857248 0.000000 0.000000 0.000000 0.000000 0.735555 285.000000
 5.750000 0.737166 276.649224 0.000000 0.000000 0.000000 0.000000 0.737166 288.000000
 6.000000 0.743835 280.344029 0.000000 0.000000 0.000000 0.000000 0.743835 286.000000
 6.250000 0.744972 281.464429 0.000000 0.000000 0.000000 0.000000 0.744972 285.000000
 6.500000 0.734311 274.535342 0.000000 0.000000 0.000000 0.000000 0.734311 284.000000
 6.750000 0.734358 275.967644 0.000000 0.000000 0.000000 0.000000 0.734358 285.000000
 7.000000 0.737258 279.413593 0.000000 0.000000 0.000000 0.000000 0.737258 286.000000
 7.250000 0.735019 269.975851 0.000000 0.000000 0.000000 0.000000 0.735019 279.000000
 7.500000 0.741427 275.580237 0.000000 0.000000 0.000000 0.000000 0.741427 283.000000
 7.750000 0.732899 274.753555 0.000000 0.000000 0.000000 0.000000 0.732899 285.000000
 8.000000 0.732865 273.851337 0.000000 0.000000 0.000000 0.000000 0.732865 282.000000
 8.250000 0.735147 273.506782 0.000000 0.000000 0.000000 0.000000 0.735147 285.000000
 8.500000 0.738421 276.932675 0.000000 0.000000 0.000000 0.000000 0.738421 286.000000
 8.750000 0.739282 276.899562 0.000000 0.000000 0.000000 0.000000 0.739282 287.000000
 9.000000 0.728461 268.335729 0.000000 0.000000 0.000000 0.000000 0.728461 278.000000
 9.250000 0.734590 274.420027 0.000000 0.000000 0.000000 0.000000 0.734590 282.000000
 9.500000 0.737146 276.023157 0.000000 0.000000 0.000000 0.000000 0.737146 284.000000
 9.750000 0.733043 271.382932 0.000000 0.000000 0.000000 0.000000 0.733043 281.000000
 10.000000 0.734269 271.805839 0.000000 0.000000 0.000000 0.000000 0.734269 285.000000
 10.250000 0.727269 268.782607 0.000000 0.000000 0.000000 0.000000 0.727269 282.000000
 10.500000 0.735602 269.914290 0.000000 0.000000 0.000000 0.000000 0.735602 280.000000
 10.750000 0.733741 272.761435 0.000000 0.000000 0.000000 0.000000 0.733741 282.000000
 11.000000 0.731867 273.004026 0.000000 0.000000 0.000000 0.000000 0.731867 282.000000
 11.250000 0.733406 272.008670 0.000000 0.000000 0.000000 0.000000 0.733406 279.000000
 11.500000 0.731056 270.296351 0.000000 0.000000 0.000000 0.000000 0.731056 282.000000
 11.750000 0.728836 270.841914 0.000000 0.000000 0.000000 0.000000 0.728836 283.000000
 12.000000 0.735872 276.922330 0.000000 0.000000 0.000000 0.000000 0.735872 284.000000
 12.250000 0.730487 273.569255 0.000000 0.000000 0.000000 0.000000 0.730487 284.000000
 12.500000 0.728056 272.585511 0.000000 0.000000 0.000000 0.000000 0.728056 283.000000
 12.750000 0.726306 272.786954 0.000000 0.000000 0.000000 0.000000 0.726306 285.000000
 13.000000 0.728912 271.278928 0.000000 0.000000 0.000000 0.000000 0.728912 283.000000
 13.250000 0.731626 274.894126 0.000000 0.000000 0.000000 0.000000 0.731626 284.000000
 13.500000 0.729062 272.209157 0.000000 0.000000 0.000000 0.000000 0.729062 284.000000
 13.750000 0.729694 274.542155 0.000000 0.000000 0.000000 0.000000 0.729694 284.000000
 14.000000 0.731051 273.786682 0.000000 0.000000 0.000000 0.000000 0.731051 286.000000
 14.250000 0.730545 274.810057 0.000000 0.000000 0.000000 0.000000 0.730545 284.000000
 14.500000 0.723909 269.376392 0.000000 0.000000 0.000000 0.000000 0.723909 282.000000
 14.750000 0.726258 272.888562 0.000000 0.000000 0.000000 0.000000 0.726258 284.000000
 15.000000 0.729075 273.613379 0.000000 0.000000 0.000000 0.000000 0.729075 285.000000
 15.250000 0.733210 276.629930 0.000000 0.000000 0.000000 0.000000 0.733210 285.000000
 15.500000 0.736497 278.996961 0.000000 0.000000 0.000000 0.000000 0.736497 287.000000
 15.750000 0.736542 275.253753 0.000000 0.000000 0.000000 0.000000 0.736542 284.000000
 16.000000 0.737768 275.914188 0.000000 0.000000 0.000000 0.000000 0.737768 289.000000
 16.250000 0.732599 274.584369 0.000000 0.000000 0.000000 0.000000 0.732599 283.000000
 16.500000 0.738119 276.512512 0.000000 0.000000 0.000000 0.000000 0.738119 284.000000
 16.750000 0.740771 278.549302 0.000000 0.000000 0.000000 0.000000 0.740771 288.000000
 17.000000 0.736608 276.265195 0.000000 0.000000 0.000000 0.000000 0.736608 287.000000
 17.250000 0.733168 275.019433 0.000000 0.000000 0.000000 0.000000 0.733168 285.000000
 17.500000 0.734235 276.521129 0.000000 0.000000 0.000000 0.000000 0.734235 288.000000
 17.750000 0.736260 276.870025 0.000000 0.000000 0.000000 0.000000 0.736260 286.000000
 18.000000 0.734953 277.132789 0.000000 0.000000 0.000000 0.000000 0.734953 287.000000
 18.250000 0.740802 283.829944 0.000000 0.000000 0.000000 0.000000 0.740802 288.000000
 18.500000 0.737575 280.298585 0.000000 0.000000 0.000000 0.000000 0.737575 292.000000
 18.750000 0.743390 281.610676 0.000000 0.000000 0.000000 0.000000 0.743390 289.000000
 19.000000 0.737596 277.889678 0.000000 0.000000 0.000000 0.000000 0.737596 288.000000
 19.250000 0.737806 276.147314 0.000000 0.000000 0.000000 0.000000 0.737806 286.000000
 19.500000 0.739728 280.234069 0.000000 0.000000 0.000000 0.000000 0.739728 288.000000
 19.750000 0.741526 280.739455 0.000000 0.000000 0.000000 0.000000 0.741526 286.000000
 20.000000 0.740018 278.433216 0.000000 0.000000 0.000000 0.000000 0.740018 285.000000
 20.250000 0.742009 282.401994 0.000000 0.000000 0.000000 0.000000 0.742009 287.000000
 20.500000 0.737688 279.407123 0.000000 0.000000 0.000000 0.000000 0.737688 289.000000
 20.750000 0.739737 280.731614 0.000000 0.000000 0.000000 0.000000 0.739737 289.000000
 21.000000 0.741688 280.497416 0.000000 0.000000 0.000000 0.000000 0.741688 287.000000
 21.250000 0.741344 281.082597 0.000000 0.000000 0.000000 0.000000 0.741344 289.000000
 21.500000 0.744866 281.514833 0.000000 0.000000 0.000000 0.000000 0.744866 289.000000
 21.750000 0.746252 281.771631 0.000000 0.000000 0.000000 0.000000 0.746252 289.000000
 22.000000 0.748976 282.949488 0.000000 0.000000 0.000000 0.000000 0.748976 288.000000
 22.250000 0.751692 287.722455 0.000000 0.000000 0.000000 0.000000 0.751692 292.000000
 22.500000 0.744105 282.454007 0.000000 0.000000 0.000000 0.000000 0.744105 289.000000
 22.750000 0.747737 282.422902 0.000000 0.000000 0.000000 0.000000 0.747737 287.000000
 23.000000 0.751700 281.810660 0.000000 0.000000 0.000000 0.000000 0.751700 288.000000
 23.250000 0.748402 284.369891 0.000000 0.000000 0.000000 0.000000 0.748402 287.000000
 23.500000 0.745866 282.063848 0.000000 0.000000 0.000000 0.000000 0.745866 287.000000
 23.750000 0.741673 281.007211 0.000000 0.000000 0.000000 0.000000 0.741673 288.000000
 24.000000 0.747100 283.812713 0.000000 0.000000 0.000000 0.000000 0.747100 290.000000
 24.250000 0.745521 284.407379 0.000000 0.000000 0.000000 0.000000 0.745521 290.000000
 24.500000 0.744408 282.763644 0.000000 0.000000 0.000000 0.000000 0.744408 286.000000
 24.750000 0.734840 276.558526 0.000000 0.000000 0.000000 0.000000 0.734840 291.000000
 25.000000 0.754950 287.803026 0.000000 0.000000 0.000000 0.000000 0.754950 290.000000
 25.250000 0.744174 281.654766 0.000000 0.000000 0.000000 0.000000 0.744174 289.000000
 25.500000 0.742489 281.877010 0.000000 0.000000 0.000000 0.000000 0.742489 291.430859
 25.750000 0.749796 286.628719 0.000000 0.000000 0.000000 0.000000 0.749796 287.566528
 26.000000 0.743324 278.190341 0.000000 0.000000 0.000000 0.000000 0.743324 286.000000
 26.250000 0.748038 282.878872 0.000000 0.000000 0.000000 0.000000 0.748038 290.000000
 26.500000 0.742658 283.413354 0.000000 0.000000 0.000000 0.000000 0.742658 289.000000
 26.750000 0.743669 284.653910 0.000000 0.000000 0.000000 0.000000 0.743669 291.000000
 27.000000 0.743356 286.215232 0.000000 0.000000 0.000000 0.000000 0.743356 290.000000
 27.250000 0.748201 287.847418 0.000000 0.000000 0.000000 0.000000 0.748201 293.000000
 27.500000 0.738198 279.978076 0.000000 0.000000 0.000000 0.000000 0.738198 288.000000
 27.750000 0.743857 281.487611 0.000000 0.000000 0.000000 0.000000 0.743857 289.000000
 28.000000 0.737134 278.060794 0.000000 0.000000 0.000000 0.000000 0.737134 288.000000
 28.250000 0.736373 274.630176 0.000000 0.000000 0.000000 0.000000 0.736373 285.000000
 28.500000 0.737555 279.638550 0.000000 0.000000 0.000000 0.000000 0.737555 287.000000
 28.750000 0.734063 277.443961 0.000000 0.000000 0.000000 0.000000 0.734063 288.000000
 29.000000 0.731309 273.149418 0.000000 0.000000 0.000000 0.000000 0.731309 285.000000
 29.250000 0.737796 278.313316 0.000000 0.000000 0.000000 0.000000 0.737796 289.000000
 29.500000 0.736670 275.217356 0.000000 0.000000 0.000000 0.000000 0.736670 283.000000
 29.750000 0.740970 277.333409 0.000000 0.000000 0.000000 0.000000 0.740970 282.000000
 30.000000 0.736136 278.187974 0.000000 0.000000 0.000000 0.000000 0.736136 286.000000
 30.250000 0.728183 270.559134 0.000000 0.000000 0.000000 0.000000 0.728183 281.000000
 30.500000 0.733537 274.953976 0.000000 0.000000 0.000000 0.000000 0.733537 285.000000
 30.750000 0.733257 273.125354 0.000000 0.000000 0.000000 0.000000 0.733257 284.000000
 31.000000 0.735932 275.241291 0.000000 0.000000 0.000000 0.000000 0.735932 283.000000
 31.250000 0.734403 272.185727 0.000000 0.000000 0.000000 0.000000 0.734403 283.000000
 31.500000 0.736003 275.901061 0.000000 0.000000 0.000000 0.000000 0.736003 286.000000
 31.750000 0.738932 277.160611 0.000000 0.000000 0.000000 0.000000 0.738932 284.000000
 32.000000 0.731715 272.758933 0.000000 0.000000 0.000000 0.000000 0.731715 281.000000
 32.250000 0.738745 281.064102 0.000000 0.000000 0.000000 0.000000 0.738745 290.000000
 32.500000 0.731273 273.688686 0.000000 0.000000 0.000000 0.000000 0.731273 285.000000
 32.750000 0.735409 275.836496 0.000000 0.000000 0.000000 0.000000 0.735409 285.000000
 33.000000 0.730602 273.166897 0.000000 0.000000 0.000000 0.000000 0.730602 288.000000
 33.250000 0.735215 275.545008 0.000000 0.000000 0.000000 0.000000 0.735215 285.000000
 33.500000 0.729810 272.290090 0.000000 0.000000 0.000000 0.000000 0.729810 286.000000
 33.750000 0.734531 276.006421 0.000000 0.000000 0.000000 0.000000 0.734531 286.000000
 34.000000 0.737748 275.150867 0.000000 0.000000 0.000000 0.000000 0.737748 283.000000
 34.250000 0.733043 270.993796 0.000000 0.000000 0.000000 0.000000 0.733043 285.000000
 34.500000 0.742978 279.102092 0.000000 0.000000 0.000000 0.000000 0.742978 283.000000
 34.750000 0.741234 276.159739 0.000000 0.000000 0.000000 0.000000 0.741234 285.000000
 35.000000 0.735772 274.147253 0.000000 0.000000 0.000000 0.000000 0.735772 283.000000
 35.250000 0.735376 273.745938 0.000000 0.000000 0.000000 0.000000 0.735376 284.000000
 35.500000 0.732932 274.696905 0.000000 0.000000 0.000000 0.000000 0.732932 284.000000
 35.750000 0.731011 273.002512 0.000000 0.000000 0.000000 0.000000 0.731011 283.000000
 36.000000 0.737529 276.361238 0.000000 0.000000 0.000000 0.000000 0.737529 286.000000
 36.250000 0.731751 274.248865 0.000000 0.000000 0.000000 0.000000 0.731751 286.000000
 36.500000 0.726076 270.579226 0.000000 0.000000 0.000000 0.000000 0.726076 284.000000
 36.750000 0.724988 269.382811 0.000000 0.000000 0.000000 0.000000 0.724988 283.000000
 37.000000 0.724162 267.153975 0.000000 0.000000 0.000000 0.000000 0.724162 278.000000
 37.250000 0.732667 275.629560 0.000000 0.000000 0.000000 0.000000 0.732667 287.000000
 37.500000 0.730019 271.539180 0.000000 0.000000 0.000000 0.000000 0.730019 286.000000
 37.750000 0.728737 270.324341 0.000000 0.000000 0.000000 0.000000 0.728737 280.000000
 38.000000 0.731986 273.794468 0.000000 0.000000 0.000000 0.000000 0.731986 283.000000
 38.250000 0.729410 272.653723 0.000000 0.000000 0.000000 0.000000 0.729410 287.000000
 38.500000 0.737988 275.758373 0.000000 0.000000 0.000000 0.000000 0.737988 284.000000
 38.750000 0.742587 283.755970 0.000000 0.000000 0.000000 0.000000 0.742587 290.000000
 39.000000 0.734249 273.567639 0.000000 0.000000 0.000000 0.000000 0.734249 282.000000
 39.250000 0.743641 280.788732 0.000000 0.000000 0.000000 0.000000 0.743641 290.000000
 39.500000 0.742905 280.532364 0.000000 0.000000 0.000000 0.000000 0.742905 288.000000
 39.750000 0.739360 278.270711 0.000000 0.000000 0.000000 0.000000 0.739360 286.000000
 40.000000 0.743863 280.166728 0.000000 0.000000 0.000000 0.000000 0.743863 287.000000
 40.250000 0.733208 272.720931 0.000000 0.000000 0.000000 0.000000 0.733208 285.000000
 40.500000 0.738172 277.655637 0.000000 0.000000 0.000000 0.000000 0.738172 288.000000
 40.750000 0.733735 275.809627 0.000000 0.000000 0.000000 0.000000 0.733735 291.000000
 41.000000 0.735713 278.486067 0.000000 0.000000 0.000000 0.000000 0.735713 286.000000
 41.250000 0.737957 278.369500 0.000000 0.000000 0.000000 0.000000 0.737957 289.000000
 41.500000 0.736302 278.826085 0.000000 0.000000 0.000000 0.000000 0.736302 286.000000
 41.750000 0.739190 279.461409 0.000000 0.000000 0.000000 0.000000 0.739190 287.000000
 42.000000 0.736213 278.629799 0.000000 0.000000 0.000000 0.000000 0.736213 285.000000
 42.250000 0.735831 276.807133 0.000000 0.000000 0.000000 0.000000 0.735831 287.000000
 42.500000 0.737901 278.024866 0.000000 0.000000 0.000000 0.000000 0.737901 287.000000
 42.750000 0.745905 282.546410 0.000000 0.000000 0.000000 0.000000 0.745905 291.000000
 43.000000 0.747169 285.549512 0.000000 0.000000 0.000000 0.000000 0.747169 292.000000
 43.250000 0.728656 275.029131 0.000000 0.000000 0.000000 0.000000 0.728656 287.000000
 43.500000 0.738543 285.087368 0.000000 0.000000 0.000000 0.000000 0.738543 291.000000
 43.750000 0.737520 280.436431 0.000000 0.000000 0.000000 0.000000 0.737520 286.000000
 44.000000 0.736598 274.273949 0.000000 0.000000 0.000000 0.000000 0.736598 281.000000
 44.250000 0.747216 281.254447 0.000000 0.000000 0.000000 0.000000 0.747216 287.000000
 44.500000 0.743680 281.495094 0.000000 0.000000 0.000000 0.000000 0.743680 287.000000
 44.750000 0.746371 283.212846 0.000000 0.000000 0.000000 0.000000 0.746371 288.000000
 45.000000 0.742004 280.927206 0.000000 0.000000 0.000000 0.000000 0.742004 289.000000
 45.250000 0.741766 280.903246 0.000000 0.000000 0.000000 0.000000 0.741766 290.000000
 45.500000 0.745880 283.963150 0.000000 0.000000 0.000000 0.000000 0.745880 291.000000
 45.750000 0.746227 284.963526 0.000000 0.000000 0.000000 0.000000 0.746227 294.000000
 46.000000 0.747824 286.119009 0.000000 0.000000 0.000000 0.000000 0.747824 291.000000
 46.250000 0.747442 286.833682 0.000000 0.000000 0.000000 0.000000 0.747442 294.000000
 46.500000 0.746137 285.430251 0.000000 0.000000 0.000000 0.000000 0.746137 295.000000
 46.750000 0.746005 284.707991 0.000000 0.000000 0.000000 0.000000 0.746005 292.000000
 47.000000 0.750713 289.155108 1.334275 5.337099 0.000000 0.000000 0.750713 296.000000
 47.250000 0.751682 287.763645 0.000000 0.000000 0.000000 0.000000 0.751682 293.000000
 47.500000 0.747522 284.942737 0.000000 0.000000 0.000000 0.000000 0.747522 292.000000
 47.750000 0.749873 284.220319 0.000000 0.000000 0.000000 0.000000 0.749873 288.000000
 48.000000 0.751871 284.858130 0.000000 0.000000 0.000000 0.000000 0.751871 290.000000
 48.250000 0.745648 282.093970 0.000000 0.000000 0.000000 0.000000 0.745648 288.000000
 48.500000 0.748026 285.982364 0.000000 0.000000 0.000000 0.000000 0.748026 291.000000
 48.750000 0.745844 284.833243 0.000000 0.000000 0.000000 0.000000 0.745844 290.000000
 49.000000 0.742552 283.738833 0.000000 0.000000 0.000000 0.000000 0.742552 294.000000
 49.250000 0.747441 287.241407 0.000000 0.000000 0.000000 0.000000 0.747441 292.000000
 49.500000 0.748163 285.270111 0.000000 0.000000 0.000000 0.000000 0.748163 290.000000
 49.750000 0.743556 280.165179 0.000000 0.000000 0.000000 0.000000 0.743556 291.000000
 50.000000 0.751899 285.439634 0.000000 0.000000 0.000000 0.000000 0.751899 288.000000
 50.250000 0.748079 285.104951 0.000000 0.000000 0.000000 0.000000 0.748079 293.367632
 50.500000 0.748069 284.746967 0.000000 0.000000 0.000000 0.000000 0.748069 289.602042
 50.750000 0.750472 288.780423 0.609061 2.436242 0.000000 0.000000 0.750472 296.000000
 51.000000 0.747593 284.988362 0.000000 0.000000 0.000000 0.000000 0.747593 295.000000
 51.250000 0.745788 283.862017 0.000000 0.000000 0.000000 0.000000 0.745788 293.000000
 51.500000 0.745345 287.010316 0.000000 0.000000 0.000000 0.000000 0.745345 295.000000
 51.750000 0.743751 283.876890 0.000000 0.000000 0.000000 0.000000 0.743751 291.000000
 52.000000 0.744870 285.516436 0.000000 0.000000 0.000000 0.000000 0.744870 293.000000
 52.250000 0.746407 287.688708 0.000000 0.000000 0.000000 0.000000 0.746407 295.000000
 52.500000 0.747291 286.682888 0.000000 0.000000 0.000000 0.000000 0.747291 295.000000
 52.750000 0.747037 286.124599 0.000000 0.000000 0.000000 0.000000 0.747037 294.000000
 53.000000 0.745859 288.431747 0.186406 0.745622 0.000000 0.000000 0.745859 299.000000
 53.250000 0.743203 282.845259 0.000000 0.000000 0.000000 0.000000 0.743203 295.000000
 53.500000 0.747484 288.725779 0.526755 2.107020 0.000000 0.000000 0.747484 296.000000
 53.750000 0.747273 287.644790 0.000000 0.000000 0.000000 0.000000 0.747273 293.000000
 54.000000 0.740813 284.201048 0.000000 0.000000 0.000000 0.000000 0.740813 293.000000
 54.250000 0.740699 282.177522 0.000000 0.000000 0.000000 0.000000 0.740699 288.000000
 54.500000 0.739252 279.361761 0.000000 0.000000 0.000000 0.000000 0.739252 291.000000
 54.750000 0.745922 286.731174 0.000000 0.000000 0.000000 0.000000 0.745922 292.000000
 55.000000 0.748005 287.257452 0.000000 0.000000 0.000000 0.000000 0.748005 292.000000
 55.250000 0.741574 283.719599 0.000000 0.000000 0.000000 0.000000 0.741574 289.000000
 55.500000 0.743242 285.929763 0.000000 0.000000 0.000000 0.000000 0.743242 295.000000
 55.750000 0.746707 287.977774 0.000000 0.000000 0.000000 0.000000 0.746707 295.000000
 56.000000 0.749699 289.784844 3.185669 12.742678 0.000000 0.000000 0.749699 296.000000
 56.250000 0.745209 286.042022 0.000000 0.000000 0.000000 0.000000 0.745209 295.000000
 56.500000 0.742790 284.762892 0.000000 0.000000 0.000000 0.000000 0.742790 293.000000
 56.750000 0.744630 283.098994 0.000000 0.000000 0.000000 0.000000 0.744630 291.000000
 57.000000 0.745846 284.796107 0.000000 0.000000 0.000000 0.000000 0.745846 288.000000
 57.250000 0.747170 286.632100 0.000000 0.000000 0.000000 0.000000 0.747170 290.000000
 57.500000 0.742012 285.398252 0.000000 0.000000 0.000000 0.000000 0.742012 291.000000
 57.750000 0.739664 283.932233 0.000000 0.000000 0.000000 0.000000 0.739664 290.000000
 58.000000 0.741641 286.080816 0.000000 0.000000 0.000000 0.000000 0.741641 291.000000
 58.250000 0.739603 283.646160 0.000000 0.000000 0.000000 0.000000 0.739603 292.000000
 58.500000 0.738903 283.675152 0.000000 0.000000 0.000000 0.000000 0.738903 290.000000
 58.750000 0.740520 283.286710 0.000000 0.000000 0.000000 0.000000 0.740520 290.000000
 59.000000 0.738048 283.264479 0.000000 0.000000 0.000000 0.000000 0.738048 292.000000
 59.250000 0.736957 285.636617 0.000000 0.000000 0.000000 0.000000 0.736957 294.000000
 59.500000 0.736862 282.190574 0.000000 0.000000 0.000000 0.000000 0.736862 290.000000
 59.750000 0.741136 286.041664 0.000000 0.000000 0.000000 0.000000 0.741136 294.000000
 60.000000 0.743068 284.605886 0.000000 0.000000 0.000000 0.000000 0.743068 292.000000
 60.250000 0.746091 285.812778 0.000000 0.000000 0.000000 0.000000 0.746091 293.000000
 60.500000 0.743812 282.724191 0.000000 0.000000 0.000000 0.000000 0.743812 290.000000
 60.750000 0.742531 280.421309 0.000000 0.000000 0.000000 0.000000 0.742531 289.000000
 61.000000 0.745399 284.028225 0.000000 0.000000 0.000000 0.000000 0.745399 288.000000
 61.250000 0.745381 281.465825 0.000000 0.000000 0.000000 0.000000 0.745381 290.000000
 61.500000 0.748772 286.202946 0.000000 0.000000 0.000000 0.000000 0.748772 295.000000
 61.750000 0.746973 284.686268 0.000000 0.000000 0.000000 0.000000 0.746973 288.000000
 62.000000 0.744490 285.153071 0.000000 0.000000 0.000000 0.000000 0.744490 290.000000
 62.250000 0.742346 283.499281 0.000000 0.000000 0.000000 0.000000 0.742346 287.000000
 62.500000 0.744435 282.322340 0.000000 0.000000 0.000000 0.000000 0.744435 288.000000
 62.750000 0.747112 287.464601 0.000000 0.000000 0.000000 0.000000 0.747112 293.000000
 63.000000 0.746652 286.249050 0.000000 0.000000 0.000000 0.000000 0.746652 290.000000
 63.250000 0.737136 279.670608 0.000000 0.000000 0.000000 0.000000 0.737136 288.000000
 63.500000 0.737574 279.403872 0.000000 0.000000 0.000000 0.000000 0.737574 289.000000
 63.750000 0.743598 281.392605 0.000000 0.000000 0.000000 0.000000 0.743598 290.000000
 64.000000 0.739244 278.900052 0.000000 0.000000 0.000000 0.000000 0.739244 287.000000
 64.250000 0.747078 285.903149 0.000000 0.000000 0.000000 0.000000 0.747078 292.000000
 64.500000 0.742808 280.289679 0.000000 0.000000 0.000000 0.000000 0.742808 290.000000
 64.750000 0.741006 280.017426 0.000000 0.000000 0.000000 0.000000 0.741006 285.000000
 65.000000 0.739805 280.941630 0.000000 0.000000 0.000000 0.000000 0.739805 289.000000
 65.250000 0.736795 277.111242 0.000000 0.000000 0.000000 0.000000 0.736795 285.764684
 65.500000 0.740462 280.542041 0.000000 0.000000 0.000000 0.000000 0.740462 290.000000
 65.750000 0.731471 273.913520 0.000000 0.000000 0.000000 0.000000 0.731471 286.000000
 66.000000 0.734468 275.421144 0.000000 0.000000 0.000000 0.000000 0.734468 286.000000
 66.250000 0.740515 280.618791 0.000000 0.000000 0.000000 0.000000 0.740515 290.000000
 66.500000 0.741038 281.403462 0.000000 0.000000 0.000000 0.000000 0.741038 292.000000
 66.750000 0.747621 282.676055 0.000000 0.000000 0.000000 0.000000 0.747621 286.000000
 67.000000 0.744968 282.867345 0.000000 0.000000 0.000000 0.000000 0.744968 289.000000
 67.250000 0.735443 276.074832 0.000000 0.000000 0.000000 0.000000 0.735443 286.000000
 67.500000 0.734545 276.065836 0.000000 0.000000 0.000000 0.000000 0.734545 289.000000
 67.750000 0.742412 280.954696 0.000000 0.000000 0.000000 0.000000 0.742412 288.000000
 68.000000 0.748672 284.001834 0.000000 0.000000 0.000000 0.000000 0.748672 289.000000
 68.250000 0.746020 283.511327 0.000000 0.000000 0.000000 0.000000 0.746020 289.000000
 68.500000 0.745384 285.427842 0.000000 0.000000 0.000000 0.000000 0.745384 293.000000
 68.750000 0.741194 280.310986 0.000000 0.000000 0.000000 0.000000 0.741194 293.000000
 69.000000 0.745792 284.394593 0.000000 0.000000 0.000000 0.000000 0.745792 292.000000
 69.250000 0.750008 286.813360 0.000000 0.000000 0.000000 0.000000 0.750008 295.000000
 69.500000 0.748064 283.623924 0.000000 0.000000 0.000000 0.000000 0.748064 290.000000
 69.750000 0.746031 282.243537 0.000000 0.000000 0.000000 0.000000 0.746031 291.000000
 70.000000 0.748775 286.126729 0.000000 0.000000 0.000000 0.000000 0.748775 295.000000
 70.250000 0.751151 287.480262 0.000000 0.000000 0.000000 0.000000 0.751151 296.000000
 70.500000 0.747944 289.403992 1.971195 7.884779 0.000000 0.000000 0.747944 297.000000
 70.750000 0.749559 287.851316 0.000000 0.000000 0.000000 0.000000 0.749559 292.000000
 71.000000 0.747483 288.165297 0.027323 0.109292 0.000000 0.000000 0.747483 295.000000
 71.250000 0.750580 289.389829 1.931624 7.726495 0.000000 0.000000 0.750580 296.000000
 71.500000 0.749109 286.188398 0.000000 0.000000 0.000000 0.000000 0.749109 293.000000
 71.750000 0.754167 287.553991 0.000000 0.000000 0.000000 0.000000 0.754167 294.000000
 72.000000 0.753558 287.905725 0.000000 0.000000 0.000000 0.000000 0.753558 292.000000
 72.250000 0.752208 288.696297 0.484829 1.939316 0.000000 0.000000 0.752208 291.000000
 72.500000 0.742635 284.187983 0.000000 0.000000 0.000000 0.000000 0.742635 289.000000
 72.750000 0.743579 285.650586 0.000000 0.000000 0.000000 0.000000 0.743579 294.000000
 73.000000 0.743437 283.241343 0.000000 0.000000 0.000000 0.000000 0.743437 293.000000
 73.250000 0.743933 282.670472 0.000000 0.000000 0.000000 0.000000 0.743933 288.000000
 73.500000 0.741199 284.099641 0.000000 0.000000 0.000000 0.000000 0.741199 292.000000
 73.750000 0.740670 280.690587 0.000000 0.000000 0.000000 0.000000 0.740670 287.000000
 74.000000 0.745716 285.695146 0.000000 0.000000 0.000000 0.000000 0.745716 292.000000
 74.250000 0.742457 281.867157 0.000000 0.000000 0.000000 0.000000 0.742457 289.000000
 74.500000 0.751114 287.164882 0.000000 0.000000 0.000000 0.000000 0.751114 292.000000
 74.750000 0.743960 281.072572 0.000000 0.000000 0.000000 0.000000 0.743960 286.000000
 75.000000 0.737254 279.037279 0.000000 0.000000 0.000000 0.000000 0.737254 289.000000
 75.250000 0.743390 282.617996 0.000000 0.000000 0.000000 0.000000 0.743390 286.000000
 75.500000 0.745403 283.230909 0.000000 0.000000 0.000000 0.000000 0.745403 288.000000
 75.750000 0.734456 277.540985 0.000000 0.000000 0.000000 0.000000 0.734456 288.000000
 76.000000 0.739772 278.981322 0.000000 0.000000 0.000000 0.000000 0.739772 287.000000
 76.250000 0.736984 275.735632 0.000000 0.000000 0.000000 0.000000 0.736984 287.000000
 76.500000 0.734667 276.878213 0.000000 0.000000 0.000000 0.000000 0.734667 287.000000
 76.750000 0.730888 271.027762 0.000000 0.000000 0.000000 0.000000 0.730888 285.000000
 77.000000 0.731525 270.884267 0.000000 0.000000 0.000000 0.000000 0.731525 283.000000
 77.250000 0.736280 275.765771 0.000000 0.000000 0.000000 0.000000 0.736280 284.000000
 77.500000 0.738318 274.756086 0.000000 0.000000 0.000000 0.000000 0.738318 285.000000
 77.750000 0.732347 273.767936 0.000000 0.000000 0.000000 0.000000 0.732347 284.000000
 78.000000 0.736584 275.796135 0.000000 0.000000 0.000000 0.000000 0.736584 286.000000
 78.250000 0.737393 276.677659 0.000000 0.000000 0.000000 0.000000 0.737393 286.000000
 78.500000 0.732924 272.391739 0.000000 0.000000 0.000000 0.000000 0.732924 287.000000
 78.750000 0.731289 272.780891 0.000000 0.000000 0.000000 0.000000 0.731289 288.000000
 79.000000 0.737242 276.879013 0.000000 0.000000 0.000000 0.000000 0.737242 287.000000
 79.250000 0.741726 282.114751 0.000000 0.000000 0.000000 0.000000 0.741726 289.000000
 79.500000 0.731549 271.964505 0.000000 0.000000 0.000000 0.000000 0.731549 286.000000
 79.750000 0.734018 272.628991 0.000000 0.000000 0.000000 0.000000 0.734018 284.000000
 80.000000 0.739356 276.188239 0.000000 0.000000 0.000000 0.000000 0.739356 287.000000
 80.250000 0.733938 274.302585 0.000000 0.000000 0.000000 0.000000 0.733938 284.000000
 80.500000 0.744907 282.417543 0.000000 0.000000 0.000000 0.000000 0.744907 292.000000
 80.750000 0.734028 275.453146 0.000000 0.000000 0.000000 0.000000 0.734028 287.000000
 81.000000 0.732423 274.997305 0.000000 0.000000 0.000000 0.000000 0.732423 291.000000
 81.250000 0.739528 279.464642 0.000000 0.000000 0.000000 0.000000 0.739528 290.000000
 81.500000 0.743023 278.007670 0.000000 0.000000 0.000000 0.000000 0.743023 287.000000
 81.750000 0.741002 279.108160 0.000000 0.000000 0.000000 0.000000 0.741002 294.000000
 82.000000 0.736163 273.405480 0.000000 0.000000 0.000000 0.000000 0.736163 284.000000
 82.250000 0.738161 277.726518 0.000000 0.000000 0.000000 0.000000 0.738161 288.000000
 82.500000 0.740651 277.832103 0.000000 0.000000 0.000000 0.000000 0.740651 286.000000
 82.750000 0.740192 279.689252 0.000000 0.000000 0.000000 0.000000 0.740192 287.000000
 83.000000 0.742470 277.980859 0.000000 0.000000 0.000000 0.000000 0.742470 286.000000
 83.250000 0.739498 276.975982 0.000000 0.000000 0.000000 0.000000 0.739498 285.000000
 83.500000 0.737391 274.859322 0.000000 0.000000 0.000000 0.000000 0.737391 284.000000
 83.750000 0.736555 274.399837 0.000000 0.000000 0.000000 0.000000 0.736555 286.000000
 84.000000 0.734029 276.551889 0.000000 0.000000 0.000000 0.000000 0.734029 286.262115
 84.250000 0.735665 275.639148 0.000000 0.000000 0.000000 0.000000 0.735665 289.000000
 84.500000 0.735150 276.866978 0.000000 0.000000 0.000000 0.000000 0.735150 291.000000
 84.750000 0.738575 278.282377 0.000000 0.000000 0.000000 0.000000 0.738575 287.000000
 85.000000 0.737093 277.204142 0.000000 0.000000 0.000000 0.000000 0.737093 290.000000
 85.250000 0.736343 275.868216 0.000000 0.000000 0.000000 0.000000 0.736343 284.000000
 85.500000 0.736705 273.486131 0.000000 0.000000 0.000000 0.000000 0.736705 284.000000
 85.750000 0.738070 274.085867 0.000000 0.000000 0.000000 0.000000 0.738070 287.000000
 86.000000 0.731498 273.172127 0.000000 0.000000 0.000000 0.000000 0.731498 287.000000
 86.250000 0.732696 274.109086 0.000000 0.000000 0.000000 0.000000 0.732696 286.000000
 86.500000 0.738580 277.644502 0.000000 0.000000 0.000000 0.000000 0.738580 284.000000
 86.750000 0.733881 274.144972 0.000000 0.000000 0.000000 0.000000 0.733881 287.000000
 87.000000 0.733813 271.771008 0.000000 0.000000 0.000000 0.000000 0.733813 284.000000
 87.250000 0.739025 273.578188 0.000000 0.000000 0.000000 0.000000 0.739025 282.000000
 87.500000 0.731700 266.037285 0.000000 0.000000 0.000000 0.000000 0.731700 278.000000
 87.750000 0.741645 275.698962 0.000000 0.000000 0.000000 0.000000 0.741645 283.000000
 88.000000 0.730138 269.294035 0.000000 0.000000 0.000000 0.000000 0.730138 286.000000
 88.250000 0.737772 280.419918 0.000000 0.000000 0.000000 0.000000 0.737772 290.000000
 88.500000 0.735404 276.346944 0.000000 0.000000 0.000000 0.000000 0.735404 290.000000
 88.750000 0.733562 277.207583 0.000000 0.000000 0.000000 0.000000 0.733562 285.000000
 89.000000 0.723413 265.246409 0.000000 0.000000 0.000000 0.000000 0.723413 280.000000
 89.250000 0.729760 270.079306 0.000000 0.000000 0.000000 0.000000 0.729760 284.000000
 89.500000 0.728773 269.891822 0.000000 0.000000 0.000000 0.000000 0.728773 287.000000
 89.750000 0.734916 275.721927 0.000000 0.000000 0.000000 0.000000 0.734916 285.000000
 90.000000 0.737673 278.435702 0.000000 0.000000 0.000000 0.000000 0.737673 291.000000
 90.250000 0.742532 279.905462 0.000000 0.000000 0.000000 0.000000 0.742532 287.000000
 90.500000 0.738418 276.265084 0.000000 0.000000 0.000000 0.000000 0.738418 284.000000
 90.750000 0.731759 270.036119 0.000000 0.000000 0.000000 0.000000 0.731759 279.000000
 91.000000 0.737683 277.205376 0.000000 0.000000 0.000000 0.000000 0.737683 286.000000
 91.250000 0.737841 277.871220 0.000000 0.000000 0.000000 0.000000 0.737841 286.000000
 91.500000 0.731090 271.846455 0.000000 0.000000 0.000000 0.000000 0.731090 282.000000
 91.750000 0.740319 278.947732 0.000000 0.000000 0.000000 0.000000 0.740319 285.000000
 92.000000 0.729912 269.042236 0.000000 0.000000 0.000000 0.000000 0.729912 284.000000
 92.250000 0.729091 272.254988 0.000000 0.000000 0.000000 0.000000 0.729091 285.000000
 92.500000 0.730688 273.017823 0.000000 0.000000 0.000000 0.000000 0.730688 285.000000
 92.750000 0.732309 272.766995 0.000000 0.000000 0.000000 0.000000 0.732309 282.000000
 93.000000 0.733405 273.865247 0.000000 0.000000 0.000000 0.000000 0.733405 288.000000
 93.250000 0.735933 275.070074 0.000000 0.000000 0.000000 0.000000 0.735933 282.000000
 93.500000 0.736745 278.402216 0.000000 0.000000 0.000000 0.000000 0.736745 285.000000
 93.750000 0.739632 276.804845 0.000000 0.000000 0.000000 0.000000 0.739632 283.000000
 94.000000 0.732241 277.067222 0.000000 0.000000 0.000000 0.000000 0.732241 288.000000
 94.250000 0.725021 272.053427 0.000000 0.000000 0.000000 0.000000 0.725021 287.000000
 94.500000 0.735158 279.856266 0.000000 0.000000 0.000000 0.000000 0.735158 289.000000
 94.750000 0.735735 273.919336 0.000000 0.000000 0.000000 0.000000 0.735735 284.000000
 95.000000 0.735989 273.677323 0.000000 0.000000 0.000000 0.000000 0.735989 285.000000
 95.250000 0.739026 281.601959 0.000000 0.000000 0.000000 0.000000 0.739026 288.000000
 95.500000 0.740926 281.031699 0.000000 0.000000 0.000000 0.000000 0.740926 286.000000
 95.750000 0.742166 279.948700 0.000000 0.000000 0.000000 0.000000 0.742166 289.000000
 96.000000 0.738344 278.098472 0.000000 0.000000 0.000000 0.000000 0.738344 283.000000
 96.250000 0.730602 274.387811 0.000000 0.000000 0.000000 0.000000 0.730602 284.000000
 96.500000 0.729761 273.487817 0.000000 0.000000 0.000000 0.000000 0.729761 284.000000
 96.750000 0.738034 277.966053 0.000000 0.000000 0.000000 0.000000 0.738034 284.000000
 97.000000 0.739431 276.235888 0.000000 0.000000 0.000000 0.000000 0.739431 284.000000
 97.250000 0.729774 272.536429 0.000000 0.000000 0.000000 0.000000 0.729774 286.000000
 97.500000 0.739624 280.765304 0.000000 0.000000 0.000000 0.000000 0.739624 289.000000
 97.750000 0.747105 287.144441 0.000000 0.000000 0.000000 0.000000 0.747105 295.000000
 98.000000 0.741519 282.954064 0.000000 0.000000 0.000000 0.000000 0.741519 290.225287
 98.250000 0.741846 284.342494 0.000000 0.000000 0.000000 0.000000 0.741846 289.000000
 98.500000 0.745700 285.664194 0.000000 0.000000 0.000000 0.000000 0.745700 295.000000
 98.750000 0.740474 282.242572 0.000000 0.000000 0.000000 0.000000 0.740474 293.000000
 99.000000 0.742961 284.249182 0.000000 0.000000 0.000000 0.000000 0.742961 296.000000
 99.250000 0.740175 281.409493 0.000000 0.000000 0.000000 0.000000 0.740175 292.000000
 99.500000 0.735670 276.351739 0.000000 0.000000 0.000000 0.000000 0.735670 289.000000
 99.750000 0.736640 278.513937 0.000000 0.000000 0.000000 0.000000 0.736640 290.596762
 100.000000 0.744837 285.651234 0.000000 0.000000 0.000000 0.000000 0.744837 293.000000
 100.250000 0.739948 279.916279 0.000000 0.000000 0.000000 0.000000 0.739948 292.000000
