#! FIELDS time refcv.mean refcv.morethan uwall.bias uwall.force2 lwall.bias lwall.force2 refcv2.mean refcv2.morethan
 1.000000 0.870592 371.850223 0.000000 0.000000 0.000000 0.000000 0.917200 400.000000
 1.250000 0.867822 373.485416 0.000000 0.000000 0.000000 0.000000 0.915006 415.000000
 1.500000 0.864500 374.563003 0.000000 0.000000 0.000000 0.000000 0.910720 414.000000
 1.750000 0.856152 359.985233 0.000000 0.000000 0.000000 0.000000 0.903122 400.000000
 2.000000 0.858078 365.384955 0.000000 0.000000 0.000000 0.000000 0.905170 402.000000
 2.250000 0.860218 367.833510 0.000000 0.000000 0.000000 0.000000 0.907134 398.000000
 2.500000 0.859262 364.255278 0.000000 0.000000 0.000000 0.000000 0.906188 404.000000
 2.750000 0.853013 356.289102 0.000000 0.000000 0.000000 0.000000 0.900316 397.000000
 3.000000 0.859361 364.996818 0.000000 0.000000 0.000000 0.000000 0.906640 398.000000
 3.250000 0.859537 363.028823 0.000000 0.000000 0.000000 0.000000 0.907049 399.000000
 3.500000 0.859022 365.605760 0.000000 0.000000 0.000000 0.000000 0.905705 405.000000
 3.750000 0.853115 358.432598 0.000000 0.000000 0.000000 0.000000 0.900525 402.000000
 4.000000 0.864955 371.201178 0.000000 0.000000 0.000000 0.000000 0.911791 406.000000
 4.250000 0.860960 364.716989 0.000000 0.000000 0.000000 0.000000 0.908497 393.000000
 4.500000 0.862475 368.683064 0.000000 0.000000 0.000000 0.000000 0.908930 400.000000
 4.750000 0.859086 363.219765 0.000000 0.000000 0.000000 0.000000 0.906122 405.000000
 5.000000 0.866772 374.044928 0.000000 0.000000 0.000000 0.000000 0.913633 405.000000
 5.250000 0.857119 361.323065 0.000000 0.000000 0.000000 0.000000 0.903719 392.000000
 5.500000 0.854493 357.817618 0.000000 0.000000 0.000000 0.000000 0.901425 388.000000
 5.750000 0.861012 363.318276 0.000000 0.000000 0.000000 0.000000 0.907996 395.000000
 6.000000 0.858127 364.976309 0.000000 0.000000 0.000000 0.000000 0.905045 396.000000
 6.250000 0.860099 362.852714 0.000000 0.000000 0.000000 0.000000 0.906678 393.000000
 6.500000 0.857480 362.518588 0.000000 0.000000 0.000000 0.000000 0.904162 400.000000
 6.750000 0.859148 364.898772 0.000000 0.000000 0.000000 0.000000 0.906034 400.000000
 7.000000 0.860364 361.002581 0.000000 0.000000 0.000000 0.000000 0.907716 394.000000
 7.250000 0.858961 359.290056 0.000000 0.000000 0.000000 0.000000 0.905936 400.000000
 7.500000 0.862051 369.066102 0.000000 0.000000 0.000000 0.000000 0.908566 404.000000
 7.750000 0.859558 359.055433 0.000000 0.000000 0.000000 0.000000 0.906896 387.000000
 8.000000 0.866966 370.899571 0.000000 0.000000 0.000000 0.000000 0.913851 405.000000
 8.250000 0.856747 355.536019 0.000000 0.000000 0.000000 0.000000 0.904162 391.000000
 8.500000 0.858824 364.295508 0.000000 0.000000 0.000000 0.000000 0.905478 397.000000
 8.750000 0.859704 365.104194 0.000000 0.000000 0.000000 0.000000 0.906328 399.000000
 9.000000 0.859363 361.048739 0.000000 0.000000 0.000000 0.000000 0.906414 400.000000
 9.250000 0.859380 361.531064 0.000000 0.000000 0.000000 0.000000 0.906758 396.000000
 9.500000 0.862530 366.925542 0.000000 0.000000 0.000000 0.000000 0.908743 396.000000
 9.750000 0.855867 353.866502 0.000000 0.000000 0.000000 0.000000 0.902734 383.000000
 10.000000 0.859525 359.588529 0.000000 0.000000 0.000000 0.000000 0.906190 396.000000
 10.250000 0.859100 358.002446 0.000000 0.000000 0.000000 0.000000 0.905914 395.000000
 10.500000 0.853011 349.861729 0.000000 0.000000 0.000000 0.000000 0.900191 383.000000
 10.750000 0.858326 357.879910 0.000000 0.000000 0.000000 0.000000 0.904797 393.000000
 11.000000 0.850908 349.070153 0.000000 0.000000 0.000000 0.000000 0.898206 377.000000
 11.250000 0.861571 359.798516 0.000000 0.000000 0.000000 0.000000 0.908047 396.000000
 11.500000 0.851190 351.397218 0.000000 0.000000 0.000000 0.000000 0.898425 380.000000
 11.750000 0.849878 345.884657 0.000000 0.000000 0.000000 0.000000 0.897119 380.000000
 12.000000 0.853884 352.292753 0.000000 0.000000 0.000000 0.000000 0.901027 392.000000
 12.250000 0.855756 358.807335 0.000000 0.000000 0.000000 0.000000 0.902849 388.000000
 12.500000 0.857854 364.414957 0.000000 0.000000 0.000000 0.000000 0.904421 391.000000
 12.750000 0.856865 359.983300 0.000000 0.000000 0.000000 0.000000 0.903634 394.000000
 13.000000 0.866315 370.204471 0.000000 0.000000 0.000000 0.000000 0.912983 402.000000
 13.250000 0.857954 363.734190 0.000000 0.000000 0.000000 0.000000 0.905227 398.000000
 13.500000 0.857460 362.003108 0.000000 0.000000 0.000000 0.000000 0.903594 394.000000
 13.750000 0.853239 359.048122 0.000000 0.000000 0.000000 0.000000 0.899746 401.000000
 14.000000 0.860755 367.586611 0.000000 0.000000 0.000000 0.000000 0.907782 404.000000
 14.250000 0.857866 361.852478 0.000000 0.000000 0.000000 0.000000 0.905463 401.000000
 14.500000 0.863575 372.078348 0.000000 0.000000 0.000000 0.000000 0.909660 412.000000
 14.750000 0.854341 357.388730 0.000000 0.000000 0.000000 0.000000 0.901335 397.000000
 15.000000 0.862320 369.048425 0.000000 0.000000 0.000000 0.000000 0.909407 402.000000
 15.250000 0.861860 371.538857 0.000000 0.000000 0.000000 0.000000 0.908690 408.000000
 15.500000 0.857309 360.331981 0.000000 0.000000 0.000000 0.000000 0.903972 397.000000
 15.750000 0.858662 362.910869 0.000000 0.000000 0.000000 0.000000 0.905098 399.000000
 16.000000 0.859919 365.828957 0.000000 0.000000 0.000000 0.000000 0.907207 401.000000
 16.250000 0.863808 367.078973 0.000000 0.000000 0.000000 0.000000 0.910598 402.000000
 16.500000 0.858398 365.335387 0.000000 0.000000 0.000000 0.000000 0.905475 403.000000
 16.750000 0.862786 366.252578 0.000000 0.000000 0.000000 0.000000 0.909068 406.000000
 17.000000 0.865938 377.060925 0.000000 0.000000 0.000000 0.000000 0.912867 413.000000
 17.250000 0.868208 380.789837 0.000000 0.000000 0.000000 0.000000 0.915104 414.000000
 17.500000 0.863300 371.924706 0.000000 0.000000 0.000000 0.000000 0.909614 415.000000
 17.750000 0.861815 374.035342 0.000000 0.000000 0.000000 0.000000 0.907854 425.000000
 18.000000 0.864716 381.257675 0.000000 0.000000 0.000000 0.000000 0.911449 417.000000
 18.250000 0.867407 382.969427 0.000000 0.000000 0.000000 0.000000 0.913978 424.000000
 18.500000 0.873014 391.091878 0.000000 0.000000 0.000000 0.000000 0.918650 428.000000
 18.750000 0.871491 386.107022 0.000000 0.000000 0.000000 0.000000 0.918043 423.000000
 19.000000 0.868832 383.873719 0.000000 0.000000 0.000000 0.000000 0.915725 424.000000
 19.250000 0.870683 382.789145 0.000000 0.000000 0.000000 0.000000 0.916984 420.000000
 19.500000 0.863531 378.065721 0.000000 0.000000 0.000000 0.000000 0.910010 417.000000
 19.750000 0.872413 386.690593 0.000000 0.000000 0.000000 0.000000 0.918443 425.000000
 20.000000 0.871038 380.869471 0.000000 0.000000 0.000000 0.000000 0.917550 414.000000
 20.250000 0.863710 367.617717 0.000000 0.000000 0.000000 0.000000 0.910922 405.000000
 20.500000 0.867901 376.096126 0.000000 0.000000 0.000000 0.000000 0.914771 417.000000
 20.750000 0.868543 380.914588 0.000000 0.000000 0.000000 0.000000 0.914550 416.000000
 21.000000 0.863415 373.438017 0.000000 0.000000 0.000000 0.000000 0.909957 414.000000
 21.250000 0.868045 377.692993 0.000000 0.000000 0.000000 0.000000 0.914822 420.000000
 21.500000 0.871115 386.465000 0.000000 0.000000 0.000000 0.000000 0.917562 433.000000
 21.750000 0.865122 373.711484 0.000000 0.000000 0.000000 0.000000 0.911307 415.000000
 22.000000 0.870871 380.138798 0.000000 0.000000 0.000000 0.000000 0.916512 417.000000
 22.250000 0.864790 379.168298 0.000000 0.000000 0.000000 0.000000 0.911836 420.000000
 22.500000 0.870384 385.194753 0.000000 0.000000 0.000000 0.000000 0.916982 424.000000
 22.750000 0.865594 377.460832 0.000000 0.000000 0.000000 0.000000 0.911651 417.000000
 23.000000 0.865344 385.434473 0.000000 0.000000 0.000000 0.000000 0.910785 424.000000
 23.250000 0.868073 382.894071 0.000000 0.000000 0.000000 0.000000 0.914496 420.000000
 23.500000 0.869322 381.263013 0.000000 0.000000 0.000000 0.000000 0.916187 423.000000
 23.750000 0.860673 370.976052 0.000000 0.000000 0.000000 0.000000 0.907431 409.000000
 24.000000 0.859823 366.927592 0.000000 0.000000 0.000000 0.000000 0.906406 409.000000
 24.250000 0.862738 373.649955 0.000000 0.000000 0.000000 0.000000 0.909955 419.000000
 24.500000 0.869195 380.399618 0.000000 0.000000 0.000000 0.000000 0.915796 418.000000
 24.750000 0.862258 373.365431 0.000000 0.000000 0.000000 0.000000 0.908748 413.000000
 25.000000 0.859535 370.713865 0.000000 0.000000 0.000000 0.000000 0.906148 409.000000
 25.250000 0.859842 369.018511 0.000000 0.000000 0.000000 0.000000 0.906543 416.000000
 25.500000 0.863679 371.921086 0.000000 0.000000 0.000000 0.000000 0.910669 410.000000
 25.750000 0.863552 370.303772 0.000000 0.000000 0.000000 0.000000 0.910709 411.000000
 26.000000 0.864013 370.872574 0.000000 0.000000 0.000000 0.000000 0.910872 406.000000
 26.250000 0.866008 374.078777 0.000000 0.000000 0.000000 0.000000 0.912759 414.000000
 26.500000 0.864383 370.581014 0.000000 0.000000 0.000000 0.000000 0.911097 414.000000
 26.750000 0.864231 370.988660 0.000000 0.000000 0.000000 0.000000 0.910546 405.000000
 27.000000 0.858992 359.567981 0.000000 0.000000 0.000000 0.000000 0.905845 398.000000
 27.250000 0.857500 357.131298 0.000000 0.000000 0.000000 0.000000 0.904854 393.000000
 27.500000 0.863856 366.297297 0.000000 0.000000 0.000000 0.000000 0.911244 401.000000
 27.750000 0.864288 370.155532 0.000000 0.000000 0.000000 0.000000 0.911412 406.000000
 28.000000 0.859368 361.969302 0.000000 0.000000 0.000000 0.000000 0.906416 403.000000
 28.250000 0.861923 366.805403 0.000000 0.000000 0.000000 0.000000 0.908960 408.000000
 28.500000 0.864011 364.644922 0.000000 0.000000 0.000000 0.000000 0.911537 401.000000
 28.750000 0.857715 359.439848 0.000000 0.000000 0.000000 0.000000 0.905394 398.000000
 29.000000 0.861580 362.954449 0.000000 0.000000 0.000000 0.000000 0.908464 393.000000
 29.250000 0.862774 366.277892 0.000000 0.000000 0.000000 0.000000 0.910326 414.000000
 29.500000 0.867773 370.055906 0.000000 0.000000 0.000000 0.000000 0.914917 403.000000
 29.750000 0.860369 363.051355 0.000000 0.000000 0.000000 0.000000 0.907284 395.000000
 30.000000 0.858984 359.326069 0.000000 0.000000 0.000000 0.000000 0.906242 391.000000
 30.250000 0.860589 364.687943 0.000000 0.000000 0.000000 0.000000 0.908292 404.000000
 30.500000 0.854664 353.315059 0.000000 0.000000 0.000000 0.000000 0.902334 397.000000
 30.750000 0.860556 359.324226 0.000000 0.000000 0.000000 0.000000 0.907905 393.000000
 31.000000 0.861759 360.841592 0.000000 0.000000 0.000000 0.000000 0.909322 394.000000
 31.250000 0.858958 357.539967 0.000000 0.000000 0.000000 0.000000 0.906541 390.000000
 31.500000 0.862550 364.238536 0.000000 0.000000 0.000000 0.000000 0.909717 394.000000
 31.750000 0.854435 356.151316 0.000000 0.000000 0.000000 0.000000 0.901891 395.000000
 32.000000 0.856355 355.642394 0.000000 0.000000 0.000000 0.000000 0.903845 393.000000
 32.250000 0.862524 366.400107 0.000000 0.000000 0.000000 0.000000 0.909901 405.000000
 32.500000 0.861737 361.616582 0.000000 0.000000 0.000000 0.000000 0.908298 393.000000
 32.750000 0.860767 363.243613 0.000000 0.000000 0.000000 0.000000 0.907451 394.000000
 33.000000 0.861810 367.802923 0.000000 0.000000 0.000000 0.000000 0.909036 405.000000
 33.250000 0.860058 362.812555 0.000000 0.000000 0.000000 0.000000 0.907605 399.000000
 33.500000 0.856897 358.523985 0.000000 0.000000 0.000000 0.000000 0.904220 387.000000
 33.750000 0.857939 363.240259 0.000000 0.000000 0.000000 0.000000 0.904997 400.000000
 34.000000 0.858483 359.383930 0.000000 0.000000 0.000000 0.000000 0.906122 395.000000
 34.250000 0.863547 363.669718 0.000000 0.000000 0.000000 0.000000 0.911173 401.000000
 34.500000 0.861721 362.246503 0.000000 0.000000 0.000000 0.000000 0.908879 395.000000
 34.750000 0.857696 359.129454 0.000000 0.000000 0.000000 0.000000 0.904871 387.000000
 35.000000 0.859464 360.331223 0.000000 0.000000 0.000000 0.000000 0.907027 394.000000
 35.250000 0.857628 359.418962 0.000000 0.000000 0.000000 0.000000 0.905248 395.000000
 35.500000 0.856772 363.000875 0.000000 0.000000 0.000000 0.000000 0.903543 396.000000
 35.750000 0.866162 370.140431 0.000000 0.000000 0.000000 0.000000 0.912860 402.000000
 36.000000 0.864859 368.782682 0.000000 0.000000 0.000000 0.000000 0.912414 402.000000
 36.250000 0.860357 363.377509 0.000000 0.000000 0.000000 0.000000 0.907583 397.000000
 36.500000 0.857904 361.959415 0.000000 0.000000 0.000000 0.000000 0.904959 400.000000
 36.750000 0.864174 365.741841 0.000000 0.000000 0.000000 0.000000 0.911537 407.000000
 37.000000 0.866889 375.554961 0.000000 0.000000 0.000000 0.000000 0.914343 410.000000
 37.250000 0.862319 366.431532 0.000000 0.000000 0.000000 0.000000 0.909276 402.000000
 37.500000 0.859409 365.090208 0.000000 0.000000 0.000000 0.000000 0.906462 402.000000
 37.750000 0.863281 371.929492 0.000000 0.000000 0.000000 0.000000 0.910170 413.000000
 38.000000 0.862674 366.043329 0.000000 0.000000 0.000000 0.000000 0.909473 396.000000
 38.250000 0.866741 375.495681 0.000000 0.000000 0.000000 0.000000 0.913175 408.000000
 38.500000 0.862297 366.714851 0.000000 0.000000 0.000000 0.000000 0.909357 401.000000
 38.750000 0.859759 358.923732 0.000000 0.000000 0.000000 0.000000 0.907199 398.000000
 39.000000 0.863693 364.305674 0.000000 0.000000 0.000000 0.000000 0.910595 401.000000
 39.250000 0.861742 363.762788 0.000000 0.000000 0.000000 0.000000 0.908887 401.000000
 39.500000 0.855681 354.969838 0.000000 0.000000 0.000000 0.000000 0.902910 390.000000
 39.750000 0.862650 366.951822 0.000000 0.000000 0.000000 0.000000 0.909761 403.000000
 40.000000 0.862333 365.512246 0.000000 0.000000 0.000000 0.000000 0.909575 405.000000
 40.250000 0.861340 371.466093 0.000000 0.000000 0.000000 0.000000 0.908175 407.000000
 40.500000 0.858916 367.312165 0.000000 0.000000 0.000000 0.000000 0.906128 408.000000
 40.750000 0.858359 363.279646 0.000000 0.000000 0.000000 0.000000 0.906525 402.000000
 41.000000 0.863503 363.701752 0.000000 0.000000 0.000000 0.000000 0.911391 399.000000
 41.250000 0.866168 378.860932 0.000000 0.000000 0.000000 0.000000 0.912710 417.000000
 41.500000 0.861488 366.347255 0.000000 0.000000 0.000000 0.000000 0.907753 401.000000
 41.750000 0.863575 372.132053 0.000000 0.000000 0.000000 0.000000 0.910809 410.000000
 42.000000 0.861166 363.886862 0.000000 0.000000 0.000000 0.000000 0.908795 399.000000
 42.250000 0.858149 359.808195 0.000000 0.000000 0.000000 0.000000 0.905473 408.000000
 42.500000 0.858869 363.272509 0.000000 0.000000 0.000000 0.000000 0.906123 403.000000
 42.750000 0.861948 368.468713 0.000000 0.000000 0.000000 0.000000 0.909250 402.000000
 43.000000 0.859854 363.738869 0.000000 0.000000 0.000000 0.000000 0.906919 397.000000
 43.250000 0.854793 363.255777 0.000000 0.000000 0.000000 0.000000 0.901823 405.000000
 43.500000 0.862454 374.206477 0.000000 0.000000 0.000000 0.000000 0.909046 408.000000
 43.750000 0.868127 378.250544 0.000000 0.000000 0.000000 0.000000 0.914793 416.000000
 44.000000 0.860580 368.347535 0.000000 0.000000 0.000000 0.000000 0.906878 400.000000
 44.250000 0.860607 367.107841 0.000000 0.000000 0.000000 0.000000 0.906340 396.000000
 44.500000 0.860264 367.208463 0.000000 0.000000 0.000000 0.000000 0.907090 404.000000
 44.750000 0.861447 369.719495 0.000000 0.000000 0.000000 0.000000 0.908798 412.000000
 45.000000 0.858312 364.956251 0.000000 0.000000 0.000000 0.000000 0.905021 403.000000
 45.250000 0.854405 362.753125 0.000000 0.000000 0.000000 0.000000 0.901453 413.000000
 45.500000 0.857127 362.666594 0.000000 0.000000 0.000000 0.000000 0.904345 404.000000
 45.750000 0.861184 363.854175 0.000000 0.000000 0.000000 0.000000 0.908278 398.000000
 46.000000 0.863730 374.720306 0.000000 0.000000 0.000000 0.000000 0.909948 408.000000
 46.250000 0.860718 368.442186 0.000000 0.000000 0.000000 0.000000 0.906753 404.000000
 46.500000 0.856437 362.209777 0.000000 0.000000 0.000000 0.000000 0.903790 406.000000
 46.750000 0.862282 367.637853 0.000000 0.000000 0.000000 0.000000 0.909518 405.000000
 47.000000 0.861669 371.194083 0.000000 0.000000 0.000000 0.000000 0.907665 402.000000
 47.250000 0.859961 370.580982 0.000000 0.000000 0.000000 0.000000 0.905870 406.000000
 47.500000 0.865467 374.427046 0.000000 0.000000 0.000000 0.000000 0.912439 410.000000
 47.750000 0.861430 372.550139 0.000000 0.000000 0.000000 0.000000 0.908672 414.000000
 48.000000 0.864545 368.320303 0.000000 0.000000 0.000000 0.000000 0.911071 400.000000
 48.250000 0.865263 375.907229 0.000000 0.000000 0.000000 0.000000 0.911156 411.000000
 48.500000 0.866159 376.934632 0.000000 0.000000 0.000000 0.000000 0.912347 413.000000
 48.750000 0.863631 368.310849 0.000000 0.000000 0.000000 0.000000 0.910687 405.000000
 49.000000 0.864873 371.015667 0.000000 0.000000 0.000000 0.000000 0.911735 408.000000
 49.250000 0.862458 368.457925 0.000000 0.000000 0.000000 0.000000 0.908919 405.000000
 49.500000 0.859175 366.270032 0.000000 0.000000 0.000000 0.000000 0.906360 398.000000
 49.750000 0.862627 369.885388 0.000000 0.000000 0.000000 0.000000 0.909243 407.000000
 50.000000 0.863912 369.878673 0.000000 0.000000 0.000000 0.000000 0.910102 400.000000
 50.250000 0.861155 365.900053 0.000000 0.000000 0.000000 0.000000 0.908085 400.000000
 50.500000 0.862798 365.426946 0.000000 0.000000 0.000000 0.000000 0.909518 405.000000
 50.750000 0.854472 355.378844 0.000000 0.000000 0.000000 0.000000 0.901285 385.000000
 51.000000 0.859083 368.403345 0.000000 0.000000 0.000000 0.000000 0.905501 400.000000
 51.250000 0.860967 363.277409 0.000000 0.000000 0.000000 0.000000 0.908020 400.000000
 51.500000 0.865428 375.374236 0.000000 0.000000 0.000000 0.000000 0.911779 409.000000
 51.750000 0.861519 370.351023 0.000000 0.000000 0.000000 0.000000 0.908267 406.000000
 52.000000 0.862806 366.588351 0.000000 0.000000 0.000000 0.000000 0.909601 400.000000
 52.250000 0.867488 372.763158 0.000000 0.000000 0.000000 0.000000 0.914172 407.000000
 52.500000 0.865092 373.389066 0.000000 0.000000 0.000000 0.000000 0.911519 407.000000
 52.750000 0.866712 377.988933 0.000000 0.000000 0.000000 0.000000 0.912281 409.000000
 53.000000 0.866042 373.986382 0.000000 0.000000 0.000000 0.000000 0.912641 410.000000
 53.250000 0.874664 385.759093 0.000000 0.000000 0.000000 0.000000 0.921267 423.000000
 53.500000 0.867274 373.670282 0.000000 0.000000 0.000000 0.000000 0.913868 408.000000
 53.750000 0.859028 365.321992 0.000000 0.000000 0.000000 0.000000 0.905688 404.000000
 54.000000 0.862833 371.128565 0.000000 0.000000 0.000000 0.000000 0.909721 409.000000
 54.250000 0.866101 373.630543 0.000000 0.000000 0.000000 0.000000 0.912936 415.000000
 54.500000 0.862709 368.724475 0.000000 0.000000 0.000000 0.000000 0.909594 405.000000
 54.750000 0.859995 365.794845 0.000000 0.000000 0.000000 0.000000 0.906907 410.000000
 55.000000 0.858246 358.323139 0.000000 0.000000 0.000000 0.000000 0.905650 398.000000
 55.250000 0.862757 369.484371 0.000000 0.000000 0.000000 0.000000 0.909800 410.000000
 55.500000 0.857195 362.275246 0.000000 0.000000 0.000000 0.000000 0.904631 413.000000
 55.750000 0.868009 372.232634 0.000000 0.000000 0.000000 0.000000 0.915012 418.000000
 56.000000 0.869152 374.626810 0.000000 0.000000 0.000000 0.000000 0.915857 406.000000
 56.250000 0.861734 365.116616 0.000000 0.000000 0.000000 0.000000 0.908330 398.000000
 56.500000 0.857185 358.946806 0.000000 0.000000 0.000000 0.000000 0.904480 401.000000
 56.750000 0.864281 369.865589 0.000000 0.000000 0.000000 0.000000 0.911422 411.000000
 57.000000 0.863617 368.978295 0.000000 0.000000 0.000000 0.000000 0.911480 411.000000
 57.250000 0.863927 368.237769 0.000000 0.000000 0.000000 0.000000 0.910611 406.000000
 57.500000 0.865677 371.953024 0.000000 0.000000 0.000000 0.000000 0.911834 403.000000
 57.750000 0.869242 380.839698 0.000000 0.000000 0.000000 0.000000 0.915871 413.000000
 58.000000 0.867634 375.125411 0.000000 0.000000 0.000000 0.000000 0.914510 415.000000
 58.250000 0.867389 377.920496 0.000000 0.000000 0.000000 0.000000 0.913853 416.000000
 58.500000 0.869822 374.456785 0.000000 0.000000 0.000000 0.000000 0.915734 410.000000
 58.750000 0.865046 370.652297 0.000000 0.000000 0.000000 0.000000 0.911909 405.000000
 59.000000 0.866323 369.757950 0.000000 0.000000 0.000000 0.000000 0.913365 404.000000
 59.250000 0.871726 382.080587 0.000000 0.000000 0.000000 0.000000 0.918708 426.000000
 59.500000 0.857371 366.202270 0.000000 0.000000 0.000000 0.000000 0.904364 402.000000
 59.750000 0.859080 367.179189 0.000000 0.000000 0.000000 0.000000 0.905176 404.000000
 60.000000 0.864301 374.491488 0.000000 0.000000 0.000000 0.000000 0.911642 416.000000
 60.250000 0.869828 377.077136 0.000000 0.000000 0.000000 0.000000 0.917143 422.000000
 60.500000 0.861412 368.923151 0.000000 0.000000 0.000000 0.000000 0.908133 408.000000
 60.750000 0.862603 369.720597 0.000000 0.000000 0.000000 0.000000 0.909214 413.000000
 61.000000 0.868007 381.427127 0.000000 0.000000 0.000000 0.000000 0.914293 419.000000
 61.250000 0.870128 380.233260 0.000000 0.000000 0.000000 0.000000 0.916431 420.000000
 61.500000 0.863145 370.203807 0.000000 0.000000 0.000000 0.000000 0.910122 411.000000
 61.750000 0.867995 377.185760 0.000000 0.000000 0.000000 0.000000 0.914676 426.000000
 62.000000 0.865598 379.561950 0.000000 0.000000 0.000000 0.000000 0.912466 421.000000
 62.250000 0.872188 388.191847 0.000000 0.000000 0.000000 0.000000 0.918573 427.000000
 62.500000 0.863625 376.979455 0.000000 0.000000 0.000000 0.000000 0.910044 419.000000
 62.750000 0.870499 382.801171 0.000000 0.000000 0.000000 0.000000 0.916260 425.000000
 63.000000 0.875477 391.582026 0.000000 0.000000 0.000000 0.000000 0.922152 427.000000
 63.250000 0.870834 385.404843 0.000000 0.000000 0.000000 0.000000 0.917542 429.000000
 63.500000 0.872284 383.610578 0.000000 0.000000 0.000000 0.000000 0.918352 425.000000
 63.750000 0.870347 380.873470 0.000000 0.000000 0.000000 0.000000 0.916434 419.000000
 64.000000 0.868576 381.118466 0.000000 0.000000 0.000000 0.000000 0.915591 433.000000
 64.250000 0.872132 388.614283 0.000000 0.000000 0.000000 0.000000 0.918699 435.000000
 64.500000 0.869410 384.021400 0.000000 0.000000 0.000000 0.000000 0.916026 426.000000
 64.750000 0.872574 388.298165 0.000000 0.000000 0.000000 0.000000 0.918643 430.000000
 65.000000 0.870620 385.602112 0.000000 0.000000 0.000000 0.000000 0.916643 419.000000
 65.250000 0.867152 385.589003 0.000000 0.000000 0.000000 0.000000 0.913319 425.000000
 65.500000 0.867925 381.138040 0.000000 0.000000 0.000000 0.000000 0.914121 418.000000
 65.750000 0.868125 383.208157 0.000000 0.000000 0.000000 0.000000 0.914877 432.000000
 66.000000 0.869278 379.249427 0.000000 0.000000 0.000000 0.000000 0.915772 414.000000
 66.250000 0.871724 388.911213 0.000000 0.000000 0.000000 0.000000 0.917493 424.000000
 66.500000 0.868683 382.933419 0.000000 0.000000 0.000000 0.000000 0.914568 421.000000
 66.750000 0.872385 383.120433 0.000000 0.000000 0.000000 0.000000 0.918466 420.000000
 67.000000 0.866979 381.661272 0.000000 0.000000 0.000000 0.000000 0.913525 421.000000
 67.250000 0.867075 377.792988 0.000000 0.000000 0.000000 0.000000 0.912748 415.000000
 67.500000 0.865701 380.806591 0.000000 0.000000 0.000000 0.000000 0.911978 428.000000
 67.750000 0.876915 387.850923 0.000000 0.000000 0.000000 0.000000 0.923525 426.000000
 68.000000 0.871038 382.812073 0.000000 0.000000 0.000000 0.000000 0.917417 428.000000
 68.250000 0.866488 381.264009 0.000000 0.000000 0.000000 0.000000 0.912163 426.000000
 68.500000 0.864640 377.009677 0.000000 0.000000 0.000000 0.000000 0.911030 420.000000
 68.750000 0.869776 380.319744 0.000000 0.000000 0.000000 0.000000 0.916639 424.000000
 69.000000 0.869242 383.115993 0.000000 0.000000 0.000000 0.000000 0.915324 419.000000
 69.250000 0.865688 376.760436 0.000000 0.000000 0.000000 0.000000 0.911733 418.000000
 69.500000 0.864872 376.844991 0.000000 0.000000 0.000000 0.000000 0.911366 416.000000
 69.750000 0.869995 382.957896 0.000000 0.000000 0.000000 0.000000 0.916231 427.000000
 70.000000 0.867951 379.518596 0.000000 0.000000 0.000000 0.000000 0.914292 422.000000
 70.250000 0.867060 380.863652 0.000000 0.000000 0.000000 0.000000 0.912975 422.000000
 70.500000 0.866923 380.125519 0.000000 0.000000 0.000000 0.000000 0.913215 422.000000
 70.750000 0.866701 375.129166 0.000000 0.000000 0.000000 0.000000 0.913112 418.000000
 71.000000 0.868674 381.937200 0.000000 0.000000 0.000000 0.000000 0.915416 429.000000
 71.250000 0.872585 385.331309 0.000000 0.000000 0.000000 0.000000 0.918738 428.000000
 71.500000 0.866721 378.333660 0.000000 0.000000 0.000000 0.000000 0.913341 410.000000
 71.750000 0.867620 374.995950 0.000000 0.000000 0.000000 0.000000 0.913906 419.000000
 72.000000 0.865228 380.284686 0.000000 0.000000 0.000000 0.000000 0.910994 419.000000
 72.250000 0.867265 378.522998 0.000000 0.000000 0.000000 0.000000 0.912679 422.000000
 72.500000 0.868680 383.601135 0.000000 0.000000 0.000000 0.000000 0.915145 424.000000
 72.750000 0.864516 376.825660 0.000000 0.000000 0.000000 0.000000 0.911354 417.000000
 73.000000 0.857722 369.683375 0.000000 0.000000 0.000000 0.000000 0.903550 410.000000
 73.250000 0.854131 362.342413 0.000000 0.000000 0.000000 0.000000 0.900541 402.000000
 73.500000 0.864139 379.172569 0.000000 0.000000 0.000000 0.000000 0.910930 418.000000
 73.750000 0.864509 374.592538 0.000000 0.000000 0.000000 0.000000 0.910991 411.000000
 74.000000 0.858151 365.151271 0.000000 0.000000 0.000000 0.000000 0.904602 402.000000
 74.250000 0.866779 374.868405 0.000000 0.000000 0.000000 0.000000 0.912323 416.000000
 74.500000 0.866247 373.903845 0.000000 0.000000 0.000000 0.000000 0.912919 422.000000
 74.750000 0.865786 375.082218 0.000000 0.000000 0.000000 0.000000 0.912445 420.000000
 75.000000 0.863784 374.159570 0.000000 0.000000 0.000000 0.000000 0.910284 413.000000
 75.250000 0.863542 372.957328 0.000000 0.000000 0.000000 0.000000 0.910556 410.000000
 75.500000 0.867226 375.823014 0.000000 0.000000 0.000000 0.000000 0.913518 412.000000
 75.750000 0.864460 372.663267 0.000000 0.000000 0.000000 0.000000 0.910454 413.000000
 76.000000 0.863639 375.044048 0.000000 0.000000 0.000000 0.000000 0.910475 420.000000
 76.250000 0.873719 387.113683 0.000000 0.000000 0.000000 0.000000 0.920306 429.000000
 76.500000 0.872891 384.468886 0.000000 0.000000 0.000000 0.000000 0.919051 428.000000
 76.750000 0.862479 377.152306 0.000000 0.000000 0.000000 0.000000 0.908669 418.000000
 77.000000 0.864834 373.813348 0.000000 0.000000 0.000000 0.000000 0.911195 419.000000
 77.250000 0.865682 374.770867 0.000000 0.000000 0.000000 0.000000 0.913050 420.000000
 77.500000 0.867081 376.712619 0.000000 0.000000 0.000000 0.000000 0.913931 415.000000
 77.750000 0.866738 377.512859 0.000000 0.000000 0.000000 0.000000 0.912689 420.000000
 78.000000 0.859721 370.303477 0.000000 0.000000 0.000000 0.000000 0.906173 408.000000
 78.250000 0.861512 363.378872 0.000000 0.000000 0.000000 0.000000 0.908770 407.000000
 78.500000 0.864212 377.173871 0.000000 0.000000 0.000000 0.000000 0.910963 417.000000
 78.750000 0.864363 373.361959 0.000000 0.000000 0.000000 0.000000 0.910515 411.000000
 79.000000 0.866955 379.492684 0.000000 0.000000 0.000000 0.000000 0.912988 411.000000
 79.250000 0.861395 372.349494 0.000000 0.000000 0.000000 0.000000 0.908115 413.000000
 79.500000 0.865368 374.718236 0.000000 0.000000 0.000000 0.000000 0.911527 412.000000
 79.750000 0.863144 379.188836 0.000000 0.000000 0.000000 0.000000 0.909419 422.000000
 80.000000 0.863918 373.052033 0.000000 0.000000 0.000000 0.000000 0.910589 410.000000
 80.250000 0.862341 373.576280 0.000000 0.000000 0.000000 0.000000 0.908936 409.000000
 80.500000 0.867450 377.427149 0.000000 0.000000 0.000000 0.000000 0.913835 407.000000
 80.750000 0.864722 376.939917 0.000000 0.000000 0.000000 0.000000 0.911131 416.000000
 81.000000 0.861570 368.892479 0.000000 0.000000 0.000000 0.000000 0.907492 404.000000
 81.250000 0.860022 370.488081 0.000000 0.000000 0.000000 0.000000 0.906379 411.000000
 81.500000 0.868307 376.155315 0.000000 0.000000 0.000000 0.000000 0.915160 414.000000
 81.750000 0.871273 381.170014 0.000000 0.000000 0.000000 0.000000 0.917970 419.000000
 82.000000 0.860871 371.169689 0.000000 0.000000 0.000000 0.000000 0.906928 407.000000
 82.250000 0.863761 370.683769 0.000000 0.000000 0.000000 0.000000 0.909509 400.000000
 82.500000 0.866716 374.131656 0.000000 0.000000 0.000000 0.000000 0.913371 412.000000
 82.750000 0.866469 372.122093 0.000000 0.000000 0.000000 0.000000 0.913017 407.000000
 83.000000 0.862827 370.447023 0.000000 0.000000 0.000000 0.000000 0.909411 401.000000
 83.250000 0.865779 374.348685 0.000000 0.000000 0.000000 0.000000 0.912204 410.000000
 83.500000 0.867141 374.953632 0.000000 0.000000 0.000000 0.000000 0.913607 406.000000
 83.750000 0.870943 381.871331 0.000000 0.000000 0.000000 0.000000 0.916703 419.000000
 84.000000 0.867089 375.068287 0.000000 0.000000 0.000000 0.000000 0.913389 416.000000
 84.250000 0.866783 377.509561 0.000000 0.000000 0.000000 0.000000 0.913376 419.000000
 84.500000 0.863642 372.521338 0.000000 0.000000 0.000000 0.000000 0.910269 410.000000
 84.750000 0.859759 371.055320 0.000000 0.000000 0.000000 0.000000 0.906354 417.000000
 85.000000 0.867716 377.173369 0.000000 0.000000 0.000000 0.000000 0.914315 410.000000
 85.250000 0.868687 381.733992 0.000000 0.000000 0.000000 0.000000 0.915385 414.000000
 85.500000 0.861933 372.698543 0.000000 0.000000 0.000000 0.000000 0.908071 407.000000
 85.750000 0.862614 370.604237 0.000000 0.000000 0.000000 0.000000 0.909088 403.000000
 86.000000 0.861817 373.741903 0.000000 0.000000 0.000000 0.000000 0.908735 419.000000
 86.250000 0.863618 372.151452 0.000000 0.000000 0.000000 0.000000 0.910483 406.000000
 86.500000 0.861291 373.151165 0.000000 0.000000 0.000000 0.000000 0.908127 407.000000
 86.750000 0.858818 367.649332 0.000000 0.000000 0.000000 0.000000 0.905186 405.000000
 87.000000 0.860737 375.585798 0.000000 0.000000 0.000000 0.000000 0.907027 413.000000
 87.250000 0.861227 373.402907 0.000000 0.000000 0.000000 0.000000 0.908092 415.000000
 87.500000 0.858785 368.979212 0.000000 0.000000 0.000000 0.000000 0.906102 400.000000
 87.750000 0.863349 378.631872 0.000000 0.000000 0.000000 0.000000 0.910302 421.000000
 88.000000 0.863611 376.073198 0.000000 0.000000 0.000000 0.000000 0.910272 411.000000
 88.250000 0.862502 376.075177 0.000000 0.000000 0.000000 0.000000 0.909274 410.000000
 88.500000 0.864787 377.292814 0.000000 0.000000 0.000000 0.000000 0.911314 412.000000
 88.750000 0.856932 369.054573 0.000000 0.000000 0.000000 0.000000 0.903885 409.000000
 89.000000 0.858524 371.926916 0.000000 0.000000 0.000000 0.000000 0.905062 405.000000
 89.250000 0.858948 369.470913 0.000000 0.000000 0.000000 0.000000 0.905787 412.000000
 89.500000 0.864278 376.966623 0.000000 0.000000 0.000000 0.000000 0.911345 414.000000
 89.750000 0.862462 372.981139 0.000000 0.000000 0.000000 0.000000 0.909536 410.000000
 90.000000 0.863914 375.145850 0.000000 0.000000 0.000000 0.000000 0.910148 411.000000
 90.250000 0.858533 366.980757 0.000000 0.000000 0.000000 0.000000 0.905473 407.000000
 90.500000 0.860207 370.061829 0.000000 0.000000 0.000000 0.000000 0.907131 409.000000
 90.750000 0.867169 372.973819 0.000000 0.000000 0.000000 0.000000 0.913097 404.000000
 91.000000 0.859491 367.223092 0.000000 0.000000 0.000000 0.000000 0.906577 410.000000
 91.250000 0.867016 376.388895 0.000000 0.000000 0.000000 0.000000 0.914138 413.000000
 91.500000 0.860129 370.800898 0.000000 0.000000 0.000000 0.000000 0.906686 405.000000
 91.750000 0.865712 377.585028 0.000000 0.000000 0.000000 0.000000 0.911747 411.000000
 92.000000 0.864967 379.517180 0.000000 0.000000 0.000000 0.000000 0.911739 418.000000
 92.250000 0.868467 380.722830 0.000000 0.000000 0.000000 0.000000 0.915106 411.000000
 92.500000 0.865704 378.642932 0.000000 0.000000 0.000000 0.000000 0.912126 419.000000
 92.750000 0.858697 368.800265 0.000000 0.000000 0.000000 0.000000 0.905952 414.000000
 93.000000 0.863148 371.650971 0.000000 0.000000 0.000000 0.000000 0.910443 406.000000
 93.250000 0.866041 371.856773 0.000000 0.000000 0.000000 0.000000 0.912918 402.002999
 93.500000 0.858164 364.846358 0.000000 0.000000 0.000000 0.000000 0.905416 397.000000
 93.750000 0.864924 374.175277 0.000000 0.000000 0.000000 0.000000 0.911150 402.000000
 94.000000 0.861527 370.374694 0.000000 0.000000 0.000000 0.000000 0.908787 410.000000
 94.250000 0.864957 373.445211 0.000000 0.000000 0.000000 0.000000 0.912134 408.000000
 94.500000 0.861959 370.807269 0.000000 0.000000 0.000000 0.000000 0.908583 404.000000
 94.750000 0.859119 372.509179 0.000000 0.000000 0.000000 0.000000 0.905858 408.000000
 95.000000 0.860534 367.573101 0.000000 0.000000 0.000000 0.000000 0.907177 404.000000
 95.250000 0.860338 364.091558 0.000000 0.000000 0.000000 0.000000 0.906913 393.000000
 95.500000 0.860679 365.644347 0.000000 0.000000 0.000000 0.000000 0.907599 406.000000
 95.750000 0.866687 376.397517 0.000000 0.000000 0.000000 0.000000 0.912959 408.000000
 96.000000 0.862646 368.532384 0.000000 0.000000 0.000000 0.000000 0.909118 407.000000
 96.250000 0.863665 376.635431 0.000000 0.000000 0.000000 0.000000 0.910353 407.000000
 96.500000 0.858966 367.803918 0.000000 0.000000 0.000000 0.000000 0.905877 406.000000
 96.750000 0.859067 368.434093 0.000000 0.000000 0.000000 0.000000 0.905419 401.000000
 97.000000 0.859727 369.261606 0.000000 0.000000 0.000000 0.000000 0.906757 413.000000
 97.250000 0.866270 375.578910 0.000000 0.000000 0.000000 0.000000 0.913029 408.000000
 97.500000 0.860267 367.100599 0.000000 0.000000 0.000000 0.000000 0.907292 400.345020
 97.750000 0.860566 368.037236 0.000000 0.000000 0.000000 0.000000 0.907352 403.000000
 98.000000 0.864444 369.798313 0.000000 0.000000 0.000000 0.000000 0.911334 405.159383
 98.250000 0.865418 374.276694 0.000000 0.000000 0.000000 0.000000 0.912367 414.000000
 98.500000 0.854470 362.002332 0.000000 0.000000 0.000000 0.000000 0.902057 406.000000
 98.750000 0.860828 367.889078 0.000000 0.000000 0.000000 0.000000 0.907777 408.000000
 99.000000 0.860276 366.581018 0.000000 0.000000 0.000000 0.000000 0.907711 406.000000
 99.250000 0.866794 374.118515 0.000000 0.000000 0.000000 0.000000 0.914110 409.000000
 99.500000 0.858108 368.054873 0.000000 0.000000 0.000000 0.000000 0.905284 410.000000
 99.750000 0.855950 362.589167 0.000000 0.000000 0.000000 0.000000 0.902243 395.000000
 100.000000 0.863891 376.440232 0.000000 0.000000 0.000000 0.000000 0.910421 413.000000
 100.250000 0.868699 383.970054 0.000000 0.000000 0.000000 0.000000 0.916060 425.000000
 100.500000 0.864064 377.610286 0.000000 0.000000 0.000000 0.000000 0.910735 413.000000
 100.750000 0.861828 377.756284 0.000000 0.000000 0.000000 0.000000 0.907673 412.000000
