#! FIELDS time refcv.mean refcv.morethan uwall.bias uwall.force2 lwall.bias lwall.force2 refcv2.mean refcv2.morethan
 0.500000 0.743164 279.493202 0.000000 0.000000 0.000000 0.000000 0.743164 288.000000
 0.750000 0.743909 278.076846 0.000000 0.000000 0.000000 0.000000 0.743909 286.000000
 1.000000 0.735455 273.754187 0.000000 0.000000 0.000000 0.000000 0.735455 284.000000
 1.250000 0.728559 270.209030 0.000000 0.000000 0.000000 0.000000 0.728559 282.000000
 1.500000 0.731314 276.153340 0.000000 0.000000 0.000000 0.000000 0.731314 287.000000
 1.750000 0.730296 270.403350 0.000000 0.000000 0.000000 0.000000 0.730296 282.000000
 2.000000 0.727889 269.230841 0.000000 0.000000 0.000000 0.000000 0.727889 284.000000
 2.250000 0.724731 267.137732 0.000000 0.000000 0.000000 0.000000 0.724731 282.000000
 2.500000 0.727009 262.513116 0.000000 0.000000 0.000000 0.000000 0.727009 276.000000
 2.750000 0.738126 272.842995 0.000000 0.000000 0.000000 0.000000 0.738126 283.000000
 3.000000 0.727980 268.303404 0.000000 0.000000 0.000000 0.000000 0.727980 281.000000
 3.250000 0.731848 271.487372 0.000000 0.000000 0.000000 0.000000 0.731848 281.000000
 3.500000 0.734625 274.554384 0.000000 0.000000 0.000000 0.000000 0.734625 284.000000
 3.750000 0.724612 263.103992 0.000000 0.000000 0.000000 0.000000 0.724612 279.000000
 4.000000 0.730737 268.584656 0.000000 0.000000 0.000000 0.000000 0.730737 278.000000
 4.250000 0.733386 272.744168 0.000000 0.000000 0.000000 0.000000 0.733386 284.000000
 4.500000 0.736670 276.016973 0.000000 0.000000 0.000000 0.000000 0.736670 286.000000
 4.750000 0.733749 272.839901 0.000000 0.000000 0.000000 0.000000 0.733749 283.000000
 5.000000 0.734373 273.560554 0.000000 0.000000 0.000000 0.000000 0.734373 283.000000
 5.250000 0.732685 272.407287 0.000000 0.000000 0.000000 0.000000 0.732685 286.000000
 5.500000 0.727148 268.356552 0.000000 0.000000 0.000000 0.000000 0.727148 279.000000
 5.750000 0.722734 266.593321 0.000000 0.000000 0.000000 0.000000 0.722734 281.000000
 6.000000 0.724845 270.684556 0.000000 0.000000 0.000000 0.000000 0.724845 285.000000
 6.250000 0.725356 270.803095 0.000000 0.000000 0.000000 0.000000 0.725356 284.000000
 6.500000 0.719832 267.352294 0.000000 0.000000 0.000000 0.000000 0.719832 283.000000
 6.750000 0.726980 271.467257 0.000000 0.000000 0.000000 0.000000 0.726980 284.000000
 7.000000 0.726322 271.681335 0.000000 0.000000 0.000000 0.000000 0.726322 286.000000
 7.250000 0.728633 271.432676 0.000000 0.000000 0.000000 0.000000 0.728633 283.000000
 7.500000 0.727523 271.487148 0.000000 0.000000 0.000000 0.000000 0.727523 282.000000
 7.750000 0.722867 265.762594 0.000000 0.000000 0.000000 0.000000 0.722867 279.000000
 8.000000 0.729184 274.120738 0.000000 0.000000 0.000000 0.000000 0.729184 285.000000
 8.250000 0.727178 272.788629 0.000000 0.000000 0.000000 0.000000 0.727178 288.000000
 8.500000 0.727390 274.235741 0.000000 0.000000 0.000000 0.000000 0.727390 288.000000
 8.750000 0.723762 272.079526 0.000000 0.000000 0.000000 0.000000 0.723762 284.000000
 9.000000 0.726453 271.684866 0.000000 0.000000 0.000000 0.000000 0.726453 286.000000
 9.250000 0.728704 274.868270 0.000000 0.000000 0.000000 0.000000 0.728704 286.000000
 9.500000 0.728306 273.735221 0.000000 0.000000 0.000000 0.000000 0.728306 287.000000
 9.750000 0.725424 268.993538 0.000000 0.000000 0.000000 0.000000 0.725424 283.000000
 10.000000 0.732121 273.714997 0.000000 0.000000 0.000000 0.000000 0.732121 284.000000
 10.250000 0.732446 270.618090 0.000000 0.000000 0.000000 0.000000 0.732446 281.000000
 10.500000 0.728453 269.766980 0.000000 0.000000 0.000000 0.000000 0.728453 282.000000
 10.750000 0.728051 271.689679 0.000000 0.000000 0.000000 0.000000 0.728051 287.000000
 11.000000 0.733163 279.833289 0.000000 0.000000 0.000000 0.000000 0.733163 290.000000
 11.250000 0.732043 275.491587 0.000000 0.000000 0.000000 0.000000 0.732043 286.000000
 11.500000 0.735125 278.772303 0.000000 0.000000 0.000000 0.000000 0.735125 292.000000
 11.750000 0.739032 279.024672 0.000000 0.000000 0.000000 0.000000 0.739032 290.000000
 12.000000 0.732379 274.163450 0.000000 0.000000 0.000000 0.000000 0.732379 286.000000
 12.250000 0.732994 273.936360 0.000000 0.000000 0.000000 0.000000 0.732994 286.000000
 12.500000 0.736730 275.799939 0.000000 0.000000 0.000000 0.000000 0.736730 287.000000
 12.750000 0.742695 278.402175 0.000000 0.000000 0.000000 0.000000 0.742695 288.000000
 13.000000 0.737195 275.774322 0.000000 0.000000 0.000000 0.000000 0.737195 290.000000
 13.250000 0.730403 272.164602 0.000000 0.000000 0.000000 0.000000 0.730403 287.000000
 13.500000 0.727772 267.346213 0.000000 0.000000 0.000000 0.000000 0.727772 283.000000
 13.750000 0.747807 286.156978 0.000000 0.000000 0.000000 0.000000 0.747807 293.000000
 14.000000 0.734225 270.590870 0.000000 0.000000 0.000000 0.000000 0.734225 285.000000
 14.250000 0.730828 273.135320 0.000000 0.000000 0.000000 0.000000 0.730828 288.000000
 14.500000 0.732542 277.220917 0.000000 0.000000 0.000000 0.000000 0.732542 291.000000
 14.750000 0.738757 281.112168 0.000000 0.000000 0.000000 0.000000 0.738757 292.000000
 15.000000 0.733899 274.458018 0.000000 0.000000 0.000000 0.000000 0.733899 289.000000
 15.250000 0.727621 268.069999 0.000000 0.000000 0.000000 0.000000 0.727621 280.000000
 15.500000 0.734582 273.884335 0.000000 0.000000 0.000000 0.000000 0.734582 285.000000
 15.750000 0.736423 273.754351 0.000000 0.000000 0.000000 0.000000 0.736423 285.000000
 16.000000 0.731506 272.721784 0.000000 0.000000 0.000000 0.000000 0.731506 288.000000
 16.250000 0.741603 281.133598 0.000000 0.000000 0.000000 0.000000 0.741603 291.000000
 16.500000 0.731916 273.665091 0.000000 0.000000 0.000000 0.000000 0.731916 290.000000
 16.750000 0.737781 280.679191 0.000000 0.000000 0.000000 0.000000 0.737781 292.000000
 17.000000 0.734522 275.834289 0.000000 0.000000 0.000000 0.000000 0.734522 289.000000
 17.250000 0.733089 277.779172 0.000000 0.000000 0.000000 0.000000 0.733089 291.000000
 17.500000 0.739146 281.360828 0.000000 0.000000 0.000000 0.000000 0.739146 295.000000
 17.750000 0.738390 279.111407 0.000000 0.000000 0.000000 0.000000 0.738390 289.000000
 18.000000 0.732965 275.430948 0.000000 0.000000 0.000000 0.000000 0.732965 290.000000
 18.250000 0.726717 270.834079 0.000000 0.000000 0.000000 0.000000 0.726717 284.000000
 18.500000 0.729666 273.874014 0.000000 0.000000 0.000000 0.000000 0.729666 288.000000
 18.750000 0.733693 273.926523 0.000000 0.000000 0.000000 0.000000 0.733693 285.000000
 19.000000 0.737020 279.712392 0.000000 0.000000 0.000000 0.000000 0.737020 289.000000
 19.250000 0.740855 282.095300 0.000000 0.000000 0.000000 0.000000 0.740855 293.000000
 19.500000 0.733149 273.724182 0.000000 0.000000 0.000000 0.000000 0.733149 290.000000
 19.750000 0.738814 279.696807 0.000000 0.000000 0.000000 0.000000 0.738814 285.000000
 20.000000 0.737792 279.398541 0.000000 0.000000 0.000000 0.000000 0.737792 292.000000
 20.250000 0.747401 285.501717 0.000000 0.000000 0.000000 0.000000 0.747401 293.000000
 20.500000 0.736482 276.778034 0.000000 0.000000 0.000000 0.000000 0.736482 284.000000
 20.750000 0.733053 275.509849 0.000000 0.000000 0.000000 0.000000 0.733053 288.000000
 21.000000 0.738965 278.236336 0.000000 0.000000 0.000000 0.000000 0.738965 286.000000
 21.250000 0.738849 277.969704 0.000000 0.000000 0.000000 0.000000 0.738849 287.000000
 21.500000 0.734440 274.681767 0.000000 0.000000 0.000000 0.000000 0.734440 285.000000
 21.750000 0.737842 280.449489 0.000000 0.000000 0.000000 0.000000 0.737842 288.000000
 22.000000 0.741250 279.851514 0.000000 0.000000 0.000000 0.000000 0.741250 287.937118
 22.250000 0.744286 283.089780 0.000000 0.000000 0.000000 0.000000 0.744286 286.000000
 22.500000 0.741925 282.040830 0.000000 0.000000 0.000000 0.000000 0.741925 288.000000
 22.750000 0.736259 273.854149 0.000000 0.000000 0.000000 0.000000 0.736259 282.000000
 23.000000 0.734169 272.516055 0.000000 0.000000 0.000000 0.000000 0.734169 283.000000
 23.250000 0.739666 274.914954 0.000000 0.000000 0.000000 0.000000 0.739666 283.000000
 23.500000 0.727404 266.832115 0.000000 0.000000 0.000000 0.000000 0.727404 283.000000
 23.750000 0.734632 273.201679 0.000000 0.000000 0.000000 0.000000 0.734632 282.000000
 24.000000 0.731776 271.191705 0.000000 0.000000 0.000000 0.000000 0.731776 282.000000
 24.250000 0.734490 274.178689 0.000000 0.000000 0.000000 0.000000 0.734490 285.000000
 24.500000 0.734010 273.630811 0.000000 0.000000 0.000000 0.000000 0.734010 284.000000
 24.750000 0.735672 274.691305 0.000000 0.000000 0.000000 0.000000 0.735672 283.000000
 25.000000 0.741833 277.692118 0.000000 0.000000 0.000000 0.000000 0.741833 283.000000
 25.250000 0.733022 271.869501 0.000000 0.000000 0.000000 0.000000 0.733022 284.000000
 25.500000 0.739662 278.799677 0.000000 0.000000 0.000000 0.000000 0.739662 287.000000
 25.750000 0.735486 273.480336 0.000000 0.000000 0.000000 0.000000 0.735486 285.000000
 26.000000 0.738808 274.705311 0.000000 0.000000 0.000000 0.000000 0.738808 283.000000
 26.250000 0.731986 270.257948 0.000000 0.000000 0.000000 0.000000 0.731986 279.000000
 26.500000 0.734450 274.114107 0.000000 0.000000 0.000000 0.000000 0.734450 286.000000
 26.750000 0.744713 282.892180 0.000000 0.000000 0.000000 0.000000 0.744713 289.000000
 27.000000 0.731461 269.845658 0.000000 0.000000 0.000000 0.000000 0.731461 281.000000
 27.250000 0.730444 265.315273 0.000000 0.000000 0.000000 0.000000 0.730444 276.000000
 27.500000 0.737378 273.737083 0.000000 0.000000 0.000000 0.000000 0.737378 279.000000
 27.750000 0.732490 272.496930 0.000000 0.000000 0.000000 0.000000 0.732490 281.000000
 28.000000 0.733492 274.401656 0.000000 0.000000 0.000000 0.000000 0.733492 286.000000
 28.250000 0.733866 279.404754 0.000000 0.000000 0.000000 0.000000 0.733866 290.000000
 28.500000 0.731299 276.250163 0.000000 0.000000 0.000000 0.000000 0.731299 289.000000
 28.750000 0.740150 279.894347 0.000000 0.000000 0.000000 0.000000 0.740150 293.000000
 29.000000 0.739892 278.798533 0.000000 0.000000 0.000000 0.000000 0.739892 292.000000
 29.250000 0.734723 275.029242 0.000000 0.000000 0.000000 0.000000 0.734723 290.000000
 29.500000 0.736740 276.333222 0.000000 0.000000 0.000000 0.000000 0.736740 284.693255
 29.750000 0.735935 275.788251 0.000000 0.000000 0.000000 0.000000 0.735935 290.000000
 30.000000 0.739912 279.172923 0.000000 0.000000 0.000000 0.000000 0.739912 291.000000
 30.250000 0.739436 277.828449 0.000000 0.000000 0.000000 0.000000 0.739436 287.000000
 30.500000 0.740715 276.639384 0.000000 0.000000 0.000000 0.000000 0.740715 289.000000
 30.750000 0.741001 274.616377 0.000000 0.000000 0.000000 0.000000 0.741001 285.000000
 31.000000 0.741230 277.120684 0.000000 0.000000 0.000000 0.000000 0.741230 284.000000
 31.250000 0.737091 275.243170 0.000000 0.000000 0.000000 0.000000 0.737091 284.000000
 31.500000 0.743728 280.360029 0.000000 0.000000 0.000000 0.000000 0.743728 289.000000
 31.750000 0.745694 283.885694 0.000000 0.000000 0.000000 0.000000 0.745694 292.000000
 32.000000 0.742352 281.443566 0.000000 0.000000 0.000000 0.000000 0.742352 292.000000
 32.250000 0.745204 281.538447 0.000000 0.000000 0.000000 0.000000 0.745204 288.000000
 32.500000 0.747532 284.649611 0.000000 0.000000 0.000000 0.000000 0.747532 293.000000
 32.750000 0.741098 278.857774 0.000000 0.000000 0.000000 0.000000 0.741098 286.000000
 33.000000 0.744442 280.947439 0.000000 0.000000 0.000000 0.000000 0.744442 290.000000
 33.250000 0.740979 278.194032 0.000000 0.000000 0.000000 0.000000 0.740979 288.000000
 33.500000 0.742508 279.429433 0.000000 0.000000 0.000000 0.000000 0.742508 288.000000
 33.750000 0.740748 280.357678 0.000000 0.000000 0.000000 0.000000 0.740748 294.000000
 34.000000 0.740450 275.595959 0.000000 0.000000 0.000000 0.000000 0.740450 286.000000
 34.250000 0.741554 282.348738 0.000000 0.000000 0.000000 0.000000 0.741554 290.000000
 34.500000 0.746060 284.596750 0.000000 0.000000 0.000000 0.000000 0.746060 295.000000
 34.750000 0.735342 275.294115 0.000000 0.000000 0.000000 0.000000 0.735342 286.000000
 35.000000 0.731429 272.664662 0.000000 0.000000 0.000000 0.000000 0.731429 287.000000
 35.250000 0.742536 276.670924 0.000000 0.000000 0.000000 0.000000 0.742536 288.000000
 35.500000 0.742406 279.133513 0.000000 0.000000 0.000000 0.000000 0.742406 286.000000
 35.750000 0.735466 275.602247 0.000000 0.000000 0.000000 0.000000 0.735466 288.000000
 36.000000 0.736470 273.392832 0.000000 0.000000 0.000000 0.000000 0.736470 282.000000
 36.250000 0.734809 274.255825 0.000000 0.000000 0.000000 0.000000 0.734809 285.000000
 36.500000 0.743781 281.464648 0.000000 0.000000 0.000000 0.000000 0.743781 291.000000
 36.750000 0.738957 277.780942 0.000000 0.000000 0.000000 0.000000 0.738957 291.000000
 37.000000 0.737277 277.257990 0.000000 0.000000 0.000000 0.000000 0.737277 286.000000
 37.250000 0.736834 276.367324 0.000000 0.000000 0.000000 0.000000 0.736834 288.000000
 37.500000 0.738473 276.384385 0.000000 0.000000 0.000000 0.000000 0.738473 288.000000
 37.750000 0.737114 279.183842 0.000000 0.000000 0.000000 0.000000 0.737114 291.000000
 38.000000 0.727640 270.330859 0.000000 0.000000 0.000000 0.000000 0.727640 286.000000
 38.250000 0.737131 273.381632 0.000000 0.000000 0.000000 0.000000 0.737131 285.000000
 38.500000 0.741738 280.890288 0.000000 0.000000 0.000000 0.000000 0.741738 294.000000
 38.750000 0.731846 269.712534 0.000000 0.000000 0.000000 0.000000 0.731846 285.000000
 39.000000 0.739068 280.557188 0.000000 0.000000 0.000000 0.000000 0.739068 291.000000
 39.250000 0.741258 284.306251 0.000000 0.000000 0.000000 0.000000 0.741258 296.000000
 39.500000 0.736421 275.526157 0.000000 0.000000 0.000000 0.000000 0.736421 292.000000
 39.750000 0.747062 288.135838 0.018452 0.073808 0.000000 0.000000 0.747062 298.000000
 40.000000 0.746718 284.866130 0.000000 0.000000 0.000000 0.000000 0.746718 297.000000
 40.250000 0.745454 286.319857 0.000000 0.000000 0.000000 0.000000 0.745454 297.000000
 40.500000 0.744220 287.432395 0.000000 0.000000 0.000000 0.000000 0.744220 299.000000
 40.750000 0.736466 279.447218 0.000000 0.000000 0.000000 0.000000 0.736466 291.000000
 41.000000 0.747520 284.274612 0.000000 0.000000 0.000000 0.000000 0.747520 294.000000
 41.250000 0.746408 284.661803 0.000000 0.000000 0.000000 0.000000 0.746408 297.000000
 41.500000 0.743758 287.116088 0.000000 0.000000 0.000000 0.000000 0.743758 297.000000
 41.750000 0.746700 287.415386 0.000000 0.000000 0.000000 0.000000 0.746700 299.000000
 42.000000 0.743013 284.766867 0.000000 0.000000 0.000000 0.000000 0.743013 298.000000
 42.250000 0.743326 283.558355 0.000000 0.000000 0.000000 0.000000 0.743326 295.000000
 42.500000 0.743403 286.448127 0.000000 0.000000 0.000000 0.000000 0.743403 299.000000
 42.750000 0.745019 282.855558 0.000000 0.000000 0.000000 0.000000 0.745019 295.000000
 43.000000 0.749889 289.393297 1.941277 7.765107 0.000000 0.000000 0.749889 298.000000
 43.250000 0.747735 284.185191 0.000000 0.000000 0.000000 0.000000 0.747735 298.000000
 43.500000 0.751392 288.876806 0.768789 3.075157 0.000000 0.000000 0.751392 295.300815
 43.750000 0.746218 285.764080 0.000000 0.000000 0.000000 0.000000 0.746218 297.000000
 44.000000 0.750799 286.351462 0.000000 0.000000 0.000000 0.000000 0.750799 290.000000
 44.250000 0.743868 284.858043 0.000000 0.000000 0.000000 0.000000 0.743868 298.000000
 44.500000 0.746462 287.755425 0.000000 0.000000 0.000000 0.000000 0.746462 294.000000
 44.750000 0.745127 287.028331 0.000000 0.000000 0.000000 0.000000 0.745127 297.000000
 45.000000 0.741831 285.510396 0.000000 0.000000 0.000000 0.000000 0.741831 299.000000
 45.250000 0.750639 287.473875 0.000000 0.000000 0.000000 0.000000 0.750639 299.000000
 45.500000 0.746520 287.989962 0.000000 0.000000 0.000000 0.000000 0.746520 299.000000
 45.750000 0.747414 287.815355 0.000000 0.000000 0.000000 0.000000 0.747414 297.000000
 46.000000 0.751923 289.272644 1.619622 6.478489 0.000000 0.000000 0.751923 299.000000
 46.250000 0.746941 286.727971 0.000000 0.000000 0.000000 0.000000 0.746941 293.000000
 46.500000 0.752438 287.365316 0.000000 0.000000 0.000000 0.000000 0.752438 293.000000
 46.750000 0.746391 285.529160 0.000000 0.000000 0.000000 0.000000 0.746391 295.000000
 47.000000 0.746888 282.147410 0.000000 0.000000 0.000000 0.000000 0.746888 291.000000
 47.250000 0.741562 281.994067 0.000000 0.000000 0.000000 0.000000 0.741562 292.000000
 47.500000 0.747157 287.422180 0.000000 0.000000 0.000000 0.000000 0.747157 293.000000
 47.750000 0.747578 286.881656 0.000000 0.000000 0.000000 0.000000 0.747578 297.000000
 48.000000 0.743130 282.419721 0.000000 0.000000 0.000000 0.000000 0.743130 288.000000
 48.250000 0.739682 274.923200 0.000000 0.000000 0.000000 0.000000 0.739682 281.000000
 48.500000 0.739062 278.276197 0.000000 0.000000 0.000000 0.000000 0.739062 288.000000
 48.750000 0.746820 285.668707 0.000000 0.000000 0.000000 0.000000 0.746820 295.000000
 49.000000 0.743251 282.962363 0.000000 0.000000 0.000000 0.000000 0.743251 287.000000
 49.250000 0.742725 282.626885 0.000000 0.000000 0.000000 0.000000 0.742725 296.000000
 49.500000 0.742157 280.203244 0.000000 0.000000 0.000000 0.000000 0.742157 289.000000
 49.750000 0.744862 286.708055 0.000000 0.000000 0.000000 0.000000 0.744862 291.000000
 50.000000 0.739711 281.402744 0.000000 0.000000 0.000000 0.000000 0.739711 292.000000
 50.250000 0.737977 281.846325 0.000000 0.000000 0.000000 0.000000 0.737977 290.000000
 50.500000 0.744146 284.895587 0.000000 0.000000 0.000000 0.000000 0.744146 299.000000
 50.750000 0.744863 282.202099 0.000000 0.000000 0.000000 0.000000 0.744863 290.000000
 51.000000 0.738412 284.269968 0.000000 0.000000 0.000000 0.000000 0.738412 296.000000
 51.250000 0.741180 283.579010 0.000000 0.000000 0.000000 0.000000 0.741180 292.000000
 51.500000 0.741651 286.375065 0.000000 0.000000 0.000000 0.000000 0.741651 296.000000
 51.750000 0.742504 284.579973 0.000000 0.000000 0.000000 0.000000 0.742504 296.000000
 52.000000 0.739707 283.066705 0.000000 0.000000 0.000000 0.000000 0.739707 295.000000
 52.250000 0.741565 286.147533 0.000000 0.000000 0.000000 0.000000 0.741565 295.000000
 52.500000 0.742326 287.091576 0.000000 0.000000 0.000000 0.000000 0.742326 300.000000
 52.750000 0.743774 287.844161 0.000000 0.000000 0.000000 0.000000 0.743774 300.000000
 53.000000 0.746321 286.808165 0.000000 0.000000 0.000000 0.000000 0.746321 298.000000
 53.250000 0.741993 282.545026 0.000000 0.000000 0.000000 0.000000 0.741993 297.955777
 53.500000 0.745004 288.332788 0.110748 0.442993 0.000000 0.000000 0.745004 301.000000
 53.750000 0.743380 286.996393 0.000000 0.000000 0.000000 0.000000 0.743380 296.000000
 54.000000 0.743844 286.267868 0.000000 0.000000 0.000000 0.000000 0.743844 296.000000
 54.250000 0.745526 282.708528 0.000000 0.000000 0.000000 0.000000 0.745526 290.000000
 54.500000 0.741156 283.571779 0.000000 0.000000 0.000000 0.000000 0.741156 294.000000
 54.750000 0.747701 286.321642 0.000000 0.000000 0.000000 0.000000 0.747701 295.000000
 55.000000 0.746281 287.207126 0.000000 0.000000 0.000000 0.000000 0.746281 295.000000
 55.250000 0.739395 283.728886 0.000000 0.000000 0.000000 0.000000 0.739395 300.000000
 55.500000 0.744449 286.045009 0.000000 0.000000 0.000000 0.000000 0.744449 297.000000
 55.750000 0.741702 285.982648 0.000000 0.000000 0.000000 0.000000 0.741702 299.000000
 56.000000 0.748792 286.606412 0.000000 0.000000 0.000000 0.000000 0.748792 296.000000
 56.250000 0.745126 284.831739 0.000000 0.000000 0.000000 0.000000 0.745126 293.000000
 56.500000 0.743253 288.648186 0.420145 1.680581 0.000000 0.000000 0.743253 300.000000
 56.750000 0.749265 286.427712 0.000000 0.000000 0.000000 0.000000 0.749265 298.000000
 57.000000 0.751428 290.258553 5.101062 20.404247 0.000000 0.000000 0.751428 300.000000
 57.250000 0.739453 281.734994 0.000000 0.000000 0.000000 0.000000 0.739453 295.000000
 57.500000 0.745262 286.201891 0.000000 0.000000 0.000000 0.000000 0.745262 300.000000
 57.750000 0.745931 288.152094 0.023132 0.092530 0.000000 0.000000 0.745931 299.000000
 58.000000 0.744298 286.925795 0.000000 0.000000 0.000000 0.000000 0.744298 299.000000
 58.250000 0.741029 284.710551 0.000000 0.000000 0.000000 0.000000 0.741029 298.000000
 58.500000 0.747247 289.156978 1.338598 5.354394 0.000000 0.000000 0.747247 296.000000
 58.750000 0.746567 290.104521 4.429010 17.716039 0.000000 0.000000 0.746567 298.000000
 59.000000 0.738828 283.263390 0.000000 0.000000 0.000000 0.000000 0.738828 296.000000
 59.250000 0.746752 287.759276 0.000000 0.000000 0.000000 0.000000 0.746752 303.000000
 59.500000 0.743997 284.005113 0.000000 0.000000 0.000000 0.000000 0.743997 296.000000
 59.750000 0.743322 287.142725 0.000000 0.000000 0.000000 0.000000 0.743322 300.000000
 60.000000 0.739761 281.642745 0.000000 0.000000 0.000000 0.000000 0.739761 296.000000
 60.250000 0.744287 284.101558 0.000000 0.000000 0.000000 0.000000 0.744287 295.433231
 60.500000 0.747200 288.213588 0.045620 0.182479 0.000000 0.000000 0.747200 302.000000
 60.750000 0.749562 288.134032 0.017965 0.071859 0.000000 0.000000 0.749562 298.000000
 61.000000 0.743663 287.131515 0.000000 0.000000 0.000000 0.000000 0.743663 298.000000
 61.250000 0.743014 285.428697 0.000000 0.000000 0.000000 0.000000 0.743014 296.000000
 61.500000 0.746677 287.381868 0.000000 0.000000 0.000000 0.000000 0.746677 303.000000
 61.750000 0.743774 286.236850 0.000000 0.000000 0.000000 0.000000 0.743774 293.000000
 62.000000 0.742502 283.818357 0.000000 0.000000 0.000000 0.000000 0.742502 297.000000
 62.250000 0.751436 290.956730 8.742251 34.969005 0.000000 0.000000 0.751436 294.000000
 62.500000 0.746567 284.690746 0.000000 0.000000 0.000000 0.000000 0.746567 295.000000
 62.750000 0.741738 278.796964 0.000000 0.000000 0.000000 0.000000 0.741738 288.000000
 63.000000 0.744320 285.497216 0.000000 0.000000 0.000000 0.000000 0.744320 299.000000
 63.250000 0.742103 284.525508 0.000000 0.000000 0.000000 0.000000 0.742103 299.000000
 63.500000 0.743820 285.238053 0.000000 0.000000 0.000000 0.000000 0.743820 296.000000
 63.750000 0.740711 281.513046 0.000000 0.000000 0.000000 0.000000 0.740711 290.000000
 64.000000 0.747365 287.974230 0.000000 0.000000 0.000000 0.000000 0.747365 293.000000
 64.250000 0.746357 286.585642 0.000000 0.000000 0.000000 0.000000 0.746357 296.000000
 64.500000 0.744118 286.658120 0.000000 0.000000 0.000000 0.000000 0.744118 292.000000
 64.750000 0.747066 288.089792 0.008063 0.032250 0.000000 0.000000 0.747066 291.000000
 65.000000 0.736467 282.684337 0.000000 0.000000 0.000000 0.000000 0.736467 293.000000
 65.250000 0.736565 283.185675 0.000000 0.000000 0.000000 0.000000 0.736565 290.463786
 65.500000 0.740498 285.630002 0.000000 0.000000 0.000000 0.000000 0.740498 293.000000
 65.750000 0.744311 289.157991 1.340942 5.363768 0.000000 0.000000 0.744311 301.000000
 66.000000 0.738817 279.742578 0.000000 0.000000 0.000000 0.000000 0.738817 288.000000
 66.250000 0.740328 278.723899 0.000000 0.000000 0.000000 0.000000 0.740328 286.000000
 66.500000 0.737181 279.449762 0.000000 0.000000 0.000000 0.000000 0.737181 286.000000
 66.750000 0.748524 285.504477 0.000000 0.000000 0.000000 0.000000 0.748524 291.000000
 67.000000 0.742386 286.519742 0.000000 0.000000 0.000000 0.000000 0.742386 301.000000
 67.250000 0.737401 282.232853 0.000000 0.000000 0.000000 0.000000 0.737401 297.000000
 67.500000 0.740751 288.625579 0.391349 1.565395 0.000000 0.000000 0.740751 301.000000
 67.750000 0.742174 288.698377 0.487730 1.950922 0.000000 0.000000 0.742174 301.000000
 68.000000 0.743160 287.360518 0.000000 0.000000 0.000000 0.000000 0.743160 298.000000
 68.250000 0.745112 289.416975 2.007817 8.031268 0.000000 0.000000 0.745112 303.000000
 68.500000 0.739903 282.567644 0.000000 0.000000 0.000000 0.000000 0.739903 290.000000
 68.750000 0.736260 280.621217 0.000000 0.000000 0.000000 0.000000 0.736260 290.000000
 69.000000 0.744204 287.475745 0.000000 0.000000 0.000000 0.000000 0.744204 297.000000
 69.250000 0.737916 284.676301 0.000000 0.000000 0.000000 0.000000 0.737916 300.000000
 69.500000 0.737876 284.865172 0.000000 0.000000 0.000000 0.000000 0.737876 302.000000
 69.750000 0.746378 288.289125 0.083593 0.334373 0.000000 0.000000 0.746378 300.000000
 70.000000 0.743251 289.693307 2.867287 11.469150 0.000000 0.000000 0.743251 303.000000
 70.250000 0.747614 289.160663 1.347139 5.388556 0.000000 0.000000 0.747614 299.000000
 70.500000 0.744186 284.438587 0.000000 0.000000 0.000000 0.000000 0.744186 294.000000
 70.750000 0.746366 287.493774 0.000000 0.000000 0.000000 0.000000 0.746366 300.000000
 71.000000 0.744046 284.918963 0.000000 0.000000 0.000000 0.000000 0.744046 300.000000
 71.250000 0.742794 285.858180 0.000000 0.000000 0.000000 0.000000 0.742794 299.000000
 71.500000 0.744801 289.228438 1.509060 6.036241 0.000000 0.000000 0.744801 301.000000
 71.750000 0.744878 288.263702 0.069539 0.278156 0.000000 0.000000 0.744878 302.000000
 72.000000 0.747210 284.498205 0.000000 0.000000 0.000000 0.000000 0.747210 294.000000
 72.250000 0.743861 284.928702 0.000000 0.000000 0.000000 0.000000 0.743861 297.000000
 72.500000 0.745358 288.675133 0.455804 1.823216 0.000000 0.000000 0.745358 304.000000
 72.750000 0.743250 288.809725 0.655654 2.622617 0.000000 0.000000 0.743250 302.000000
 73.000000 0.746721 289.208742 1.461057 5.844229 0.000000 0.000000 0.746721 306.000000
 73.250000 0.742572 285.541022 0.000000 0.000000 0.000000 0.000000 0.742572 299.000000
 73.500000 0.744975 287.810071 0.000000 0.000000 0.000000 0.000000 0.744975 302.000000
 73.750000 0.746354 289.186339 1.407400 5.629602 0.000000 0.000000 0.746354 302.000000
 74.000000 0.743825 288.587679 0.345367 1.381467 0.000000 0.000000 0.743825 304.000000
 74.250000 0.743693 288.682522 0.465837 1.863346 0.000000 0.000000 0.743693 300.000000
 74.500000 0.744306 287.999996 0.000000 0.000000 0.000000 0.000000 0.744306 301.000000
 74.750000 0.743689 289.567238 2.456235 9.824942 0.000000 0.000000 0.743689 305.000000
 75.000000 0.744788 287.133745 0.000000 0.000000 0.000000 0.000000 0.744788 303.000000
 75.250000 0.744586 287.961071 0.000000 0.000000 0.000000 0.000000 0.744586 300.000000
 75.500000 0.742911 286.969374 0.000000 0.000000 0.000000 0.000000 0.742911 301.000000
 75.750000 0.745811 290.039767 4.160649 16.642595 0.000000 0.000000 0.745811 304.000000
 76.000000 0.743963 290.066173 4.269070 17.076282 0.000000 0.000000 0.743963 307.000000
 76.250000 0.738196 288.027981 0.000783 0.003132 0.000000 0.000000 0.738196 306.000000
 76.500000 0.740403 287.791308 0.000000 0.000000 0.000000 0.000000 0.740403 304.000000
 76.750000 0.743401 289.069112 1.143001 4.572002 0.000000 0.000000 0.743401 302.000000
 77.000000 0.743177 287.325840 0.000000 0.000000 0.000000 0.000000 0.743177 302.000000
 77.250000 0.745402 289.233868 1.522430 6.089722 0.000000 0.000000 0.745402 303.000000
 77.500000 0.744782 288.856752 0.734023 2.936093 0.000000 0.000000 0.744782 304.000000
 77.750000 0.743867 288.599865 0.359838 1.439351 0.000000 0.000000 0.743867 300.000000
 78.000000 0.744493 288.070277 0.004939 0.019755 0.000000 0.000000 0.744493 299.000000
 78.250000 0.748084 288.227359 0.051692 0.206769 0.000000 0.000000 0.748084 298.000000
 78.500000 0.747012 289.337516 1.788950 7.155798 0.000000 0.000000 0.747012 308.000000
 78.750000 0.747119 286.768716 0.000000 0.000000 0.000000 0.000000 0.747119 302.000000
 79.000000 0.750397 287.599476 0.000000 0.000000 0.000000 0.000000 0.750397 300.000000
 79.250000 0.744699 287.576383 0.000000 0.000000 0.000000 0.000000 0.744699 303.000000
 79.500000 0.747167 290.601663 6.768649 27.074594 0.000000 0.000000 0.747167 305.000000
 79.750000 0.751268 288.305338 0.093231 0.372925 0.000000 0.000000 0.751268 301.000000
 80.000000 0.748124 287.674506 0.000000 0.000000 0.000000 0.000000 0.748124 307.000000
 80.250000 0.747898 285.318769 0.000000 0.000000 0.000000 0.000000 0.747898 295.000000
 80.500000 0.747365 287.264333 0.000000 0.000000 0.000000 0.000000 0.747365 302.000000
 80.750000 0.747741 287.830421 0.000000 0.000000 0.000000 0.000000 0.747741 302.000000
 81.000000 0.746343 288.956336 0.914579 3.658316 0.000000 0.000000 0.746343 302.000000
 81.250000 0.745013 285.160964 0.000000 0.000000 0.000000 0.000000 0.745013 303.000000
 81.500000 0.746843 289.310255 1.716768 6.867074 0.000000 0.000000 0.746843 304.000000
 81.750000 0.747232 287.155093 0.000000 0.000000 0.000000 0.000000 0.747232 298.000000
 82.000000 0.750241 290.201468 4.846460 19.385842 0.000000 0.000000 0.750241 303.000000
 82.250000 0.748998 286.995829 0.000000 0.000000 0.000000 0.000000 0.748998 299.000000
 82.500000 0.742931 289.250372 1.563430 6.253719 0.000000 0.000000 0.742931 303.000000
 82.750000 0.744150 287.934332 0.000000 0.000000 0.000000 0.000000 0.744150 300.000000
 83.000000 0.743752 288.063650 0.004051 0.016205 0.000000 0.000000 0.743752 304.000000
 83.250000 0.743032 286.052690 0.000000 0.000000 0.000000 0.000000 0.743032 302.000000
 83.500000 0.743100 287.712037 0.000000 0.000000 0.000000 0.000000 0.743100 304.000000
 83.750000 0.740562 289.699432 2.888070 11.552279 0.000000 0.000000 0.740562 308.000000
 84.000000 0.740318 288.615031 0.378263 1.513051 0.000000 0.000000 0.740318 306.000000
 84.250000 0.741385 289.367865 1.871055 7.484222 0.000000 0.000000 0.741385 304.000000
 84.500000 0.736674 285.617528 0.000000 0.000000 0.000000 0.000000 0.736674 305.000000
 84.750000 0.742847 287.604606 0.000000 0.000000 0.000000 0.000000 0.742847 304.000000
 85.000000 0.746778 289.416412 2.006224 8.024896 0.000000 0.000000 0.746778 301.000000
 85.250000 0.747055 288.047910 0.002295 0.009181 0.000000 0.000000 0.747055 301.000000
 85.500000 0.744619 288.923678 0.853181 3.412723 0.000000 0.000000 0.744619 305.000000
 85.750000 0.740998 283.686701 0.000000 0.000000 0.000000 0.000000 0.740998 302.000000
 86.000000 0.745549 287.184829 0.000000 0.000000 0.000000 0.000000 0.745549 298.000000
 86.250000 0.734590 285.204697 0.000000 0.000000 0.000000 0.000000 0.734590 305.000000
 86.500000 0.739619 288.682621 0.465972 1.863887 0.000000 0.000000 0.739619 307.000000
 86.750000 0.738925 286.982450 0.000000 0.000000 0.000000 0.000000 0.738925 301.000000
 87.000000 0.743391 285.579577 0.000000 0.000000 0.000000 0.000000 0.743391 298.000000
 87.250000 0.737736 284.311982 0.000000 0.000000 0.000000 0.000000 0.737736 302.000000
 87.500000 0.738934 283.762175 0.000000 0.000000 0.000000 0.000000 0.738934 302.000000
 87.750000 0.745876 291.420421 11.699279 46.797116 0.000000 0.000000 0.745876 313.000000
 88.000000 0.744787 287.732993 0.000000 0.000000 0.000000 0.000000 0.744787 301.000000
 88.250000 0.750701 291.378100 11.411560 45.646240 0.000000 0.000000 0.750701 301.000000
 88.500000 0.736087 281.372207 0.000000 0.000000 0.000000 0.000000 0.736087 301.000000
 88.750000 0.744499 286.431955 0.000000 0.000000 0.000000 0.000000 0.744499 302.000000
 89.000000 0.747817 290.438837 5.947927 23.791709 0.000000 0.000000 0.747817 306.000000
 89.250000 0.745884 285.822016 0.000000 0.000000 0.000000 0.000000 0.745884 298.000000
 89.500000 0.743858 284.891552 0.000000 0.000000 0.000000 0.000000 0.743858 300.000000
 89.750000 0.745316 286.209026 0.000000 0.000000 0.000000 0.000000 0.745316 300.000000
 90.000000 0.745415 287.361532 0.000000 0.000000 0.000000 0.000000 0.745415 300.000000
 90.250000 0.747381 288.299785 0.089871 0.359484 0.000000 0.000000 0.747381 301.000000
 90.500000 0.743194 282.813574 0.000000 0.000000 0.000000 0.000000 0.743194 298.000000
 90.750000 0.740805 284.460865 0.000000 0.000000 0.000000 0.000000 0.740805 301.000000
 91.000000 0.746123 286.268906 0.000000 0.000000 0.000000 0.000000 0.746123 299.000000
 91.250000 0.743453 285.838479 0.000000 0.000000 0.000000 0.000000 0.743453 303.000000
 91.500000 0.740865 285.233389 0.000000 0.000000 0.000000 0.000000 0.740865 303.000000
 91.750000 0.740660 283.098489 0.000000 0.000000 0.000000 0.000000 0.740660 296.000000
 92.000000 0.735380 278.923842 0.000000 0.000000 0.000000 0.000000 0.735380 296.000000
 92.250000 0.739723 281.801884 0.000000 0.000000 0.000000 0.000000 0.739723 298.961114
 92.500000 0.736918 277.812388 0.000000 0.000000 0.000000 0.000000 0.736918 291.000000
 92.750000 0.738262 282.784434 0.000000 0.000000 0.000000 0.000000 0.738262 296.000000
 93.000000 0.750153 287.404189 0.000000 0.000000 0.000000 0.000000 0.750153 304.000000
 93.250000 0.744453 284.075257 0.000000 0.000000 0.000000 0.000000 0.744453 299.000000
 93.500000 0.737353 277.692433 0.000000 0.000000 0.000000 0.000000 0.737353 293.000000
 93.750000 0.743258 282.420332 0.000000 0.000000 0.000000 0.000000 0.743258 297.000000
 94.000000 0.741863 281.695917 0.000000 0.000000 0.000000 0.000000 0.741863 297.000000
 94.250000 0.741012 281.916402 0.000000 0.000000 0.000000 0.000000 0.741012 295.000000
 94.500000 0.747565 288.469990 0.220891 0.883563 0.000000 0.000000 0.747565 302.000000
 94.750000 0.739150 280.087067 0.000000 0.000000 0.000000 0.000000 0.739150 297.000000
 95.000000 0.740253 282.300602 0.000000 0.000000 0.000000 0.000000 0.740253 300.000000
 95.250000 0.732310 276.896382 0.000000 0.000000 0.000000 0.000000 0.732310 294.000000
 95.500000 0.735633 276.744662 0.000000 0.000000 0.000000 0.000000 0.735633 292.000000
 95.750000 0.733219 272.165709 0.000000 0.000000 0.000000 0.000000 0.733219 285.000000
 96.000000 0.745463 283.424782 0.000000 0.000000 0.000000 0.000000 0.745463 294.000000
 96.250000 0.737806 273.632302 0.000000 0.000000 0.000000 0.000000 0.737806 290.000000
 96.500000 0.732719 271.357455 0.000000 0.000000 0.000000 0.000000 0.732719 285.000000
 96.750000 0.736394 273.738672 0.000000 0.000000 0.000000 0.000000 0.736394 291.000000
 97.000000 0.738469 273.613717 0.000000 0.000000 0.000000 0.000000 0.738469 290.000000
 97.250000 0.732282 269.045582 0.000000 0.000000 0.000000 0.000000 0.732282 286.000000
 97.500000 0.735619 271.629451 0.000000 0.000000 0.000000 0.000000 0.735619 284.000000
 97.750000 0.734983 272.258480 0.000000 0.000000 0.000000 0.000000 0.734983 289.000000
 98.000000 0.729821 267.985244 0.000000 0.000000 0.000000 0.000000 0.729821 281.000000
 98.250000 0.734693 273.418438 0.000000 0.000000 0.000000 0.000000 0.734693 291.000000
 98.500000 0.731203 270.645161 0.000000 0.000000 0.000000 0.000000 0.731203 284.000000
 98.750000 0.732635 270.068222 0.000000 0.000000 0.000000 0.000000 0.732635 283.000000
 99.000000 0.726775 265.240035 0.000000 0.000000 0.000000 0.000000 0.726775 282.000000
 99.250000 0.733126 268.382824 0.000000 0.000000 0.000000 0.000000 0.733126 277.000000
 99.500000 0.737831 272.123964 0.000000 0.000000 0.000000 0.000000 0.737831 284.000000
 99.750000 0.725218 257.323561 0.000000 0.000000 0.000000 0.000000 0.725218 271.000000
 100.000000 0.729499 261.449345 0.000000 0.000000 0.000000 0.000000 0.729499 271.000000
 100.250000 0.733131 267.223479 0.000000 0.000000 0.000000 0.000000 0.733131 279.000000
