#! FIELDS time refcv.mean refcv.morethan uwall.bias uwall.force2 lwall.bias lwall.force2 refcv2.mean refcv2.morethan
 0.750000 0.868480 377.499575 0.000000 0.000000 0.000000 0.000000 0.914328 410.000000
 1.000000 0.865608 369.486252 0.000000 0.000000 0.000000 0.000000 0.913020 411.000000
 1.250000 0.868280 377.645021 0.000000 0.000000 0.000000 0.000000 0.915076 420.000000
 1.500000 0.860207 366.892263 0.000000 0.000000 0.000000 0.000000 0.906424 402.000000
 1.750000 0.850845 358.785783 0.000000 0.000000 0.000000 0.000000 0.897538 400.000000
 2.000000 0.854379 365.628638 0.000000 0.000000 0.000000 0.000000 0.900643 401.000000
 2.250000 0.857597 369.491014 0.000000 0.000000 0.000000 0.000000 0.903791 406.000000
 2.500000 0.857325 363.411926 0.000000 0.000000 0.000000 0.000000 0.903894 403.000000
 2.750000 0.857406 367.391137 0.000000 0.000000 0.000000 0.000000 0.904126 407.000000
 3.000000 0.848954 352.384585 0.000000 0.000000 0.000000 0.000000 0.896352 399.000000
 3.250000 0.849793 354.392537 0.000000 0.000000 0.000000 0.000000 0.896597 392.000000
 3.500000 0.850753 354.523467 0.000000 0.000000 0.000000 0.000000 0.897410 395.000000
 3.750000 0.859312 367.408096 0.000000 0.000000 0.000000 0.000000 0.905699 406.000000
 4.000000 0.858043 368.867107 0.000000 0.000000 0.000000 0.000000 0.904620 411.000000
 4.250000 0.860344 369.342526 0.000000 0.000000 0.000000 0.000000 0.906306 407.000000
 4.500000 0.859012 366.571835 0.000000 0.000000 0.000000 0.000000 0.905649 407.000000
 4.750000 0.858102 365.035933 0.000000 0.000000 0.000000 0.000000 0.905270 405.000000
 5.000000 0.855119 365.642034 0.000000 0.000000 0.000000 0.000000 0.901751 408.663305
 5.250000 0.850666 362.532785 0.000000 0.000000 0.000000 0.000000 0.896791 403.000000
 5.500000 0.856026 368.606751 0.000000 0.000000 0.000000 0.000000 0.902088 407.000000
 5.750000 0.862099 380.050883 0.000000 0.000000 0.000000 0.000000 0.908026 416.000000
 6.000000 0.858704 369.473252 0.000000 0.000000 0.000000 0.000000 0.904899 401.000000
 6.250000 0.858625 367.664979 0.000000 0.000000 0.000000 0.000000 0.905128 413.000000
 6.500000 0.852358 355.456783 0.000000 0.000000 0.000000 0.000000 0.899567 396.000000
 6.750000 0.855985 363.305764 0.000000 0.000000 0.000000 0.000000 0.902813 402.000000
 7.000000 0.853121 360.575520 0.000000 0.000000 0.000000 0.000000 0.900316 396.000000
 7.250000 0.857684 364.617636 0.000000 0.000000 0.000000 0.000000 0.904236 401.000000
 7.500000 0.850705 366.910043 0.000000 0.000000 0.000000 0.000000 0.897059 416.000000
 7.750000 0.856666 371.328491 0.000000 0.000000 0.000000 0.000000 0.902608 409.000000
 8.000000 0.861608 372.584789 0.000000 0.000000 0.000000 0.000000 0.907689 403.000000
 8.250000 0.854898 362.665584 0.000000 0.000000 0.000000 0.000000 0.901948 405.000000
 8.500000 0.850871 359.612932 0.000000 0.000000 0.000000 0.000000 0.897527 401.000000
 8.750000 0.853037 361.455452 0.000000 0.000000 0.000000 0.000000 0.899873 404.000000
 9.000000 0.858557 361.098695 0.000000 0.000000 0.000000 0.000000 0.905123 390.000000
 9.250000 0.853979 360.549363 0.000000 0.000000 0.000000 0.000000 0.900600 394.000000
 9.500000 0.856443 365.230340 0.000000 0.000000 0.000000 0.000000 0.902486 400.000000
 9.750000 0.853087 360.397745 0.000000 0.000000 0.000000 0.000000 0.899870 393.000000
 10.000000 0.854678 360.208529 0.000000 0.000000 0.000000 0.000000 0.901474 395.000000
 10.250000 0.847576 356.364366 0.000000 0.000000 0.000000 0.000000 0.894792 397.000000
 10.500000 0.847780 356.021313 0.000000 0.000000 0.000000 0.000000 0.894571 397.000000
 10.750000 0.849883 354.841215 0.000000 0.000000 0.000000 0.000000 0.896584 390.000000
 11.000000 0.854661 363.277275 0.000000 0.000000 0.000000 0.000000 0.901440 400.000000
 11.250000 0.854260 357.707346 0.000000 0.000000 0.000000 0.000000 0.900949 392.000000
 11.500000 0.849240 354.377053 0.000000 0.000000 0.000000 0.000000 0.895908 391.000000
 11.750000 0.844464 347.715608 0.000000 0.000000 0.000000 0.000000 0.891597 386.000000
 12.000000 0.845995 345.872756 0.000000 0.000000 0.000000 0.000000 0.892616 379.000000
 12.250000 0.846946 345.084035 0.000000 0.000000 0.000000 0.000000 0.893597 385.000000
 12.500000 0.843727 340.151602 0.000000 0.000000 0.000000 0.000000 0.890670 380.000000
 12.750000 0.841057 334.958401 0.000000 0.000000 1.084928 4.339711 0.888834 379.000000
 13.000000 0.851580 345.231282 0.000000 0.000000 0.000000 0.000000 0.899316 381.000000
 13.250000 0.843351 340.468988 0.000000 0.000000 0.000000 0.000000 0.891193 380.000000
 13.500000 0.840118 336.030503 0.000000 0.000000 0.000000 0.000000 0.887008 375.000000
 13.750000 0.840149 339.178295 0.000000 0.000000 0.000000 0.000000 0.887402 383.000000
 14.000000 0.848806 349.024629 0.000000 0.000000 0.000000 0.000000 0.896147 383.000000
 14.250000 0.845965 342.750416 0.000000 0.000000 0.000000 0.000000 0.893287 385.000000
 14.500000 0.842555 339.560418 0.000000 0.000000 0.000000 0.000000 0.889993 385.000000
 14.750000 0.842768 335.870026 0.000000 0.000000 0.016893 0.067573 0.890218 368.000000
 15.000000 0.842714 345.056963 0.000000 0.000000 0.000000 0.000000 0.890259 387.000000
 15.250000 0.836587 335.032682 0.000000 0.000000 0.935704 3.742818 0.884103 384.000000
 15.500000 0.840319 340.859458 0.000000 0.000000 0.000000 0.000000 0.886890 379.000000
 15.750000 0.837084 337.562036 0.000000 0.000000 0.000000 0.000000 0.884444 379.000000
 16.000000 0.844583 347.923021 0.000000 0.000000 0.000000 0.000000 0.891151 383.000000
 16.250000 0.836956 340.283069 0.000000 0.000000 0.000000 0.000000 0.883754 378.000000
 16.500000 0.841022 337.712071 0.000000 0.000000 0.000000 0.000000 0.887665 371.000000
 16.750000 0.847424 339.675750 0.000000 0.000000 0.000000 0.000000 0.894642 373.000000
 17.000000 0.844635 337.384427 0.000000 0.000000 0.000000 0.000000 0.892291 373.000000
 17.250000 0.844126 341.569984 0.000000 0.000000 0.000000 0.000000 0.891133 380.000000
 17.500000 0.844295 340.725760 0.000000 0.000000 0.000000 0.000000 0.891318 373.000000
 17.750000 0.841309 336.685266 0.000000 0.000000 0.000000 0.000000 0.888323 366.000000
 18.000000 0.841804 338.917455 0.000000 0.000000 0.000000 0.000000 0.889002 374.000000
 18.250000 0.844433 335.454355 0.000000 0.000000 0.297729 1.190914 0.891621 365.000000
 18.500000 0.851332 347.094236 0.000000 0.000000 0.000000 0.000000 0.898719 384.000000
 18.750000 0.848494 345.604093 0.000000 0.000000 0.000000 0.000000 0.895527 376.000000
 19.000000 0.844125 338.729789 0.000000 0.000000 0.000000 0.000000 0.891040 374.000000
 19.250000 0.839298 334.618740 0.000000 0.000000 1.907879 7.631514 0.886515 366.000000
 19.500000 0.842859 337.439491 0.000000 0.000000 0.000000 0.000000 0.889604 376.000000
 19.750000 0.841870 342.503428 0.000000 0.000000 0.000000 0.000000 0.889105 379.000000
 20.000000 0.839813 336.311808 0.000000 0.000000 0.000000 0.000000 0.887156 379.000000
 20.250000 0.844114 342.957175 0.000000 0.000000 0.000000 0.000000 0.890347 374.000000
 20.500000 0.836111 338.638492 0.000000 0.000000 0.000000 0.000000 0.882995 371.000000
 20.750000 0.842154 340.363995 0.000000 0.000000 0.000000 0.000000 0.889056 372.000000
 21.000000 0.842291 343.359570 0.000000 0.000000 0.000000 0.000000 0.889484 377.000000
 21.250000 0.843780 338.855574 0.000000 0.000000 0.000000 0.000000 0.890660 374.000000
 21.500000 0.846322 338.376521 0.000000 0.000000 0.000000 0.000000 0.894199 372.000000
 21.750000 0.840832 335.601407 0.000000 0.000000 0.158876 0.635505 0.889641 374.000000
 22.000000 0.841250 335.041592 0.000000 0.000000 0.918547 3.674187 0.888492 376.000000
 22.250000 0.844993 343.336085 0.000000 0.000000 0.000000 0.000000 0.891666 388.000000
 22.500000 0.843525 341.578291 0.000000 0.000000 0.000000 0.000000 0.890786 382.000000
 22.750000 0.842980 343.730807 0.000000 0.000000 0.000000 0.000000 0.890238 383.000000
 23.000000 0.843852 341.784848 0.000000 0.000000 0.000000 0.000000 0.890769 376.000000
 23.250000 0.848269 350.814781 0.000000 0.000000 0.000000 0.000000 0.895080 387.000000
 23.500000 0.840841 340.461101 0.000000 0.000000 0.000000 0.000000 0.888551 384.000000
 23.750000 0.842339 339.698055 0.000000 0.000000 0.000000 0.000000 0.889601 379.000000
 24.000000 0.843392 337.724503 0.000000 0.000000 0.000000 0.000000 0.890874 369.000000
 24.250000 0.847423 344.544077 0.000000 0.000000 0.000000 0.000000 0.894933 383.000000
 24.500000 0.849102 347.267202 0.000000 0.000000 0.000000 0.000000 0.895948 379.000000
 24.750000 0.845692 346.098411 0.000000 0.000000 0.000000 0.000000 0.892438 386.000000
 25.000000 0.844507 343.559084 0.000000 0.000000 0.000000 0.000000 0.891304 381.000000
 25.250000 0.841982 343.768809 0.000000 0.000000 0.000000 0.000000 0.889263 383.000000
 25.500000 0.847764 348.683449 0.000000 0.000000 0.000000 0.000000 0.894696 393.000000
 25.750000 0.846479 346.449928 0.000000 0.000000 0.000000 0.000000 0.894241 385.000000
 26.000000 0.851139 351.079306 0.000000 0.000000 0.000000 0.000000 0.898219 395.000000
 26.250000 0.850918 353.076523 0.000000 0.000000 0.000000 0.000000 0.897899 382.000000
 26.500000 0.845930 338.420125 0.000000 0.000000 0.000000 0.000000 0.893394 375.000000
 26.750000 0.845023 340.099055 0.000000 0.000000 0.000000 0.000000 0.891876 375.000000
 27.000000 0.841994 342.143397 0.000000 0.000000 0.000000 0.000000 0.888918 385.000000
 27.250000 0.845300 346.117409 0.000000 0.000000 0.000000 0.000000 0.892409 385.000000
 27.500000 0.846123 343.155082 0.000000 0.000000 0.000000 0.000000 0.893547 375.000000
 27.750000 0.845511 340.846457 0.000000 0.000000 0.000000 0.000000 0.892586 379.000000
 28.000000 0.843525 341.249663 0.000000 0.000000 0.000000 0.000000 0.890233 375.000000
 28.250000 0.841069 340.752224 0.000000 0.000000 0.000000 0.000000 0.888404 377.000000
 28.500000 0.842876 340.122756 0.000000 0.000000 0.000000 0.000000 0.890371 381.000000
 28.750000 0.846630 342.118242 0.000000 0.000000 0.000000 0.000000 0.894115 378.000000
 29.000000 0.844345 338.225767 0.000000 0.000000 0.000000 0.000000 0.891919 377.000000
 29.250000 0.848274 340.546430 0.000000 0.000000 0.000000 0.000000 0.896003 379.000000
 29.500000 0.844303 338.037020 0.000000 0.000000 0.000000 0.000000 0.891658 379.000000
 29.750000 0.838419 337.028538 0.000000 0.000000 0.000000 0.000000 0.885161 374.000000
 30.000000 0.838264 338.662488 0.000000 0.000000 0.000000 0.000000 0.885295 377.000000
 30.250000 0.840289 335.452344 0.000000 0.000000 0.299927 1.199710 0.887631 381.000000
 30.500000 0.839463 335.031373 0.000000 0.000000 0.938237 3.752950 0.886863 368.000000
 30.750000 0.846481 345.051074 0.000000 0.000000 0.000000 0.000000 0.893487 379.000000
 31.000000 0.847046 342.006075 0.000000 0.000000 0.000000 0.000000 0.894379 382.000000
 31.250000 0.842300 339.779583 0.000000 0.000000 0.000000 0.000000 0.889895 379.000000
 31.500000 0.839536 336.136410 0.000000 0.000000 0.000000 0.000000 0.886658 383.000000
 31.750000 0.844103 341.001387 0.000000 0.000000 0.000000 0.000000 0.891626 387.000000
 32.000000 0.842455 339.101951 0.000000 0.000000 0.000000 0.000000 0.891063 387.000000
 32.250000 0.843261 339.556372 0.000000 0.000000 0.000000 0.000000 0.891507 384.000000
 32.500000 0.837890 334.600363 0.000000 0.000000 1.958982 7.835930 0.885940 383.000000
 32.750000 0.845709 343.320639 0.000000 0.000000 0.000000 0.000000 0.893090 381.000000
 33.000000 0.844272 341.835204 0.000000 0.000000 0.000000 0.000000 0.891893 387.000000
 33.250000 0.841576 340.095540 0.000000 0.000000 0.000000 0.000000 0.889101 384.000000
 33.500000 0.842892 334.731803 0.000000 0.000000 1.608323 6.433292 0.890335 373.000000
 33.750000 0.841995 342.440482 0.000000 0.000000 0.000000 0.000000 0.889697 384.000000
 34.000000 0.844244 334.073059 0.000000 0.000000 3.713100 14.852402 0.891831 372.000000
 34.250000 0.850306 348.819297 0.000000 0.000000 0.000000 0.000000 0.897838 393.000000
 34.500000 0.846854 338.708048 0.000000 0.000000 0.000000 0.000000 0.894392 385.000000
 34.750000 0.843780 339.357327 0.000000 0.000000 0.000000 0.000000 0.891270 380.000000
 35.000000 0.848649 350.206546 0.000000 0.000000 0.000000 0.000000 0.896347 390.000000
 35.250000 0.847343 341.497979 0.000000 0.000000 0.000000 0.000000 0.895201 380.000000
 35.500000 0.845261 341.417621 0.000000 0.000000 0.000000 0.000000 0.893023 379.000000
 35.750000 0.845787 342.251661 0.000000 0.000000 0.000000 0.000000 0.893174 384.000000
 36.000000 0.848505 350.967809 0.000000 0.000000 0.000000 0.000000 0.895839 390.000000
 36.250000 0.848875 350.764568 0.000000 0.000000 0.000000 0.000000 0.896084 381.000000
 36.500000 0.846613 350.540703 0.000000 0.000000 0.000000 0.000000 0.893875 383.000000
 36.750000 0.847375 350.854468 0.000000 0.000000 0.000000 0.000000 0.894476 385.000000
 37.000000 0.846523 344.412658 0.000000 0.000000 0.000000 0.000000 0.894108 384.000000
 37.250000 0.858381 359.873642 0.000000 0.000000 0.000000 0.000000 0.905327 394.000000
 37.500000 0.854698 358.318912 0.000000 0.000000 0.000000 0.000000 0.901496 387.000000
 37.750000 0.851297 351.607282 0.000000 0.000000 0.000000 0.000000 0.897465 390.000000
 38.000000 0.851918 356.950203 0.000000 0.000000 0.000000 0.000000 0.898339 393.000000
 38.250000 0.855769 358.889964 0.000000 0.000000 0.000000 0.000000 0.902534 390.000000
 38.500000 0.851983 357.164070 0.000000 0.000000 0.000000 0.000000 0.898458 389.000000
 38.750000 0.841626 340.244691 0.000000 0.000000 0.000000 0.000000 0.888096 381.000000
 39.000000 0.850624 351.491616 0.000000 0.000000 0.000000 0.000000 0.896931 389.000000
 39.250000 0.849188 350.064125 0.000000 0.000000 0.000000 0.000000 0.896381 385.000000
 39.500000 0.847873 340.733296 0.000000 0.000000 0.000000 0.000000 0.894746 376.000000
 39.750000 0.841554 341.638507 0.000000 0.000000 0.000000 0.000000 0.888553 380.000000
 40.000000 0.842914 343.605699 0.000000 0.000000 0.000000 0.000000 0.889799 375.000000
 40.250000 0.842930 337.444386 0.000000 0.000000 0.000000 0.000000 0.890005 375.000000
 40.500000 0.844733 341.639677 0.000000 0.000000 0.000000 0.000000 0.891795 378.000000
 40.750000 0.847429 343.906838 0.000000 0.000000 0.000000 0.000000 0.894331 381.000000
 41.000000 0.844005 341.355950 0.000000 0.000000 0.000000 0.000000 0.891267 384.000000
 41.250000 0.844099 341.048892 0.000000 0.000000 0.000000 0.000000 0.891040 376.000000
 41.500000 0.840826 338.874165 0.000000 0.000000 0.000000 0.000000 0.887474 373.000000
 41.750000 0.844144 347.103473 0.000000 0.000000 0.000000 0.000000 0.890860 380.000000
 42.000000 0.841225 341.702681 0.000000 0.000000 0.000000 0.000000 0.888640 386.000000
 42.250000 0.844686 344.222826 0.000000 0.000000 0.000000 0.000000 0.891595 379.000000
 42.500000 0.843497 342.908323 0.000000 0.000000 0.000000 0.000000 0.889902 379.000000
 42.750000 0.845525 348.507491 0.000000 0.000000 0.000000 0.000000 0.891730 383.000000
 43.000000 0.847467 349.371966 0.000000 0.000000 0.000000 0.000000 0.894075 390.000000
 43.250000 0.850366 356.066353 0.000000 0.000000 0.000000 0.000000 0.897001 389.000000
 43.500000 0.846113 347.969506 0.000000 0.000000 0.000000 0.000000 0.893305 384.000000
 43.750000 0.847966 348.332124 0.000000 0.000000 0.000000 0.000000 0.895464 395.000000
 44.000000 0.848018 349.827127 0.000000 0.000000 0.000000 0.000000 0.895180 393.000000
 44.250000 0.846924 351.892686 0.000000 0.000000 0.000000 0.000000 0.893600 389.000000
 44.500000 0.844960 349.959958 0.000000 0.000000 0.000000 0.000000 0.891629 388.000000
 44.750000 0.847814 345.957162 0.000000 0.000000 0.000000 0.000000 0.894788 380.000000
 45.000000 0.844852 343.249351 0.000000 0.000000 0.000000 0.000000 0.892281 383.000000
 45.250000 0.842003 337.168916 0.000000 0.000000 0.000000 0.000000 0.889307 374.000000
 45.500000 0.843196 336.375695 0.000000 0.000000 0.000000 0.000000 0.890388 373.000000
 45.750000 0.841253 339.679295 0.000000 0.000000 0.000000 0.000000 0.888670 377.000000
 46.000000 0.845400 342.582018 0.000000 0.000000 0.000000 0.000000 0.892755 378.000000
 46.250000 0.845856 344.121611 0.000000 0.000000 0.000000 0.000000 0.893161 380.000000
 46.500000 0.841175 339.877968 0.000000 0.000000 0.000000 0.000000 0.888456 381.000000
 46.750000 0.835147 335.837349 0.000000 0.000000 0.026455 0.105821 0.882506 380.000000
 47.000000 0.845050 347.004467 0.000000 0.000000 0.000000 0.000000 0.891490 380.000000
 47.250000 0.837007 337.767719 0.000000 0.000000 0.000000 0.000000 0.884631 382.000000
 47.500000 0.844056 341.965500 0.000000 0.000000 0.000000 0.000000 0.891097 384.000000
 47.750000 0.851868 352.516130 0.000000 0.000000 0.000000 0.000000 0.898849 395.000000
 48.000000 0.845492 338.744394 0.000000 0.000000 0.000000 0.000000 0.893039 371.000000
 48.250000 0.843354 339.047016 0.000000 0.000000 0.000000 0.000000 0.890311 372.000000
 48.500000 0.842732 340.145705 0.000000 0.000000 0.000000 0.000000 0.889557 373.000000
 48.750000 0.844270 341.737577 0.000000 0.000000 0.000000 0.000000 0.891154 382.000000
 49.000000 0.843884 341.707595 0.000000 0.000000 0.000000 0.000000 0.891067 381.000000
 49.250000 0.846491 342.633155 0.000000 0.000000 0.000000 0.000000 0.893845 380.000000
 49.500000 0.849520 345.333410 0.000000 0.000000 0.000000 0.000000 0.897034 386.000000
 49.750000 0.849229 345.231470 0.000000 0.000000 0.000000 0.000000 0.896723 381.000000
 50.000000 0.849136 352.299760 0.000000 0.000000 0.000000 0.000000 0.895884 390.000000
 50.250000 0.847755 348.724872 0.000000 0.000000 0.000000 0.000000 0.894261 385.000000
 50.500000 0.846312 340.958853 0.000000 0.000000 0.000000 0.000000 0.893550 379.000000
 50.750000 0.851722 348.557643 0.000000 0.000000 0.000000 0.000000 0.899455 385.000000
 51.000000 0.857760 356.580594 0.000000 0.000000 0.000000 0.000000 0.904702 408.000000
 51.250000 0.853384 356.435657 0.000000 0.000000 0.000000 0.000000 0.900335 401.000000
 51.500000 0.856412 358.506005 0.000000 0.000000 0.000000 0.000000 0.903244 392.000000
 51.750000 0.857619 355.275563 0.000000 0.000000 0.000000 0.000000 0.904720 393.000000
 52.000000 0.844464 340.209011 0.000000 0.000000 0.000000 0.000000 0.891689 380.000000
 52.250000 0.854481 357.671755 0.000000 0.000000 0.000000 0.000000 0.900675 391.000000
 52.500000 0.864588 364.324939 0.000000 0.000000 0.000000 0.000000 0.911630 405.000000
 52.750000 0.861941 365.277303 0.000000 0.000000 0.000000 0.000000 0.909243 400.000000
 53.000000 0.858011 357.692323 0.000000 0.000000 0.000000 0.000000 0.904927 400.000000
 53.250000 0.852108 351.487484 0.000000 0.000000 0.000000 0.000000 0.899751 393.000000
 53.500000 0.853661 354.047644 0.000000 0.000000 0.000000 0.000000 0.901156 394.000000
 53.750000 0.854313 356.021676 0.000000 0.000000 0.000000 0.000000 0.901349 392.000000
 54.000000 0.846654 347.241533 0.000000 0.000000 0.000000 0.000000 0.894099 395.000000
 54.250000 0.848179 350.394869 0.000000 0.000000 0.000000 0.000000 0.895587 390.000000
 54.500000 0.853189 353.959046 0.000000 0.000000 0.000000 0.000000 0.900058 392.000000
 54.750000 0.856086 363.274377 0.000000 0.000000 0.000000 0.000000 0.903094 402.000000
 55.000000 0.851903 354.328975 0.000000 0.000000 0.000000 0.000000 0.899400 406.000000
 55.250000 0.852267 358.459754 0.000000 0.000000 0.000000 0.000000 0.898984 404.000000
 55.500000 0.854722 370.268279 0.000000 0.000000 0.000000 0.000000 0.901258 406.000000
 55.750000 0.853835 361.981943 0.000000 0.000000 0.000000 0.000000 0.900630 398.000000
 56.000000 0.851171 360.098153 0.000000 0.000000 0.000000 0.000000 0.897668 403.000000
 56.250000 0.852185 358.369602 0.000000 0.000000 0.000000 0.000000 0.898166 394.000000
 56.500000 0.849176 351.177528 0.000000 0.000000 0.000000 0.000000 0.896237 397.000000
 56.750000 0.858843 363.276268 0.000000 0.000000 0.000000 0.000000 0.905846 401.000000
 57.000000 0.851400 353.646968 0.000000 0.000000 0.000000 0.000000 0.898707 400.000000
 57.250000 0.852104 355.129054 0.000000 0.000000 0.000000 0.000000 0.898548 393.000000
 57.500000 0.853488 357.248743 0.000000 0.000000 0.000000 0.000000 0.900665 400.000000
 57.750000 0.859934 365.502306 0.000000 0.000000 0.000000 0.000000 0.907061 405.000000
 58.000000 0.857320 361.179029 0.000000 0.000000 0.000000 0.000000 0.904535 401.000000
 58.250000 0.850193 353.537158 0.000000 0.000000 0.000000 0.000000 0.897148 394.000000
 58.500000 0.854249 353.114277 0.000000 0.000000 0.000000 0.000000 0.901087 387.000000
 58.750000 0.856856 361.050927 0.000000 0.000000 0.000000 0.000000 0.903895 403.000000
 59.000000 0.854582 356.552462 0.000000 0.000000 0.000000 0.000000 0.901175 400.000000
 59.250000 0.850260 360.536777 0.000000 0.000000 0.000000 0.000000 0.896415 403.000000
 59.500000 0.848898 352.565658 0.000000 0.000000 0.000000 0.000000 0.895490 399.000000
 59.750000 0.855781 360.006794 0.000000 0.000000 0.000000 0.000000 0.902797 404.000000
 60.000000 0.861849 367.693791 0.000000 0.000000 0.000000 0.000000 0.908137 411.000000
 60.250000 0.851657 355.950112 0.000000 0.000000 0.000000 0.000000 0.898382 392.000000
 60.500000 0.851764 360.597445 0.000000 0.000000 0.000000 0.000000 0.898517 401.000000
 60.750000 0.855354 357.025482 0.000000 0.000000 0.000000 0.000000 0.901957 398.000000
 61.000000 0.852019 359.791720 0.000000 0.000000 0.000000 0.000000 0.898419 402.000000
 61.250000 0.850357 358.733622 0.000000 0.000000 0.000000 0.000000 0.896480 400.000000
 61.500000 0.855096 363.144614 0.000000 0.000000 0.000000 0.000000 0.901593 405.000000
 61.750000 0.858257 371.399591 0.000000 0.000000 0.000000 0.000000 0.904493 410.000000
 62.000000 0.850872 357.945050 0.000000 0.000000 0.000000 0.000000 0.897631 397.000000
 62.250000 0.852126 358.782196 0.000000 0.000000 0.000000 0.000000 0.899305 397.000000
 62.500000 0.858085 365.614474 0.000000 0.000000 0.000000 0.000000 0.905089 408.000000
 62.750000 0.857474 369.498371 0.000000 0.000000 0.000000 0.000000 0.903749 409.000000
 63.000000 0.854114 358.582107 0.000000 0.000000 0.000000 0.000000 0.900480 398.000000
 63.250000 0.848816 356.831374 0.000000 0.000000 0.000000 0.000000 0.895114 398.000000
 63.500000 0.846855 352.689570 0.000000 0.000000 0.000000 0.000000 0.893904 401.000000
 63.750000 0.854616 360.768044 0.000000 0.000000 0.000000 0.000000 0.902134 399.000000
 64.000000 0.851479 356.150790 0.000000 0.000000 0.000000 0.000000 0.898674 395.000000
 64.250000 0.845221 349.661144 0.000000 0.000000 0.000000 0.000000 0.891741 390.000000
 64.500000 0.845052 348.634783 0.000000 0.000000 0.000000 0.000000 0.891377 383.000000
 64.750000 0.848131 347.508108 0.000000 0.000000 0.000000 0.000000 0.894875 374.000000
 65.000000 0.848898 347.653476 0.000000 0.000000 0.000000 0.000000 0.895591 377.000000
 65.250000 0.847032 350.944066 0.000000 0.000000 0.000000 0.000000 0.893678 382.000000
 65.500000 0.850287 349.129602 0.000000 0.000000 0.000000 0.000000 0.897067 385.000000
 65.750000 0.852996 352.750597 0.000000 0.000000 0.000000 0.000000 0.899803 387.000000
 66.000000 0.855523 359.539830 0.000000 0.000000 0.000000 0.000000 0.902054 390.000000
 66.250000 0.853497 352.632333 0.000000 0.000000 0.000000 0.000000 0.899691 384.000000
 66.500000 0.848889 357.290861 0.000000 0.000000 0.000000 0.000000 0.894606 391.000000
 66.750000 0.845108 348.796023 0.000000 0.000000 0.000000 0.000000 0.891437 385.000000
 67.000000 0.843244 350.015257 0.000000 0.000000 0.000000 0.000000 0.890148 387.000000
 67.250000 0.851350 357.102266 0.000000 0.000000 0.000000 0.000000 0.897200 390.000000
 67.500000 0.845928 348.594421 0.000000 0.000000 0.000000 0.000000 0.892883 388.000000
 67.750000 0.844818 343.661521 0.000000 0.000000 0.000000 0.000000 0.892147 387.000000
 68.000000 0.845462 344.612614 0.000000 0.000000 0.000000 0.000000 0.892730 388.000000
 68.250000 0.846892 352.095971 0.000000 0.000000 0.000000 0.000000 0.893330 388.000000
 68.500000 0.840691 347.946939 0.000000 0.000000 0.000000 0.000000 0.887520 382.000000
 68.750000 0.845653 350.681769 0.000000 0.000000 0.000000 0.000000 0.892233 388.000000
 69.000000 0.848662 352.860936 0.000000 0.000000 0.000000 0.000000 0.895336 393.000000
 69.250000 0.849638 355.437620 0.000000 0.000000 0.000000 0.000000 0.896537 392.000000
 69.500000 0.845936 351.739579 0.000000 0.000000 0.000000 0.000000 0.892967 393.000000
 69.750000 0.844445 353.367831 0.000000 0.000000 0.000000 0.000000 0.891220 387.000000
 70.000000 0.841401 350.297258 0.000000 0.000000 0.000000 0.000000 0.887926 384.000000
 70.250000 0.844311 345.805587 0.000000 0.000000 0.000000 0.000000 0.891030 385.000000
 70.500000 0.846460 348.173161 0.000000 0.000000 0.000000 0.000000 0.893015 380.000000
 70.750000 0.852204 358.486075 0.000000 0.000000 0.000000 0.000000 0.898391 392.000000
 71.000000 0.856350 360.930073 0.000000 0.000000 0.000000 0.000000 0.902965 394.000000
 71.250000 0.854341 358.721828 0.000000 0.000000 0.000000 0.000000 0.900903 391.000000
 71.500000 0.856813 366.120734 0.000000 0.000000 0.000000 0.000000 0.902593 404.000000
 71.750000 0.854958 360.149217 0.000000 0.000000 0.000000 0.000000 0.901344 402.000000
 72.000000 0.856322 365.719298 0.000000 0.000000 0.000000 0.000000 0.902732 405.000000
 72.250000 0.855191 368.352325 0.000000 0.000000 0.000000 0.000000 0.900967 401.000000
 72.500000 0.851142 360.164400 0.000000 0.000000 0.000000 0.000000 0.896886 400.000000
 72.750000 0.850960 362.123618 0.000000 0.000000 0.000000 0.000000 0.897268 399.000000
 73.000000 0.859093 371.164285 0.000000 0.000000 0.000000 0.000000 0.905218 412.000000
 73.250000 0.855672 367.569393 0.000000 0.000000 0.000000 0.000000 0.902191 410.000000
 73.500000 0.858531 369.450800 0.000000 0.000000 0.000000 0.000000 0.904818 409.000000
 73.750000 0.861539 374.811746 0.000000 0.000000 0.000000 0.000000 0.907434 414.000000
 74.000000 0.859617 371.044523 0.000000 0.000000 0.000000 0.000000 0.905715 416.000000
 74.250000 0.852921 360.531294 0.000000 0.000000 0.000000 0.000000 0.899312 403.000000
 74.500000 0.853445 361.537755 0.000000 0.000000 0.000000 0.000000 0.899324 403.000000
 74.750000 0.853732 364.935768 0.000000 0.000000 0.000000 0.000000 0.899499 396.000000
 75.000000 0.854957 367.060958 0.000000 0.000000 0.000000 0.000000 0.901143 407.722587
 75.250000 0.856570 365.835535 0.000000 0.000000 0.000000 0.000000 0.902614 398.000000
 75.500000 0.855185 367.871194 0.000000 0.000000 0.000000 0.000000 0.900767 408.000000
 75.750000 0.852995 362.437547 0.000000 0.000000 0.000000 0.000000 0.899388 398.000000
 76.000000 0.856793 369.598979 0.000000 0.000000 0.000000 0.000000 0.903480 406.000000
 76.250000 0.853058 363.789809 0.000000 0.000000 0.000000 0.000000 0.899869 408.000000
 76.500000 0.857755 373.286648 0.000000 0.000000 0.000000 0.000000 0.903427 409.000000
 76.750000 0.856596 375.437130 0.000000 0.000000 0.000000 0.000000 0.902870 419.000000
 77.000000 0.855629 374.096614 0.000000 0.000000 0.000000 0.000000 0.902195 421.000000
 77.250000 0.848096 354.397415 0.000000 0.000000 0.000000 0.000000 0.895014 398.000000
 77.500000 0.851566 363.987668 0.000000 0.000000 0.000000 0.000000 0.897659 409.000000
 77.750000 0.853380 368.732910 0.000000 0.000000 0.000000 0.000000 0.899997 411.000000
 78.000000 0.856862 369.063457 0.000000 0.000000 0.000000 0.000000 0.903618 414.000000
 78.250000 0.853436 369.642497 0.000000 0.000000 0.000000 0.000000 0.898949 416.000000
 78.500000 0.849736 369.512092 0.000000 0.000000 0.000000 0.000000 0.895331 417.000000
 78.750000 0.851278 363.466326 0.000000 0.000000 0.000000 0.000000 0.897485 405.000000
 79.000000 0.858459 374.559934 0.000000 0.000000 0.000000 0.000000 0.904703 413.000000
 79.250000 0.857170 369.379374 0.000000 0.000000 0.000000 0.000000 0.903875 408.000000
 79.500000 0.850168 358.969558 0.000000 0.000000 0.000000 0.000000 0.897083 402.000000
 79.750000 0.849228 360.030915 0.000000 0.000000 0.000000 0.000000 0.895409 402.000000
 80.000000 0.852964 360.957282 0.000000 0.000000 0.000000 0.000000 0.899313 393.000000
 80.250000 0.859103 365.916705 0.000000 0.000000 0.000000 0.000000 0.905912 400.000000
 80.500000 0.856398 363.846934 0.000000 0.000000 0.000000 0.000000 0.902996 400.000000
 80.750000 0.845702 352.321113 0.000000 0.000000 0.000000 0.000000 0.892423 395.000000
 81.000000 0.848892 359.631404 0.000000 0.000000 0.000000 0.000000 0.895279 396.000000
 81.250000 0.846977 352.877849 0.000000 0.000000 0.000000 0.000000 0.893670 399.000000
 81.500000 0.846219 352.392431 0.000000 0.000000 0.000000 0.000000 0.892690 393.000000
 81.750000 0.847536 348.124043 0.000000 0.000000 0.000000 0.000000 0.895003 389.000000
 82.000000 0.853009 352.195473 0.000000 0.000000 0.000000 0.000000 0.900401 388.000000
 82.250000 0.854513 357.408438 0.000000 0.000000 0.000000 0.000000 0.901012 394.000000
 82.500000 0.847675 350.057129 0.000000 0.000000 0.000000 0.000000 0.894594 383.000000
 82.750000 0.853021 353.807470 0.000000 0.000000 0.000000 0.000000 0.900018 401.000000
 83.000000 0.858085 360.305292 0.000000 0.000000 0.000000 0.000000 0.904846 395.000000
 83.250000 0.849104 350.058656 0.000000 0.000000 0.000000 0.000000 0.896369 390.000000
 83.500000 0.851974 357.901052 0.000000 0.000000 0.000000 0.000000 0.898664 407.000000
 83.750000 0.849985 354.795775 0.000000 0.000000 0.000000 0.000000 0.896699 392.000000
 84.000000 0.853252 355.163910 0.000000 0.000000 0.000000 0.000000 0.900180 395.000000
 84.250000 0.856549 360.985030 0.000000 0.000000 0.000000 0.000000 0.903497 399.000000
 84.500000 0.854639 363.742310 0.000000 0.000000 0.000000 0.000000 0.900688 399.000000
 84.750000 0.846969 349.653924 0.000000 0.000000 0.000000 0.000000 0.893242 387.000000
 85.000000 0.854081 358.519371 0.000000 0.000000 0.000000 0.000000 0.900705 401.000000
 85.250000 0.856214 364.503296 0.000000 0.000000 0.000000 0.000000 0.902819 401.000000
 85.500000 0.853728 358.238727 0.000000 0.000000 0.000000 0.000000 0.900267 401.000000
 85.750000 0.852281 355.701443 0.000000 0.000000 0.000000 0.000000 0.899126 393.000000
 86.000000 0.856234 363.178751 0.000000 0.000000 0.000000 0.000000 0.902838 405.000000
 86.250000 0.848063 352.168413 0.000000 0.000000 0.000000 0.000000 0.895400 384.000000
 86.500000 0.851710 362.225653 0.000000 0.000000 0.000000 0.000000 0.897826 398.000000
 86.750000 0.843406 343.123000 0.000000 0.000000 0.000000 0.000000 0.890197 381.000000
 87.000000 0.846377 346.991687 0.000000 0.000000 0.000000 0.000000 0.893377 389.000000
 87.250000 0.849367 350.798716 0.000000 0.000000 0.000000 0.000000 0.896771 395.000000
 87.500000 0.851319 355.783025 0.000000 0.000000 0.000000 0.000000 0.898407 396.000000
 87.750000 0.851424 358.298523 0.000000 0.000000 0.000000 0.000000 0.897673 396.000000
 88.000000 0.845354 344.224627 0.000000 0.000000 0.000000 0.000000 0.892245 386.000000
 88.250000 0.849839 353.239306 0.000000 0.000000 0.000000 0.000000 0.897000 402.000000
 88.500000 0.849071 354.252050 0.000000 0.000000 0.000000 0.000000 0.896495 395.000000
 88.750000 0.847025 347.681247 0.000000 0.000000 0.000000 0.000000 0.894165 390.000000
 89.000000 0.847809 347.971621 0.000000 0.000000 0.000000 0.000000 0.895123 390.000000
 89.250000 0.848765 353.557067 0.000000 0.000000 0.000000 0.000000 0.896342 398.000000
 89.500000 0.848580 349.404596 0.000000 0.000000 0.000000 0.000000 0.895805 397.000000
 89.750000 0.846227 346.973485 0.000000 0.000000 0.000000 0.000000 0.893445 390.000000
 90.000000 0.841980 339.029116 0.000000 0.000000 0.000000 0.000000 0.889315 382.000000
 90.250000 0.842572 337.816330 0.000000 0.000000 0.000000 0.000000 0.889860 382.000000
 90.500000 0.847180 345.302110 0.000000 0.000000 0.000000 0.000000 0.894089 382.000000
 90.750000 0.845850 344.332989 0.000000 0.000000 0.000000 0.000000 0.892927 381.000000
 91.000000 0.847214 346.632924 0.000000 0.000000 0.000000 0.000000 0.893862 394.000000
 91.250000 0.847107 352.381102 0.000000 0.000000 0.000000 0.000000 0.893967 396.000000
 91.500000 0.843254 343.791745 0.000000 0.000000 0.000000 0.000000 0.890109 388.000000
 91.750000 0.848769 347.990158 0.000000 0.000000 0.000000 0.000000 0.895167 384.000000
 92.000000 0.850048 352.188848 0.000000 0.000000 0.000000 0.000000 0.896976 396.000000
 92.250000 0.854229 361.319227 0.000000 0.000000 0.000000 0.000000 0.901387 404.000000
 92.500000 0.852448 354.835688 0.000000 0.000000 0.000000 0.000000 0.899071 389.000000
 92.750000 0.846893 352.303425 0.000000 0.000000 0.000000 0.000000 0.893304 385.000000
 93.000000 0.848631 355.723603 0.000000 0.000000 0.000000 0.000000 0.894820 394.000000
 93.250000 0.855083 366.446332 0.000000 0.000000 0.000000 0.000000 0.901321 401.002496
 93.500000 0.857009 361.905126 0.000000 0.000000 0.000000 0.000000 0.903614 401.000000
 93.750000 0.856922 362.439212 0.000000 0.000000 0.000000 0.000000 0.903258 392.000000
 94.000000 0.847063 349.745342 0.000000 0.000000 0.000000 0.000000 0.893941 395.000000
 94.250000 0.852333 359.131364 0.000000 0.000000 0.000000 0.000000 0.899050 401.000000
 94.500000 0.863498 372.462675 0.000000 0.000000 0.000000 0.000000 0.910209 411.000000
 94.750000 0.859045 368.972693 0.000000 0.000000 0.000000 0.000000 0.905393 405.000000
 95.000000 0.851636 359.037281 0.000000 0.000000 0.000000 0.000000 0.897703 396.000000
 95.250000 0.856597 361.363960 0.000000 0.000000 0.000000 0.000000 0.902867 401.000000
 95.500000 0.854941 368.536942 0.000000 0.000000 0.000000 0.000000 0.901852 407.000000
 95.750000 0.858201 369.309887 0.000000 0.000000 0.000000 0.000000 0.904333 397.000000
 96.000000 0.854899 371.179390 0.000000 0.000000 0.000000 0.000000 0.900631 414.000000
 96.250000 0.857508 373.703928 0.000000 0.000000 0.000000 0.000000 0.903888 414.000000
 96.500000 0.858719 369.531000 0.000000 0.000000 0.000000 0.000000 0.905817 404.000000
 96.750000 0.867344 383.659847 0.000000 0.000000 0.000000 0.000000 0.913168 420.000000
 97.000000 0.863878 376.781229 0.000000 0.000000 0.000000 0.000000 0.909881 417.000000
 97.250000 0.860444 374.409164 0.000000 0.000000 0.000000 0.000000 0.906863 410.000000
 97.500000 0.857295 362.420725 0.000000 0.000000 0.000000 0.000000 0.904005 407.000000
 97.750000 0.861481 377.723103 0.000000 0.000000 0.000000 0.000000 0.906969 411.000000
 98.000000 0.860802 379.017728 0.000000 0.000000 0.000000 0.000000 0.906316 418.000000
 98.250000 0.864104 383.156875 0.000000 0.000000 0.000000 0.000000 0.910093 421.000000
 98.500000 0.864368 379.726698 0.000000 0.000000 0.000000 0.000000 0.910468 416.000000
 98.750000 0.859701 373.619116 0.000000 0.000000 0.000000 0.000000 0.905794 408.000000
 99.000000 0.854330 366.986664 0.000000 0.000000 0.000000 0.000000 0.900478 402.000000
 99.250000 0.853642 365.438909 0.000000 0.000000 0.000000 0.000000 0.899934 400.000000
 99.500000 0.861935 379.018482 0.000000 0.000000 0.000000 0.000000 0.908137 413.000000
 99.750000 0.858442 368.912908 0.000000 0.000000 0.000000 0.000000 0.904833 408.000000
 100.000000 0.858217 366.252529 0.000000 0.000000 0.000000 0.000000 0.904123 406.000000
 100.250000 0.852618 358.783928 0.000000 0.000000 0.000000 0.000000 0.899567 405.000000
 100.500000 0.854169 363.957961 0.000000 0.000000 0.000000 0.000000 0.901546 408.000000
