#! FIELDS time refcv.mean refcv.morethan uwall.bias uwall.force2 lwall.bias lwall.force2 refcv2.mean refcv2.morethan
 0.750000 0.739227 277.069503 0.000000 0.000000 0.000000 0.000000 0.739227 285.000000
 1.000000 0.735066 275.224241 0.000000 0.000000 0.000000 0.000000 0.735066 287.000000
 1.250000 0.722901 269.753814 0.000000 0.000000 0.000000 0.000000 0.722901 283.000000
 1.500000 0.714355 261.998901 0.000000 0.000000 0.000000 0.000000 0.714355 281.000000
 1.750000 0.714575 260.688018 0.000000 0.000000 0.000000 0.000000 0.714575 282.000000
 2.000000 0.720475 263.385006 0.000000 0.000000 0.000000 0.000000 0.720475 278.000000
 2.250000 0.721254 267.832370 0.000000 0.000000 0.000000 0.000000 0.721254 281.000000
 2.500000 0.722150 266.239983 0.000000 0.000000 0.000000 0.000000 0.722150 280.000000
 2.750000 0.723648 266.962059 0.000000 0.000000 0.000000 0.000000 0.723648 276.000000
 3.000000 0.718203 264.006061 0.000000 0.000000 0.000000 0.000000 0.718203 278.000000
 3.250000 0.722266 265.984199 0.000000 0.000000 0.000000 0.000000 0.722266 280.000000
 3.500000 0.721552 267.793895 0.000000 0.000000 0.000000 0.000000 0.721552 283.000000
 3.750000 0.725145 268.775364 0.000000 0.000000 0.000000 0.000000 0.725145 284.000000
 4.000000 0.715139 263.639646 0.000000 0.000000 0.000000 0.000000 0.715139 282.000000
 4.250000 0.721449 265.337861 0.000000 0.000000 0.000000 0.000000 0.721449 280.000000
 4.500000 0.714325 261.328709 0.000000 0.000000 0.000000 0.000000 0.714325 280.000000
 4.750000 0.711981 260.119947 0.000000 0.000000 0.000000 0.000000 0.711981 280.000000
 5.000000 0.703943 256.644571 0.000000 0.000000 0.000000 0.000000 0.703943 279.000000
 5.250000 0.703423 255.760941 0.000000 0.000000 0.000000 0.000000 0.703423 284.000000
 5.500000 0.696873 250.959821 0.000000 0.000000 0.000000 0.000000 0.696873 279.000000
 5.750000 0.707335 258.638516 0.000000 0.000000 0.000000 0.000000 0.707335 281.000000
 6.000000 0.713983 260.283810 0.000000 0.000000 0.000000 0.000000 0.713983 279.000000
 6.250000 0.713107 257.842537 0.000000 0.000000 0.000000 0.000000 0.713107 279.000000
 6.500000 0.708104 250.159001 0.000000 0.000000 0.000000 0.000000 0.708104 273.000000
 6.750000 0.716671 262.229368 0.000000 0.000000 0.000000 0.000000 0.716671 282.000000
 7.000000 0.708444 252.000435 0.000000 0.000000 0.000000 0.000000 0.708444 278.000000
 7.250000 0.718320 264.516853 0.000000 0.000000 0.000000 0.000000 0.718320 282.000000
 7.500000 0.714401 258.556282 0.000000 0.000000 0.000000 0.000000 0.714401 277.000000
 7.750000 0.717915 263.018716 0.000000 0.000000 0.000000 0.000000 0.717915 279.000000
 8.000000 0.714480 262.062158 0.000000 0.000000 0.000000 0.000000 0.714480 280.000000
 8.250000 0.710851 260.010765 0.000000 0.000000 0.000000 0.000000 0.710851 283.000000
 8.500000 0.708637 258.571200 0.000000 0.000000 0.000000 0.000000 0.708637 283.000000
 8.750000 0.713527 264.462731 0.000000 0.000000 0.000000 0.000000 0.713527 282.000000
 9.000000 0.712193 261.470302 0.000000 0.000000 0.000000 0.000000 0.712193 282.000000
 9.250000 0.711108 260.055734 0.000000 0.000000 0.000000 0.000000 0.711108 278.000000
 9.500000 0.720402 265.624554 0.000000 0.000000 0.000000 0.000000 0.720402 279.022170
 9.750000 0.717164 261.246283 0.000000 0.000000 0.000000 0.000000 0.717164 277.000000
 10.000000 0.714704 260.025934 0.000000 0.000000 0.000000 0.000000 0.714704 279.000000
 10.250000 0.718342 266.049068 0.000000 0.000000 0.000000 0.000000 0.718342 281.000000
 10.500000 0.716459 265.548424 0.000000 0.000000 0.000000 0.000000 0.716459 283.000000
 10.750000 0.714325 261.382104 0.000000 0.000000 0.000000 0.000000 0.714325 280.000000
 11.000000 0.714674 261.095076 0.000000 0.000000 0.000000 0.000000 0.714674 278.672565
 11.250000 0.717258 262.303266 0.000000 0.000000 0.000000 0.000000 0.717258 281.000000
 11.500000 0.712778 262.782403 0.000000 0.000000 0.000000 0.000000 0.712778 281.000000
 11.750000 0.717202 267.632899 0.000000 0.000000 0.000000 0.000000 0.717202 282.000000
 12.000000 0.708832 256.651954 0.000000 0.000000 0.000000 0.000000 0.708832 277.000000
 12.250000 0.714684 263.000245 0.000000 0.000000 0.000000 0.000000 0.714684 281.000000
 12.500000 0.714799 263.074000 0.000000 0.000000 0.000000 0.000000 0.714799 276.000000
 12.750000 0.719633 269.123685 0.000000 0.000000 0.000000 0.000000 0.719633 280.010233
 13.000000 0.715359 266.811928 0.000000 0.000000 0.000000 0.000000 0.715359 282.000000
 13.250000 0.715674 262.079021 0.000000 0.000000 0.000000 0.000000 0.715674 279.000000
 13.500000 0.716642 265.091332 0.000000 0.000000 0.000000 0.000000 0.716642 282.000000
 13.750000 0.716355 265.136224 0.000000 0.000000 0.000000 0.000000 0.716355 279.000000
 14.000000 0.716248 261.802668 0.000000 0.000000 0.000000 0.000000 0.716248 277.000000
 14.250000 0.726993 270.716153 0.000000 0.000000 0.000000 0.000000 0.726993 282.000000
 14.500000 0.727759 273.415809 0.000000 0.000000 0.000000 0.000000 0.727759 285.000000
 14.750000 0.719396 264.913176 0.000000 0.000000 0.000000 0.000000 0.719396 280.000000
 15.000000 0.726581 272.982984 0.000000 0.000000 0.000000 0.000000 0.726581 286.000000
 15.250000 0.718166 266.378231 0.000000 0.000000 0.000000 0.000000 0.718166 284.000000
 15.500000 0.716551 267.483767 0.000000 0.000000 0.000000 0.000000 0.716551 283.000000
 15.750000 0.710230 263.014911 0.000000 0.000000 0.000000 0.000000 0.710230 280.000000
 16.000000 0.709554 259.094497 0.000000 0.000000 0.000000 0.000000 0.709554 275.000000
 16.250000 0.711070 261.434756 0.000000 0.000000 0.000000 0.000000 0.711070 274.000000
 16.500000 0.703461 260.268256 0.000000 0.000000 0.000000 0.000000 0.703461 279.000000
 16.750000 0.714114 266.783560 0.000000 0.000000 0.000000 0.000000 0.714114 285.000000
 17.000000 0.718348 266.162991 0.000000 0.000000 0.000000 0.000000 0.718348 279.000000
 17.250000 0.716467 263.959065 0.000000 0.000000 0.000000 0.000000 0.716467 278.000000
 17.500000 0.707155 258.608131 0.000000 0.000000 0.000000 0.000000 0.707155 282.000000
 17.750000 0.713779 265.783763 0.000000 0.000000 0.000000 0.000000 0.713779 280.000000
 18.000000 0.712744 264.501300 0.000000 0.000000 0.000000 0.000000 0.712744 283.000000
 18.250000 0.708393 262.171770 0.000000 0.000000 0.000000 0.000000 0.708393 281.000000
 18.500000 0.705418 261.682198 0.000000 0.000000 0.000000 0.000000 0.705418 282.000000
 18.750000 0.714043 264.008313 0.000000 0.000000 0.000000 0.000000 0.714043 282.000000
 19.000000 0.713014 263.913855 0.000000 0.000000 0.000000 0.000000 0.713014 281.000000
 19.250000 0.707959 259.707832 0.000000 0.000000 0.000000 0.000000 0.707959 278.000000
 19.500000 0.713535 261.732708 0.000000 0.000000 0.000000 0.000000 0.713535 279.000000
 19.750000 0.712249 266.150513 0.000000 0.000000 0.000000 0.000000 0.712249 282.000000
 20.000000 0.713389 263.558968 0.000000 0.000000 0.000000 0.000000 0.713389 280.000000
 20.250000 0.711914 261.907778 0.000000 0.000000 0.000000 0.000000 0.711914 281.000000
 20.500000 0.717809 267.016258 0.000000 0.000000 0.000000 0.000000 0.717809 286.000000
 20.750000 0.710258 259.771873 0.000000 0.000000 0.000000 0.000000 0.710258 278.000000
 21.000000 0.715432 261.281859 0.000000 0.000000 0.000000 0.000000 0.715432 278.000000
 21.250000 0.714676 262.006264 0.000000 0.000000 0.000000 0.000000 0.714676 277.000000
 21.500000 0.714974 262.417220 0.000000 0.000000 0.000000 0.000000 0.714974 275.000000
 21.750000 0.712587 262.827835 0.000000 0.000000 0.000000 0.000000 0.712587 277.000000
 22.000000 0.711813 260.642291 0.000000 0.000000 0.000000 0.000000 0.711813 278.000000
 22.250000 0.710350 262.946205 0.000000 0.000000 0.000000 0.000000 0.710350 282.000000
 22.500000 0.713593 262.507171 0.000000 0.000000 0.000000 0.000000 0.713593 278.000000
 22.750000 0.715923 266.324125 0.000000 0.000000 0.000000 0.000000 0.715923 281.000000
 23.000000 0.719077 264.489396 0.000000 0.000000 0.000000 0.000000 0.719077 278.000000
 23.250000 0.714435 260.444298 0.000000 0.000000 0.000000 0.000000 0.714435 275.000000
 23.500000 0.722574 270.601071 0.000000 0.000000 0.000000 0.000000 0.722574 281.000000
 23.750000 0.717757 270.371498 0.000000 0.000000 0.000000 0.000000 0.717757 281.000000
 24.000000 0.716864 265.036712 0.000000 0.000000 0.000000 0.000000 0.716864 277.000000
 24.250000 0.710782 263.447099 0.000000 0.000000 0.000000 0.000000 0.710782 278.000000
 24.500000 0.723224 270.696298 0.000000 0.000000 0.000000 0.000000 0.723224 281.000000
 24.750000 0.721322 267.648924 0.000000 0.000000 0.000000 0.000000 0.721322 279.000000
 25.000000 0.720159 269.441146 0.000000 0.000000 0.000000 0.000000 0.720159 284.000000
 25.250000 0.717617 269.189255 0.000000 0.000000 0.000000 0.000000 0.717617 283.000000
 25.500000 0.714851 265.107128 0.000000 0.000000 0.000000 0.000000 0.714851 279.000000
 25.750000 0.710822 260.958493 0.000000 0.000000 0.000000 0.000000 0.710822 277.000000
 26.000000 0.710825 260.808700 0.000000 0.000000 0.000000 0.000000 0.710825 272.000000
 26.250000 0.717078 264.476245 0.000000 0.000000 0.000000 0.000000 0.717078 284.000000
 26.500000 0.720561 266.746057 0.000000 0.000000 0.000000 0.000000 0.720561 285.000000
 26.750000 0.721108 264.769873 0.000000 0.000000 0.000000 0.000000 0.721108 281.000000
 27.000000 0.715901 261.692621 0.000000 0.000000 0.000000 0.000000 0.715901 273.000000
 27.250000 0.716837 260.410444 0.000000 0.000000 0.000000 0.000000 0.716837 276.000000
 27.500000 0.723189 267.368855 0.000000 0.000000 0.000000 0.000000 0.723189 286.000000
 27.750000 0.724047 264.468860 0.000000 0.000000 0.000000 0.000000 0.724047 281.000000
 28.000000 0.726738 269.731344 0.000000 0.000000 0.000000 0.000000 0.726738 283.000000
 28.250000 0.719072 262.486660 0.000000 0.000000 0.000000 0.000000 0.719072 284.204089
 28.500000 0.715070 259.421334 0.000000 0.000000 0.000000 0.000000 0.715070 282.000000
 28.750000 0.722582 267.968179 0.000000 0.000000 0.000000 0.000000 0.722582 286.000000
 29.000000 0.722980 268.240209 0.000000 0.000000 0.000000 0.000000 0.722980 284.000000
 29.250000 0.724889 268.910533 0.000000 0.000000 0.000000 0.000000 0.724889 284.000000
 29.500000 0.719753 265.886095 0.000000 0.000000 0.000000 0.000000 0.719753 284.000000
 29.750000 0.715754 262.520090 0.000000 0.000000 0.000000 0.000000 0.715754 282.000000
 30.000000 0.709092 260.198455 0.000000 0.000000 0.000000 0.000000 0.709092 284.000000
 30.250000 0.710051 259.065672 0.000000 0.000000 0.000000 0.000000 0.710051 280.000000
 30.500000 0.720489 267.822411 0.000000 0.000000 0.000000 0.000000 0.720489 287.000000
 30.750000 0.715274 264.715789 0.000000 0.000000 0.000000 0.000000 0.715274 283.000000
 31.000000 0.713834 263.618940 0.000000 0.000000 0.000000 0.000000 0.713834 279.000000
 31.250000 0.717561 264.597685 0.000000 0.000000 0.000000 0.000000 0.717561 283.000000
 31.500000 0.715623 262.177538 0.000000 0.000000 0.000000 0.000000 0.715623 275.000000
 31.750000 0.711951 259.195826 0.000000 0.000000 0.000000 0.000000 0.711951 276.000000
 32.000000 0.716632 264.111023 0.000000 0.000000 0.000000 0.000000 0.716632 283.000000
 32.250000 0.718278 264.046083 0.000000 0.000000 0.000000 0.000000 0.718278 281.000000
 32.500000 0.712394 257.403583 0.000000 0.000000 0.000000 0.000000 0.712394 273.000000
 32.750000 0.712803 257.037564 0.000000 0.000000 0.000000 0.000000 0.712803 275.000000
 33.000000 0.716639 265.378808 0.000000 0.000000 0.000000 0.000000 0.716639 287.000000
 33.250000 0.717010 263.717532 0.000000 0.000000 0.000000 0.000000 0.717010 286.000000
 33.500000 0.730827 276.359598 0.000000 0.000000 0.000000 0.000000 0.730827 294.136039
 33.750000 0.734592 278.458911 0.000000 0.000000 0.000000 0.000000 0.734592 293.000000
 34.000000 0.732461 280.035613 0.000000 0.000000 0.000000 0.000000 0.732461 299.000000
 34.250000 0.730113 274.409693 0.000000 0.000000 0.000000 0.000000 0.730113 294.000000
 34.500000 0.728280 272.917657 0.000000 0.000000 0.000000 0.000000 0.728280 289.000000
 34.750000 0.734256 280.208535 0.000000 0.000000 0.000000 0.000000 0.734256 297.000000
 35.000000 0.724630 272.721084 0.000000 0.000000 0.000000 0.000000 0.724630 289.000000
 35.250000 0.729012 280.626921 0.000000 0.000000 0.000000 0.000000 0.729012 297.000000
 35.500000 0.739929 287.330468 0.000000 0.000000 0.000000 0.000000 0.739929 296.000000
 35.750000 0.739906 286.386416 0.000000 0.000000 0.000000 0.000000 0.739906 296.000000
 36.000000 0.736890 282.805564 0.000000 0.000000 0.000000 0.000000 0.736890 295.000000
 36.250000 0.732572 279.365187 0.000000 0.000000 0.000000 0.000000 0.732572 292.000000
 36.500000 0.736539 283.379358 0.000000 0.000000 0.000000 0.000000 0.736539 295.000000
 36.750000 0.736518 284.200830 0.000000 0.000000 0.000000 0.000000 0.736518 296.000000
 37.000000 0.725865 278.032688 0.000000 0.000000 0.000000 0.000000 0.725865 289.000000
 37.250000 0.726468 277.226858 0.000000 0.000000 0.000000 0.000000 0.726468 290.000000
 37.500000 0.733144 279.163099 0.000000 0.000000 0.000000 0.000000 0.733144 288.000000
 37.750000 0.730605 279.896549 0.000000 0.000000 0.000000 0.000000 0.730605 294.000000
 38.000000 0.735300 281.995212 0.000000 0.000000 0.000000 0.000000 0.735300 291.000000
 38.250000 0.728727 280.473479 0.000000 0.000000 0.000000 0.000000 0.728727 295.000000
 38.500000 0.725973 279.219723 0.000000 0.000000 0.000000 0.000000 0.725973 292.000000
 38.750000 0.725176 273.558734 0.000000 0.000000 0.000000 0.000000 0.725176 289.000000
 39.000000 0.720752 276.509083 0.000000 0.000000 0.000000 0.000000 0.720752 289.000000
 39.250000 0.727552 280.940183 0.000000 0.000000 0.000000 0.000000 0.727552 297.000000
 39.500000 0.725915 278.995350 0.000000 0.000000 0.000000 0.000000 0.725915 291.000000
 39.750000 0.717398 272.952662 0.000000 0.000000 0.000000 0.000000 0.717398 292.000000
 40.000000 0.731671 282.458176 0.000000 0.000000 0.000000 0.000000 0.731671 292.000000
 40.250000 0.725306 278.873956 0.000000 0.000000 0.000000 0.000000 0.725306 293.000000
 40.500000 0.722185 269.372041 0.000000 0.000000 0.000000 0.000000 0.722185 283.000000
 40.750000 0.734299 276.907830 0.000000 0.000000 0.000000 0.000000 0.734299 292.000000
 41.000000 0.735291 277.980097 0.000000 0.000000 0.000000 0.000000 0.735291 294.000000
 41.250000 0.732779 276.417007 0.000000 0.000000 0.000000 0.000000 0.732779 289.000000
 41.500000 0.728432 272.192097 0.000000 0.000000 0.000000 0.000000 0.728432 284.000000
 41.750000 0.726383 276.549985 0.000000 0.000000 0.000000 0.000000 0.726383 287.000000
 42.000000 0.714421 268.584730 0.000000 0.000000 0.000000 0.000000 0.714421 285.000000
 42.250000 0.725857 278.431862 0.000000 0.000000 0.000000 0.000000 0.725857 291.000000
 42.500000 0.714583 269.966868 0.000000 0.000000 0.000000 0.000000 0.714583 290.000000
 42.750000 0.720332 272.764546 0.000000 0.000000 0.000000 0.000000 0.720332 289.000000
 43.000000 0.724095 272.750172 0.000000 0.000000 0.000000 0.000000 0.724095 286.000000
 43.250000 0.723652 273.063108 0.000000 0.000000 0.000000 0.000000 0.723652 288.000000
 43.500000 0.722673 273.952490 0.000000 0.000000 0.000000 0.000000 0.722673 284.000000
 43.750000 0.724374 271.550167 0.000000 0.000000 0.000000 0.000000 0.724374 287.000000
 44.000000 0.731729 277.835393 0.000000 0.000000 0.000000 0.000000 0.731729 290.000000
 44.250000 0.718853 273.492746 0.000000 0.000000 0.000000 0.000000 0.718853 288.988913
 44.500000 0.721665 271.075927 0.000000 0.000000 0.000000 0.000000 0.721665 286.000000
 44.750000 0.723593 268.610254 0.000000 0.000000 0.000000 0.000000 0.723593 280.000000
 45.000000 0.720601 266.680766 0.000000 0.000000 0.000000 0.000000 0.720601 279.000000
 45.250000 0.729728 277.756841 0.000000 0.000000 0.000000 0.000000 0.729728 291.000000
 45.500000 0.719425 267.522548 0.000000 0.000000 0.000000 0.000000 0.719425 283.000000
 45.750000 0.718286 269.525326 0.000000 0.000000 0.000000 0.000000 0.718286 289.000000
 46.000000 0.723629 276.274047 0.000000 0.000000 0.000000 0.000000 0.723629 287.000000
 46.250000 0.722863 273.362937 0.000000 0.000000 0.000000 0.000000 0.722863 291.997281
 46.500000 0.726395 278.613213 0.000000 0.000000 0.000000 0.000000 0.726395 299.000000
 46.750000 0.724899 274.848372 0.000000 0.000000 0.000000 0.000000 0.724899 291.000000
 47.000000 0.723411 272.352961 0.000000 0.000000 0.000000 0.000000 0.723411 295.000000
 47.250000 0.732906 283.935072 0.000000 0.000000 0.000000 0.000000 0.732906 304.000000
 47.500000 0.732203 281.343962 0.000000 0.000000 0.000000 0.000000 0.732203 299.000000
 47.750000 0.736256 285.602151 0.000000 0.000000 0.000000 0.000000 0.736256 305.000000
 48.000000 0.724485 279.105735 0.000000 0.000000 0.000000 0.000000 0.724485 302.000000
 48.250000 0.726695 277.993172 0.000000 0.000000 0.000000 0.000000 0.726695 303.000000
 48.500000 0.733915 281.543439 0.000000 0.000000 0.000000 0.000000 0.733915 298.000000
 48.750000 0.730265 281.181165 0.000000 0.000000 0.000000 0.000000 0.730265 303.000000
 49.000000 0.726301 274.635670 0.000000 0.000000 0.000000 0.000000 0.726301 296.000000
 49.250000 0.733722 282.257806 0.000000 0.000000 0.000000 0.000000 0.733722 305.000000
 49.500000 0.739043 285.239845 0.000000 0.000000 0.000000 0.000000 0.739043 297.000000
 49.750000 0.725177 274.529108 0.000000 0.000000 0.000000 0.000000 0.725177 297.000000
 50.000000 0.717666 265.832202 0.000000 0.000000 0.000000 0.000000 0.717666 289.000000
 50.250000 0.721237 271.052574 0.000000 0.000000 0.000000 0.000000 0.721237 291.000000
 50.500000 0.725362 275.167227 0.000000 0.000000 0.000000 0.000000 0.725362 294.000000
 50.750000 0.726356 277.040602 0.000000 0.000000 0.000000 0.000000 0.726356 293.000000
 51.000000 0.729713 274.736578 0.000000 0.000000 0.000000 0.000000 0.729713 288.000000
 51.250000 0.727655 269.495399 0.000000 0.000000 0.000000 0.000000 0.727655 286.000000
 51.500000 0.727980 273.262962 0.000000 0.000000 0.000000 0.000000 0.727980 295.000000
 51.750000 0.719653 264.841485 0.000000 0.000000 0.000000 0.000000 0.719653 283.000000
 52.000000 0.720102 272.189049 0.000000 0.000000 0.000000 0.000000 0.720102 291.000000
 52.250000 0.714639 269.479032 0.000000 0.000000 0.000000 0.000000 0.714639 287.000000
 52.500000 0.713977 266.613597 0.000000 0.000000 0.000000 0.000000 0.713977 288.000000
 52.750000 0.722926 275.717599 0.000000 0.000000 0.000000 0.000000 0.722926 294.000000
 53.000000 0.717184 270.744465 0.000000 0.000000 0.000000 0.000000 0.717184 289.000000
 53.250000 0.721637 273.398436 0.000000 0.000000 0.000000 0.000000 0.721637 296.000000
 53.500000 0.722960 270.911466 0.000000 0.000000 0.000000 0.000000 0.722960 291.000000
 53.750000 0.732198 276.916235 0.000000 0.000000 0.000000 0.000000 0.732198 293.000000
 54.000000 0.727816 271.582210 0.000000 0.000000 0.000000 0.000000 0.727816 289.000000
 54.250000 0.722651 267.546322 0.000000 0.000000 0.000000 0.000000 0.722651 285.000000
 54.500000 0.719842 266.733417 0.000000 0.000000 0.000000 0.000000 0.719842 287.000000
 54.750000 0.718982 264.244142 0.000000 0.000000 0.000000 0.000000 0.718982 285.000000
 55.000000 0.719209 267.445982 0.000000 0.000000 0.000000 0.000000 0.719209 285.000000
 55.250000 0.718255 266.646822 0.000000 0.000000 0.000000 0.000000 0.718255 280.000000
 55.500000 0.718164 267.203751 0.000000 0.000000 0.000000 0.000000 0.718164 284.000000
 55.750000 0.721251 269.730010 0.000000 0.000000 0.000000 0.000000 0.721251 288.000000
 56.000000 0.724261 272.786007 0.000000 0.000000 0.000000 0.000000 0.724261 286.000000
 56.250000 0.721797 271.110704 0.000000 0.000000 0.000000 0.000000 0.721797 286.000000
 56.500000 0.728594 275.218839 0.000000 0.000000 0.000000 0.000000 0.728594 289.766062
 56.750000 0.729604 274.025288 0.000000 0.000000 0.000000 0.000000 0.729604 289.000000
 57.000000 0.724328 270.682622 0.000000 0.000000 0.000000 0.000000 0.724328 284.000000
 57.250000 0.720946 269.073371 0.000000 0.000000 0.000000 0.000000 0.720946 285.000000
 57.500000 0.721541 268.655582 0.000000 0.000000 0.000000 0.000000 0.721541 288.000000
 57.750000 0.725088 271.011621 0.000000 0.000000 0.000000 0.000000 0.725088 289.000000
 58.000000 0.725311 272.742981 0.000000 0.000000 0.000000 0.000000 0.725311 283.000000
 58.250000 0.725975 271.355727 0.000000 0.000000 0.000000 0.000000 0.725975 285.000000
 58.500000 0.720308 266.885363 0.000000 0.000000 0.000000 0.000000 0.720308 279.000000
 58.750000 0.720117 269.695164 0.000000 0.000000 0.000000 0.000000 0.720117 285.000000
 59.000000 0.727349 270.075465 0.000000 0.000000 0.000000 0.000000 0.727349 284.000000
 59.250000 0.717332 265.735686 0.000000 0.000000 0.000000 0.000000 0.717332 280.000000
 59.500000 0.725566 268.362934 0.000000 0.000000 0.000000 0.000000 0.725566 284.000000
 59.750000 0.721895 264.135909 0.000000 0.000000 0.000000 0.000000 0.721895 283.000000
 60.000000 0.720933 264.256788 0.000000 0.000000 0.000000 0.000000 0.720933 278.000000
 60.250000 0.720745 267.093551 0.000000 0.000000 0.000000 0.000000 0.720745 279.000000
 60.500000 0.725888 271.385403 0.000000 0.000000 0.000000 0.000000 0.725888 283.000000
 60.750000 0.707424 258.711279 0.000000 0.000000 0.000000 0.000000 0.707424 278.000000
 61.000000 0.712241 264.077795 0.000000 0.000000 0.000000 0.000000 0.712241 288.000000
 61.250000 0.714895 266.025302 0.000000 0.000000 0.000000 0.000000 0.714895 286.000000
 61.500000 0.721860 267.897726 0.000000 0.000000 0.000000 0.000000 0.721860 280.000000
 61.750000 0.713374 263.043648 0.000000 0.000000 0.000000 0.000000 0.713374 276.000000
 62.000000 0.717155 269.613569 0.000000 0.000000 0.000000 0.000000 0.717155 289.943542
 62.250000 0.719237 270.245040 0.000000 0.000000 0.000000 0.000000 0.719237 288.000000
 62.500000 0.721014 270.049391 0.000000 0.000000 0.000000 0.000000 0.721014 287.000000
 62.750000 0.718888 267.337831 0.000000 0.000000 0.000000 0.000000 0.718888 286.000000
 63.000000 0.719281 269.039030 0.000000 0.000000 0.000000 0.000000 0.719281 286.000000
 63.250000 0.722091 272.429287 0.000000 0.000000 0.000000 0.000000 0.722091 294.000000
 63.500000 0.725251 273.572975 0.000000 0.000000 0.000000 0.000000 0.725251 293.000000
 63.750000 0.721822 271.349573 0.000000 0.000000 0.000000 0.000000 0.721822 289.000000
 64.000000 0.719400 268.439340 0.000000 0.000000 0.000000 0.000000 0.719400 286.000000
 64.250000 0.722784 267.706979 0.000000 0.000000 0.000000 0.000000 0.722784 287.000000
 64.500000 0.728685 272.450794 0.000000 0.000000 0.000000 0.000000 0.728685 291.000000
 64.750000 0.724078 268.116754 0.000000 0.000000 0.000000 0.000000 0.724078 284.000000
 65.000000 0.721281 260.363783 0.000000 0.000000 0.000000 0.000000 0.721281 276.000000
 65.250000 0.722273 263.786702 0.000000 0.000000 0.000000 0.000000 0.722273 279.000000
 65.500000 0.724034 263.986543 0.000000 0.000000 0.000000 0.000000 0.724034 276.000000
 65.750000 0.722484 267.082960 0.000000 0.000000 0.000000 0.000000 0.722484 286.000000
 66.000000 0.722946 264.917940 0.000000 0.000000 0.000000 0.000000 0.722946 282.000000
 66.250000 0.720141 263.835377 0.000000 0.000000 0.000000 0.000000 0.720141 278.000000
 66.500000 0.718907 265.374704 0.000000 0.000000 0.000000 0.000000 0.718907 284.000000
 66.750000 0.716565 263.192495 0.000000 0.000000 0.000000 0.000000 0.716565 279.000000
 67.000000 0.721122 263.300544 0.000000 0.000000 0.000000 0.000000 0.721122 275.000000
 67.250000 0.720111 265.625595 0.000000 0.000000 0.000000 0.000000 0.720111 277.000000
 67.500000 0.720592 264.572824 0.000000 0.000000 0.000000 0.000000 0.720592 281.000000
 67.750000 0.719447 264.835137 0.000000 0.000000 0.000000 0.000000 0.719447 281.000000
 68.000000 0.720125 267.511231 0.000000 0.000000 0.000000 0.000000 0.720125 288.000000
 68.250000 0.723504 268.987071 0.000000 0.000000 0.000000 0.000000 0.723504 287.000000
 68.500000 0.715366 260.269579 0.000000 0.000000 0.000000 0.000000 0.715366 280.000000
 68.750000 0.714763 262.184853 0.000000 0.000000 0.000000 0.000000 0.714763 281.000000
 69.000000 0.721209 265.016075 0.000000 0.000000 0.000000 0.000000 0.721209 283.000000
 69.250000 0.724036 270.898528 0.000000 0.000000 0.000000 0.000000 0.724036 291.000000
 69.500000 0.716590 257.525181 0.000000 0.000000 0.000000 0.000000 0.716590 272.000000
 69.750000 0.710550 257.102024 0.000000 0.000000 0.000000 0.000000 0.710550 279.000000
 70.000000 0.715270 263.395285 0.000000 0.000000 0.000000 0.000000 0.715270 280.000000
 70.250000 0.713467 260.103281 0.000000 0.000000 0.000000 0.000000 0.713467 278.000000
 70.500000 0.707890 256.307058 0.000000 0.000000 0.000000 0.000000 0.707890 273.000000
 70.750000 0.716201 266.062927 0.000000 0.000000 0.000000 0.000000 0.716201 282.000000
 71.000000 0.714376 261.111221 0.000000 0.000000 0.000000 0.000000 0.714376 276.000000
 71.250000 0.717390 268.099662 0.000000 0.000000 0.000000 0.000000 0.717390 284.000000
 71.500000 0.722230 268.846243 0.000000 0.000000 0.000000 0.000000 0.722230 285.000000
 71.750000 0.721317 269.261425 0.000000 0.000000 0.000000 0.000000 0.721317 283.000000
 72.000000 0.714437 261.563005 0.000000 0.000000 0.000000 0.000000 0.714437 279.000000
 72.250000 0.713951 267.143966 0.000000 0.000000 0.000000 0.000000 0.713951 288.000000
 72.500000 0.717311 266.792786 0.000000 0.000000 0.000000 0.000000 0.717311 287.000000
 72.750000 0.715992 264.231115 0.000000 0.000000 0.000000 0.000000 0.715992 284.000000
 73.000000 0.717090 261.074394 0.000000 0.000000 0.000000 0.000000 0.717090 274.000000
 73.250000 0.720160 268.102272 0.000000 0.000000 0.000000 0.000000 0.720160 284.000000
 73.500000 0.722122 269.962586 0.000000 0.000000 0.000000 0.000000 0.722122 290.000000
 73.750000 0.713291 263.902626 0.000000 0.000000 0.000000 0.000000 0.713291 285.000000
 74.000000 0.718110 268.762277 0.000000 0.000000 0.000000 0.000000 0.718110 284.000000
 74.250000 0.703641 251.224027 0.000000 0.000000 0.000000 0.000000 0.703641 265.000000
 74.500000 0.711294 261.994514 0.000000 0.000000 0.000000 0.000000 0.711294 276.000000
 74.750000 0.709356 264.750507 0.000000 0.000000 0.000000 0.000000 0.709356 284.000000
 75.000000 0.701611 252.326461 0.000000 0.000000 0.000000 0.000000 0.701611 269.000000
 75.250000 0.700478 253.007647 0.000000 0.000000 0.000000 0.000000 0.700478 280.000000
 75.500000 0.712178 261.616146 0.000000 0.000000 0.000000 0.000000 0.712178 282.000000
 75.750000 0.710416 260.079801 0.000000 0.000000 0.000000 0.000000 0.710416 273.000000
 76.000000 0.709536 251.626102 0.000000 0.000000 0.000000 0.000000 0.709536 264.000000
 76.250000 0.707287 254.607729 0.000000 0.000000 0.000000 0.000000 0.707287 270.000000
 76.500000 0.701949 247.608017 0.000000 0.000000 0.000000 0.000000 0.701949 263.000000
 76.750000 0.701139 247.289742 0.000000 0.000000 0.000000 0.000000 0.701139 263.000000
 77.000000 0.717968 260.758762 0.000000 0.000000 0.000000 0.000000 0.717968 274.000000
 77.250000 0.717193 258.836695 0.000000 0.000000 0.000000 0.000000 0.717193 270.000000
 77.500000 0.715864 255.622009 0.000000 0.000000 0.000000 0.000000 0.715864 266.000000
 77.750000 0.715027 256.629881 0.000000 0.000000 0.000000 0.000000 0.715027 271.000000
 78.000000 0.714882 256.600724 0.000000 0.000000 0.000000 0.000000 0.714882 267.000000
 78.250000 0.715700 264.000260 0.000000 0.000000 0.000000 0.000000 0.715700 277.000000
 78.500000 0.709008 255.684592 0.000000 0.000000 0.000000 0.000000 0.709008 267.000000
 78.750000 0.710951 261.046873 0.000000 0.000000 0.000000 0.000000 0.710951 270.000000
 79.000000 0.710388 258.103161 0.000000 0.000000 0.000000 0.000000 0.710388 272.000000
 79.250000 0.709408 258.551558 0.000000 0.000000 0.000000 0.000000 0.709408 272.000000
 79.500000 0.708647 257.582663 0.000000 0.000000 0.000000 0.000000 0.708647 271.000000
 79.750000 0.708709 257.028242 0.000000 0.000000 0.000000 0.000000 0.708709 271.021430
 80.000000 0.708764 254.967795 0.000000 0.000000 0.000000 0.000000 0.708764 270.000000
 80.250000 0.713257 259.692132 0.000000 0.000000 0.000000 0.000000 0.713257 272.000000
 80.500000 0.709938 258.511415 0.000000 0.000000 0.000000 0.000000 0.709938 277.944772
 80.750000 0.714824 264.757209 0.000000 0.000000 0.000000 0.000000 0.714824 283.000000
 81.000000 0.714964 264.511139 0.000000 0.000000 0.000000 0.000000 0.714964 274.000000
 81.250000 0.714602 262.765503 0.000000 0.000000 0.000000 0.000000 0.714602 281.000000
 81.500000 0.714814 261.109811 0.000000 0.000000 0.000000 0.000000 0.714814 277.000000
 81.750000 0.711399 257.062020 0.000000 0.000000 0.000000 0.000000 0.711399 274.000000
 82.000000 0.708948 251.438650 0.000000 0.000000 0.000000 0.000000 0.708948 268.000000
 82.250000 0.711050 254.633379 0.000000 0.000000 0.000000 0.000000 0.711050 265.000000
 82.500000 0.707657 250.737463 0.000000 0.000000 0.000000 0.000000 0.707657 266.963184
 82.750000 0.705285 251.584899 0.000000 0.000000 0.000000 0.000000 0.705285 269.000000
 83.000000 0.705541 250.978620 0.000000 0.000000 0.000000 0.000000 0.705541 263.000000
 83.250000 0.708909 254.797722 0.000000 0.000000 0.000000 0.000000 0.708909 268.000000
 83.500000 0.704626 250.731204 0.000000 0.000000 0.000000 0.000000 0.704626 265.000000
 83.750000 0.700353 249.873701 0.000000 0.000000 0.000000 0.000000 0.700353 269.000000
 84.000000 0.700256 250.974950 0.000000 0.000000 0.000000 0.000000 0.700256 265.000000
 84.250000 0.709455 257.143019 0.000000 0.000000 0.000000 0.000000 0.709455 268.000000
 84.500000 0.711787 257.456156 0.000000 0.000000 0.000000 0.000000 0.711787 268.000000
 84.750000 0.707198 253.657987 0.000000 0.000000 0.000000 0.000000 0.707198 267.645945
 85.000000 0.708349 252.630826 0.000000 0.000000 0.000000 0.000000 0.708349 271.042168
 85.250000 0.709088 259.239314 0.000000 0.000000 0.000000 0.000000 0.709088 275.000000
 85.500000 0.704105 247.708329 0.000000 0.000000 0.000000 0.000000 0.704105 261.000000
 85.750000 0.709115 252.602434 0.000000 0.000000 0.000000 0.000000 0.709115 267.000000
 86.000000 0.706256 251.264648 0.000000 0.000000 0.000000 0.000000 0.706256 270.000000
 86.250000 0.706707 247.529527 0.000000 0.000000 0.000000 0.000000 0.706707 263.000000
 86.500000 0.709977 250.355646 0.000000 0.000000 0.000000 0.000000 0.709977 265.000000
 86.750000 0.715808 253.103438 0.000000 0.000000 0.000000 0.000000 0.715808 265.000000
 87.000000 0.717305 256.604755 0.000000 0.000000 0.000000 0.000000 0.717305 268.000000
 87.250000 0.711260 248.798210 0.000000 0.000000 0.000000 0.000000 0.711260 258.000000
 87.500000 0.718681 257.060705 0.000000 0.000000 0.000000 0.000000 0.718681 271.000000
 87.750000 0.715623 257.313802 0.000000 0.000000 0.000000 0.000000 0.715623 267.000000
 88.000000 0.714908 259.540084 0.000000 0.000000 0.000000 0.000000 0.714908 271.000000
 88.250000 0.710958 256.586252 0.000000 0.000000 0.000000 0.000000 0.710958 272.000000
 88.500000 0.708992 248.817590 0.000000 0.000000 0.000000 0.000000 0.708992 263.000000
 88.750000 0.708935 250.260862 0.000000 0.000000 0.000000 0.000000 0.708935 264.000000
 89.000000 0.711771 251.241661 0.000000 0.000000 0.000000 0.000000 0.711771 266.000000
 89.250000 0.709057 252.171518 0.000000 0.000000 0.000000 0.000000 0.709057 269.000000
 89.500000 0.716771 258.153158 0.000000 0.000000 0.000000 0.000000 0.716771 264.000000
 89.750000 0.717709 261.881216 0.000000 0.000000 0.000000 0.000000 0.717709 273.000000
 90.000000 0.705280 249.912459 0.000000 0.000000 0.000000 0.000000 0.705280 262.000000
 90.250000 0.702075 246.118673 0.000000 0.000000 0.000000 0.000000 0.702075 259.000000
 90.500000 0.705477 252.759782 0.000000 0.000000 0.000000 0.000000 0.705477 268.000000
 90.750000 0.703381 252.821096 0.000000 0.000000 0.000000 0.000000 0.703381 268.000000
 91.000000 0.712354 253.367007 0.000000 0.000000 0.000000 0.000000 0.712354 266.000000
 91.250000 0.716433 256.868597 0.000000 0.000000 0.000000 0.000000 0.716433 266.000000
 91.500000 0.710408 251.396390 0.000000 0.000000 0.000000 0.000000 0.710408 264.000000
 91.750000 0.712285 252.299513 0.000000 0.000000 0.000000 0.000000 0.712285 270.000000
 92.000000 0.717011 257.468240 0.000000 0.000000 0.000000 0.000000 0.717011 269.000000
 92.250000 0.713559 254.138439 0.000000 0.000000 0.000000 0.000000 0.713559 269.000000
 92.500000 0.710805 252.120254 0.000000 0.000000 0.000000 0.000000 0.710805 267.000000
 92.750000 0.705469 248.693355 0.000000 0.000000 0.000000 0.000000 0.705469 267.000000
 93.000000 0.710672 254.292671 0.000000 0.000000 0.000000 0.000000 0.710672 267.000000
 93.250000 0.709632 253.418804 0.000000 0.000000 0.000000 0.000000 0.709632 266.000000
 93.500000 0.708331 250.952583 0.000000 0.000000 0.000000 0.000000 0.708331 266.000000
 93.750000 0.707962 253.421621 0.000000 0.000000 0.000000 0.000000 0.707962 270.000000
 94.000000 0.705194 251.417091 0.000000 0.000000 0.000000 0.000000 0.705194 274.000000
 94.250000 0.705751 251.925796 0.000000 0.000000 0.000000 0.000000 0.705751 274.000000
 94.500000 0.709812 252.827879 0.000000 0.000000 0.000000 0.000000 0.709812 271.000000
 94.750000 0.709626 254.165199 0.000000 0.000000 0.000000 0.000000 0.709626 275.000000
 95.000000 0.710425 254.965065 0.000000 0.000000 0.000000 0.000000 0.710425 273.000000
 95.250000 0.710798 253.090158 0.000000 0.000000 0.000000 0.000000 0.710798 274.000000
 95.500000 0.710567 250.931871 0.000000 0.000000 0.000000 0.000000 0.710567 271.000000
 95.750000 0.714174 255.527152 0.000000 0.000000 0.000000 0.000000 0.714174 267.000000
 96.000000 0.715825 258.554027 0.000000 0.000000 0.000000 0.000000 0.715825 274.380441
 96.250000 0.706512 251.125711 0.000000 0.000000 0.000000 0.000000 0.706512 275.000000
 96.500000 0.705113 255.307393 0.000000 0.000000 0.000000 0.000000 0.705113 277.000000
 96.750000 0.707524 257.377290 0.000000 0.000000 0.000000 0.000000 0.707524 277.000000
 97.000000 0.704725 252.733896 0.000000 0.000000 0.000000 0.000000 0.704725 269.000000
 97.250000 0.703806 256.771073 0.000000 0.000000 0.000000 0.000000 0.703806 276.000000
 97.500000 0.703258 254.495917 0.000000 0.000000 0.000000 0.000000 0.703258 267.000000
 97.750000 0.709968 255.341421 0.000000 0.000000 0.000000 0.000000 0.709968 275.000000
 98.000000 0.716331 258.673803 0.000000 0.000000 0.000000 0.000000 0.716331 272.000000
 98.250000 0.719382 261.298663 0.000000 0.000000 0.000000 0.000000 0.719382 277.000000
 98.500000 0.713649 260.698577 0.000000 0.000000 0.000000 0.000000 0.713649 279.000000
 98.750000 0.722280 265.974617 0.000000 0.000000 0.000000 0.000000 0.722280 278.000000
 99.000000 0.726319 268.076664 0.000000 0.000000 0.000000 0.000000 0.726319 281.000000
 99.250000 0.723826 268.677734 0.000000 0.000000 0.000000 0.000000 0.723826 283.000000
 99.500000 0.711293 254.408605 0.000000 0.000000 0.000000 0.000000 0.711293 275.000000
 99.750000 0.712678 256.773986 0.000000 0.000000 0.000000 0.000000 0.712678 271.000000
 100.000000 0.709253 250.690677 0.000000 0.000000 0.000000 0.000000 0.709253 268.000000
 100.250000 0.714267 256.612272 0.000000 0.000000 0.000000 0.000000 0.714267 276.000000
 100.500000 0.716874 260.133133 0.000000 0.000000 0.000000 0.000000 0.716874 278.000000
