#! FIELDS time refcv.mean refcv.morethan uwall.bias uwall.force2 lwall.bias lwall.force2 refcv2.mean refcv2.morethan
 0.500000 0.746586 279.240893 0.000000 0.000000 0.000000 0.000000 0.746586 285.000000
 0.750000 0.744097 278.047427 0.000000 0.000000 0.000000 0.000000 0.744097 285.000000
 1.000000 0.730582 271.767126 0.000000 0.000000 0.000000 0.000000 0.730582 283.000000
 1.250000 0.726810 269.951962 0.000000 0.000000 0.000000 0.000000 0.726810 279.000000
 1.500000 0.723567 268.278491 0.000000 0.000000 0.000000 0.000000 0.723567 284.000000
 1.750000 0.727189 267.956421 0.000000 0.000000 0.000000 0.000000 0.727189 284.000000
 2.000000 0.726391 267.023237 0.000000 0.000000 0.000000 0.000000 0.726391 283.000000
 2.250000 0.727295 269.838863 0.000000 0.000000 0.000000 0.000000 0.727295 283.000000
 2.500000 0.733461 274.432609 0.000000 0.000000 0.000000 0.000000 0.733461 286.000000
 2.750000 0.726603 272.012125 0.000000 0.000000 0.000000 0.000000 0.726603 284.000000
 3.000000 0.731077 273.807531 0.000000 0.000000 0.000000 0.000000 0.731077 283.000000
 3.250000 0.738178 277.874903 0.000000 0.000000 0.000000 0.000000 0.738178 286.000000
 3.500000 0.738073 277.298395 0.000000 0.000000 0.000000 0.000000 0.738073 283.000000
 3.750000 0.738406 278.268100 0.000000 0.000000 0.000000 0.000000 0.738406 286.000000
 4.000000 0.737015 278.159327 0.000000 0.000000 0.000000 0.000000 0.737015 288.000000
 4.250000 0.732408 277.256042 0.000000 0.000000 0.000000 0.000000 0.732408 288.000000
 4.500000 0.728210 271.771285 0.000000 0.000000 0.000000 0.000000 0.728210 286.000000
 4.750000 0.732220 274.799577 0.000000 0.000000 0.000000 0.000000 0.732220 288.000000
 5.000000 0.733823 275.542359 0.000000 0.000000 0.000000 0.000000 0.733823 285.000000
 5.250000 0.735504 276.963385 0.000000 0.000000 0.000000 0.000000 0.735504 286.000000
 5.500000 0.737412 279.810068 0.000000 0.000000 0.000000 0.000000 0.737412 289.000000
 5.750000 0.732593 277.546146 0.000000 0.000000 0.000000 0.000000 0.732593 282.170297
 6.000000 0.730983 274.139971 0.000000 0.000000 0.000000 0.000000 0.730983 284.000000
 6.250000 0.734956 275.062995 0.000000 0.000000 0.000000 0.000000 0.734956 287.000000
 6.500000 0.726216 271.447901 0.000000 0.000000 0.000000 0.000000 0.726216 283.000000
 6.750000 0.729778 273.346968 0.000000 0.000000 0.000000 0.000000 0.729778 284.000000
 7.000000 0.728479 270.578815 0.000000 0.000000 0.000000 0.000000 0.728479 285.000000
 7.250000 0.732248 273.787093 0.000000 0.000000 0.000000 0.000000 0.732248 286.000000
 7.500000 0.733889 272.959507 0.000000 0.000000 0.000000 0.000000 0.733889 284.000000
 7.750000 0.730729 270.931882 0.000000 0.000000 0.000000 0.000000 0.730729 284.000000
 8.000000 0.725661 269.830288 0.000000 0.000000 0.000000 0.000000 0.725661 284.000000
 8.250000 0.732106 274.430593 0.000000 0.000000 0.000000 0.000000 0.732106 287.000000
 8.500000 0.733078 276.055411 0.000000 0.000000 0.000000 0.000000 0.733078 287.000000
 8.750000 0.735440 278.275090 0.000000 0.000000 0.000000 0.000000 0.735440 292.000000
 9.000000 0.741411 282.002464 0.000000 0.000000 0.000000 0.000000 0.741411 293.000000
 9.250000 0.735621 281.679387 0.000000 0.000000 0.000000 0.000000 0.735621 292.000000
 9.500000 0.733848 278.183136 0.000000 0.000000 0.000000 0.000000 0.733848 286.000000
 9.750000 0.737796 280.277959 0.000000 0.000000 0.000000 0.000000 0.737796 290.000000
 10.000000 0.740170 282.889767 0.000000 0.000000 0.000000 0.000000 0.740170 291.000000
 10.250000 0.736068 276.299746 0.000000 0.000000 0.000000 0.000000 0.736068 287.000000
 10.500000 0.749265 286.404472 0.000000 0.000000 0.000000 0.000000 0.749265 295.000000
 10.750000 0.743542 279.954605 0.000000 0.000000 0.000000 0.000000 0.743542 287.000000
 11.000000 0.743179 277.657505 0.000000 0.000000 0.000000 0.000000 0.743179 287.000000
 11.250000 0.737289 274.829815 0.000000 0.000000 0.000000 0.000000 0.737289 286.000000
 11.500000 0.742848 279.610637 0.000000 0.000000 0.000000 0.000000 0.742848 289.000000
 11.750000 0.738175 272.780351 0.000000 0.000000 0.000000 0.000000 0.738175 284.000000
 12.000000 0.745161 280.904086 0.000000 0.000000 0.000000 0.000000 0.745161 285.000000
 12.250000 0.740863 278.118343 0.000000 0.000000 0.000000 0.000000 0.740863 289.000000
 12.500000 0.732074 273.153703 0.000000 0.000000 0.000000 0.000000 0.732074 284.000000
 12.750000 0.735923 274.858923 0.000000 0.000000 0.000000 0.000000 0.735923 282.000000
 13.000000 0.733781 273.573018 0.000000 0.000000 0.000000 0.000000 0.733781 286.000000
 13.250000 0.732694 270.054287 0.000000 0.000000 0.000000 0.000000 0.732694 283.000000
 13.500000 0.732221 272.106536 0.000000 0.000000 0.000000 0.000000 0.732221 284.000000
 13.750000 0.732708 274.029154 0.000000 0.000000 0.000000 0.000000 0.732708 285.000000
 14.000000 0.736961 274.844295 0.000000 0.000000 0.000000 0.000000 0.736961 286.000000
 14.250000 0.734993 272.970480 0.000000 0.000000 0.000000 0.000000 0.734993 285.000000
 14.500000 0.739722 274.183369 0.000000 0.000000 0.000000 0.000000 0.739722 284.000000
 14.750000 0.737936 275.886434 0.000000 0.000000 0.000000 0.000000 0.737936 287.000000
 15.000000 0.744362 280.648519 0.000000 0.000000 0.000000 0.000000 0.744362 292.000000
 15.250000 0.735506 273.965114 0.000000 0.000000 0.000000 0.000000 0.735506 284.000000
 15.500000 0.731440 270.611601 0.000000 0.000000 0.000000 0.000000 0.731440 281.000000
 15.750000 0.733243 272.101924 0.000000 0.000000 0.000000 0.000000 0.733243 285.000000
 16.000000 0.737711 274.413709 0.000000 0.000000 0.000000 0.000000 0.737711 285.000000
 16.250000 0.743476 280.243355 0.000000 0.000000 0.000000 0.000000 0.743476 286.000000
 16.500000 0.747852 285.001866 0.000000 0.000000 0.000000 0.000000 0.747852 290.000000
 16.750000 0.740865 277.561694 0.000000 0.000000 0.000000 0.000000 0.740865 282.000000
 17.000000 0.743132 279.441328 0.000000 0.000000 0.000000 0.000000 0.743132 287.000000
 17.250000 0.747993 280.704919 0.000000 0.000000 0.000000 0.000000 0.747993 287.000000
 17.500000 0.741584 276.669571 0.000000 0.000000 0.000000 0.000000 0.741584 285.000000
 17.750000 0.736465 272.104040 0.000000 0.000000 0.000000 0.000000 0.736465 284.000000
 18.000000 0.741955 277.531582 0.000000 0.000000 0.000000 0.000000 0.741955 287.000000
 18.250000 0.743457 277.676422 0.000000 0.000000 0.000000 0.000000 0.743457 287.000000
 18.500000 0.740314 275.570310 0.000000 0.000000 0.000000 0.000000 0.740314 283.000000
 18.750000 0.735426 272.051160 0.000000 0.000000 0.000000 0.000000 0.735426 282.000000
 19.000000 0.739257 275.940775 0.000000 0.000000 0.000000 0.000000 0.739257 284.000000
 19.250000 0.739720 277.560443 0.000000 0.000000 0.000000 0.000000 0.739720 288.288244
 19.500000 0.734919 274.802633 0.000000 0.000000 0.000000 0.000000 0.734919 285.000000
 19.750000 0.734445 272.126599 0.000000 0.000000 0.000000 0.000000 0.734445 282.958666
 20.000000 0.733251 271.593334 0.000000 0.000000 0.000000 0.000000 0.733251 282.000000
 20.250000 0.736252 269.386403 0.000000 0.000000 0.000000 0.000000 0.736252 280.000000
 20.500000 0.741642 274.709355 0.000000 0.000000 0.000000 0.000000 0.741642 286.000000
 20.750000 0.737120 272.498638 0.000000 0.000000 0.000000 0.000000 0.737120 282.000000
 21.000000 0.733636 272.821029 0.000000 0.000000 0.000000 0.000000 0.733636 285.000000
 21.250000 0.731026 272.046110 0.000000 0.000000 0.000000 0.000000 0.731026 283.000000
 21.500000 0.733477 270.842637 0.000000 0.000000 0.000000 0.000000 0.733477 281.000000
 21.750000 0.730426 265.880908 0.000000 0.000000 0.000000 0.000000 0.730426 285.000000
 22.000000 0.734544 272.386509 0.000000 0.000000 0.000000 0.000000 0.734544 286.966971
 22.250000 0.728112 266.666234 0.000000 0.000000 0.000000 0.000000 0.728112 284.000000
 22.500000 0.726964 269.556065 0.000000 0.000000 0.000000 0.000000 0.726964 285.000000
 22.750000 0.727294 268.714305 0.000000 0.000000 0.000000 0.000000 0.727294 278.000000
 23.000000 0.733549 273.650157 0.000000 0.000000 0.000000 0.000000 0.733549 286.000000
 23.250000 0.743717 279.496420 0.000000 0.000000 0.000000 0.000000 0.743717 286.000000
 23.500000 0.741559 280.188914 0.000000 0.000000 0.000000 0.000000 0.741559 290.000000
 23.750000 0.743371 280.143856 0.000000 0.000000 0.000000 0.000000 0.743371 287.000000
 24.000000 0.737602 274.414849 0.000000 0.000000 0.000000 0.000000 0.737602 282.000000
 24.250000 0.748857 284.935067 0.000000 0.000000 0.000000 0.000000 0.748857 288.000000
 24.500000 0.737492 274.882019 0.000000 0.000000 0.000000 0.000000 0.737492 284.949268
 24.750000 0.738326 277.826577 0.000000 0.000000 0.000000 0.000000 0.738326 289.000000
 25.000000 0.739360 280.185222 0.000000 0.000000 0.000000 0.000000 0.739360 288.000000
 25.250000 0.742942 278.460457 0.000000 0.000000 0.000000 0.000000 0.742942 288.000000
 25.500000 0.742742 277.134456 0.000000 0.000000 0.000000 0.000000 0.742742 291.000000
 25.750000 0.739471 276.712586 0.000000 0.000000 0.000000 0.000000 0.739471 287.000000
 26.000000 0.739174 281.953229 0.000000 0.000000 0.000000 0.000000 0.739174 290.000000
 26.250000 0.741635 279.819030 0.000000 0.000000 0.000000 0.000000 0.741635 284.000000
 26.500000 0.744907 283.034647 0.000000 0.000000 0.000000 0.000000 0.744907 288.000000
 26.750000 0.741104 279.348764 0.000000 0.000000 0.000000 0.000000 0.741104 288.000000
 27.000000 0.733678 278.520342 0.000000 0.000000 0.000000 0.000000 0.733678 286.000000
 27.250000 0.737794 279.388141 0.000000 0.000000 0.000000 0.000000 0.737794 288.000000
 27.500000 0.739440 279.130535 0.000000 0.000000 0.000000 0.000000 0.739440 289.000000
 27.750000 0.740409 280.781973 0.000000 0.000000 0.000000 0.000000 0.740409 292.000000
 28.000000 0.738568 279.381465 0.000000 0.000000 0.000000 0.000000 0.738568 291.000000
 28.250000 0.737331 279.802973 0.000000 0.000000 0.000000 0.000000 0.737331 289.000000
 28.500000 0.736501 278.469506 0.000000 0.000000 0.000000 0.000000 0.736501 287.000000
 28.750000 0.736618 278.198307 0.000000 0.000000 0.000000 0.000000 0.736618 291.000000
 29.000000 0.737303 280.259967 0.000000 0.000000 0.000000 0.000000 0.737303 291.000000
 29.250000 0.733588 276.564042 0.000000 0.000000 0.000000 0.000000 0.733588 290.000000
 29.500000 0.732435 274.016517 0.000000 0.000000 0.000000 0.000000 0.732435 291.000000
 29.750000 0.742992 276.905295 0.000000 0.000000 0.000000 0.000000 0.742992 283.082962
 30.000000 0.731958 272.920671 0.000000 0.000000 0.000000 0.000000 0.731958 285.000000
 30.250000 0.736421 278.656108 0.000000 0.000000 0.000000 0.000000 0.736421 290.000000
 30.500000 0.735617 275.597818 0.000000 0.000000 0.000000 0.000000 0.735617 286.000000
 30.750000 0.733406 276.015286 0.000000 0.000000 0.000000 0.000000 0.733406 290.000000
 31.000000 0.736375 277.273504 0.000000 0.000000 0.000000 0.000000 0.736375 286.000000
 31.250000 0.737072 275.556512 0.000000 0.000000 0.000000 0.000000 0.737072 286.000000
 31.500000 0.744901 282.391583 0.000000 0.000000 0.000000 0.000000 0.744901 290.000000
 31.750000 0.739326 279.881292 0.000000 0.000000 0.000000 0.000000 0.739326 288.000000
 32.000000 0.736907 279.839960 0.000000 0.000000 0.000000 0.000000 0.736907 292.000000
 32.250000 0.738867 280.074903 0.000000 0.000000 0.000000 0.000000 0.738867 290.000000
 32.500000 0.736398 278.895933 0.000000 0.000000 0.000000 0.000000 0.736398 290.000000
 32.750000 0.739927 280.771095 0.000000 0.000000 0.000000 0.000000 0.739927 289.000000
 33.000000 0.733903 275.142278 0.000000 0.000000 0.000000 0.000000 0.733903 287.000000
 33.250000 0.742816 280.998335 0.000000 0.000000 0.000000 0.000000 0.742816 292.000000
 33.500000 0.734891 274.601343 0.000000 0.000000 0.000000 0.000000 0.734891 287.000000
 33.750000 0.729650 278.804538 0.000000 0.000000 0.000000 0.000000 0.729650 294.000000
 34.000000 0.736221 279.520531 0.000000 0.000000 0.000000 0.000000 0.736221 292.000000
 34.250000 0.731867 273.283993 0.000000 0.000000 0.000000 0.000000 0.731867 283.000000
 34.500000 0.740756 280.585567 0.000000 0.000000 0.000000 0.000000 0.740756 289.000000
 34.750000 0.733924 275.061887 0.000000 0.000000 0.000000 0.000000 0.733924 286.000000
 35.000000 0.739772 280.118689 0.000000 0.000000 0.000000 0.000000 0.739772 289.000000
 35.250000 0.736134 280.701044 0.000000 0.000000 0.000000 0.000000 0.736134 289.000000
 35.500000 0.738996 281.660048 0.000000 0.000000 0.000000 0.000000 0.738996 289.000000
 35.750000 0.738964 281.694515 0.000000 0.000000 0.000000 0.000000 0.738964 292.000000
 36.000000 0.745709 285.185575 0.000000 0.000000 0.000000 0.000000 0.745709 294.000000
 36.250000 0.739456 279.720775 0.000000 0.000000 0.000000 0.000000 0.739456 296.000000
 36.500000 0.742722 283.131320 0.000000 0.000000 0.000000 0.000000 0.742722 292.000000
 36.750000 0.737223 280.460142 0.000000 0.000000 0.000000 0.000000 0.737223 293.000000
 37.000000 0.740464 279.665707 0.000000 0.000000 0.000000 0.000000 0.740464 289.000000
 37.250000 0.742130 280.366905 0.000000 0.000000 0.000000 0.000000 0.742130 291.000000
 37.500000 0.742920 283.923592 0.000000 0.000000 0.000000 0.000000 0.742920 296.000000
 37.750000 0.739482 281.190237 0.000000 0.000000 0.000000 0.000000 0.739482 290.000000
 38.000000 0.742520 283.250137 0.000000 0.000000 0.000000 0.000000 0.742520 286.000000
 38.250000 0.739598 282.808799 0.000000 0.000000 0.000000 0.000000 0.739598 295.000000
 38.500000 0.741152 282.063306 0.000000 0.000000 0.000000 0.000000 0.741152 290.000000
 38.750000 0.739853 280.861299 0.000000 0.000000 0.000000 0.000000 0.739853 290.000000
 39.000000 0.734345 277.700902 0.000000 0.000000 0.000000 0.000000 0.734345 289.000000
 39.250000 0.738516 278.638841 0.000000 0.000000 0.000000 0.000000 0.738516 292.000000
 39.500000 0.748618 286.140191 0.000000 0.000000 0.000000 0.000000 0.748618 292.000000
 39.750000 0.738916 278.384663 0.000000 0.000000 0.000000 0.000000 0.738916 290.998937
 40.000000 0.737812 275.656220 0.000000 0.000000 0.000000 0.000000 0.737812 285.000000
 40.250000 0.741889 281.276672 0.000000 0.000000 0.000000 0.000000 0.741889 287.000000
 40.500000 0.740583 279.544720 0.000000 0.000000 0.000000 0.000000 0.740583 288.000000
 40.750000 0.743052 282.432983 0.000000 0.000000 0.000000 0.000000 0.743052 292.000000
 41.000000 0.739463 277.051369 0.000000 0.000000 0.000000 0.000000 0.739463 284.000000
 41.250000 0.741085 281.329138 0.000000 0.000000 0.000000 0.000000 0.741085 289.000000
 41.500000 0.736208 278.876814 0.000000 0.000000 0.000000 0.000000 0.736208 289.000000
 41.750000 0.730227 275.425456 0.000000 0.000000 0.000000 0.000000 0.730227 288.000000
 42.000000 0.733157 272.585358 0.000000 0.000000 0.000000 0.000000 0.733157 283.000000
 42.250000 0.746870 280.288833 0.000000 0.000000 0.000000 0.000000 0.746870 289.000000
 42.500000 0.740359 276.335691 0.000000 0.000000 0.000000 0.000000 0.740359 287.000000
 42.750000 0.741352 278.127444 0.000000 0.000000 0.000000 0.000000 0.741352 288.000000
 43.000000 0.743615 281.719380 0.000000 0.000000 0.000000 0.000000 0.743615 289.000000
 43.250000 0.745140 282.360608 0.000000 0.000000 0.000000 0.000000 0.745140 285.000000
 43.500000 0.743920 282.177386 0.000000 0.000000 0.000000 0.000000 0.743920 291.000000
 43.750000 0.744902 281.502476 0.000000 0.000000 0.000000 0.000000 0.744902 287.000000
 44.000000 0.751969 284.642032 0.000000 0.000000 0.000000 0.000000 0.751969 290.000000
 44.250000 0.752402 284.433830 0.000000 0.000000 0.000000 0.000000 0.752402 287.000000
 44.500000 0.746501 281.748684 0.000000 0.000000 0.000000 0.000000 0.746501 289.000000
 44.750000 0.750125 285.111718 0.000000 0.000000 0.000000 0.000000 0.750125 289.000000
 45.000000 0.745723 284.565885 0.000000 0.000000 0.000000 0.000000 0.745723 291.000000
 45.250000 0.748011 284.994119 0.000000 0.000000 0.000000 0.000000 0.748011 291.000000
 45.500000 0.751209 286.937841 0.000000 0.000000 0.000000 0.000000 0.751209 290.000000
 45.750000 0.750620 288.239784 0.057497 0.229986 0.000000 0.000000 0.750620 294.000000
 46.000000 0.744721 285.238839 0.000000 0.000000 0.000000 0.000000 0.744721 291.000000
 46.250000 0.747530 284.905223 0.000000 0.000000 0.000000 0.000000 0.747530 292.000000
 46.500000 0.740322 279.070003 0.000000 0.000000 0.000000 0.000000 0.740322 287.000000
 46.750000 0.744592 284.902860 0.000000 0.000000 0.000000 0.000000 0.744592 292.000000
 47.000000 0.745471 286.076007 0.000000 0.000000 0.000000 0.000000 0.745471 292.000000
 47.250000 0.748422 288.402006 0.161609 0.646435 0.000000 0.000000 0.748422 294.925717
 47.500000 0.744342 284.361925 0.000000 0.000000 0.000000 0.000000 0.744342 291.000000
 47.750000 0.741682 284.259471 0.000000 0.000000 0.000000 0.000000 0.741682 295.000000
 48.000000 0.743409 283.209771 0.000000 0.000000 0.000000 0.000000 0.743409 292.000000
 48.250000 0.745648 288.527781 0.278552 1.114209 0.000000 0.000000 0.745648 299.000000
 48.500000 0.745302 283.410226 0.000000 0.000000 0.000000 0.000000 0.745302 292.000000
 48.750000 0.740468 281.102673 0.000000 0.000000 0.000000 0.000000 0.740468 292.000000
 49.000000 0.743822 284.767448 0.000000 0.000000 0.000000 0.000000 0.743822 291.000000
 49.250000 0.737895 281.968871 0.000000 0.000000 0.000000 0.000000 0.737895 289.000000
 49.500000 0.737152 280.148243 0.000000 0.000000 0.000000 0.000000 0.737152 289.000000
 49.750000 0.732467 279.324162 0.000000 0.000000 0.000000 0.000000 0.732467 292.000000
 50.000000 0.735093 280.116065 0.000000 0.000000 0.000000 0.000000 0.735093 293.000000
 50.250000 0.743180 279.348673 0.000000 0.000000 0.000000 0.000000 0.743180 290.000000
 50.500000 0.742140 283.854030 0.000000 0.000000 0.000000 0.000000 0.742140 294.000000
 50.750000 0.736700 277.877477 0.000000 0.000000 0.000000 0.000000 0.736700 288.000000
 51.000000 0.744945 285.512096 0.000000 0.000000 0.000000 0.000000 0.744945 294.000000
 51.250000 0.741575 283.551673 0.000000 0.000000 0.000000 0.000000 0.741575 291.000000
 51.500000 0.742585 282.373682 0.000000 0.000000 0.000000 0.000000 0.742585 289.000000
 51.750000 0.743144 284.499014 0.000000 0.000000 0.000000 0.000000 0.743144 289.000000
 52.000000 0.740528 283.157951 0.000000 0.000000 0.000000 0.000000 0.740528 289.000000
 52.250000 0.738403 282.153200 0.000000 0.000000 0.000000 0.000000 0.738403 290.000000
 52.500000 0.742685 281.842270 0.000000 0.000000 0.000000 0.000000 0.742685 288.000000
 52.750000 0.740078 284.052987 0.000000 0.000000 0.000000 0.000000 0.740078 291.000000
 53.000000 0.738209 283.213532 0.000000 0.000000 0.000000 0.000000 0.738209 292.000000
 53.250000 0.749949 288.833219 0.694253 2.777013 0.000000 0.000000 0.749949 294.000000
 53.500000 0.740807 284.544119 0.000000 0.000000 0.000000 0.000000 0.740807 292.000000
 53.750000 0.742393 286.216575 0.000000 0.000000 0.000000 0.000000 0.742393 296.000000
 54.000000 0.742893 287.914383 0.000000 0.000000 0.000000 0.000000 0.742893 299.000000
 54.250000 0.741007 280.760902 0.000000 0.000000 0.000000 0.000000 0.741007 291.000000
 54.500000 0.744570 287.012723 0.000000 0.000000 0.000000 0.000000 0.744570 296.000000
 54.750000 0.746475 285.769241 0.000000 0.000000 0.000000 0.000000 0.746475 294.000000
 55.000000 0.747146 286.280257 0.000000 0.000000 0.000000 0.000000 0.747146 296.000000
 55.250000 0.749864 287.915813 0.000000 0.000000 0.000000 0.000000 0.749864 294.000000
 55.500000 0.747937 285.018688 0.000000 0.000000 0.000000 0.000000 0.747937 298.000000
 55.750000 0.746154 287.683920 0.000000 0.000000 0.000000 0.000000 0.746154 294.000000
 56.000000 0.746368 287.115505 0.000000 0.000000 0.000000 0.000000 0.746368 294.000000
 56.250000 0.745219 284.566820 0.000000 0.000000 0.000000 0.000000 0.745219 291.000000
 56.500000 0.742270 283.367163 0.000000 0.000000 0.000000 0.000000 0.742270 288.000000
 56.750000 0.750413 287.036825 0.000000 0.000000 0.000000 0.000000 0.750413 293.000000
 57.000000 0.748316 288.298234 0.088944 0.355774 0.000000 0.000000 0.748316 295.000000
 57.250000 0.739074 279.284745 0.000000 0.000000 0.000000 0.000000 0.739074 287.000000
 57.500000 0.743843 283.995248 0.000000 0.000000 0.000000 0.000000 0.743843 293.000000
 57.750000 0.745274 286.514439 0.000000 0.000000 0.000000 0.000000 0.745274 295.000000
 58.000000 0.742760 284.148048 0.000000 0.000000 0.000000 0.000000 0.742760 297.000000
 58.250000 0.746334 283.354163 0.000000 0.000000 0.000000 0.000000 0.746334 294.000000
 58.500000 0.742182 280.761143 0.000000 0.000000 0.000000 0.000000 0.742182 285.000000
 58.750000 0.743181 282.734523 0.000000 0.000000 0.000000 0.000000 0.743181 290.000000
 59.000000 0.735309 280.408819 0.000000 0.000000 0.000000 0.000000 0.735309 294.000000
 59.250000 0.734265 278.716126 0.000000 0.000000 0.000000 0.000000 0.734265 288.000000
 59.500000 0.731441 275.248324 0.000000 0.000000 0.000000 0.000000 0.731441 291.000000
 59.750000 0.736960 279.296835 0.000000 0.000000 0.000000 0.000000 0.736960 291.888625
 60.000000 0.743291 286.078164 0.000000 0.000000 0.000000 0.000000 0.743291 292.000000
 60.250000 0.747398 287.624121 0.000000 0.000000 0.000000 0.000000 0.747398 296.000000
 60.500000 0.740340 279.950328 0.000000 0.000000 0.000000 0.000000 0.740340 288.000000
 60.750000 0.743796 280.285868 0.000000 0.000000 0.000000 0.000000 0.743796 288.000000
 61.000000 0.744468 282.477832 0.000000 0.000000 0.000000 0.000000 0.744468 291.000000
 61.250000 0.740618 280.927510 0.000000 0.000000 0.000000 0.000000 0.740618 293.000000
 61.500000 0.736869 278.077282 0.000000 0.000000 0.000000 0.000000 0.736869 291.000000
 61.750000 0.738452 278.639742 0.000000 0.000000 0.000000 0.000000 0.738452 286.000000
 62.000000 0.737475 278.533977 0.000000 0.000000 0.000000 0.000000 0.737475 287.000000
 62.250000 0.736791 280.872014 0.000000 0.000000 0.000000 0.000000 0.736791 290.000000
 62.500000 0.741832 280.850266 0.000000 0.000000 0.000000 0.000000 0.741832 286.000000
 62.750000 0.742092 281.872887 0.000000 0.000000 0.000000 0.000000 0.742092 290.000000
 63.000000 0.737282 277.557862 0.000000 0.000000 0.000000 0.000000 0.737282 285.000000
 63.250000 0.734888 277.638970 0.000000 0.000000 0.000000 0.000000 0.734888 290.000000
 63.500000 0.733558 274.286478 0.000000 0.000000 0.000000 0.000000 0.733558 285.000000
 63.750000 0.728121 270.107038 0.000000 0.000000 0.000000 0.000000 0.728121 283.000000
 64.000000 0.734010 275.073219 0.000000 0.000000 0.000000 0.000000 0.734010 286.000000
 64.250000 0.740533 277.229919 0.000000 0.000000 0.000000 0.000000 0.740533 287.000000
 64.500000 0.741756 280.002987 0.000000 0.000000 0.000000 0.000000 0.741756 289.000000
 64.750000 0.734144 277.503282 0.000000 0.000000 0.000000 0.000000 0.734144 288.000000
 65.000000 0.739532 279.554174 0.000000 0.000000 0.000000 0.000000 0.739532 287.000000
 65.250000 0.737543 279.482056 0.000000 0.000000 0.000000 0.000000 0.737543 289.000000
 65.500000 0.745397 285.882121 0.000000 0.000000 0.000000 0.000000 0.745397 289.000000
 65.750000 0.735740 277.933115 0.000000 0.000000 0.000000 0.000000 0.735740 285.000000
 66.000000 0.741483 281.372286 0.000000 0.000000 0.000000 0.000000 0.741483 287.000000
 66.250000 0.745831 284.624194 0.000000 0.000000 0.000000 0.000000 0.745831 293.000000
 66.500000 0.744566 281.605890 0.000000 0.000000 0.000000 0.000000 0.744566 291.000000
 66.750000 0.734889 274.428060 0.000000 0.000000 0.000000 0.000000 0.734889 286.000000
 67.000000 0.732781 274.106638 0.000000 0.000000 0.000000 0.000000 0.732781 286.000000
 67.250000 0.738572 278.334796 0.000000 0.000000 0.000000 0.000000 0.738572 286.000000
 67.500000 0.737529 272.097197 0.000000 0.000000 0.000000 0.000000 0.737529 281.000000
 67.750000 0.751823 285.245605 0.000000 0.000000 0.000000 0.000000 0.751823 289.000000
 68.000000 0.741077 279.181506 0.000000 0.000000 0.000000 0.000000 0.741077 285.000000
 68.250000 0.739454 277.436404 0.000000 0.000000 0.000000 0.000000 0.739454 284.000000
 68.500000 0.748140 284.518457 0.000000 0.000000 0.000000 0.000000 0.748140 284.000000
 68.750000 0.744829 283.984000 0.000000 0.000000 0.000000 0.000000 0.744829 290.000000
 69.000000 0.746103 281.724469 0.000000 0.000000 0.000000 0.000000 0.746103 288.000000
 69.250000 0.744173 279.681358 0.000000 0.000000 0.000000 0.000000 0.744173 292.000000
 69.500000 0.750832 286.422254 0.000000 0.000000 0.000000 0.000000 0.750832 297.000000
 69.750000 0.747075 284.090725 0.000000 0.000000 0.000000 0.000000 0.747075 290.000000
 70.000000 0.740921 278.308720 0.000000 0.000000 0.000000 0.000000 0.740921 290.000000
 70.250000 0.738539 278.817377 0.000000 0.000000 0.000000 0.000000 0.738539 289.000000
 70.500000 0.735320 274.138134 0.000000 0.000000 0.000000 0.000000 0.735320 286.000000
 70.750000 0.738782 277.143264 0.000000 0.000000 0.000000 0.000000 0.738782 287.000000
 71.000000 0.733009 273.459926 0.000000 0.000000 0.000000 0.000000 0.733009 290.000000
 71.250000 0.739745 280.212404 0.000000 0.000000 0.000000 0.000000 0.739745 294.000000
 71.500000 0.737727 276.654395 0.000000 0.000000 0.000000 0.000000 0.737727 286.000000
 71.750000 0.742048 278.700231 0.000000 0.000000 0.000000 0.000000 0.742048 288.000000
 72.000000 0.736544 276.695752 0.000000 0.000000 0.000000 0.000000 0.736544 285.000000
 72.250000 0.736724 274.797835 0.000000 0.000000 0.000000 0.000000 0.736724 284.000000
 72.500000 0.727372 266.217476 0.000000 0.000000 0.000000 0.000000 0.727372 281.000000
 72.750000 0.735850 273.275980 0.000000 0.000000 0.000000 0.000000 0.735850 279.000000
 73.000000 0.734074 268.222662 0.000000 0.000000 0.000000 0.000000 0.734074 277.000000
 73.250000 0.738311 274.534932 0.000000 0.000000 0.000000 0.000000 0.738311 282.000000
 73.500000 0.736594 271.872851 0.000000 0.000000 0.000000 0.000000 0.736594 281.000000
 73.750000 0.737156 273.930995 0.000000 0.000000 0.000000 0.000000 0.737156 286.000000
 74.000000 0.736324 273.569401 0.000000 0.000000 0.000000 0.000000 0.736324 286.000000
 74.250000 0.746141 283.671432 0.000000 0.000000 0.000000 0.000000 0.746141 289.000000
 74.500000 0.737681 276.577680 0.000000 0.000000 0.000000 0.000000 0.737681 282.000000
 74.750000 0.736315 277.959719 0.000000 0.000000 0.000000 0.000000 0.736315 286.000000
 75.000000 0.736264 275.578124 0.000000 0.000000 0.000000 0.000000 0.736264 285.000000
 75.250000 0.735424 275.352009 0.000000 0.000000 0.000000 0.000000 0.735424 287.000000
 75.500000 0.746810 283.197772 0.000000 0.000000 0.000000 0.000000 0.746810 291.000000
 75.750000 0.750933 286.767187 0.000000 0.000000 0.000000 0.000000 0.750933 294.000000
 76.000000 0.742446 281.880918 0.000000 0.000000 0.000000 0.000000 0.742446 291.000000
 76.250000 0.746520 286.529650 0.000000 0.000000 0.000000 0.000000 0.746520 293.000000
 76.500000 0.738843 279.504272 0.000000 0.000000 0.000000 0.000000 0.738843 291.000000
 76.750000 0.743073 282.931842 0.000000 0.000000 0.000000 0.000000 0.743073 293.000000
 77.000000 0.743399 284.481140 0.000000 0.000000 0.000000 0.000000 0.743399 293.000000
 77.250000 0.740468 278.486155 0.000000 0.000000 0.000000 0.000000 0.740468 288.000000
 77.500000 0.744517 283.773798 0.000000 0.000000 0.000000 0.000000 0.744517 294.000000
 77.750000 0.741513 278.989240 0.000000 0.000000 0.000000 0.000000 0.741513 288.000000
 78.000000 0.742107 280.051411 0.000000 0.000000 0.000000 0.000000 0.742107 291.000000
 78.250000 0.740684 278.060018 0.000000 0.000000 0.000000 0.000000 0.740684 291.000000
 78.500000 0.735008 276.482732 0.000000 0.000000 0.000000 0.000000 0.735008 286.000000
 78.750000 0.731071 274.171203 0.000000 0.000000 0.000000 0.000000 0.731071 288.000000
 79.000000 0.737413 278.709355 0.000000 0.000000 0.000000 0.000000 0.737413 290.000000
 79.250000 0.745860 282.018610 0.000000 0.000000 0.000000 0.000000 0.745860 289.000000
 79.500000 0.745732 281.950163 0.000000 0.000000 0.000000 0.000000 0.745732 286.000000
 79.750000 0.738701 274.961166 0.000000 0.000000 0.000000 0.000000 0.738701 285.000000
 80.000000 0.733379 275.241205 0.000000 0.000000 0.000000 0.000000 0.733379 288.000000
 80.250000 0.736566 275.792847 0.000000 0.000000 0.000000 0.000000 0.736566 284.000000
 80.500000 0.730055 271.348869 0.000000 0.000000 0.000000 0.000000 0.730055 286.000000
 80.750000 0.732461 273.425668 0.000000 0.000000 0.000000 0.000000 0.732461 282.000000
 81.000000 0.737393 275.739366 0.000000 0.000000 0.000000 0.000000 0.737393 284.000000
 81.250000 0.740583 276.738764 0.000000 0.000000 0.000000 0.000000 0.740583 286.000000
 81.500000 0.738852 277.590552 0.000000 0.000000 0.000000 0.000000 0.738852 285.000000
 81.750000 0.739099 276.342164 0.000000 0.000000 0.000000 0.000000 0.739099 281.000000
 82.000000 0.736437 275.672068 0.000000 0.000000 0.000000 0.000000 0.736437 284.000000
 82.250000 0.739237 274.042165 0.000000 0.000000 0.000000 0.000000 0.739237 285.000000
 82.500000 0.736604 270.541023 0.000000 0.000000 0.000000 0.000000 0.736604 277.000000
 82.750000 0.727590 266.069223 0.000000 0.000000 0.000000 0.000000 0.727590 276.000000
 83.000000 0.730332 269.740441 0.000000 0.000000 0.000000 0.000000 0.730332 279.000000
 83.250000 0.728407 266.721198 0.000000 0.000000 0.000000 0.000000 0.728407 280.000000
 83.500000 0.729954 269.515685 0.000000 0.000000 0.000000 0.000000 0.729954 280.000000
 83.750000 0.733741 271.947520 0.000000 0.000000 0.000000 0.000000 0.733741 280.000000
 84.000000 0.738339 275.742233 0.000000 0.000000 0.000000 0.000000 0.738339 284.000000
 84.250000 0.733725 271.578748 0.000000 0.000000 0.000000 0.000000 0.733725 279.000000
 84.500000 0.724921 266.880541 0.000000 0.000000 0.000000 0.000000 0.724921 276.000000
 84.750000 0.730175 273.724397 0.000000 0.000000 0.000000 0.000000 0.730175 286.000000
 85.000000 0.729677 271.548072 0.000000 0.000000 0.000000 0.000000 0.729677 283.000000
 85.250000 0.730860 272.390285 0.000000 0.000000 0.000000 0.000000 0.730860 281.000000
 85.500000 0.731688 268.146982 0.000000 0.000000 0.000000 0.000000 0.731688 280.000000
 85.750000 0.740111 272.793095 0.000000 0.000000 0.000000 0.000000 0.740111 279.000000
 86.000000 0.736570 272.979650 0.000000 0.000000 0.000000 0.000000 0.736570 280.000000
 86.250000 0.727892 270.298487 0.000000 0.000000 0.000000 0.000000 0.727892 280.000000
 86.500000 0.726225 264.885462 0.000000 0.000000 0.000000 0.000000 0.726225 277.000000
 86.750000 0.725455 266.407417 0.000000 0.000000 0.000000 0.000000 0.725455 276.000000
 87.000000 0.720616 265.163841 0.000000 0.000000 0.000000 0.000000 0.720616 280.000000
 87.250000 0.729345 270.828922 0.000000 0.000000 0.000000 0.000000 0.729345 282.000000
 87.500000 0.730635 267.084299 0.000000 0.000000 0.000000 0.000000 0.730635 280.000000
 87.750000 0.730410 266.956591 0.000000 0.000000 0.000000 0.000000 0.730410 277.000000
 88.000000 0.733204 268.484478 0.000000 0.000000 0.000000 0.000000 0.733204 279.000000
 88.250000 0.728990 269.499396 0.000000 0.000000 0.000000 0.000000 0.728990 282.000000
 88.500000 0.730513 268.708534 0.000000 0.000000 0.000000 0.000000 0.730513 278.000000
 88.750000 0.734480 269.559095 0.000000 0.000000 0.000000 0.000000 0.734480 283.000000
 89.000000 0.734666 271.425189 0.000000 0.000000 0.000000 0.000000 0.734666 279.000000
 89.250000 0.736786 273.376042 0.000000 0.000000 0.000000 0.000000 0.736786 286.000000
 89.500000 0.732064 269.476680 0.000000 0.000000 0.000000 0.000000 0.732064 285.000000
 89.750000 0.738632 274.347875 0.000000 0.000000 0.000000 0.000000 0.738632 284.000000
 90.000000 0.735339 271.618312 0.000000 0.000000 0.000000 0.000000 0.735339 281.000000
 90.250000 0.741860 278.364282 0.000000 0.000000 0.000000 0.000000 0.741860 286.000000
 90.500000 0.739453 276.737005 0.000000 0.000000 0.000000 0.000000 0.739453 284.000000
 90.750000 0.734911 271.823259 0.000000 0.000000 0.000000 0.000000 0.734911 283.000000
 91.000000 0.739212 276.191958 0.000000 0.000000 0.000000 0.000000 0.739212 285.000000
 91.250000 0.731251 271.090727 0.000000 0.000000 0.000000 0.000000 0.731251 281.000000
 91.500000 0.731478 272.958850 0.000000 0.000000 0.000000 0.000000 0.731478 283.000000
 91.750000 0.730770 269.441574 0.000000 0.000000 0.000000 0.000000 0.730770 278.000000
 92.000000 0.729549 268.794654 0.000000 0.000000 0.000000 0.000000 0.729549 283.000000
 92.250000 0.732796 271.337151 0.000000 0.000000 0.000000 0.000000 0.732796 280.000000
 92.500000 0.728396 267.950097 0.000000 0.000000 0.000000 0.000000 0.728396 277.000000
 92.750000 0.731601 270.914746 0.000000 0.000000 0.000000 0.000000 0.731601 285.000000
 93.000000 0.728744 270.673820 0.000000 0.000000 0.000000 0.000000 0.728744 282.000000
 93.250000 0.727740 267.805278 0.000000 0.000000 0.000000 0.000000 0.727740 279.000000
 93.500000 0.738220 275.216861 0.000000 0.000000 0.000000 0.000000 0.738220 286.000000
 93.750000 0.740673 276.938780 0.000000 0.000000 0.000000 0.000000 0.740673 284.000000
 94.000000 0.736737 276.173003 0.000000 0.000000 0.000000 0.000000 0.736737 285.000000
 94.250000 0.736473 278.076168 0.000000 0.000000 0.000000 0.000000 0.736473 288.000000
 94.500000 0.741946 281.718998 0.000000 0.000000 0.000000 0.000000 0.741946 294.000000
 94.750000 0.747825 284.230568 0.000000 0.000000 0.000000 0.000000 0.747825 291.000000
 95.000000 0.740918 276.852258 0.000000 0.000000 0.000000 0.000000 0.740918 287.000000
 95.250000 0.739871 277.205540 0.000000 0.000000 0.000000 0.000000 0.739871 286.000000
 95.500000 0.738604 275.781764 0.000000 0.000000 0.000000 0.000000 0.738604 285.000000
 95.750000 0.740067 278.552148 0.000000 0.000000 0.000000 0.000000 0.740067 290.000000
 96.000000 0.744171 280.775145 0.000000 0.000000 0.000000 0.000000 0.744171 291.000000
 96.250000 0.743876 280.590741 0.000000 0.000000 0.000000 0.000000 0.743876 286.000000
 96.500000 0.741374 279.930766 0.000000 0.000000 0.000000 0.000000 0.741374 285.000000
 96.750000 0.737092 272.973769 0.000000 0.000000 0.000000 0.000000 0.737092 283.000000
 97.000000 0.733785 272.303301 0.000000 0.000000 0.000000 0.000000 0.733785 283.000000
 97.250000 0.736375 275.347357 0.000000 0.000000 0.000000 0.000000 0.736375 289.000000
 97.500000 0.732690 272.636410 0.000000 0.000000 0.000000 0.000000 0.732690 290.000000
 97.750000 0.734317 278.042785 0.000000 0.000000 0.000000 0.000000 0.734317 291.000000
 98.000000 0.744800 285.230111 0.000000 0.000000 0.000000 0.000000 0.744800 292.000000
 98.250000 0.739961 279.666667 0.000000 0.000000 0.000000 0.000000 0.739961 288.000000
 98.500000 0.739729 276.663327 0.000000 0.000000 0.000000 0.000000 0.739729 288.000000
 98.750000 0.748097 285.117815 0.000000 0.000000 0.000000 0.000000 0.748097 293.000000
 99.000000 0.737992 276.565688 0.000000 0.000000 0.000000 0.000000 0.737992 285.000000
 99.250000 0.744912 282.072732 0.000000 0.000000 0.000000 0.000000 0.744912 288.000000
 99.500000 0.748633 284.813501 0.000000 0.000000 0.000000 0.000000 0.748633 288.000000
 99.750000 0.745891 287.526394 0.000000 0.000000 0.000000 0.000000 0.745891 294.000000
 100.000000 0.744188 281.707212 0.000000 0.000000 0.000000 0.000000 0.744188 292.000000
 100.250000 0.745028 283.155721 0.000000 0.000000 0.000000 0.000000 0.745028 289.000000
