#! FIELDS time refcv.mean refcv.morethan uwall.bias uwall.force2 lwall.bias lwall.force2 refcv2.mean refcv2.morethan
 0.500000 0.777239 289.695934 2.876192 11.504766 0.000000 0.000000 0.777239 288.000000
 0.750000 0.744068 279.104883 0.000000 0.000000 0.000000 0.000000 0.744068 286.000000
 1.000000 0.744315 280.209495 0.000000 0.000000 0.000000 0.000000 0.744315 292.000000
 1.250000 0.731856 269.714929 0.000000 0.000000 0.000000 0.000000 0.731856 284.000000
 1.500000 0.734363 271.388368 0.000000 0.000000 0.000000 0.000000 0.734363 282.000000
 1.750000 0.737669 275.770232 0.000000 0.000000 0.000000 0.000000 0.737669 286.000000
 2.000000 0.735119 268.724009 0.000000 0.000000 0.000000 0.000000 0.735119 283.000000
 2.250000 0.739536 273.459177 0.000000 0.000000 0.000000 0.000000 0.739536 282.000000
 2.500000 0.737403 270.767562 0.000000 0.000000 0.000000 0.000000 0.737403 285.000000
 2.750000 0.738827 272.654635 0.000000 0.000000 0.000000 0.000000 0.738827 282.000000
 3.000000 0.739666 276.316340 0.000000 0.000000 0.000000 0.000000 0.739666 285.000000
 3.250000 0.736475 272.022928 0.000000 0.000000 0.000000 0.000000 0.736475 284.000000
 3.500000 0.733638 270.451881 0.000000 0.000000 0.000000 0.000000 0.733638 282.000000
 3.750000 0.730383 270.591909 0.000000 0.000000 0.000000 0.000000 0.730383 282.000000
 4.000000 0.733757 270.995519 0.000000 0.000000 0.000000 0.000000 0.733757 283.000000
 4.250000 0.734383 272.254158 0.000000 0.000000 0.000000 0.000000 0.734383 282.000000
 4.500000 0.726263 264.422148 0.000000 0.000000 0.000000 0.000000 0.726263 282.000000
 4.750000 0.725474 260.404888 0.000000 0.000000 0.000000 0.000000 0.725474 279.000000
 5.000000 0.733195 269.375453 0.000000 0.000000 0.000000 0.000000 0.733195 283.000000
 5.250000 0.733693 265.998791 0.000000 0.000000 0.000000 0.000000 0.733693 280.000000
 5.500000 0.729432 266.503840 0.000000 0.000000 0.000000 0.000000 0.729432 282.000000
 5.750000 0.730088 269.778552 0.000000 0.000000 0.000000 0.000000 0.730088 284.000000
 6.000000 0.735181 269.847980 0.000000 0.000000 0.000000 0.000000 0.735181 282.000000
 6.250000 0.730432 264.261728 0.000000 0.000000 0.000000 0.000000 0.730432 278.000000
 6.500000 0.733776 267.098303 0.000000 0.000000 0.000000 0.000000 0.733776 282.000000
 6.750000 0.739181 268.562400 0.000000 0.000000 0.000000 0.000000 0.739181 279.000000
 7.000000 0.739068 271.020103 0.000000 0.000000 0.000000 0.000000 0.739068 280.000000
 7.250000 0.731677 265.953396 0.000000 0.000000 0.000000 0.000000 0.731677 275.000000
 7.500000 0.728795 260.861216 0.000000 0.000000 0.000000 0.000000 0.728795 276.000000
 7.750000 0.736692 268.483646 0.000000 0.000000 0.000000 0.000000 0.736692 278.000000
 8.000000 0.729891 262.737338 0.000000 0.000000 0.000000 0.000000 0.729891 275.000000
 8.250000 0.733109 267.553951 0.000000 0.000000 0.000000 0.000000 0.733109 279.000000
 8.500000 0.734474 271.505446 0.000000 0.000000 0.000000 0.000000 0.734474 281.000000
 8.750000 0.733016 270.489710 0.000000 0.000000 0.000000 0.000000 0.733016 285.000000
 9.000000 0.739173 273.317543 0.000000 0.000000 0.000000 0.000000 0.739173 284.000000
 9.250000 0.740919 274.270471 0.000000 0.000000 0.000000 0.000000 0.740919 284.000000
 9.500000 0.733610 270.260928 0.000000 0.000000 0.000000 0.000000 0.733610 285.000000
 9.750000 0.735762 273.975372 0.000000 0.000000 0.000000 0.000000 0.735762 285.000000
 10.000000 0.737118 272.966094 0.000000 0.000000 0.000000 0.000000 0.737118 284.000000
 10.250000 0.735900 274.353225 0.000000 0.000000 0.000000 0.000000 0.735900 283.000000
 10.500000 0.728714 268.960802 0.000000 0.000000 0.000000 0.000000 0.728714 285.000000
 10.750000 0.741107 276.641406 0.000000 0.000000 0.000000 0.000000 0.741107 284.000000
 11.000000 0.734017 275.300495 0.000000 0.000000 0.000000 0.000000 0.734017 285.000000
 11.250000 0.733762 270.744271 0.000000 0.000000 0.000000 0.000000 0.733762 281.000000
 11.500000 0.726811 266.264485 0.000000 0.000000 0.000000 0.000000 0.726811 280.000000
 11.750000 0.732721 270.609315 0.000000 0.000000 0.000000 0.000000 0.732721 282.000000
 12.000000 0.736305 271.627931 0.000000 0.000000 0.000000 0.000000 0.736305 282.000000
 12.250000 0.735510 272.264659 0.000000 0.000000 0.000000 0.000000 0.735510 285.000000
 12.500000 0.730451 271.933948 0.000000 0.000000 0.000000 0.000000 0.730451 281.000000
 12.750000 0.731626 270.318110 0.000000 0.000000 0.000000 0.000000 0.731626 281.000000
 13.000000 0.735534 271.199275 0.000000 0.000000 0.000000 0.000000 0.735534 280.000000
 13.250000 0.731586 268.699721 0.000000 0.000000 0.000000 0.000000 0.731586 279.000000
 13.500000 0.734402 273.825249 0.000000 0.000000 0.000000 0.000000 0.734402 282.000000
 13.750000 0.734582 272.653080 0.000000 0.000000 0.000000 0.000000 0.734582 280.000000
 14.000000 0.736536 270.846349 0.000000 0.000000 0.000000 0.000000 0.736536 281.000000
 14.250000 0.743336 277.412845 0.000000 0.000000 0.000000 0.000000 0.743336 286.000000
 14.500000 0.744828 276.111922 0.000000 0.000000 0.000000 0.000000 0.744828 282.000000
 14.750000 0.743285 278.998952 0.000000 0.000000 0.000000 0.000000 0.743285 286.000000
 15.000000 0.742247 281.420598 0.000000 0.000000 0.000000 0.000000 0.742247 291.000000
 15.250000 0.729267 268.505722 0.000000 0.000000 0.000000 0.000000 0.729267 281.000000
 15.500000 0.742618 278.536169 0.000000 0.000000 0.000000 0.000000 0.742618 287.000000
 15.750000 0.744010 278.284297 0.000000 0.000000 0.000000 0.000000 0.744010 286.000000
 16.000000 0.736874 274.290392 0.000000 0.000000 0.000000 0.000000 0.736874 286.000000
 16.250000 0.740187 276.703403 0.000000 0.000000 0.000000 0.000000 0.740187 284.000000
 16.500000 0.733025 269.459420 0.000000 0.000000 0.000000 0.000000 0.733025 281.000000
 16.750000 0.735535 275.796586 0.000000 0.000000 0.000000 0.000000 0.735535 284.000000
 17.000000 0.732859 268.768873 0.000000 0.000000 0.000000 0.000000 0.732859 280.000000
 17.250000 0.741038 275.707505 0.000000 0.000000 0.000000 0.000000 0.741038 285.000000
 17.500000 0.742184 277.366158 0.000000 0.000000 0.000000 0.000000 0.742184 284.000000
 17.750000 0.736031 272.542275 0.000000 0.000000 0.000000 0.000000 0.736031 281.000000
 18.000000 0.730543 266.663248 0.000000 0.000000 0.000000 0.000000 0.730543 279.000000
 18.250000 0.725717 263.615705 0.000000 0.000000 0.000000 0.000000 0.725717 275.000000
 18.500000 0.739407 275.745455 0.000000 0.000000 0.000000 0.000000 0.739407 285.000000
 18.750000 0.739642 273.248612 0.000000 0.000000 0.000000 0.000000 0.739642 286.000000
 19.000000 0.732131 272.193695 0.000000 0.000000 0.000000 0.000000 0.732131 285.000000
 19.250000 0.730811 270.117419 0.000000 0.000000 0.000000 0.000000 0.730811 279.000000
 19.500000 0.736906 273.627327 0.000000 0.000000 0.000000 0.000000 0.736906 282.000000
 19.750000 0.738159 272.799374 0.000000 0.000000 0.000000 0.000000 0.738159 280.000000
 20.000000 0.736970 272.198699 0.000000 0.000000 0.000000 0.000000 0.736970 286.000000
 20.250000 0.743930 277.874933 0.000000 0.000000 0.000000 0.000000 0.743930 282.000000
 20.500000 0.732240 270.114349 0.000000 0.000000 0.000000 0.000000 0.732240 283.000000
 20.750000 0.732167 269.702951 0.000000 0.000000 0.000000 0.000000 0.732167 278.000000
 21.000000 0.733413 269.109749 0.000000 0.000000 0.000000 0.000000 0.733413 282.000000
 21.250000 0.735256 270.379957 0.000000 0.000000 0.000000 0.000000 0.735256 278.000000
 21.500000 0.730834 264.806010 0.000000 0.000000 0.000000 0.000000 0.730834 277.000000
 21.750000 0.737511 270.391065 0.000000 0.000000 0.000000 0.000000 0.737511 279.000000
 22.000000 0.734496 269.157730 0.000000 0.000000 0.000000 0.000000 0.734496 278.000000
 22.250000 0.726428 261.627059 0.000000 0.000000 0.000000 0.000000 0.726428 273.000000
 22.500000 0.729125 265.611342 0.000000 0.000000 0.000000 0.000000 0.729125 277.000000
 22.750000 0.731216 265.900965 0.000000 0.000000 0.000000 0.000000 0.731216 277.000000
 23.000000 0.730586 263.056980 0.000000 0.000000 0.000000 0.000000 0.730586 275.000000
 23.250000 0.730659 264.184880 0.000000 0.000000 0.000000 0.000000 0.730659 278.000000
 23.500000 0.726857 262.832797 0.000000 0.000000 0.000000 0.000000 0.726857 274.000000
 23.750000 0.732417 265.551165 0.000000 0.000000 0.000000 0.000000 0.732417 276.000000
 24.000000 0.739214 268.447694 0.000000 0.000000 0.000000 0.000000 0.739214 277.000000
 24.250000 0.737823 267.776419 0.000000 0.000000 0.000000 0.000000 0.737823 277.000000
 24.500000 0.735543 267.763341 0.000000 0.000000 0.000000 0.000000 0.735543 279.000000
 24.750000 0.734933 267.505043 0.000000 0.000000 0.000000 0.000000 0.734933 279.000000
 25.000000 0.738043 269.554707 0.000000 0.000000 0.000000 0.000000 0.738043 279.000000
 25.250000 0.741948 271.369902 0.000000 0.000000 0.000000 0.000000 0.741948 280.000000
 25.500000 0.740227 270.669879 0.000000 0.000000 0.000000 0.000000 0.740227 274.000000
 25.750000 0.742139 271.573162 0.000000 0.000000 0.000000 0.000000 0.742139 277.000000
 26.000000 0.735270 265.603161 0.000000 0.000000 0.000000 0.000000 0.735270 275.000000
 26.250000 0.736356 268.685438 0.000000 0.000000 0.000000 0.000000 0.736356 280.000000
 26.500000 0.741116 273.322876 0.000000 0.000000 0.000000 0.000000 0.741116 284.000000
 26.750000 0.741586 273.073709 0.000000 0.000000 0.000000 0.000000 0.741586 277.000000
 27.000000 0.743859 276.681380 0.000000 0.000000 0.000000 0.000000 0.743859 280.000000
 27.250000 0.739587 274.162362 0.000000 0.000000 0.000000 0.000000 0.739587 282.000000
 27.500000 0.747208 280.160932 0.000000 0.000000 0.000000 0.000000 0.747208 286.000000
 27.750000 0.736819 276.011559 0.000000 0.000000 0.000000 0.000000 0.736819 287.000000
 28.000000 0.739238 274.178171 0.000000 0.000000 0.000000 0.000000 0.739238 280.000000
 28.250000 0.732921 269.313244 0.000000 0.000000 0.000000 0.000000 0.732921 277.000000
 28.500000 0.739355 274.796300 0.000000 0.000000 0.000000 0.000000 0.739355 279.000000
 28.750000 0.740850 275.669071 0.000000 0.000000 0.000000 0.000000 0.740850 281.000000
 29.000000 0.743880 277.249096 0.000000 0.000000 0.000000 0.000000 0.743880 284.000000
 29.250000 0.741139 271.836268 0.000000 0.000000 0.000000 0.000000 0.741139 281.000000
 29.500000 0.738057 273.450189 0.000000 0.000000 0.000000 0.000000 0.738057 278.000000
 29.750000 0.735726 268.861832 0.000000 0.000000 0.000000 0.000000 0.735726 280.000000
 30.000000 0.741032 276.507039 0.000000 0.000000 0.000000 0.000000 0.741032 284.000000
 30.250000 0.738000 277.344174 0.000000 0.000000 0.000000 0.000000 0.738000 286.000000
 30.500000 0.739241 274.588454 0.000000 0.000000 0.000000 0.000000 0.739241 286.000000
 30.750000 0.746258 283.763412 0.000000 0.000000 0.000000 0.000000 0.746258 289.000000
 31.000000 0.737586 274.244904 0.000000 0.000000 0.000000 0.000000 0.737586 283.000000
 31.250000 0.744079 279.614167 0.000000 0.000000 0.000000 0.000000 0.744079 290.000000
 31.500000 0.739713 273.365640 0.000000 0.000000 0.000000 0.000000 0.739713 282.000000
 31.750000 0.743487 278.304836 0.000000 0.000000 0.000000 0.000000 0.743487 286.000000
 32.000000 0.734089 271.157139 0.000000 0.000000 0.000000 0.000000 0.734089 281.000000
 32.250000 0.732875 273.259992 0.000000 0.000000 0.000000 0.000000 0.732875 285.000000
 32.500000 0.737283 274.508120 0.000000 0.000000 0.000000 0.000000 0.737283 283.000000
 32.750000 0.740992 278.528015 0.000000 0.000000 0.000000 0.000000 0.740992 287.000000
 33.000000 0.738108 273.522786 0.000000 0.000000 0.000000 0.000000 0.738108 284.000000
 33.250000 0.728875 266.925669 0.000000 0.000000 0.000000 0.000000 0.728875 280.000000
 33.500000 0.730611 266.082573 0.000000 0.000000 0.000000 0.000000 0.730611 276.000000
 33.750000 0.735992 269.174270 0.000000 0.000000 0.000000 0.000000 0.735992 280.000000
 34.000000 0.736841 272.063568 0.000000 0.000000 0.000000 0.000000 0.736841 280.000000
 34.250000 0.720997 263.385635 0.000000 0.000000 0.000000 0.000000 0.720997 280.000000
 34.500000 0.726634 266.942414 0.000000 0.000000 0.000000 0.000000 0.726634 280.000000
 34.750000 0.724305 262.563953 0.000000 0.000000 0.000000 0.000000 0.724305 275.000000
 35.000000 0.729029 263.342261 0.000000 0.000000 0.000000 0.000000 0.729029 275.000000
 35.250000 0.729674 263.017534 0.000000 0.000000 0.000000 0.000000 0.729674 276.000000
 35.500000 0.732591 268.848830 0.000000 0.000000 0.000000 0.000000 0.732591 279.000000
 35.750000 0.729137 266.256248 0.000000 0.000000 0.000000 0.000000 0.729137 281.000000
 36.000000 0.729623 269.388108 0.000000 0.000000 0.000000 0.000000 0.729623 285.000000
 36.250000 0.738726 273.879964 0.000000 0.000000 0.000000 0.000000 0.738726 281.000000
 36.500000 0.733630 271.424587 0.000000 0.000000 0.000000 0.000000 0.733630 284.000000
 36.750000 0.731468 271.140222 0.000000 0.000000 0.000000 0.000000 0.731468 279.000000
 37.000000 0.734419 271.307793 0.000000 0.000000 0.000000 0.000000 0.734419 281.000000
 37.250000 0.735012 270.155972 0.000000 0.000000 0.000000 0.000000 0.735012 282.000000
 37.500000 0.733308 268.440010 0.000000 0.000000 0.000000 0.000000 0.733308 284.000000
 37.750000 0.740384 275.265621 0.000000 0.000000 0.000000 0.000000 0.740384 287.000000
 38.000000 0.737112 273.177425 0.000000 0.000000 0.000000 0.000000 0.737112 282.000000
 38.250000 0.737402 269.832689 0.000000 0.000000 0.000000 0.000000 0.737402 279.000000
 38.500000 0.736451 271.105912 0.000000 0.000000 0.000000 0.000000 0.736451 281.000000
 38.750000 0.740569 277.230659 0.000000 0.000000 0.000000 0.000000 0.740569 284.000000
 39.000000 0.744193 281.471672 0.000000 0.000000 0.000000 0.000000 0.744193 289.000000
 39.250000 0.733136 267.797935 0.000000 0.000000 0.000000 0.000000 0.733136 281.000000
 39.500000 0.729730 267.482613 0.000000 0.000000 0.000000 0.000000 0.729730 281.000000
 39.750000 0.729575 267.772134 0.000000 0.000000 0.000000 0.000000 0.729575 283.000000
 40.000000 0.738337 274.309985 0.000000 0.000000 0.000000 0.000000 0.738337 284.000000
 40.250000 0.742501 276.254789 0.000000 0.000000 0.000000 0.000000 0.742501 285.000000
 40.500000 0.737969 271.878786 0.000000 0.000000 0.000000 0.000000 0.737969 283.000000
 40.750000 0.734565 270.787569 0.000000 0.000000 0.000000 0.000000 0.734565 282.000000
 41.000000 0.738255 273.138902 0.000000 0.000000 0.000000 0.000000 0.738255 283.000000
 41.250000 0.743323 272.135359 0.000000 0.000000 0.000000 0.000000 0.743323 279.000000
 41.500000 0.747897 276.430380 0.000000 0.000000 0.000000 0.000000 0.747897 284.000000
 41.750000 0.740532 274.813347 0.000000 0.000000 0.000000 0.000000 0.740532 286.000000
 42.000000 0.738139 275.427924 0.000000 0.000000 0.000000 0.000000 0.738139 285.000000
 42.250000 0.740891 271.138097 0.000000 0.000000 0.000000 0.000000 0.740891 282.000000
 42.500000 0.743276 272.949192 0.000000 0.000000 0.000000 0.000000 0.743276 276.000000
 42.750000 0.749613 279.190797 0.000000 0.000000 0.000000 0.000000 0.749613 282.000000
 43.000000 0.746196 276.524131 0.000000 0.000000 0.000000 0.000000 0.746196 283.000000
 43.250000 0.741863 277.367125 0.000000 0.000000 0.000000 0.000000 0.741863 287.000000
 43.500000 0.739893 276.364155 0.000000 0.000000 0.000000 0.000000 0.739893 283.000000
 43.750000 0.745133 277.810392 0.000000 0.000000 0.000000 0.000000 0.745133 287.221205
 44.000000 0.745867 279.961147 0.000000 0.000000 0.000000 0.000000 0.745867 285.000000
 44.250000 0.742298 277.402520 0.000000 0.000000 0.000000 0.000000 0.742298 286.000000
 44.500000 0.739205 272.676079 0.000000 0.000000 0.000000 0.000000 0.739205 283.000000
 44.750000 0.739368 274.295503 0.000000 0.000000 0.000000 0.000000 0.739368 284.000000
 45.000000 0.739861 276.323889 0.000000 0.000000 0.000000 0.000000 0.739861 289.000000
 45.250000 0.741399 277.241815 0.000000 0.000000 0.000000 0.000000 0.741399 289.000000
 45.500000 0.737985 271.735949 0.000000 0.000000 0.000000 0.000000 0.737985 283.000000
 45.750000 0.741669 273.554104 0.000000 0.000000 0.000000 0.000000 0.741669 281.000000
 46.000000 0.741464 277.172462 0.000000 0.000000 0.000000 0.000000 0.741464 290.000000
 46.250000 0.736180 275.336821 0.000000 0.000000 0.000000 0.000000 0.736180 287.000000
 46.500000 0.734733 269.412505 0.000000 0.000000 0.000000 0.000000 0.734733 282.000000
 46.750000 0.744964 277.482454 0.000000 0.000000 0.000000 0.000000 0.744964 288.000000
 47.000000 0.749752 282.950446 0.000000 0.000000 0.000000 0.000000 0.749752 288.000000
 47.250000 0.750445 284.205979 0.000000 0.000000 0.000000 0.000000 0.750445 289.000000
 47.500000 0.747299 281.888854 0.000000 0.000000 0.000000 0.000000 0.747299 289.000000
 47.750000 0.746802 282.374775 0.000000 0.000000 0.000000 0.000000 0.746802 287.000000
 48.000000 0.746245 281.600644 0.000000 0.000000 0.000000 0.000000 0.746245 291.000000
 48.250000 0.743966 277.182050 0.000000 0.000000 0.000000 0.000000 0.743966 284.000000
 48.500000 0.747972 283.575700 0.000000 0.000000 0.000000 0.000000 0.747972 291.000000
 48.750000 0.748399 284.663633 0.000000 0.000000 0.000000 0.000000 0.748399 292.000000
 49.000000 0.751435 285.344478 0.000000 0.000000 0.000000 0.000000 0.751435 289.000000
 49.250000 0.748009 284.893353 0.000000 0.000000 0.000000 0.000000 0.748009 289.000000
 49.500000 0.744556 282.710549 0.000000 0.000000 0.000000 0.000000 0.744556 294.000000
 49.750000 0.745172 281.490544 0.000000 0.000000 0.000000 0.000000 0.745172 295.000000
 50.000000 0.741607 279.197823 0.000000 0.000000 0.000000 0.000000 0.741607 290.000000
 50.250000 0.738272 279.013358 0.000000 0.000000 0.000000 0.000000 0.738272 289.000000
 50.500000 0.736044 276.814132 0.000000 0.000000 0.000000 0.000000 0.736044 288.000000
 50.750000 0.737771 275.619626 0.000000 0.000000 0.000000 0.000000 0.737771 284.000000
 51.000000 0.737595 273.008648 0.000000 0.000000 0.000000 0.000000 0.737595 281.000000
 51.250000 0.741111 274.660190 0.000000 0.000000 0.000000 0.000000 0.741111 283.000000
 51.500000 0.734257 267.910488 0.000000 0.000000 0.000000 0.000000 0.734257 280.862673
 51.750000 0.730048 267.467547 0.000000 0.000000 0.000000 0.000000 0.730048 280.000000
 52.000000 0.739492 276.387603 0.000000 0.000000 0.000000 0.000000 0.739492 283.000000
 52.250000 0.735340 270.887040 0.000000 0.000000 0.000000 0.000000 0.735340 278.000000
 52.500000 0.737611 273.223040 0.000000 0.000000 0.000000 0.000000 0.737611 281.000000
 52.750000 0.736703 270.947237 0.000000 0.000000 0.000000 0.000000 0.736703 279.000000
 53.000000 0.735723 272.671569 0.000000 0.000000 0.000000 0.000000 0.735723 282.000000
 53.250000 0.733219 271.587972 0.000000 0.000000 0.000000 0.000000 0.733219 281.000000
 53.500000 0.730717 269.739286 0.000000 0.000000 0.000000 0.000000 0.730717 284.000000
 53.750000 0.730683 266.763167 0.000000 0.000000 0.000000 0.000000 0.730683 278.000000
 54.000000 0.726016 262.099392 0.000000 0.000000 0.000000 0.000000 0.726016 273.000000
 54.250000 0.728784 267.127163 0.000000 0.000000 0.000000 0.000000 0.728784 276.000000
 54.500000 0.731740 266.571630 0.000000 0.000000 0.000000 0.000000 0.731740 274.000000
 54.750000 0.726454 264.584628 0.000000 0.000000 0.000000 0.000000 0.726454 276.000000
 55.000000 0.733993 270.768290 0.000000 0.000000 0.000000 0.000000 0.733993 278.000000
 55.250000 0.734981 268.553982 0.000000 0.000000 0.000000 0.000000 0.734981 280.000000
 55.500000 0.739978 274.414305 0.000000 0.000000 0.000000 0.000000 0.739978 281.000000
 55.750000 0.734998 271.654151 0.000000 0.000000 0.000000 0.000000 0.734998 281.927401
 56.000000 0.734253 267.539077 0.000000 0.000000 0.000000 0.000000 0.734253 280.000000
 56.250000 0.738547 273.801950 0.000000 0.000000 0.000000 0.000000 0.738547 283.000000
 56.500000 0.740877 273.079281 0.000000 0.000000 0.000000 0.000000 0.740877 280.000000
 56.750000 0.731844 263.193717 0.000000 0.000000 0.000000 0.000000 0.731844 271.000000
 57.000000 0.739201 269.577869 0.000000 0.000000 0.000000 0.000000 0.739201 279.000000
 57.250000 0.736654 270.878074 0.000000 0.000000 0.000000 0.000000 0.736654 282.000000
 57.500000 0.735332 272.215999 0.000000 0.000000 0.000000 0.000000 0.735332 284.000000
 57.750000 0.729492 264.755660 0.000000 0.000000 0.000000 0.000000 0.729492 279.000000
 58.000000 0.737283 274.473235 0.000000 0.000000 0.000000 0.000000 0.737283 286.000000
 58.250000 0.736618 271.594717 0.000000 0.000000 0.000000 0.000000 0.736618 281.000000
 58.500000 0.740026 271.572025 0.000000 0.000000 0.000000 0.000000 0.740026 281.000000
 58.750000 0.740720 274.410213 0.000000 0.000000 0.000000 0.000000 0.740720 279.000000
 59.000000 0.743663 276.970032 0.000000 0.000000 0.000000 0.000000 0.743663 286.000000
 59.250000 0.732385 267.435218 0.000000 0.000000 0.000000 0.000000 0.732385 280.000000
 59.500000 0.737626 276.714752 0.000000 0.000000 0.000000 0.000000 0.737626 286.000000
 59.750000 0.740660 276.587527 0.000000 0.000000 0.000000 0.000000 0.740660 286.000000
 60.000000 0.741956 278.783404 0.000000 0.000000 0.000000 0.000000 0.741956 287.000000
 60.250000 0.741452 275.851594 0.000000 0.000000 0.000000 0.000000 0.741452 287.000000
 60.500000 0.740616 278.490483 0.000000 0.000000 0.000000 0.000000 0.740616 284.000000
 60.750000 0.743920 275.059986 0.000000 0.000000 0.000000 0.000000 0.743920 283.000000
 61.000000 0.742893 278.168204 0.000000 0.000000 0.000000 0.000000 0.742893 285.000000
 61.250000 0.740287 276.997218 0.000000 0.000000 0.000000 0.000000 0.740287 292.000000
 61.500000 0.746259 278.630005 0.000000 0.000000 0.000000 0.000000 0.746259 283.000000
 61.750000 0.739387 273.413021 0.000000 0.000000 0.000000 0.000000 0.739387 279.000000
 62.000000 0.740332 274.706192 0.000000 0.000000 0.000000 0.000000 0.740332 284.000000
 62.250000 0.741014 273.388362 0.000000 0.000000 0.000000 0.000000 0.741014 281.000000
 62.500000 0.751695 284.215899 0.000000 0.000000 0.000000 0.000000 0.751695 294.000000
 62.750000 0.743180 275.592636 0.000000 0.000000 0.000000 0.000000 0.743180 286.000000
 63.000000 0.730251 265.760077 0.000000 0.000000 0.000000 0.000000 0.730251 279.000000
 63.250000 0.735456 270.012852 0.000000 0.000000 0.000000 0.000000 0.735456 285.000000
 63.500000 0.736348 271.194310 0.000000 0.000000 0.000000 0.000000 0.736348 285.000000
 63.750000 0.738713 271.880450 0.000000 0.000000 0.000000 0.000000 0.738713 282.000000
 64.000000 0.743653 276.988686 0.000000 0.000000 0.000000 0.000000 0.743653 287.000000
 64.250000 0.739804 276.991468 0.000000 0.000000 0.000000 0.000000 0.739804 289.000000
 64.500000 0.747507 276.888412 0.000000 0.000000 0.000000 0.000000 0.747507 283.000000
 64.750000 0.743921 277.342793 0.000000 0.000000 0.000000 0.000000 0.743921 291.000000
 65.000000 0.742748 273.859191 0.000000 0.000000 0.000000 0.000000 0.742748 285.000000
 65.250000 0.745066 277.961185 0.000000 0.000000 0.000000 0.000000 0.745066 285.000000
 65.500000 0.747251 277.829398 0.000000 0.000000 0.000000 0.000000 0.747251 285.000000
 65.750000 0.745817 277.322149 0.000000 0.000000 0.000000 0.000000 0.745817 283.000000
 66.000000 0.740288 272.897669 0.000000 0.000000 0.000000 0.000000 0.740288 284.000000
 66.250000 0.728415 264.278752 0.000000 0.000000 0.000000 0.000000 0.728415 277.000000
 66.500000 0.736009 273.323994 0.000000 0.000000 0.000000 0.000000 0.736009 282.000000
 66.750000 0.734869 269.285229 0.000000 0.000000 0.000000 0.000000 0.734869 277.000000
 67.000000 0.739491 271.988429 0.000000 0.000000 0.000000 0.000000 0.739491 284.000000
 67.250000 0.740379 273.120306 0.000000 0.000000 0.000000 0.000000 0.740379 280.000000
 67.500000 0.742702 276.547554 0.000000 0.000000 0.000000 0.000000 0.742702 289.000000
 67.750000 0.732900 267.613899 0.000000 0.000000 0.000000 0.000000 0.732900 285.000000
 68.000000 0.730719 262.621558 0.000000 0.000000 0.000000 0.000000 0.730719 276.000000
 68.250000 0.728895 263.986899 0.000000 0.000000 0.000000 0.000000 0.728895 278.000000
 68.500000 0.730570 266.571012 0.000000 0.000000 0.000000 0.000000 0.730570 280.000000
 68.750000 0.725532 261.723848 0.000000 0.000000 0.000000 0.000000 0.725532 275.000000
 69.000000 0.725229 260.481787 0.000000 0.000000 0.000000 0.000000 0.725229 275.000000
 69.250000 0.734072 266.374779 0.000000 0.000000 0.000000 0.000000 0.734072 277.000000
 69.500000 0.731868 264.116192 0.000000 0.000000 0.000000 0.000000 0.731868 274.000000
 69.750000 0.727273 261.505019 0.000000 0.000000 0.000000 0.000000 0.727273 274.000000
 70.000000 0.728071 262.443530 0.000000 0.000000 0.000000 0.000000 0.728071 274.000000
 70.250000 0.728743 261.956948 0.000000 0.000000 0.000000 0.000000 0.728743 275.000000
 70.500000 0.732702 264.230586 0.000000 0.000000 0.000000 0.000000 0.732702 272.000000
 70.750000 0.736751 270.482092 0.000000 0.000000 0.000000 0.000000 0.736751 284.000000
 71.000000 0.739913 275.954281 0.000000 0.000000 0.000000 0.000000 0.739913 288.000000
 71.250000 0.745096 276.696970 0.000000 0.000000 0.000000 0.000000 0.745096 284.000000
 71.500000 0.731885 271.018516 0.000000 0.000000 0.000000 0.000000 0.731885 286.000000
 71.750000 0.729347 268.364724 0.000000 0.000000 0.000000 0.000000 0.729347 284.000000
 72.000000 0.733931 272.518936 0.000000 0.000000 0.000000 0.000000 0.733931 283.000000
 72.250000 0.739248 273.881468 0.000000 0.000000 0.000000 0.000000 0.739248 283.000000
 72.500000 0.737614 275.681691 0.000000 0.000000 0.000000 0.000000 0.737614 285.000000
 72.750000 0.743760 280.507710 0.000000 0.000000 0.000000 0.000000 0.743760 285.000000
 73.000000 0.740984 277.676871 0.000000 0.000000 0.000000 0.000000 0.740984 288.000000
 73.250000 0.734503 273.067874 0.000000 0.000000 0.000000 0.000000 0.734503 286.000000
 73.500000 0.740987 274.337560 0.000000 0.000000 0.000000 0.000000 0.740987 281.000000
 73.750000 0.735169 269.995913 0.000000 0.000000 0.000000 0.000000 0.735169 280.000000
 74.000000 0.744566 278.668046 0.000000 0.000000 0.000000 0.000000 0.744566 284.000000
 74.250000 0.745261 280.912226 0.000000 0.000000 0.000000 0.000000 0.745261 284.000000
 74.500000 0.743227 276.637037 0.000000 0.000000 0.000000 0.000000 0.743227 283.000000
 74.750000 0.743724 275.244250 0.000000 0.000000 0.000000 0.000000 0.743724 283.000000
 75.000000 0.746992 283.354849 0.000000 0.000000 0.000000 0.000000 0.746992 293.000000
 75.250000 0.743636 279.376525 0.000000 0.000000 0.000000 0.000000 0.743636 285.000000
 75.500000 0.747728 282.542760 0.000000 0.000000 0.000000 0.000000 0.747728 288.000000
 75.750000 0.742460 281.735156 0.000000 0.000000 0.000000 0.000000 0.742460 294.000000
 76.000000 0.749744 283.184885 0.000000 0.000000 0.000000 0.000000 0.749744 293.000000
 76.250000 0.747941 283.266554 0.000000 0.000000 0.000000 0.000000 0.747941 292.000000
 76.500000 0.752067 287.179434 0.000000 0.000000 0.000000 0.000000 0.752067 294.000000
 76.750000 0.746925 281.789780 0.000000 0.000000 0.000000 0.000000 0.746925 287.000000
 77.000000 0.744699 283.930774 0.000000 0.000000 0.000000 0.000000 0.744699 292.000000
 77.250000 0.747643 284.884603 0.000000 0.000000 0.000000 0.000000 0.747643 298.000000
 77.500000 0.738117 275.523529 0.000000 0.000000 0.000000 0.000000 0.738117 286.000000
 77.750000 0.742504 278.514390 0.000000 0.000000 0.000000 0.000000 0.742504 286.000000
 78.000000 0.748437 284.745122 0.000000 0.000000 0.000000 0.000000 0.748437 289.000000
 78.250000 0.744187 280.668403 0.000000 0.000000 0.000000 0.000000 0.744187 288.000000
 78.500000 0.749752 283.477968 0.000000 0.000000 0.000000 0.000000 0.749752 292.000000
 78.750000 0.748310 284.133229 0.000000 0.000000 0.000000 0.000000 0.748310 291.000000
 79.000000 0.749377 283.971966 0.000000 0.000000 0.000000 0.000000 0.749377 294.000000
 79.250000 0.750838 281.388593 0.000000 0.000000 0.000000 0.000000 0.750838 291.000000
 79.500000 0.751241 283.690284 0.000000 0.000000 0.000000 0.000000 0.751241 293.000000
 79.750000 0.750111 288.031807 0.001012 0.004047 0.000000 0.000000 0.750111 296.000000
 80.000000 0.752435 285.854034 0.000000 0.000000 0.000000 0.000000 0.752435 293.000000
 80.250000 0.745504 278.770734 0.000000 0.000000 0.000000 0.000000 0.745504 285.000000
 80.500000 0.744100 280.229165 0.000000 0.000000 0.000000 0.000000 0.744100 288.000000
 80.750000 0.752078 284.216281 0.000000 0.000000 0.000000 0.000000 0.752078 295.000000
 81.000000 0.746942 280.023388 0.000000 0.000000 0.000000 0.000000 0.746942 289.000000
 81.250000 0.746009 278.155456 0.000000 0.000000 0.000000 0.000000 0.746009 291.000000
 81.500000 0.751682 281.538713 0.000000 0.000000 0.000000 0.000000 0.751682 290.000000
 81.750000 0.749415 278.572871 0.000000 0.000000 0.000000 0.000000 0.749415 286.741451
 82.000000 0.743330 276.059897 0.000000 0.000000 0.000000 0.000000 0.743330 290.000000
 82.250000 0.745586 279.200216 0.000000 0.000000 0.000000 0.000000 0.745586 290.000000
 82.500000 0.752426 285.357033 0.000000 0.000000 0.000000 0.000000 0.752426 293.000000
 82.750000 0.746640 279.645729 0.000000 0.000000 0.000000 0.000000 0.746640 290.000000
 83.000000 0.750784 283.528288 0.000000 0.000000 0.000000 0.000000 0.750784 292.000000
 83.250000 0.745410 279.186350 0.000000 0.000000 0.000000 0.000000 0.745410 288.000000
 83.500000 0.746931 280.753879 0.000000 0.000000 0.000000 0.000000 0.746931 287.000000
 83.750000 0.744288 276.273389 0.000000 0.000000 0.000000 0.000000 0.744288 286.000000
 84.000000 0.736469 269.362815 0.000000 0.000000 0.000000 0.000000 0.736469 281.000000
 84.250000 0.743021 277.420907 0.000000 0.000000 0.000000 0.000000 0.743021 290.000000
 84.500000 0.741775 278.204440 0.000000 0.000000 0.000000 0.000000 0.741775 290.000000
 84.750000 0.740531 275.696413 0.000000 0.000000 0.000000 0.000000 0.740531 286.000000
 85.000000 0.741527 280.237253 0.000000 0.000000 0.000000 0.000000 0.741527 292.000000
 85.250000 0.739500 274.900442 0.000000 0.000000 0.000000 0.000000 0.739500 281.000000
 85.500000 0.742775 273.306192 0.000000 0.000000 0.000000 0.000000 0.742775 281.000000
 85.750000 0.744699 275.178299 0.000000 0.000000 0.000000 0.000000 0.744699 282.000000
 86.000000 0.743421 275.742400 0.000000 0.000000 0.000000 0.000000 0.743421 279.000000
 86.250000 0.741870 275.234287 0.000000 0.000000 0.000000 0.000000 0.741870 284.000000
 86.500000 0.738608 272.474098 0.000000 0.000000 0.000000 0.000000 0.738608 281.000000
 86.750000 0.741221 277.323030 0.000000 0.000000 0.000000 0.000000 0.741221 283.000000
 87.000000 0.735597 269.987890 0.000000 0.000000 0.000000 0.000000 0.735597 279.000000
 87.250000 0.733151 265.509549 0.000000 0.000000 0.000000 0.000000 0.733151 278.000000
 87.500000 0.742194 275.510699 0.000000 0.000000 0.000000 0.000000 0.742194 288.000000
 87.750000 0.746424 280.170903 0.000000 0.000000 0.000000 0.000000 0.746424 290.000000
 88.000000 0.747500 279.029803 0.000000 0.000000 0.000000 0.000000 0.747500 287.000000
 88.250000 0.736786 271.359548 0.000000 0.000000 0.000000 0.000000 0.736786 279.000000
 88.500000 0.737795 270.677112 0.000000 0.000000 0.000000 0.000000 0.737795 279.000000
 88.750000 0.743949 280.454022 0.000000 0.000000 0.000000 0.000000 0.743949 289.000000
 89.000000 0.741915 276.586630 0.000000 0.000000 0.000000 0.000000 0.741915 283.000000
 89.250000 0.746970 279.154567 0.000000 0.000000 0.000000 0.000000 0.746970 286.000000
 89.500000 0.744366 275.033911 0.000000 0.000000 0.000000 0.000000 0.744366 285.000000
 89.750000 0.750427 281.254788 0.000000 0.000000 0.000000 0.000000 0.750427 289.000000
 90.000000 0.745897 279.794244 0.000000 0.000000 0.000000 0.000000 0.745897 286.000000
 90.250000 0.744090 276.165750 0.000000 0.000000 0.000000 0.000000 0.744090 283.000000
 90.500000 0.743449 276.235976 0.000000 0.000000 0.000000 0.000000 0.743449 282.000000
 90.750000 0.742108 275.194146 0.000000 0.000000 0.000000 0.000000 0.742108 283.000000
 91.000000 0.749470 280.417218 0.000000 0.000000 0.000000 0.000000 0.749470 284.000000
 91.250000 0.742286 273.760036 0.000000 0.000000 0.000000 0.000000 0.742286 283.000000
 91.500000 0.738226 273.234603 0.000000 0.000000 0.000000 0.000000 0.738226 284.000000
 91.750000 0.741341 274.047051 0.000000 0.000000 0.000000 0.000000 0.741341 283.000000
 92.000000 0.750344 283.429691 0.000000 0.000000 0.000000 0.000000 0.750344 288.000000
 92.250000 0.749957 282.466817 0.000000 0.000000 0.000000 0.000000 0.749957 289.000000
 92.500000 0.748954 281.003977 0.000000 0.000000 0.000000 0.000000 0.748954 286.000000
 92.750000 0.747803 279.928622 0.000000 0.000000 0.000000 0.000000 0.747803 282.000000
 93.000000 0.749919 280.501413 0.000000 0.000000 0.000000 0.000000 0.749919 285.000000
 93.250000 0.746560 279.126953 0.000000 0.000000 0.000000 0.000000 0.746560 286.000000
 93.500000 0.743080 276.230252 0.000000 0.000000 0.000000 0.000000 0.743080 281.000000
 93.750000 0.746079 279.457815 0.000000 0.000000 0.000000 0.000000 0.746079 284.000000
 94.000000 0.743797 277.614964 0.000000 0.000000 0.000000 0.000000 0.743797 285.000000
 94.250000 0.752716 281.081880 0.000000 0.000000 0.000000 0.000000 0.752716 283.000000
 94.500000 0.753812 284.551061 0.000000 0.000000 0.000000 0.000000 0.753812 289.000000
 94.750000 0.755669 287.098247 0.000000 0.000000 0.000000 0.000000 0.755669 290.000000
 95.000000 0.746264 277.995331 0.000000 0.000000 0.000000 0.000000 0.746264 287.000000
 95.250000 0.757436 288.737064 0.543263 2.173051 0.000000 0.000000 0.757436 292.000000
 95.500000 0.749554 280.834467 0.000000 0.000000 0.000000 0.000000 0.749554 288.000000
 95.750000 0.754419 285.160230 0.000000 0.000000 0.000000 0.000000 0.754419 289.000000
 96.000000 0.752662 286.061941 0.000000 0.000000 0.000000 0.000000 0.752662 292.000000
 96.250000 0.742176 276.269501 0.000000 0.000000 0.000000 0.000000 0.742176 285.000000
 96.500000 0.744289 278.029794 0.000000 0.000000 0.000000 0.000000 0.744289 287.000000
 96.750000 0.747462 279.056112 0.000000 0.000000 0.000000 0.000000 0.747462 286.000000
 97.000000 0.747864 279.703139 0.000000 0.000000 0.000000 0.000000 0.747864 287.000000
 97.250000 0.750714 282.424546 0.000000 0.000000 0.000000 0.000000 0.750714 286.000000
 97.500000 0.748888 281.615808 0.000000 0.000000 0.000000 0.000000 0.748888 288.000000
 97.750000 0.745726 280.610168 0.000000 0.000000 0.000000 0.000000 0.745726 288.000000
 98.000000 0.754497 287.939009 0.000000 0.000000 0.000000 0.000000 0.754497 293.000000
 98.250000 0.745546 279.310526 0.000000 0.000000 0.000000 0.000000 0.745546 288.000000
 98.500000 0.749283 283.416889 0.000000 0.000000 0.000000 0.000000 0.749283 291.000000
 98.750000 0.750556 285.665212 0.000000 0.000000 0.000000 0.000000 0.750556 293.000000
 99.000000 0.753839 289.769094 3.129695 12.518781 0.000000 0.000000 0.753839 294.000000
 99.250000 0.749864 284.323873 0.000000 0.000000 0.000000 0.000000 0.749864 288.000000
 99.500000 0.751700 288.159755 0.025522 0.102087 0.000000 0.000000 0.751700 294.000000
 99.750000 0.754895 288.945590 0.894140 3.576562 0.000000 0.000000 0.754895 294.000000
 100.000000 0.749213 286.813953 0.000000 0.000000 0.000000 0.000000 0.749213 291.000000
 100.250000 0.746413 284.097302 0.000000 0.000000 0.000000 0.000000 0.746413 293.000000
