#! FIELDS time refcv.mean refcv.morethan uwall.bias uwall.force2 lwall.bias lwall.force2 refcv2.mean refcv2.morethan
 0.500000 1.016141 472.916746 0.000000 0.000000 0.000000 0.000000 1.016141 457.000000
 0.750000 1.012447 477.508202 0.000000 0.000000 0.000000 0.000000 1.012447 472.000000
 1.000000 1.004821 467.072382 0.000000 0.000000 0.000000 0.000000 1.004821 455.000000
 1.250000 1.005987 470.817777 0.000000 0.000000 0.000000 0.000000 1.005987 461.000000
 1.500000 1.006867 462.164423 0.000000 0.000000 0.000000 0.000000 1.006867 452.000000
 1.750000 1.003965 463.823132 0.000000 0.000000 0.000000 0.000000 1.003965 456.000000
 2.000000 1.001901 460.316128 0.000000 0.000000 0.000000 0.000000 1.001901 456.000000
 2.250000 1.001705 463.264508 0.000000 0.000000 0.000000 0.000000 1.001705 454.000000
 2.500000 1.005062 462.594678 0.000000 0.000000 0.000000 0.000000 1.005062 455.000000
 2.750000 1.003741 463.344209 0.000000 0.000000 0.000000 0.000000 1.003741 457.000000
 3.000000 1.000935 462.368174 0.000000 0.000000 0.000000 0.000000 1.000935 455.000000
 3.250000 1.001534 462.601273 0.000000 0.000000 0.000000 0.000000 1.001534 459.000000
 3.500000 1.005636 465.564812 0.000000 0.000000 0.000000 0.000000 1.005636 458.000000
 3.750000 1.004540 471.634711 0.000000 0.000000 0.000000 0.000000 1.004540 466.000000
 4.000000 0.999727 462.114984 0.000000 0.000000 0.000000 0.000000 0.999727 459.000000
 4.250000 1.000145 463.374676 0.000000 0.000000 0.000000 0.000000 1.000145 456.000000
 4.500000 0.994306 458.119643 0.000000 0.000000 0.000000 0.000000 0.994306 450.000000
 4.750000 0.996142 453.939969 0.000000 0.000000 0.000000 0.000000 0.996142 447.000000
 5.000000 0.996014 455.581460 0.000000 0.000000 0.000000 0.000000 0.996014 453.000000
 5.250000 0.998605 453.487920 0.000000 0.000000 0.000000 0.000000 0.998605 446.000000
 5.500000 0.999286 461.418335 0.000000 0.000000 0.000000 0.000000 0.999286 451.000000
 5.750000 1.000398 460.138383 0.000000 0.000000 0.000000 0.000000 1.000398 458.000000
 6.000000 1.004056 467.009956 0.000000 0.000000 0.000000 0.000000 1.004056 462.000000
 6.250000 1.000366 457.690393 0.000000 0.000000 0.000000 0.000000 1.000366 453.000000
 6.500000 0.999995 456.614432 0.000000 0.000000 0.000000 0.000000 0.999995 449.000000
 6.750000 1.001901 462.578181 0.000000 0.000000 0.000000 0.000000 1.001901 458.000000
 7.000000 0.999223 451.883188 0.000000 0.000000 0.000000 0.000000 0.999223 447.000000
 7.250000 1.002055 464.998156 0.000000 0.000000 0.000000 0.000000 1.002055 459.000000
 7.500000 1.004655 464.445397 0.000000 0.000000 0.000000 0.000000 1.004655 461.000000
 7.750000 1.003166 465.660420 0.000000 0.000000 0.000000 0.000000 1.003166 463.000000
 8.000000 0.999352 457.670796 0.000000 0.000000 0.000000 0.000000 0.999352 451.000000
 8.250000 1.000408 459.079989 0.000000 0.000000 0.000000 0.000000 1.000408 453.000000
 8.500000 1.000279 456.373764 0.000000 0.000000 0.000000 0.000000 1.000279 453.000000
 8.750000 0.996932 451.905562 0.000000 0.000000 0.000000 0.000000 0.996932 444.000000
 9.000000 1.002907 463.770186 0.000000 0.000000 0.000000 0.000000 1.002907 453.000000
 9.250000 1.002401 457.749384 0.000000 0.000000 0.000000 0.000000 1.002401 448.000000
 9.500000 1.000923 457.588815 0.000000 0.000000 0.000000 0.000000 1.000923 453.000000
 9.750000 1.001885 460.464625 0.000000 0.000000 0.000000 0.000000 1.001885 455.000000
 10.000000 1.009283 468.270633 0.000000 0.000000 0.000000 0.000000 1.009283 455.000000
 10.250000 1.003623 460.869419 0.000000 0.000000 0.000000 0.000000 1.003623 450.000000
 10.500000 1.001599 455.094699 0.000000 0.000000 0.000000 0.000000 1.001599 448.000000
 10.750000 1.002478 456.967558 0.000000 0.000000 0.000000 0.000000 1.002478 445.000000
 11.000000 1.005578 459.744689 0.000000 0.000000 0.000000 0.000000 1.005578 450.000000
 11.250000 1.002300 453.208880 0.000000 0.000000 0.000000 0.000000 1.002300 445.000000
 11.500000 1.000480 457.678810 0.000000 0.000000 0.000000 0.000000 1.000480 450.000000
 11.750000 1.000114 453.117637 0.000000 0.000000 0.000000 0.000000 1.000114 445.000000
 12.000000 1.001925 454.097156 0.000000 0.000000 0.000000 0.000000 1.001925 445.000000
 12.250000 1.004404 458.243913 0.000000 0.000000 0.000000 0.000000 1.004404 445.000000
 12.500000 1.003325 455.472625 0.000000 0.000000 0.000000 0.000000 1.003325 445.000000
 12.750000 0.999964 453.566181 0.000000 0.000000 0.000000 0.000000 0.999964 450.000000
 13.000000 0.997529 447.269673 0.000000 0.000000 0.000000 0.000000 0.997529 441.000000
 13.250000 1.006689 466.005480 0.000000 0.000000 0.000000 0.000000 1.006689 456.000000
 13.500000 1.007944 467.084863 0.000000 0.000000 0.000000 0.000000 1.007944 460.000000
 13.750000 1.003806 460.665269 0.000000 0.000000 0.000000 0.000000 1.003806 449.000000
 14.000000 1.002575 463.003568 0.000000 0.000000 0.000000 0.000000 1.002575 451.000000
 14.250000 1.006106 467.126992 0.000000 0.000000 0.000000 0.000000 1.006106 458.000000
 14.500000 1.011082 474.482783 0.000000 0.000000 0.000000 0.000000 1.011082 452.000000
 14.750000 1.005216 469.156847 0.000000 0.000000 0.000000 0.000000 1.005216 458.000000
 15.000000 1.003757 463.723921 0.000000 0.000000 0.000000 0.000000 1.003757 457.000000
 15.250000 1.005733 467.124970 0.000000 0.000000 0.000000 0.000000 1.005733 461.000000
 15.500000 1.007118 471.832854 0.000000 0.000000 0.000000 0.000000 1.007118 467.000000
 15.750000 1.004001 463.530950 0.000000 0.000000 0.000000 0.000000 1.004001 454.000000
 16.000000 1.002606 460.996927 0.000000 0.000000 0.000000 0.000000 1.002606 446.000000
 16.250000 1.009833 470.577353 0.000000 0.000000 0.000000 0.000000 1.009833 461.000000
 16.500000 1.007152 469.837023 0.000000 0.000000 0.000000 0.000000 1.007152 460.000000
 16.750000 1.000373 457.694635 0.000000 0.000000 0.000000 0.000000 1.000373 448.000000
 17.000000 1.006012 472.150226 0.000000 0.000000 0.000000 0.000000 1.006012 467.000000
 17.250000 1.008409 473.505281 0.000000 0.000000 0.000000 0.000000 1.008409 462.000000
 17.500000 1.004678 464.911395 0.000000 0.000000 0.000000 0.000000 1.004678 460.000000
 17.750000 1.000957 459.494772 0.000000 0.000000 0.000000 0.000000 1.000957 455.000000
 18.000000 1.004427 466.304132 0.000000 0.000000 0.000000 0.000000 1.004427 454.000000
 18.250000 1.003865 467.041310 0.000000 0.000000 0.000000 0.000000 1.003865 460.000000
 18.500000 1.003890 464.474082 0.000000 0.000000 0.000000 0.000000 1.003890 455.000000
 18.750000 1.004707 469.579489 0.000000 0.000000 0.000000 0.000000 1.004707 459.000000
 19.000000 1.009588 475.079399 0.000000 0.000000 0.000000 0.000000 1.009588 467.000000
 19.250000 1.007896 469.864289 0.000000 0.000000 0.000000 0.000000 1.007896 463.000000
 19.500000 1.000313 454.344674 0.000000 0.000000 0.000000 0.000000 1.000313 447.000000
 19.750000 1.008563 474.517337 0.000000 0.000000 0.000000 0.000000 1.008563 467.000000
 20.000000 1.007169 468.399491 0.000000 0.000000 0.000000 0.000000 1.007169 466.000000
 20.250000 1.003875 463.463963 0.000000 0.000000 0.000000 0.000000 1.003875 457.000000
 20.500000 1.001794 465.437977 0.000000 0.000000 0.000000 0.000000 1.001794 461.000000
 20.750000 1.007081 468.619289 0.000000 0.000000 0.000000 0.000000 1.007081 461.000000
 21.000000 1.009500 474.354030 0.000000 0.000000 0.000000 0.000000 1.009500 464.000000
 21.250000 1.005479 470.127344 0.000000 0.000000 0.000000 0.000000 1.005479 464.000000
 21.500000 1.006162 469.419768 0.000000 0.000000 0.000000 0.000000 1.006162 459.000000
 21.750000 1.004077 463.018051 0.000000 0.000000 0.000000 0.000000 1.004077 454.000000
 22.000000 1.007018 471.507052 0.000000 0.000000 0.000000 0.000000 1.007018 459.000000
 22.250000 1.000343 457.354049 0.000000 0.000000 0.000000 0.000000 1.000343 453.000000
 22.500000 1.006385 471.859470 0.000000 0.000000 0.000000 0.000000 1.006385 471.000000
 22.750000 1.004295 464.931794 0.000000 0.000000 0.000000 0.000000 1.004295 463.000000
 23.000000 1.007111 471.081444 0.000000 0.000000 0.000000 0.000000 1.007111 463.000000
 23.250000 1.007443 469.407411 0.000000 0.000000 0.000000 0.000000 1.007443 459.000000
 23.500000 1.010030 477.067846 0.000000 0.000000 0.000000 0.000000 1.010030 468.000000
 23.750000 1.008911 472.980140 0.000000 0.000000 0.000000 0.000000 1.008911 463.000000
 24.000000 1.002495 461.869758 0.000000 0.000000 0.000000 0.000000 1.002495 450.000000
 24.250000 1.007075 471.193192 0.000000 0.000000 0.000000 0.000000 1.007075 466.000000
 24.500000 1.010075 473.847161 0.000000 0.000000 0.000000 0.000000 1.010075 458.000000
 24.750000 1.007976 469.086628 0.000000 0.000000 0.000000 0.000000 1.007976 460.000000
 25.000000 1.005485 470.028977 0.000000 0.000000 0.000000 0.000000 1.005485 463.000000
 25.250000 1.003300 461.143382 0.000000 0.000000 0.000000 0.000000 1.003300 452.000000
 25.500000 1.011358 476.785944 0.000000 0.000000 0.000000 0.000000 1.011358 469.000000
 25.750000 1.006767 468.215312 0.000000 0.000000 0.000000 0.000000 1.006767 465.000000
 26.000000 1.005496 467.438075 0.000000 0.000000 0.000000 0.000000 1.005496 458.000000
 26.250000 1.009673 471.953901 0.000000 0.000000 0.000000 0.000000 1.009673 466.000000
 26.500000 1.011135 474.888750 0.000000 0.000000 0.000000 0.000000 1.011135 466.000000
 26.750000 1.002144 463.077663 0.000000 0.000000 0.000000 0.000000 1.002144 458.000000
 27.000000 1.003130 467.906003 0.000000 0.000000 0.000000 0.000000 1.003130 468.000000
 27.250000 1.014012 481.837474 0.000000 0.000000 0.000000 0.000000 1.014012 466.000000
 27.500000 1.011521 475.171351 0.000000 0.000000 0.000000 0.000000 1.011521 463.000000
 27.750000 1.008439 474.284603 0.000000 0.000000 0.000000 0.000000 1.008439 463.000000
 28.000000 1.010640 479.436297 0.000000 0.000000 0.000000 0.000000 1.010640 467.000000
 28.250000 1.012020 479.659975 0.000000 0.000000 0.000000 0.000000 1.012020 473.000000
 28.500000 1.009821 477.209807 0.000000 0.000000 0.000000 0.000000 1.009821 466.000000
 28.750000 1.009906 478.003300 0.000000 0.000000 0.000000 0.000000 1.009906 471.000000
 29.000000 1.007469 475.889891 0.000000 0.000000 0.000000 0.000000 1.007469 472.000000
 29.250000 1.011047 480.275817 0.000000 0.000000 0.000000 0.000000 1.011047 472.000000
 29.500000 1.009275 478.217290 0.000000 0.000000 0.000000 0.000000 1.009275 475.000000
 29.750000 1.005978 479.229881 0.000000 0.000000 0.000000 0.000000 1.005978 478.000000
 30.000000 1.010398 483.794117 0.000000 0.000000 0.000000 0.000000 1.010398 481.000000
 30.250000 1.013733 485.057065 0.000000 0.000000 0.000000 0.000000 1.013733 480.000000
 30.500000 1.012898 487.287038 1.656466 6.625865 0.000000 0.000000 1.012898 482.000000
 30.750000 1.009831 481.426817 0.000000 0.000000 0.000000 0.000000 1.009831 473.000000
 31.000000 1.011705 485.718852 0.000000 0.000000 0.000000 0.000000 1.011705 480.000000
 31.250000 1.013653 484.340486 0.000000 0.000000 0.000000 0.000000 1.013653 474.000000
 31.500000 1.009049 477.302683 0.000000 0.000000 0.000000 0.000000 1.009049 475.000000
 31.750000 1.009541 473.829465 0.000000 0.000000 0.000000 0.000000 1.009541 477.000000
 32.000000 1.013447 482.554508 0.000000 0.000000 0.000000 0.000000 1.013447 478.000000
 32.250000 1.015388 481.966030 0.000000 0.000000 0.000000 0.000000 1.015388 466.000000
 32.500000 1.011939 479.927546 0.000000 0.000000 0.000000 0.000000 1.011939 472.000000
 32.750000 1.011595 477.365916 0.000000 0.000000 0.000000 0.000000 1.011595 467.000000
 33.000000 1.009167 478.914503 0.000000 0.000000 0.000000 0.000000 1.009167 475.000000
 33.250000 1.008872 476.561133 0.000000 0.000000 0.000000 0.000000 1.008872 471.000000
 33.500000 1.007536 466.308291 0.000000 0.000000 0.000000 0.000000 1.007536 451.000000
 33.750000 1.010580 475.530170 0.000000 0.000000 0.000000 0.000000 1.010580 464.000000
 34.000000 1.008520 472.575407 0.000000 0.000000 0.000000 0.000000 1.008520 460.000000
 34.250000 1.010578 474.719968 0.000000 0.000000 0.000000 0.000000 1.010578 467.000000
 34.500000 1.005583 471.951383 0.000000 0.000000 0.000000 0.000000 1.005583 464.000000
 34.750000 1.001643 465.298310 0.000000 0.000000 0.000000 0.000000 1.001643 460.000000
 35.000000 1.006228 471.883527 0.000000 0.000000 0.000000 0.000000 1.006228 469.000000
 35.250000 1.003914 464.478087 0.000000 0.000000 0.000000 0.000000 1.003914 456.000000
 35.500000 1.007312 471.138131 0.000000 0.000000 0.000000 0.000000 1.007312 461.000000
 35.750000 1.008569 470.851649 0.000000 0.000000 0.000000 0.000000 1.008569 459.000000
 36.000000 1.012329 477.057895 0.000000 0.000000 0.000000 0.000000 1.012329 462.000000
 36.250000 1.007858 474.336482 0.000000 0.000000 0.000000 0.000000 1.007858 469.000000
 36.500000 1.004659 472.427544 0.000000 0.000000 0.000000 0.000000 1.004659 466.000000
 36.750000 1.010461 479.735307 0.000000 0.000000 0.000000 0.000000 1.010461 471.000000
 37.000000 1.011667 481.569323 0.000000 0.000000 0.000000 0.000000 1.011667 476.000000
 37.250000 1.009750 484.210584 0.000000 0.000000 0.000000 0.000000 1.009750 473.000000
 37.500000 1.009042 480.779641 0.000000 0.000000 0.000000 0.000000 1.009042 477.000000
 37.750000 1.013283 486.544400 0.296371 1.185486 0.000000 0.000000 1.013283 474.000000
 38.000000 1.013309 484.519869 0.000000 0.000000 0.000000 0.000000 1.013309 474.000000
 38.250000 1.007183 484.130793 0.000000 0.000000 0.000000 0.000000 1.007183 480.000000
 38.500000 1.005805 476.318131 0.000000 0.000000 0.000000 0.000000 1.005805 471.000000
 38.750000 1.008478 477.065658 0.000000 0.000000 0.000000 0.000000 1.008478 473.000000
 39.000000 1.010188 484.498142 0.000000 0.000000 0.000000 0.000000 1.010188 473.000000
 39.250000 1.009891 484.106068 0.000000 0.000000 0.000000 0.000000 1.009891 476.000000
 39.500000 1.009132 474.199978 0.000000 0.000000 0.000000 0.000000 1.009132 470.000000
 39.750000 1.011475 483.500357 0.000000 0.000000 0.000000 0.000000 1.011475 478.000000
 40.000000 1.007816 479.859813 0.000000 0.000000 0.000000 0.000000 1.007816 481.000000
 40.250000 1.005083 475.686340 0.000000 0.000000 0.000000 0.000000 1.005083 476.000000
 40.500000 1.009673 481.846864 0.000000 0.000000 0.000000 0.000000 1.009673 478.000000
 40.750000 1.013801 486.023378 0.000547 0.002186 0.000000 0.000000 1.013801 477.000000
 41.000000 1.008133 476.648806 0.000000 0.000000 0.000000 0.000000 1.008133 468.000000
 41.250000 1.004460 477.846718 0.000000 0.000000 0.000000 0.000000 1.004460 474.000000
 41.500000 1.011289 486.360590 0.130025 0.520101 0.000000 0.000000 1.011289 472.000000
 41.750000 1.009324 481.121293 0.000000 0.000000 0.000000 0.000000 1.009324 470.000000
 42.000000 1.005795 474.810389 0.000000 0.000000 0.000000 0.000000 1.005795 462.000000
 42.250000 1.007178 476.216893 0.000000 0.000000 0.000000 0.000000 1.007178 470.000000
 42.500000 1.011725 484.875166 0.000000 0.000000 0.000000 0.000000 1.011725 476.000000
 42.750000 1.009152 479.464680 0.000000 0.000000 0.000000 0.000000 1.009152 466.000000
 43.000000 1.005746 473.898700 0.000000 0.000000 0.000000 0.000000 1.005746 462.000000
 43.250000 1.011594 486.898808 0.807855 3.231420 0.000000 0.000000 1.011594 470.000000
 43.500000 1.010514 476.938164 0.000000 0.000000 0.000000 0.000000 1.010514 466.000000
 43.750000 1.010982 486.771696 0.595515 2.382061 0.000000 0.000000 1.010982 473.000000
 44.000000 1.005585 474.764350 0.000000 0.000000 0.000000 0.000000 1.005585 465.000000
 44.250000 1.010194 484.742659 0.000000 0.000000 0.000000 0.000000 1.010194 473.000000
 44.500000 1.010819 482.643125 0.000000 0.000000 0.000000 0.000000 1.010819 473.000000
 44.750000 1.010152 487.106967 1.225376 4.901503 0.000000 0.000000 1.010152 482.000000
 45.000000 1.009688 483.506325 0.000000 0.000000 0.000000 0.000000 1.009688 473.000000
 45.250000 1.012241 483.404178 0.000000 0.000000 0.000000 0.000000 1.012241 472.000000
 45.500000 1.013942 488.124630 4.514053 18.056213 0.000000 0.000000 1.013942 478.000000
 45.750000 1.011112 480.096827 0.000000 0.000000 0.000000 0.000000 1.011112 476.000000
 46.000000 1.011145 483.983793 0.000000 0.000000 0.000000 0.000000 1.011145 479.000000
 46.250000 1.013694 486.368281 0.135631 0.542525 0.000000 0.000000 1.013694 476.000000
 46.500000 1.012896 483.637345 0.000000 0.000000 0.000000 0.000000 1.012896 476.000000
 46.750000 1.007867 479.398372 0.000000 0.000000 0.000000 0.000000 1.007867 467.000000
 47.000000 1.010728 486.037074 0.001374 0.005498 0.000000 0.000000 1.010728 478.000000
 47.250000 1.014752 485.283444 0.000000 0.000000 0.000000 0.000000 1.014752 479.000000
 47.500000 1.016542 485.294517 0.000000 0.000000 0.000000 0.000000 1.016542 474.000000
 47.750000 1.012569 485.350906 0.000000 0.000000 0.000000 0.000000 1.012569 473.000000
 48.000000 1.011061 483.165113 0.000000 0.000000 0.000000 0.000000 1.011061 478.000000
 48.250000 1.012044 482.216976 0.000000 0.000000 0.000000 0.000000 1.012044 476.000000
 48.500000 1.010350 484.487674 0.000000 0.000000 0.000000 0.000000 1.010350 477.000000
 48.750000 1.010521 486.855645 0.732128 2.928510 0.000000 0.000000 1.010521 474.000000
 49.000000 1.010525 484.524388 0.000000 0.000000 0.000000 0.000000 1.010525 476.000000
 49.250000 1.013582 485.870531 0.000000 0.000000 0.000000 0.000000 1.013582 477.000000
 49.500000 1.013319 480.005844 0.000000 0.000000 0.000000 0.000000 1.013319 469.000000
 49.750000 1.013370 486.303296 0.091989 0.367955 0.000000 0.000000 1.013370 476.000000
 50.000000 1.014825 487.309050 1.713611 6.854444 0.000000 0.000000 1.014825 473.000000
 50.250000 1.014261 485.646254 0.000000 0.000000 0.000000 0.000000 1.014261 471.000000
 50.500000 1.011618 482.585598 0.000000 0.000000 0.000000 0.000000 1.011618 474.000000
 50.750000 1.009308 480.027206 0.000000 0.000000 0.000000 0.000000 1.009308 471.000000
 51.000000 1.015999 486.416429 0.173413 0.693651 0.000000 0.000000 1.015999 473.000000
 51.250000 1.011259 486.116047 0.013467 0.053868 0.000000 0.000000 1.011259 480.000000
 51.500000 1.009823 477.317076 0.000000 0.000000 0.000000 0.000000 1.009823 469.000000
 51.750000 1.014452 485.836997 0.000000 0.000000 0.000000 0.000000 1.014452 478.000000
 52.000000 1.014892 484.377871 0.000000 0.000000 0.000000 0.000000 1.014892 475.000000
 52.250000 1.010507 478.457397 0.000000 0.000000 0.000000 0.000000 1.010507 474.000000
 52.500000 1.011766 486.438743 0.192495 0.769980 0.000000 0.000000 1.011766 478.000000
 52.750000 1.012642 484.831754 0.000000 0.000000 0.000000 0.000000 1.012642 476.000000
 53.000000 1.012938 484.866160 0.000000 0.000000 0.000000 0.000000 1.012938 474.000000
 53.250000 1.014500 484.440767 0.000000 0.000000 0.000000 0.000000 1.014500 470.000000
 53.500000 1.014075 481.490612 0.000000 0.000000 0.000000 0.000000 1.014075 469.000000
 53.750000 1.016112 486.360789 0.130169 0.520674 0.000000 0.000000 1.016112 476.000000
 54.000000 1.008922 475.139461 0.000000 0.000000 0.000000 0.000000 1.008922 468.000000
 54.250000 1.007254 477.388532 0.000000 0.000000 0.000000 0.000000 1.007254 477.000000
 54.500000 1.017290 488.127311 4.525451 18.101805 0.000000 0.000000 1.017290 475.000000
 54.750000 1.010929 477.320107 0.000000 0.000000 0.000000 0.000000 1.010929 476.000000
 55.000000 1.008270 478.550327 0.000000 0.000000 0.000000 0.000000 1.008270 471.000000
 55.250000 1.013196 481.138364 0.000000 0.000000 0.000000 0.000000 1.013196 474.000000
 55.500000 1.015874 486.094300 0.008892 0.035570 0.000000 0.000000 1.015874 476.000000
 55.750000 1.013885 485.751965 0.000000 0.000000 0.000000 0.000000 1.013885 475.000000
 56.000000 1.011217 481.777148 0.000000 0.000000 0.000000 0.000000 1.011217 476.000000
 56.250000 1.014950 485.363343 0.000000 0.000000 0.000000 0.000000 1.014950 476.000000
 56.500000 1.011643 481.876043 0.000000 0.000000 0.000000 0.000000 1.011643 471.000000
 56.750000 1.011544 478.802749 0.000000 0.000000 0.000000 0.000000 1.011544 464.000000
 57.000000 1.013939 486.335439 0.112519 0.450077 0.000000 0.000000 1.013939 477.000000
 57.250000 1.015090 483.193096 0.000000 0.000000 0.000000 0.000000 1.015090 474.000000
 57.500000 1.013592 486.194850 0.037967 0.151867 0.000000 0.000000 1.013592 478.000000
 57.750000 1.010139 474.753910 0.000000 0.000000 0.000000 0.000000 1.010139 466.000000
 58.000000 1.013797 481.826168 0.000000 0.000000 0.000000 0.000000 1.013797 471.000000
 58.250000 1.016713 486.468533 0.219523 0.878092 0.000000 0.000000 1.016713 468.000000
 58.500000 1.013314 485.609594 0.000000 0.000000 0.000000 0.000000 1.013314 478.000000
 58.750000 1.014646 486.057507 0.003307 0.013228 0.000000 0.000000 1.014646 477.000000
 59.000000 1.014372 485.270249 0.000000 0.000000 0.000000 0.000000 1.014372 480.000000
 59.250000 1.015452 485.200066 0.000000 0.000000 0.000000 0.000000 1.015452 476.000000
 59.500000 1.013647 484.739101 0.000000 0.000000 0.000000 0.000000 1.013647 471.000000
 59.750000 1.013470 481.556687 0.000000 0.000000 0.000000 0.000000 1.013470 479.000000
 60.000000 1.015376 482.513563 0.000000 0.000000 0.000000 0.000000 1.015376 476.000000
 60.250000 1.012489 481.603766 0.000000 0.000000 0.000000 0.000000 1.012489 470.000000
 60.500000 1.011721 482.016489 0.000000 0.000000 0.000000 0.000000 1.011721 478.000000
 60.750000 1.013169 483.823425 0.000000 0.000000 0.000000 0.000000 1.013169 472.000000
 61.000000 1.013814 485.379056 0.000000 0.000000 0.000000 0.000000 1.013814 476.000000
 61.250000 1.013077 483.724020 0.000000 0.000000 0.000000 0.000000 1.013077 471.000000
 61.500000 1.012874 481.294301 0.000000 0.000000 0.000000 0.000000 1.012874 471.000000
 61.750000 1.015486 487.573380 2.475524 9.902096 0.000000 0.000000 1.015486 478.000000
 62.000000 1.012750 486.384538 0.147869 0.591477 0.000000 0.000000 1.012750 479.000000
 62.250000 1.008921 477.213235 0.000000 0.000000 0.000000 0.000000 1.008921 471.000000
 62.500000 1.012280 481.042329 0.000000 0.000000 0.000000 0.000000 1.012280 473.000000
 62.750000 1.013859 485.292548 0.000000 0.000000 0.000000 0.000000 1.013859 470.000000
 63.000000 1.014203 483.517225 0.000000 0.000000 0.000000 0.000000 1.014203 474.000000
 63.250000 1.012270 480.780404 0.000000 0.000000 0.000000 0.000000 1.012270 470.000000
 63.500000 1.014373 478.183558 0.000000 0.000000 0.000000 0.000000 1.014373 468.000000
 63.750000 1.012290 479.061065 0.000000 0.000000 0.000000 0.000000 1.012290 468.000000
 64.000000 1.010408 474.181014 0.000000 0.000000 0.000000 0.000000 1.010408 466.000000
 64.250000 1.014006 481.913620 0.000000 0.000000 0.000000 0.000000 1.014006 469.000000
 64.500000 1.011681 477.772901 0.000000 0.000000 0.000000 0.000000 1.011681 468.000000
 64.750000 1.013180 485.055807 0.000000 0.000000 0.000000 0.000000 1.013180 480.000000
 65.000000 1.013060 485.957082 0.000000 0.000000 0.000000 0.000000 1.013060 476.000000
 65.250000 1.010892 479.083613 0.000000 0.000000 0.000000 0.000000 1.010892 466.000000
 65.500000 1.010599 482.500134 0.000000 0.000000 0.000000 0.000000 1.010599 479.000000
 65.750000 1.008332 469.973272 0.000000 0.000000 0.000000 0.000000 1.008332 462.000000
 66.000000 1.014569 486.322644 0.104099 0.416397 0.000000 0.000000 1.014569 480.000000
 66.250000 1.011243 482.579949 0.000000 0.000000 0.000000 0.000000 1.011243 479.000000
 66.500000 1.012250 481.483826 0.000000 0.000000 0.000000 0.000000 1.012250 471.000000
 66.750000 1.012717 482.412549 0.000000 0.000000 0.000000 0.000000 1.012717 473.000000
 67.000000 1.011575 485.754870 0.000000 0.000000 0.000000 0.000000 1.011575 480.000000
 67.250000 1.008728 483.941083 0.000000 0.000000 0.000000 0.000000 1.008728 471.000000
 67.500000 1.011402 486.114198 0.013041 0.052165 0.000000 0.000000 1.011402 475.000000
 67.750000 1.014678 486.950037 0.902570 3.610279 0.000000 0.000000 1.014678 480.000000
 68.000000 1.011328 482.587581 0.000000 0.000000 0.000000 0.000000 1.011328 468.000000
 68.250000 1.012457 483.761171 0.000000 0.000000 0.000000 0.000000 1.012457 468.000000
 68.500000 1.014559 486.160277 0.025689 0.102754 0.000000 0.000000 1.014559 478.000000
 68.750000 1.014441 487.287140 1.656729 6.626915 0.000000 0.000000 1.014441 480.000000
 69.000000 1.010657 484.083737 0.000000 0.000000 0.000000 0.000000 1.010657 476.000000
 69.250000 1.007738 483.136183 0.000000 0.000000 0.000000 0.000000 1.007738 479.000000
 69.500000 1.013157 486.018392 0.000338 0.001353 0.000000 0.000000 1.013157 479.000000
 69.750000 1.011168 484.577779 0.000000 0.000000 0.000000 0.000000 1.011168 485.000000
 70.000000 1.007956 481.254030 0.000000 0.000000 0.000000 0.000000 1.007956 474.000000
 70.250000 1.010585 486.646756 0.418294 1.673174 0.000000 0.000000 1.010585 483.000000
 70.500000 1.010432 485.628490 0.000000 0.000000 0.000000 0.000000 1.010432 479.000000
 70.750000 1.011131 486.256162 0.065619 0.262476 0.000000 0.000000 1.011131 480.000000
 71.000000 1.010197 486.687680 0.472904 1.891615 0.000000 0.000000 1.010197 476.000000
 71.250000 1.012467 487.199720 1.439328 5.757311 0.000000 0.000000 1.012467 473.000000
 71.500000 1.011357 480.745522 0.000000 0.000000 0.000000 0.000000 1.011357 473.000000
 71.750000 1.010025 486.483731 0.233995 0.935982 0.000000 0.000000 1.010025 482.000000
 72.000000 1.013178 486.224941 0.050598 0.202393 0.000000 0.000000 1.013178 478.000000
 72.250000 1.013034 487.029266 1.059388 4.237550 0.000000 0.000000 1.013034 476.000000
 72.500000 1.009104 483.963999 0.000000 0.000000 0.000000 0.000000 1.009104 477.000000
 72.750000 1.009194 475.024936 0.000000 0.000000 0.000000 0.000000 1.009194 467.000000
 73.000000 1.008240 477.117928 0.000000 0.000000 0.000000 0.000000 1.008240 471.000000
 73.250000 1.011532 484.596722 0.000000 0.000000 0.000000 0.000000 1.011532 479.000000
 73.500000 1.014202 486.163763 0.026818 0.107274 0.000000 0.000000 1.014202 468.000000
 73.750000 1.009608 484.347350 0.000000 0.000000 0.000000 0.000000 1.009608 474.000000
 74.000000 1.006704 482.043415 0.000000 0.000000 0.000000 0.000000 1.006704 482.000000
 74.250000 1.013098 484.719012 0.000000 0.000000 0.000000 0.000000 1.013098 475.000000
 74.500000 1.012966 484.902858 0.000000 0.000000 0.000000 0.000000 1.012966 474.000000
 74.750000 1.007554 477.357521 0.000000 0.000000 0.000000 0.000000 1.007554 474.000000
 75.000000 1.009170 485.297339 0.000000 0.000000 0.000000 0.000000 1.009170 485.000000
 75.250000 1.011880 483.449203 0.000000 0.000000 0.000000 0.000000 1.011880 468.000000
 75.500000 1.010081 484.289818 0.000000 0.000000 0.000000 0.000000 1.010081 473.000000
 75.750000 1.009686 479.044739 0.000000 0.000000 0.000000 0.000000 1.009686 463.000000
 76.000000 1.011108 481.080526 0.000000 0.000000 0.000000 0.000000 1.011108 477.000000
 76.250000 1.009971 484.816267 0.000000 0.000000 0.000000 0.000000 1.009971 475.000000
 76.500000 1.012273 487.249123 1.560308 6.241231 0.000000 0.000000 1.012273 481.000000
 76.750000 1.011086 483.097870 0.000000 0.000000 0.000000 0.000000 1.011086 469.000000
 77.000000 1.012606 486.665048 0.442289 1.769156 0.000000 0.000000 1.012606 479.000000
 77.250000 1.009602 476.563451 0.000000 0.000000 0.000000 0.000000 1.009602 466.000000
 77.500000 1.013220 486.136331 0.018586 0.074344 0.000000 0.000000 1.013220 476.000000
 77.750000 1.010345 482.001803 0.000000 0.000000 0.000000 0.000000 1.010345 476.000000
 78.000000 1.008150 477.222825 0.000000 0.000000 0.000000 0.000000 1.008150 470.000000
 78.250000 1.013001 486.248509 0.061757 0.247027 0.000000 0.000000 1.013001 476.000000
 78.500000 1.013684 485.712072 0.000000 0.000000 0.000000 0.000000 1.013684 477.000000
 78.750000 1.008667 483.124734 0.000000 0.000000 0.000000 0.000000 1.008667 482.000000
 79.000000 1.009608 482.082027 0.000000 0.000000 0.000000 0.000000 1.009608 473.000000
 79.250000 1.014823 487.568624 2.460580 9.842319 0.000000 0.000000 1.014823 475.000000
 79.500000 1.013404 486.582024 0.338752 1.355007 0.000000 0.000000 1.013404 484.000000
 79.750000 1.008708 483.130002 0.000000 0.000000 0.000000 0.000000 1.008708 474.000000
 80.000000 1.011993 486.696098 0.484553 1.938210 0.000000 0.000000 1.011993 485.000000
 80.250000 1.011852 479.680738 0.000000 0.000000 0.000000 0.000000 1.011852 476.000000
 80.500000 1.008641 479.427132 0.000000 0.000000 0.000000 0.000000 1.008641 473.000000
 80.750000 1.008333 481.509381 0.000000 0.000000 0.000000 0.000000 1.008333 473.000000
 81.000000 1.011573 487.102747 1.216051 4.864205 0.000000 0.000000 1.011573 483.000000
 81.250000 1.007167 478.434515 0.000000 0.000000 0.000000 0.000000 1.007167 473.000000
 81.500000 1.005192 477.823752 0.000000 0.000000 0.000000 0.000000 1.005192 476.000000
 81.750000 1.007771 478.753642 0.000000 0.000000 0.000000 0.000000 1.007771 476.000000
 82.000000 1.009592 481.207096 0.000000 0.000000 0.000000 0.000000 1.009592 475.000000
 82.250000 1.007248 474.124819 0.000000 0.000000 0.000000 0.000000 1.007248 478.000000
 82.500000 1.007530 480.541429 0.000000 0.000000 0.000000 0.000000 1.007530 478.000000
 82.750000 1.007925 478.202982 0.000000 0.000000 0.000000 0.000000 1.007925 475.000000
 83.000000 1.008545 480.463227 0.000000 0.000000 0.000000 0.000000 1.008545 472.000000
 83.250000 1.008169 479.502882 0.000000 0.000000 0.000000 0.000000 1.008169 473.000000
 83.500000 1.010614 485.375003 0.000000 0.000000 0.000000 0.000000 1.010614 477.000000
 83.750000 1.010953 485.237644 0.000000 0.000000 0.000000 0.000000 1.010953 479.000000
 84.000000 1.010038 478.999608 0.000000 0.000000 0.000000 0.000000 1.010038 477.000000
 84.250000 1.012495 485.117022 0.000000 0.000000 0.000000 0.000000 1.012495 481.000000
 84.500000 1.009656 478.114464 0.000000 0.000000 0.000000 0.000000 1.009656 473.000000
 84.750000 1.003569 474.361513 0.000000 0.000000 0.000000 0.000000 1.003569 474.000000
 85.000000 1.006060 477.385566 0.000000 0.000000 0.000000 0.000000 1.006060 475.000000
 85.250000 1.013213 484.612906 0.000000 0.000000 0.000000 0.000000 1.013213 478.000000
 85.500000 1.009560 483.402140 0.000000 0.000000 0.000000 0.000000 1.009560 481.000000
 85.750000 1.009499 486.537822 0.289252 1.157009 0.000000 0.000000 1.009499 483.000000
 86.000000 1.011036 485.066320 0.000000 0.000000 0.000000 0.000000 1.011036 483.000000
 86.250000 1.012035 487.018411 1.037161 4.148643 0.000000 0.000000 1.012035 480.000000
 86.500000 1.006833 482.924458 0.000000 0.000000 0.000000 0.000000 1.006833 482.000000
 86.750000 1.009815 486.115681 0.013382 0.053528 0.000000 0.000000 1.009815 481.000000
 87.000000 1.011792 487.001219 1.002439 4.009758 0.000000 0.000000 1.011792 480.000000
 87.250000 1.006243 481.568689 0.000000 0.000000 0.000000 0.000000 1.006243 478.000000
 87.500000 1.011597 483.292867 0.000000 0.000000 0.000000 0.000000 1.011597 473.000000
 87.750000 1.010835 484.011776 0.000000 0.000000 0.000000 0.000000 1.010835 478.000000
 88.000000 1.012734 484.905882 0.000000 0.000000 0.000000 0.000000 1.012734 477.000000
 88.250000 1.007716 486.443710 0.196879 0.787514 0.000000 0.000000 1.007716 484.000000
 88.500000 1.009935 483.852292 0.000000 0.000000 0.000000 0.000000 1.009935 478.000000
 88.750000 1.014480 484.078136 0.000000 0.000000 0.000000 0.000000 1.014480 473.000000
 89.000000 1.011699 487.409288 1.986093 7.944372 0.000000 0.000000 1.011699 482.000000
 89.250000 1.007963 480.043072 0.000000 0.000000 0.000000 0.000000 1.007963 478.000000
 89.500000 1.012824 485.763459 0.000000 0.000000 0.000000 0.000000 1.012824 479.000000
 89.750000 1.013329 485.972155 0.000000 0.000000 0.000000 0.000000 1.013329 477.000000
 90.000000 1.014525 486.371338 0.137892 0.551567 0.000000 0.000000 1.014525 478.000000
 90.250000 1.010492 483.358057 0.000000 0.000000 0.000000 0.000000 1.010492 475.000000
 90.500000 1.012567 487.578353 2.491198 9.964793 0.000000 0.000000 1.012567 482.000000
 90.750000 1.015387 485.582388 0.000000 0.000000 0.000000 0.000000 1.015387 472.000000
 91.000000 1.012543 487.713656 2.936616 11.746466 0.000000 0.000000 1.012543 479.000000
 91.250000 1.012592 486.135822 0.018448 0.073790 0.000000 0.000000 1.012592 472.000000
 91.500000 1.013110 485.442366 0.000000 0.000000 0.000000 0.000000 1.013110 476.000000
 91.750000 1.012849 486.474877 0.225508 0.902034 0.000000 0.000000 1.012849 477.000000
 92.000000 1.011958 484.745506 0.000000 0.000000 0.000000 0.000000 1.011958 475.000000
 92.250000 1.012177 479.000717 0.000000 0.000000 0.000000 0.000000 1.012177 469.000000
 92.500000 1.012102 482.841025 0.000000 0.000000 0.000000 0.000000 1.012102 476.000000
 92.750000 1.011694 481.247003 0.000000 0.000000 0.000000 0.000000 1.011694 469.000000
 93.000000 1.012186 484.469724 0.000000 0.000000 0.000000 0.000000 1.012186 473.000000
 93.250000 1.015075 486.998814 0.997630 3.990520 0.000000 0.000000 1.015075 477.000000
 93.500000 1.009701 481.554623 0.000000 0.000000 0.000000 0.000000 1.009701 478.000000
 93.750000 1.012042 484.977668 0.000000 0.000000 0.000000 0.000000 1.012042 479.000000
 94.000000 1.011109 486.414379 0.171710 0.686841 0.000000 0.000000 1.011109 479.000000
 94.250000 1.012956 487.933178 3.737175 14.948702 0.000000 0.000000 1.012956 481.000000
 94.500000 1.007158 473.134954 0.000000 0.000000 0.000000 0.000000 1.007158 468.000000
 94.750000 1.010348 481.220459 0.000000 0.000000 0.000000 0.000000 1.010348 474.000000
 95.000000 1.012352 485.122311 0.000000 0.000000 0.000000 0.000000 1.012352 478.000000
 95.250000 1.009161 479.531846 0.000000 0.000000 0.000000 0.000000 1.009161 474.000000
 95.500000 1.011862 486.377540 0.142536 0.570146 0.000000 0.000000 1.011862 475.000000
 95.750000 1.013436 485.798114 0.000000 0.000000 0.000000 0.000000 1.013436 479.000000
 96.000000 1.012085 486.171581 0.029440 0.117760 0.000000 0.000000 1.012085 479.000000
 96.250000 1.009500 481.528978 0.000000 0.000000 0.000000 0.000000 1.009500 478.000000
 96.500000 1.011282 482.779879 0.000000 0.000000 0.000000 0.000000 1.011282 480.000000
 96.750000 1.010305 480.161016 0.000000 0.000000 0.000000 0.000000 1.010305 471.000000
 97.000000 1.010406 479.883350 0.000000 0.000000 0.000000 0.000000 1.010406 474.000000
 97.250000 1.008258 475.125825 0.000000 0.000000 0.000000 0.000000 1.008258 466.000000
 97.500000 1.010251 484.477852 0.000000 0.000000 0.000000 0.000000 1.010251 474.000000
 97.750000 1.009915 479.280519 0.000000 0.000000 0.000000 0.000000 1.009915 467.000000
 98.000000 1.010575 483.113492 0.000000 0.000000 0.000000 0.000000 1.010575 478.000000
 98.250000 1.012875 487.311919 1.721131 6.884523 0.000000 0.000000 1.012875 482.000000
 98.500000 1.014709 485.823470 0.000000 0.000000 0.000000 0.000000 1.014709 472.000000
 98.750000 1.011214 483.081167 0.000000 0.000000 0.000000 0.000000 1.011214 473.000000
 99.000000 1.012041 479.678596 0.000000 0.000000 0.000000 0.000000 1.012041 474.000000
 99.250000 1.013104 486.933268 0.870989 3.483955 0.000000 0.000000 1.013104 480.000000
 99.500000 1.011199 486.942633 0.888556 3.554225 0.000000 0.000000 1.011199 481.000000
 99.750000 1.011166 486.489596 0.239704 0.958816 0.000000 0.000000 1.011166 485.000000
 100.000000 1.014320 484.646957 0.000000 0.000000 0.000000 0.000000 1.014320 478.000000
 100.250000 1.007300 475.093691 0.000000 0.000000 0.000000 0.000000 1.007300 468.000000
