#! FIELDS time refcv.mean refcv.morethan uwall.bias uwall.force2 lwall.bias lwall.force2 refcv2.mean refcv2.morethan
 0.500000 1.014624 473.416214 0.000000 0.000000 0.000000 0.000000 1.014624 460.000000
 0.750000 1.008477 470.431428 0.000000 0.000000 0.000000 0.000000 1.008477 455.000000
 1.000000 1.004961 467.868213 0.000000 0.000000 0.000000 0.000000 1.004961 456.000000
 1.250000 1.003167 464.818350 0.000000 0.000000 0.000000 0.000000 1.003167 455.000000
 1.500000 0.999688 455.602636 0.000000 0.000000 0.000000 0.000000 0.999688 452.000000
 1.750000 0.998647 458.959237 0.000000 0.000000 0.000000 0.000000 0.998647 453.000000
 2.000000 0.998001 455.791701 0.000000 0.000000 0.000000 0.000000 0.998001 450.000000
 2.250000 0.999348 452.746269 0.000000 0.000000 0.000000 0.000000 0.999348 446.000000
 2.500000 1.000577 458.649575 0.000000 0.000000 0.000000 0.000000 1.000577 455.000000
 2.750000 0.999827 457.216059 0.000000 0.000000 0.000000 0.000000 0.999827 450.000000
 3.000000 1.001625 457.666252 0.000000 0.000000 0.000000 0.000000 1.001625 447.000000
 3.250000 1.003714 463.938455 0.000000 0.000000 0.000000 0.000000 1.003714 454.000000
 3.500000 1.000036 458.728588 0.000000 0.000000 0.000000 0.000000 1.000036 450.000000
 3.750000 0.999295 459.894611 0.000000 0.000000 0.000000 0.000000 0.999295 450.000000
 4.000000 1.002038 458.633113 0.000000 0.000000 0.000000 0.000000 1.002038 447.000000
 4.250000 1.003936 466.200311 0.000000 0.000000 0.000000 0.000000 1.003936 458.000000
 4.500000 1.000451 459.640082 0.000000 0.000000 0.000000 0.000000 1.000451 453.000000
 4.750000 0.999858 450.978457 0.000000 0.000000 0.000000 0.000000 0.999858 444.000000
 5.000000 0.999430 456.923890 0.000000 0.000000 0.000000 0.000000 0.999430 452.000000
 5.250000 1.002396 457.129604 0.000000 0.000000 0.000000 0.000000 1.002396 446.000000
 5.500000 1.002131 460.768226 0.000000 0.000000 0.000000 0.000000 1.002131 458.000000
 5.750000 0.999337 457.004852 0.000000 0.000000 0.000000 0.000000 0.999337 449.000000
 6.000000 1.000698 451.278149 0.000000 0.000000 0.000000 0.000000 1.000698 449.000000
 6.250000 1.007468 464.213286 0.000000 0.000000 0.000000 0.000000 1.007468 449.000000
 6.500000 1.004767 463.529314 0.000000 0.000000 0.000000 0.000000 1.004767 460.000000
 6.750000 1.002148 451.765838 0.000000 0.000000 0.000000 0.000000 1.002148 444.000000
 7.000000 1.000376 454.650970 0.000000 0.000000 0.000000 0.000000 1.000376 450.000000
 7.250000 1.006607 468.604810 0.000000 0.000000 0.000000 0.000000 1.006607 462.000000
 7.500000 1.006155 467.515588 0.000000 0.000000 0.000000 0.000000 1.006155 461.000000
 7.750000 1.006214 465.950641 0.000000 0.000000 0.000000 0.000000 1.006214 457.000000
 8.000000 1.005414 466.984951 0.000000 0.000000 0.000000 0.000000 1.005414 464.000000
 8.250000 1.006805 468.580224 0.000000 0.000000 0.000000 0.000000 1.006805 457.000000
 8.500000 1.010723 477.608096 0.000000 0.000000 0.000000 0.000000 1.010723 468.000000
 8.750000 1.007415 471.348685 0.000000 0.000000 0.000000 0.000000 1.007415 463.000000
 9.000000 1.005503 467.137713 0.000000 0.000000 0.000000 0.000000 1.005503 454.000000
 9.250000 1.003716 460.986738 0.000000 0.000000 0.000000 0.000000 1.003716 454.000000
 9.500000 1.005070 467.762923 0.000000 0.000000 0.000000 0.000000 1.005070 460.000000
 9.750000 1.004633 477.433446 0.000000 0.000000 0.000000 0.000000 1.004633 479.000000
 10.000000 1.003494 468.425256 0.000000 0.000000 0.000000 0.000000 1.003494 460.000000
 10.250000 1.007217 472.011877 0.000000 0.000000 0.000000 0.000000 1.007217 461.000000
 10.500000 1.006252 470.618405 0.000000 0.000000 0.000000 0.000000 1.006252 467.000000
 10.750000 1.004219 471.163213 0.000000 0.000000 0.000000 0.000000 1.004219 468.000000
 11.000000 1.008295 471.677553 0.000000 0.000000 0.000000 0.000000 1.008295 464.000000
 11.250000 1.010005 474.559718 0.000000 0.000000 0.000000 0.000000 1.010005 460.000000
 11.500000 1.003943 464.709584 0.000000 0.000000 0.000000 0.000000 1.003943 464.000000
 11.750000 1.000425 459.420350 0.000000 0.000000 0.000000 0.000000 1.000425 452.000000
 12.000000 1.005998 469.500618 0.000000 0.000000 0.000000 0.000000 1.005998 460.000000
 12.250000 1.007532 470.280017 0.000000 0.000000 0.000000 0.000000 1.007532 460.000000
 12.500000 1.006419 470.642433 0.000000 0.000000 0.000000 0.000000 1.006419 460.000000
 12.750000 1.002959 456.975590 0.000000 0.000000 0.000000 0.000000 1.002959 451.000000
 13.000000 1.005097 470.692642 0.000000 0.000000 0.000000 0.000000 1.005097 463.000000
 13.250000 1.004717 472.564559 0.000000 0.000000 0.000000 0.000000 1.004717 468.000000
 13.500000 1.000767 467.512381 0.000000 0.000000 0.000000 0.000000 1.000767 465.000000
 13.750000 0.999894 461.399798 0.000000 0.000000 0.000000 0.000000 0.999894 457.000000
 14.000000 0.997064 455.855890 0.000000 0.000000 0.000000 0.000000 0.997064 455.000000
 14.250000 1.001990 466.188240 0.000000 0.000000 0.000000 0.000000 1.001990 458.000000
 14.500000 1.005630 468.870810 0.000000 0.000000 0.000000 0.000000 1.005630 463.000000
 14.750000 1.002096 466.111639 0.000000 0.000000 0.000000 0.000000 1.002096 459.000000
 15.000000 0.998819 463.331040 0.000000 0.000000 0.000000 0.000000 0.998819 460.000000
 15.250000 0.998187 458.620773 0.000000 0.000000 0.000000 0.000000 0.998187 456.000000
 15.500000 1.002217 464.998099 0.000000 0.000000 0.000000 0.000000 1.002217 459.000000
 15.750000 0.998822 455.977613 0.000000 0.000000 0.000000 0.000000 0.998822 449.000000
 16.000000 0.998233 455.798812 0.000000 0.000000 0.000000 0.000000 0.998233 451.000000
 16.250000 0.996194 450.396767 0.000000 0.000000 0.000000 0.000000 0.996194 447.000000
 16.500000 0.998355 460.035417 0.000000 0.000000 0.000000 0.000000 0.998355 454.000000
 16.750000 0.997614 455.044931 0.000000 0.000000 0.000000 0.000000 0.997614 451.000000
 17.000000 0.998938 453.817743 0.000000 0.000000 0.000000 0.000000 0.998938 449.000000
 17.250000 0.998054 451.255903 0.000000 0.000000 0.000000 0.000000 0.998054 441.000000
 17.500000 0.994267 450.324762 0.000000 0.000000 0.000000 0.000000 0.994267 451.000000
 17.750000 0.995002 452.310955 0.000000 0.000000 0.000000 0.000000 0.995002 451.000000
 18.000000 0.998114 453.971564 0.000000 0.000000 0.000000 0.000000 0.998114 450.000000
 18.250000 1.000267 457.453448 0.000000 0.000000 0.000000 0.000000 1.000267 450.000000
 18.500000 0.997393 453.015934 0.000000 0.000000 0.000000 0.000000 0.997393 452.000000
 18.750000 0.995805 453.517377 0.000000 0.000000 0.000000 0.000000 0.995805 450.000000
 19.000000 0.999875 456.234392 0.000000 0.000000 0.000000 0.000000 0.999875 449.000000
 19.250000 0.997633 450.075577 0.000000 0.000000 0.000000 0.000000 0.997633 449.000000
 19.500000 0.996269 452.023644 0.000000 0.000000 0.000000 0.000000 0.996269 447.000000
 19.750000 1.002337 463.746892 0.000000 0.000000 0.000000 0.000000 1.002337 455.000000
 20.000000 1.001283 455.314964 0.000000 0.000000 0.000000 0.000000 1.001283 454.000000
 20.250000 0.994779 456.021048 0.000000 0.000000 0.000000 0.000000 0.994779 455.000000
 20.500000 0.993490 449.165865 0.000000 0.000000 0.000000 0.000000 0.993490 454.000000
 20.750000 0.999894 463.927007 0.000000 0.000000 0.000000 0.000000 0.999894 459.000000
 21.000000 1.004812 470.485424 0.000000 0.000000 0.000000 0.000000 1.004812 468.000000
 21.250000 0.999034 459.026105 0.000000 0.000000 0.000000 0.000000 0.999034 457.000000
 21.500000 0.995975 460.459226 0.000000 0.000000 0.000000 0.000000 0.995975 463.000000
 21.750000 0.999105 462.799154 0.000000 0.000000 0.000000 0.000000 0.999105 462.000000
 22.000000 1.004911 470.024693 0.000000 0.000000 0.000000 0.000000 1.004911 465.000000
 22.250000 1.002933 469.220988 0.000000 0.000000 0.000000 0.000000 1.002933 466.000000
 22.500000 0.999623 469.642918 0.000000 0.000000 0.000000 0.000000 0.999623 462.000000
 22.750000 1.003027 473.422099 0.000000 0.000000 0.000000 0.000000 1.003027 471.000000
 23.000000 1.006242 471.925267 0.000000 0.000000 0.000000 0.000000 1.006242 472.000000
 23.250000 1.002473 468.506898 0.000000 0.000000 0.000000 0.000000 1.002473 463.000000
 23.500000 0.998697 460.037646 0.000000 0.000000 0.000000 0.000000 0.998697 455.000000
 23.750000 1.002216 466.221255 0.000000 0.000000 0.000000 0.000000 1.002216 457.000000
 24.000000 1.006328 474.621208 0.000000 0.000000 0.000000 0.000000 1.006328 472.000000
 24.250000 1.006298 475.722237 0.000000 0.000000 0.000000 0.000000 1.006298 469.000000
 24.500000 1.005946 479.048313 0.000000 0.000000 0.000000 0.000000 1.005946 474.000000
 24.750000 1.010288 483.806612 0.000000 0.000000 0.000000 0.000000 1.010288 478.000000
 25.000000 1.008505 481.792131 0.000000 0.000000 0.000000 0.000000 1.008505 477.000000
 25.250000 1.009627 482.005726 0.000000 0.000000 0.000000 0.000000 1.009627 475.000000
 25.500000 1.010946 485.473532 0.000000 0.000000 0.000000 0.000000 1.010946 481.000000
 25.750000 1.009801 483.460850 0.000000 0.000000 0.000000 0.000000 1.009801 485.000000
 26.000000 1.008788 481.673956 0.000000 0.000000 0.000000 0.000000 1.008788 480.000000
 26.250000 1.006276 481.686938 0.000000 0.000000 0.000000 0.000000 1.006276 478.000000
 26.500000 1.004851 474.291257 0.000000 0.000000 0.000000 0.000000 1.004851 468.000000
 26.750000 1.003326 474.309668 0.000000 0.000000 0.000000 0.000000 1.003326 474.000000
 27.000000 1.005000 475.424917 0.000000 0.000000 0.000000 0.000000 1.005000 476.000000
 27.250000 1.007478 482.747474 0.000000 0.000000 0.000000 0.000000 1.007478 483.000000
 27.500000 1.009324 478.146852 0.000000 0.000000 0.000000 0.000000 1.009324 472.000000
 27.750000 1.009187 485.650542 0.000000 0.000000 0.000000 0.000000 1.009187 484.000000
 28.000000 1.004430 482.474771 0.000000 0.000000 0.000000 0.000000 1.004430 487.000000
 28.250000 1.005160 482.549127 0.000000 0.000000 0.000000 0.000000 1.005160 484.000000
 28.500000 1.006818 476.186552 0.000000 0.000000 0.000000 0.000000 1.006818 472.000000
 28.750000 1.007146 483.553264 0.000000 0.000000 0.000000 0.000000 1.007146 480.000000
 29.000000 1.003778 481.016997 0.000000 0.000000 0.000000 0.000000 1.003778 479.000000
 29.250000 1.004712 475.541871 0.000000 0.000000 0.000000 0.000000 1.004712 477.000000
 29.500000 1.003339 476.112774 0.000000 0.000000 0.000000 0.000000 1.003339 476.000000
 29.750000 1.005227 479.441995 0.000000 0.000000 0.000000 0.000000 1.005227 477.000000
 30.000000 1.004130 479.861529 0.000000 0.000000 0.000000 0.000000 1.004130 482.000000
 30.250000 1.008271 483.579236 0.000000 0.000000 0.000000 0.000000 1.008271 471.000000
 30.500000 1.004958 481.798948 0.000000 0.000000 0.000000 0.000000 1.004958 477.000000
 30.750000 1.002432 480.688305 0.000000 0.000000 0.000000 0.000000 1.002432 481.000000
 31.000000 1.010203 485.832317 0.000000 0.000000 0.000000 0.000000 1.010203 480.000000
 31.250000 1.009064 486.898171 0.806712 3.226848 0.000000 0.000000 1.009064 480.000000
 31.500000 1.002899 478.995958 0.000000 0.000000 0.000000 0.000000 1.002899 475.000000
 31.750000 1.002219 478.593224 0.000000 0.000000 0.000000 0.000000 1.002219 477.000000
 32.000000 1.008499 483.927248 0.000000 0.000000 0.000000 0.000000 1.008499 473.000000
 32.250000 1.009142 480.556812 0.000000 0.000000 0.000000 0.000000 1.009142 474.000000
 32.500000 1.005393 472.723233 0.000000 0.000000 0.000000 0.000000 1.005393 464.000000
 32.750000 1.004446 472.349862 0.000000 0.000000 0.000000 0.000000 1.004446 466.000000
 33.000000 1.003828 473.506923 0.000000 0.000000 0.000000 0.000000 1.003828 471.000000
 33.250000 1.001801 470.862957 0.000000 0.000000 0.000000 0.000000 1.001801 470.000000
 33.500000 1.006662 480.551342 0.000000 0.000000 0.000000 0.000000 1.006662 480.000000
 33.750000 1.006627 476.691989 0.000000 0.000000 0.000000 0.000000 1.006627 474.000000
 34.000000 1.005161 475.982239 0.000000 0.000000 0.000000 0.000000 1.005161 468.000000
 34.250000 1.002943 474.672027 0.000000 0.000000 0.000000 0.000000 1.002943 474.000000
 34.500000 1.003821 477.670373 0.000000 0.000000 0.000000 0.000000 1.003821 479.000000
 34.750000 1.003039 470.609674 0.000000 0.000000 0.000000 0.000000 1.003039 460.000000
 35.000000 1.008425 488.270459 5.154985 20.619941 0.000000 0.000000 1.008425 488.000000
 35.250000 1.011307 485.784133 0.000000 0.000000 0.000000 0.000000 1.011307 476.000000
 35.500000 1.008383 484.945731 0.000000 0.000000 0.000000 0.000000 1.008383 480.000000
 35.750000 1.007949 479.901641 0.000000 0.000000 0.000000 0.000000 1.007949 482.000000
 36.000000 1.009985 482.776457 0.000000 0.000000 0.000000 0.000000 1.009985 473.000000
 36.250000 1.005732 481.343112 0.000000 0.000000 0.000000 0.000000 1.005732 482.000000
 36.500000 1.005009 478.057327 0.000000 0.000000 0.000000 0.000000 1.005009 479.000000
 36.750000 1.011320 483.469421 0.000000 0.000000 0.000000 0.000000 1.011320 475.000000
 37.000000 1.005635 477.523564 0.000000 0.000000 0.000000 0.000000 1.005635 474.000000
 37.250000 1.005483 477.264805 0.000000 0.000000 0.000000 0.000000 1.005483 481.000000
 37.500000 1.004469 475.893093 0.000000 0.000000 0.000000 0.000000 1.004469 476.000000
 37.750000 1.008867 480.937949 0.000000 0.000000 0.000000 0.000000 1.008867 478.000000
 38.000000 1.008294 482.508459 0.000000 0.000000 0.000000 0.000000 1.008294 484.000000
 38.250000 1.007213 480.730067 0.000000 0.000000 0.000000 0.000000 1.007213 477.000000
 38.500000 1.008755 480.090186 0.000000 0.000000 0.000000 0.000000 1.008755 477.000000
 38.750000 1.008075 480.308187 0.000000 0.000000 0.000000 0.000000 1.008075 477.000000
 39.000000 1.006438 478.862309 0.000000 0.000000 0.000000 0.000000 1.006438 473.000000
 39.250000 1.008290 480.006603 0.000000 0.000000 0.000000 0.000000 1.008290 474.000000
 39.500000 1.011094 482.897257 0.000000 0.000000 0.000000 0.000000 1.011094 478.000000
 39.750000 1.009048 482.787336 0.000000 0.000000 0.000000 0.000000 1.009048 477.000000
 40.000000 1.005544 475.691814 0.000000 0.000000 0.000000 0.000000 1.005544 475.000000
 40.250000 1.009001 487.553590 2.413640 9.654562 0.000000 0.000000 1.009001 489.000000
 40.500000 1.008613 485.075492 0.000000 0.000000 0.000000 0.000000 1.008613 480.000000
 40.750000 1.003903 476.305852 0.000000 0.000000 0.000000 0.000000 1.003903 473.000000
 41.000000 1.003798 475.160391 0.000000 0.000000 0.000000 0.000000 1.003798 466.000000
 41.250000 1.007447 480.114302 0.000000 0.000000 0.000000 0.000000 1.007447 476.000000
 41.500000 1.006755 479.771245 0.000000 0.000000 0.000000 0.000000 1.006755 472.000000
 41.750000 1.005576 480.529147 0.000000 0.000000 0.000000 0.000000 1.005576 472.000000
 42.000000 1.007351 481.815543 0.000000 0.000000 0.000000 0.000000 1.007351 474.000000
 42.250000 1.010963 483.136832 0.000000 0.000000 0.000000 0.000000 1.010963 473.000000
 42.500000 1.006554 479.690726 0.000000 0.000000 0.000000 0.000000 1.006554 477.000000
 42.750000 1.003931 477.761843 0.000000 0.000000 0.000000 0.000000 1.003931 475.000000
 43.000000 1.004663 479.203163 0.000000 0.000000 0.000000 0.000000 1.004663 474.000000
 43.250000 1.012676 482.247923 0.000000 0.000000 0.000000 0.000000 1.012676 468.000000
 43.500000 1.009456 483.530613 0.000000 0.000000 0.000000 0.000000 1.009456 474.000000
 43.750000 1.004154 478.120044 0.000000 0.000000 0.000000 0.000000 1.004154 470.000000
 44.000000 1.006679 478.707743 0.000000 0.000000 0.000000 0.000000 1.006679 477.000000
 44.250000 1.009702 479.933749 0.000000 0.000000 0.000000 0.000000 1.009702 473.000000
 44.500000 1.005759 475.238073 0.000000 0.000000 0.000000 0.000000 1.005759 471.000000
 44.750000 1.006817 470.441388 0.000000 0.000000 0.000000 0.000000 1.006817 464.000000
 45.000000 1.005480 467.515060 0.000000 0.000000 0.000000 0.000000 1.005480 462.000000
 45.250000 1.002264 462.545653 0.000000 0.000000 0.000000 0.000000 1.002264 456.000000
 45.500000 1.002481 472.304586 0.000000 0.000000 0.000000 0.000000 1.002481 463.000000
 45.750000 1.007294 476.195326 0.000000 0.000000 0.000000 0.000000 1.007294 471.000000
 46.000000 1.009877 479.845731 0.000000 0.000000 0.000000 0.000000 1.009877 474.000000
 46.250000 1.003233 467.234591 0.000000 0.000000 0.000000 0.000000 1.003233 462.000000
 46.500000 1.002619 469.957684 0.000000 0.000000 0.000000 0.000000 1.002619 466.000000
 46.750000 1.009352 486.139844 0.019556 0.078225 0.000000 0.000000 1.009352 481.000000
 47.000000 1.009270 481.302573 0.000000 0.000000 0.000000 0.000000 1.009270 476.000000
 47.250000 1.009766 482.767236 0.000000 0.000000 0.000000 0.000000 1.009766 475.000000
 47.500000 1.009669 479.243344 0.000000 0.000000 0.000000 0.000000 1.009669 474.000000
 47.750000 1.009782 484.350529 0.000000 0.000000 0.000000 0.000000 1.009782 476.000000
 48.000000 1.009520 483.525971 0.000000 0.000000 0.000000 0.000000 1.009520 480.000000
 48.250000 1.008544 481.974836 0.000000 0.000000 0.000000 0.000000 1.008544 478.000000
 48.500000 1.006226 478.406068 0.000000 0.000000 0.000000 0.000000 1.006226 473.000000
 48.750000 1.009471 483.979930 0.000000 0.000000 0.000000 0.000000 1.009471 473.000000
 49.000000 1.008700 479.098143 0.000000 0.000000 0.000000 0.000000 1.008700 470.000000
 49.250000 1.006727 473.960137 0.000000 0.000000 0.000000 0.000000 1.006727 465.000000
 49.500000 1.004941 467.227032 0.000000 0.000000 0.000000 0.000000 1.004941 466.000000
 49.750000 1.007601 476.769333 0.000000 0.000000 0.000000 0.000000 1.007601 468.000000
 50.000000 1.008426 479.154936 0.000000 0.000000 0.000000 0.000000 1.008426 471.000000
 50.250000 1.011854 482.842854 0.000000 0.000000 0.000000 0.000000 1.011854 474.000000
 50.500000 1.008948 481.101818 0.000000 0.000000 0.000000 0.000000 1.008948 475.000000
 50.750000 1.004700 467.763312 0.000000 0.000000 0.000000 0.000000 1.004700 466.000000
 51.000000 1.007936 479.731405 0.000000 0.000000 0.000000 0.000000 1.007936 476.000000
 51.250000 1.013312 483.557764 0.000000 0.000000 0.000000 0.000000 1.013312 469.000000
 51.500000 1.011886 485.796000 0.000000 0.000000 0.000000 0.000000 1.011886 474.000000
 51.750000 1.008240 479.314901 0.000000 0.000000 0.000000 0.000000 1.008240 473.000000
 52.000000 1.006013 472.043479 0.000000 0.000000 0.000000 0.000000 1.006013 465.000000
 52.250000 1.007146 470.618215 0.000000 0.000000 0.000000 0.000000 1.007146 458.000000
 52.500000 1.010220 474.048961 0.000000 0.000000 0.000000 0.000000 1.010220 461.000000
 52.750000 1.013058 479.422578 0.000000 0.000000 0.000000 0.000000 1.013058 470.000000
 53.000000 1.005013 465.458878 0.000000 0.000000 0.000000 0.000000 1.005013 461.000000
 53.250000 1.004340 465.813973 0.000000 0.000000 0.000000 0.000000 1.004340 455.000000
 53.500000 1.004049 463.603749 0.000000 0.000000 0.000000 0.000000 1.004049 461.000000
 53.750000 1.007907 473.915902 0.000000 0.000000 0.000000 0.000000 1.007907 463.000000
 54.000000 1.013032 481.950346 0.000000 0.000000 0.000000 0.000000 1.013032 473.000000
 54.250000 1.006093 473.681561 0.000000 0.000000 0.000000 0.000000 1.006093 464.000000
 54.500000 1.005775 472.092090 0.000000 0.000000 0.000000 0.000000 1.005775 466.000000
 54.750000 1.009039 478.137200 0.000000 0.000000 0.000000 0.000000 1.009039 477.000000
 55.000000 1.010357 479.119542 0.000000 0.000000 0.000000 0.000000 1.010357 469.000000
 55.250000 1.006523 480.669074 0.000000 0.000000 0.000000 0.000000 1.006523 477.000000
 55.500000 1.011585 488.206579 4.868989 19.475957 0.000000 0.000000 1.011585 481.000000
 55.750000 1.014647 488.438926 5.948359 23.793435 0.000000 0.000000 1.014647 472.000000
 56.000000 1.008233 476.217178 0.000000 0.000000 0.000000 0.000000 1.008233 466.000000
 56.250000 1.015020 487.526496 2.330191 9.320762 0.000000 0.000000 1.015020 473.000000
 56.500000 1.012982 486.708291 0.501675 2.006702 0.000000 0.000000 1.012982 468.000000
 56.750000 1.011846 485.731399 0.000000 0.000000 0.000000 0.000000 1.011846 478.000000
 57.000000 1.009546 482.615460 0.000000 0.000000 0.000000 0.000000 1.009546 474.000000
 57.250000 1.010831 481.853464 0.000000 0.000000 0.000000 0.000000 1.010831 473.000000
 57.500000 1.010811 480.418515 0.000000 0.000000 0.000000 0.000000 1.010811 467.000000
 57.750000 1.010514 483.968855 0.000000 0.000000 0.000000 0.000000 1.010514 478.000000
 58.000000 1.008865 481.370595 0.000000 0.000000 0.000000 0.000000 1.008865 480.000000
 58.250000 1.009733 481.643217 0.000000 0.000000 0.000000 0.000000 1.009733 478.000000
 58.500000 1.011646 478.934145 0.000000 0.000000 0.000000 0.000000 1.011646 465.000000
 58.750000 1.010069 482.698568 0.000000 0.000000 0.000000 0.000000 1.010069 478.000000
 59.000000 1.007748 477.782964 0.000000 0.000000 0.000000 0.000000 1.007748 471.000000
 59.250000 1.012840 482.761020 0.000000 0.000000 0.000000 0.000000 1.012840 474.000000
 59.500000 1.012133 480.034665 0.000000 0.000000 0.000000 0.000000 1.012133 472.000000
 59.750000 1.011165 483.277417 0.000000 0.000000 0.000000 0.000000 1.011165 474.000000
 60.000000 1.010779 476.683738 0.000000 0.000000 0.000000 0.000000 1.010779 469.000000
 60.250000 1.009594 475.490088 0.000000 0.000000 0.000000 0.000000 1.009594 467.000000
 60.500000 1.005651 470.790182 0.000000 0.000000 0.000000 0.000000 1.005651 466.000000
 60.750000 1.005499 468.322313 0.000000 0.000000 0.000000 0.000000 1.005499 464.000000
 61.000000 1.007791 474.935709 0.000000 0.000000 0.000000 0.000000 1.007791 466.000000
 61.250000 1.009654 479.132141 0.000000 0.000000 0.000000 0.000000 1.009654 471.000000
 61.500000 1.007057 477.086422 0.000000 0.000000 0.000000 0.000000 1.007057 475.000000
 61.750000 1.008105 477.586947 0.000000 0.000000 0.000000 0.000000 1.008105 470.000000
 62.000000 1.007181 466.098680 0.000000 0.000000 0.000000 0.000000 1.007181 455.000000
 62.250000 1.004864 471.968544 0.000000 0.000000 0.000000 0.000000 1.004864 466.000000
 62.500000 1.002001 463.073937 0.000000 0.000000 0.000000 0.000000 1.002001 462.000000
 62.750000 1.005443 467.025504 0.000000 0.000000 0.000000 0.000000 1.005443 463.000000
 63.000000 1.006055 472.621420 0.000000 0.000000 0.000000 0.000000 1.006055 467.000000
 63.250000 1.002378 460.640372 0.000000 0.000000 0.000000 0.000000 1.002378 456.000000
 63.500000 1.005693 471.212645 0.000000 0.000000 0.000000 0.000000 1.005693 465.000000
 63.750000 1.008411 466.567970 0.000000 0.000000 0.000000 0.000000 1.008411 455.000000
 64.000000 1.007135 476.624275 0.000000 0.000000 0.000000 0.000000 1.007135 470.000000
 64.250000 1.008056 470.239401 0.000000 0.000000 0.000000 0.000000 1.008056 459.000000
 64.500000 1.008655 470.676988 0.000000 0.000000 0.000000 0.000000 1.008655 462.000000
 64.750000 1.011291 472.859817 0.000000 0.000000 0.000000 0.000000 1.011291 459.000000
 65.000000 1.010617 472.574311 0.000000 0.000000 0.000000 0.000000 1.010617 457.000000
 65.250000 1.009538 468.127650 0.000000 0.000000 0.000000 0.000000 1.009538 451.000000
 65.500000 1.008814 470.126566 0.000000 0.000000 0.000000 0.000000 1.008814 455.000000
 65.750000 1.008493 469.955286 0.000000 0.000000 0.000000 0.000000 1.008493 457.000000
 66.000000 1.009048 471.604758 0.000000 0.000000 0.000000 0.000000 1.009048 461.000000
 66.250000 1.006924 472.128291 0.000000 0.000000 0.000000 0.000000 1.006924 464.000000
 66.500000 1.013238 482.575170 0.000000 0.000000 0.000000 0.000000 1.013238 473.000000
 66.750000 1.010963 476.782093 0.000000 0.000000 0.000000 0.000000 1.010963 463.000000
 67.000000 1.006438 475.989162 0.000000 0.000000 0.000000 0.000000 1.006438 473.000000
 67.250000 1.009684 476.381470 0.000000 0.000000 0.000000 0.000000 1.009684 470.000000
 67.500000 1.009211 478.038955 0.000000 0.000000 0.000000 0.000000 1.009211 466.000000
 67.750000 1.008154 476.303501 0.000000 0.000000 0.000000 0.000000 1.008154 465.000000
 68.000000 1.004541 474.301897 0.000000 0.000000 0.000000 0.000000 1.004541 470.000000
 68.250000 1.009645 476.074091 0.000000 0.000000 0.000000 0.000000 1.009645 461.000000
 68.500000 1.010105 479.283504 0.000000 0.000000 0.000000 0.000000 1.010105 475.000000
 68.750000 1.003202 464.212344 0.000000 0.000000 0.000000 0.000000 1.003202 462.000000
 69.000000 1.007580 473.496594 0.000000 0.000000 0.000000 0.000000 1.007580 466.000000
 69.250000 1.013582 484.247353 0.000000 0.000000 0.000000 0.000000 1.013582 466.000000
 69.500000 1.012004 486.332562 0.110597 0.442389 0.000000 0.000000 1.012004 475.000000
 69.750000 1.009576 477.921221 0.000000 0.000000 0.000000 0.000000 1.009576 471.000000
 70.000000 1.011697 484.218766 0.000000 0.000000 0.000000 0.000000 1.011697 474.000000
 70.250000 1.007843 476.012503 0.000000 0.000000 0.000000 0.000000 1.007843 466.000000
 70.500000 1.007044 476.086734 0.000000 0.000000 0.000000 0.000000 1.007044 469.000000
 70.750000 1.008898 480.643776 0.000000 0.000000 0.000000 0.000000 1.008898 471.000000
 71.000000 1.011137 484.591092 0.000000 0.000000 0.000000 0.000000 1.011137 477.000000
 71.250000 1.009811 478.412571 0.000000 0.000000 0.000000 0.000000 1.009811 472.000000
 71.500000 1.011875 484.489359 0.000000 0.000000 0.000000 0.000000 1.011875 476.000000
 71.750000 1.009102 478.233486 0.000000 0.000000 0.000000 0.000000 1.009102 474.000000
 72.000000 1.006517 467.460339 0.000000 0.000000 0.000000 0.000000 1.006517 460.000000
 72.250000 1.011876 477.971291 0.000000 0.000000 0.000000 0.000000 1.011876 467.000000
 72.500000 1.004092 469.167024 0.000000 0.000000 0.000000 0.000000 1.004092 460.000000
 72.750000 1.008710 476.494707 0.000000 0.000000 0.000000 0.000000 1.008710 471.000000
 73.000000 1.006309 476.156225 0.000000 0.000000 0.000000 0.000000 1.006309 471.000000
 73.250000 1.011491 482.821074 0.000000 0.000000 0.000000 0.000000 1.011491 474.000000
 73.500000 1.006679 476.113316 0.000000 0.000000 0.000000 0.000000 1.006679 469.000000
 73.750000 1.010781 479.433473 0.000000 0.000000 0.000000 0.000000 1.010781 469.000000
 74.000000 1.008665 477.701022 0.000000 0.000000 0.000000 0.000000 1.008665 463.000000
 74.250000 1.009901 482.958640 0.000000 0.000000 0.000000 0.000000 1.009901 476.000000
 74.500000 1.005794 470.505184 0.000000 0.000000 0.000000 0.000000 1.005794 464.000000
 74.750000 1.006151 474.748626 0.000000 0.000000 0.000000 0.000000 1.006151 466.000000
 75.000000 1.010033 478.561095 0.000000 0.000000 0.000000 0.000000 1.010033 471.000000
 75.250000 1.010820 478.370267 0.000000 0.000000 0.000000 0.000000 1.010820 467.000000
 75.500000 1.009678 472.829187 0.000000 0.000000 0.000000 0.000000 1.009678 462.000000
 75.750000 1.004760 471.930551 0.000000 0.000000 0.000000 0.000000 1.004760 467.000000
 76.000000 1.005246 472.322198 0.000000 0.000000 0.000000 0.000000 1.005246 467.000000
 76.250000 1.009962 475.038418 0.000000 0.000000 0.000000 0.000000 1.009962 468.000000
 76.500000 1.006451 475.652021 0.000000 0.000000 0.000000 0.000000 1.006451 467.000000
 76.750000 1.005043 479.600420 0.000000 0.000000 0.000000 0.000000 1.005043 481.000000
 77.000000 1.008091 477.686668 0.000000 0.000000 0.000000 0.000000 1.008091 476.000000
 77.250000 1.008165 475.223394 0.000000 0.000000 0.000000 0.000000 1.008165 470.000000
 77.500000 1.009242 483.236107 0.000000 0.000000 0.000000 0.000000 1.009242 474.000000
 77.750000 1.008435 473.373338 0.000000 0.000000 0.000000 0.000000 1.008435 461.000000
 78.000000 1.013012 482.809775 0.000000 0.000000 0.000000 0.000000 1.013012 474.000000
 78.250000 1.012121 482.724012 0.000000 0.000000 0.000000 0.000000 1.012121 474.000000
 78.500000 1.007615 482.946433 0.000000 0.000000 0.000000 0.000000 1.007615 476.000000
 78.750000 1.010571 486.686076 0.470700 1.882800 0.000000 0.000000 1.010571 481.000000
 79.000000 1.012372 487.087368 1.182369 4.729475 0.000000 0.000000 1.012372 482.000000
 79.250000 1.007664 485.396831 0.000000 0.000000 0.000000 0.000000 1.007664 483.000000
 79.500000 1.007887 478.600511 0.000000 0.000000 0.000000 0.000000 1.007887 472.000000
 79.750000 1.012137 486.965879 0.932922 3.731686 0.000000 0.000000 1.012137 475.000000
 80.000000 1.008234 482.213149 0.000000 0.000000 0.000000 0.000000 1.008234 475.000000
 80.250000 1.007456 477.456773 0.000000 0.000000 0.000000 0.000000 1.007456 469.000000
 80.500000 1.009995 481.964939 0.000000 0.000000 0.000000 0.000000 1.009995 474.000000
 80.750000 1.006767 477.187318 0.000000 0.000000 0.000000 0.000000 1.006767 465.000000
 81.000000 1.008502 481.303658 0.000000 0.000000 0.000000 0.000000 1.008502 477.000000
 81.250000 1.011896 481.526680 0.000000 0.000000 0.000000 0.000000 1.011896 471.000000
 81.500000 1.008892 477.849608 0.000000 0.000000 0.000000 0.000000 1.008892 472.000000
 81.750000 1.005628 472.948884 0.000000 0.000000 0.000000 0.000000 1.005628 464.000000
 82.000000 1.004570 475.454776 0.000000 0.000000 0.000000 0.000000 1.004570 473.000000
 82.250000 1.007657 483.121010 0.000000 0.000000 0.000000 0.000000 1.007657 475.000000
 82.500000 1.005096 473.277004 0.000000 0.000000 0.000000 0.000000 1.005096 469.000000
 82.750000 1.008837 479.219212 0.000000 0.000000 0.000000 0.000000 1.008837 465.000000
 83.000000 1.007815 476.238701 0.000000 0.000000 0.000000 0.000000 1.007815 467.000000
 83.250000 1.010288 482.121028 0.000000 0.000000 0.000000 0.000000 1.010288 472.000000
 83.500000 1.012529 483.946159 0.000000 0.000000 0.000000 0.000000 1.012529 479.000000
 83.750000 1.010092 475.157638 0.000000 0.000000 0.000000 0.000000 1.010092 473.000000
 84.000000 1.012159 487.497173 2.241526 8.966104 0.000000 0.000000 1.012159 483.000000
 84.250000 1.009222 476.827795 0.000000 0.000000 0.000000 0.000000 1.009222 468.000000
 84.500000 1.015377 486.058003 0.003364 0.013458 0.000000 0.000000 1.015377 471.000000
 84.750000 1.013713 487.104231 1.219325 4.877301 0.000000 0.000000 1.013713 476.000000
 85.000000 1.009937 477.782317 0.000000 0.000000 0.000000 0.000000 1.009937 475.000000
 85.250000 1.012161 483.406059 0.000000 0.000000 0.000000 0.000000 1.012161 477.000000
 85.500000 1.014283 482.466082 0.000000 0.000000 0.000000 0.000000 1.014283 468.000000
 85.750000 1.015085 486.630457 0.397476 1.589903 0.000000 0.000000 1.015085 476.000000
 86.000000 1.012368 480.989810 0.000000 0.000000 0.000000 0.000000 1.012368 471.000000
 86.250000 1.015240 485.027633 0.000000 0.000000 0.000000 0.000000 1.015240 476.000000
 86.500000 1.014275 484.745069 0.000000 0.000000 0.000000 0.000000 1.014275 465.000000
 86.750000 1.011296 476.567229 0.000000 0.000000 0.000000 0.000000 1.011296 461.000000
 87.000000 1.012465 481.962303 0.000000 0.000000 0.000000 0.000000 1.012465 464.000000
 87.250000 1.010460 471.312269 0.000000 0.000000 0.000000 0.000000 1.010460 461.000000
 87.500000 1.010661 478.068369 0.000000 0.000000 0.000000 0.000000 1.010661 472.000000
 87.750000 1.008134 476.050808 0.000000 0.000000 0.000000 0.000000 1.008134 467.000000
 88.000000 1.011442 480.569856 0.000000 0.000000 0.000000 0.000000 1.011442 469.000000
 88.250000 1.015007 484.596308 0.000000 0.000000 0.000000 0.000000 1.015007 471.000000
 88.500000 1.011281 479.690476 0.000000 0.000000 0.000000 0.000000 1.011281 468.000000
 88.750000 1.012385 483.300890 0.000000 0.000000 0.000000 0.000000 1.012385 469.000000
 89.000000 1.011418 482.896559 0.000000 0.000000 0.000000 0.000000 1.011418 465.000000
 89.250000 1.014520 485.676393 0.000000 0.000000 0.000000 0.000000 1.014520 475.000000
 89.500000 1.013002 483.772707 0.000000 0.000000 0.000000 0.000000 1.013002 472.000000
 89.750000 1.008267 479.249762 0.000000 0.000000 0.000000 0.000000 1.008267 474.000000
 90.000000 1.010866 482.602670 0.000000 0.000000 0.000000 0.000000 1.010866 473.000000
 90.250000 1.011525 478.151122 0.000000 0.000000 0.000000 0.000000 1.011525 465.000000
 90.500000 1.012074 483.938903 0.000000 0.000000 0.000000 0.000000 1.012074 477.000000
 90.750000 1.012497 486.624742 0.390303 1.561210 0.000000 0.000000 1.012497 480.000000
 91.000000 1.012353 485.785805 0.000000 0.000000 0.000000 0.000000 1.012353 476.000000
 91.250000 1.009546 477.714175 0.000000 0.000000 0.000000 0.000000 1.009546 476.000000
 91.500000 1.012362 483.432729 0.000000 0.000000 0.000000 0.000000 1.012362 478.000000
 91.750000 1.010445 482.838579 0.000000 0.000000 0.000000 0.000000 1.010445 479.000000
 92.000000 1.011329 482.925261 0.000000 0.000000 0.000000 0.000000 1.011329 473.000000
 92.250000 1.009585 481.459673 0.000000 0.000000 0.000000 0.000000 1.009585 475.000000
 92.500000 1.010082 484.801881 0.000000 0.000000 0.000000 0.000000 1.010082 478.000000
 92.750000 1.010722 484.216373 0.000000 0.000000 0.000000 0.000000 1.010722 477.000000
 93.000000 1.008489 484.414980 0.000000 0.000000 0.000000 0.000000 1.008489 478.000000
 93.250000 1.010776 483.912307 0.000000 0.000000 0.000000 0.000000 1.010776 481.000000
 93.500000 1.010682 485.094106 0.000000 0.000000 0.000000 0.000000 1.010682 477.000000
 93.750000 1.012444 487.476659 2.180522 8.722086 0.000000 0.000000 1.012444 481.000000
 94.000000 1.010148 481.540224 0.000000 0.000000 0.000000 0.000000 1.010148 474.000000
 94.250000 1.007124 475.255273 0.000000 0.000000 0.000000 0.000000 1.007124 469.000000
 94.500000 1.011660 488.043659 4.176541 16.706163 0.000000 0.000000 1.011660 480.000000
 94.750000 1.007966 481.785649 0.000000 0.000000 0.000000 0.000000 1.007966 482.000000
 95.000000 1.006440 477.713409 0.000000 0.000000 0.000000 0.000000 1.006440 470.000000
 95.250000 1.009573 485.008950 0.000000 0.000000 0.000000 0.000000 1.009573 479.000000
 95.500000 1.008942 479.601208 0.000000 0.000000 0.000000 0.000000 1.008942 477.000000
 95.750000 1.007887 485.084110 0.000000 0.000000 0.000000 0.000000 1.007887 487.000000
 96.000000 1.007490 484.644980 0.000000 0.000000 0.000000 0.000000 1.007490 485.000000
 96.250000 1.011673 486.507343 0.257397 1.029587 0.000000 0.000000 1.011673 488.000000
 96.500000 1.009834 485.832664 0.000000 0.000000 0.000000 0.000000 1.009834 479.000000
 96.750000 1.010217 483.518245 0.000000 0.000000 0.000000 0.000000 1.010217 479.000000
 97.000000 1.011879 484.914605 0.000000 0.000000 0.000000 0.000000 1.011879 475.000000
 97.250000 1.013104 484.002800 0.000000 0.000000 0.000000 0.000000 1.013104 476.000000
 97.500000 1.013063 487.598767 2.556057 10.224229 0.000000 0.000000 1.013063 478.000000
 97.750000 1.011501 483.981491 0.000000 0.000000 0.000000 0.000000 1.011501 475.000000
 98.000000 1.011502 486.305323 0.093222 0.372888 0.000000 0.000000 1.011502 486.000000
 98.250000 1.010549 485.683012 0.000000 0.000000 0.000000 0.000000 1.010549 481.000000
 98.500000 1.008830 480.103894 0.000000 0.000000 0.000000 0.000000 1.008830 470.000000
 98.750000 1.010157 481.930773 0.000000 0.000000 0.000000 0.000000 1.010157 473.000000
 99.000000 1.013240 485.585926 0.000000 0.000000 0.000000 0.000000 1.013240 478.000000
 99.250000 1.009256 481.638139 0.000000 0.000000 0.000000 0.000000 1.009256 480.000000
 99.500000 1.009265 479.848747 0.000000 0.000000 0.000000 0.000000 1.009265 476.000000
 99.750000 1.014065 486.504902 0.254926 1.019703 0.000000 0.000000 1.014065 480.000000
 100.000000 1.014762 486.442406 0.195723 0.782893 0.000000 0.000000 1.014762 481.000000
 100.250000 1.011691 482.834755 0.000000 0.000000 0.000000 0.000000 1.011691 477.000000
