#! FIELDS time refcv.mean refcv.morethan uwall.bias uwall.force2 lwall.bias lwall.force2 refcv2.mean refcv2.morethan
 0.500000 0.739334 275.690799 0.000000 0.000000 0.000000 0.000000 0.739334 283.000000
 0.750000 0.749401 281.277152 0.000000 0.000000 0.000000 0.000000 0.749401 284.000000
 1.000000 0.745219 277.663141 0.000000 0.000000 0.000000 0.000000 0.745219 287.000000
 1.250000 0.739965 278.951092 0.000000 0.000000 0.000000 0.000000 0.739965 285.000000
 1.500000 0.739053 281.256437 0.000000 0.000000 0.000000 0.000000 0.739053 287.000000
 1.750000 0.732085 272.925927 0.000000 0.000000 0.000000 0.000000 0.732085 285.000000
 2.000000 0.730793 276.262019 0.000000 0.000000 0.000000 0.000000 0.730793 285.000000
 2.250000 0.730159 273.712157 0.000000 0.000000 0.000000 0.000000 0.730159 283.000000
 2.500000 0.731498 273.320943 0.000000 0.000000 0.000000 0.000000 0.731498 283.000000
 2.750000 0.731766 270.276254 0.000000 0.000000 0.000000 0.000000 0.731766 280.000000
 3.000000 0.728940 266.254904 0.000000 0.000000 0.000000 0.000000 0.728940 280.000000
 3.250000 0.731363 270.844032 0.000000 0.000000 0.000000 0.000000 0.731363 282.000000
 3.500000 0.726552 266.020494 0.000000 0.000000 0.000000 0.000000 0.726552 278.000000
 3.750000 0.731339 265.784949 0.000000 0.000000 0.000000 0.000000 0.731339 278.000000
 4.000000 0.732377 271.134952 0.000000 0.000000 0.000000 0.000000 0.732377 284.000000
 4.250000 0.729337 268.103328 0.000000 0.000000 0.000000 0.000000 0.729337 284.000000
 4.500000 0.722919 261.440701 0.000000 0.000000 0.000000 0.000000 0.722919 280.000000
 4.750000 0.733196 268.748297 0.000000 0.000000 0.000000 0.000000 0.733196 279.000000
 5.000000 0.736806 272.277909 0.000000 0.000000 0.000000 0.000000 0.736806 286.000000
 5.250000 0.734055 268.021242 0.000000 0.000000 0.000000 0.000000 0.734055 280.000000
 5.500000 0.729958 269.189739 0.000000 0.000000 0.000000 0.000000 0.729958 280.000000
 5.750000 0.731731 269.432770 0.000000 0.000000 0.000000 0.000000 0.731731 285.000000
 6.000000 0.731761 263.871052 0.000000 0.000000 0.000000 0.000000 0.731761 279.000000
 6.250000 0.731554 271.497234 0.000000 0.000000 0.000000 0.000000 0.731554 283.000000
 6.500000 0.735775 271.174905 0.000000 0.000000 0.000000 0.000000 0.735775 282.000000
 6.750000 0.729056 264.970301 0.000000 0.000000 0.000000 0.000000 0.729056 280.004468
 7.000000 0.729801 264.850047 0.000000 0.000000 0.000000 0.000000 0.729801 278.000000
 7.250000 0.740279 274.107090 0.000000 0.000000 0.000000 0.000000 0.740279 282.000000
 7.500000 0.730625 266.520157 0.000000 0.000000 0.000000 0.000000 0.730625 278.000000
 7.750000 0.738290 273.347674 0.000000 0.000000 0.000000 0.000000 0.738290 282.000000
 8.000000 0.737970 272.484082 0.000000 0.000000 0.000000 0.000000 0.737970 281.000000
 8.250000 0.734818 267.392818 0.000000 0.000000 0.000000 0.000000 0.734818 275.000000
 8.500000 0.744134 276.875063 0.000000 0.000000 0.000000 0.000000 0.744134 284.000000
 8.750000 0.736782 273.059023 0.000000 0.000000 0.000000 0.000000 0.736782 281.000000
 9.000000 0.741731 274.954580 0.000000 0.000000 0.000000 0.000000 0.741731 285.000000
 9.250000 0.742175 275.817199 0.000000 0.000000 0.000000 0.000000 0.742175 290.000000
 9.500000 0.748014 278.760801 0.000000 0.000000 0.000000 0.000000 0.748014 285.000000
 9.750000 0.750801 280.706480 0.000000 0.000000 0.000000 0.000000 0.750801 284.000000
 10.000000 0.746702 280.970051 0.000000 0.000000 0.000000 0.000000 0.746702 289.000000
 10.250000 0.743721 279.448524 0.000000 0.000000 0.000000 0.000000 0.743721 286.000000
 10.500000 0.745620 276.633324 0.000000 0.000000 0.000000 0.000000 0.745620 281.000000
 10.750000 0.749936 282.057176 0.000000 0.000000 0.000000 0.000000 0.749936 289.000000
 11.000000 0.748511 277.963048 0.000000 0.000000 0.000000 0.000000 0.748511 282.000000
 11.250000 0.749605 281.479490 0.000000 0.000000 0.000000 0.000000 0.749605 288.000000
 11.500000 0.745575 278.887032 0.000000 0.000000 0.000000 0.000000 0.745575 285.000000
 11.750000 0.744117 276.936847 0.000000 0.000000 0.000000 0.000000 0.744117 289.000000
 12.000000 0.746190 276.410071 0.000000 0.000000 0.000000 0.000000 0.746190 284.000000
 12.250000 0.746993 277.345477 0.000000 0.000000 0.000000 0.000000 0.746993 288.000000
 12.500000 0.744137 274.264727 0.000000 0.000000 0.000000 0.000000 0.744137 285.000000
 12.750000 0.745306 279.569519 0.000000 0.000000 0.000000 0.000000 0.745306 284.000000
 13.000000 0.744042 277.927578 0.000000 0.000000 0.000000 0.000000 0.744042 287.000000
 13.250000 0.735491 270.283711 0.000000 0.000000 0.000000 0.000000 0.735491 283.000000
 13.500000 0.740097 275.361707 0.000000 0.000000 0.000000 0.000000 0.740097 283.000000
 13.750000 0.736393 271.703121 0.000000 0.000000 0.000000 0.000000 0.736393 284.000000
 14.000000 0.741738 278.793506 0.000000 0.000000 0.000000 0.000000 0.741738 290.000000
 14.250000 0.738104 274.631009 0.000000 0.000000 0.000000 0.000000 0.738104 288.000000
 14.500000 0.737981 276.859346 0.000000 0.000000 0.000000 0.000000 0.737981 286.000000
 14.750000 0.735429 274.370569 0.000000 0.000000 0.000000 0.000000 0.735429 288.000000
 15.000000 0.735886 276.212683 0.000000 0.000000 0.000000 0.000000 0.735886 287.000000
 15.250000 0.734798 276.217254 0.000000 0.000000 0.000000 0.000000 0.734798 285.000000
 15.500000 0.737841 279.198879 0.000000 0.000000 0.000000 0.000000 0.737841 294.000000
 15.750000 0.737622 275.619462 0.000000 0.000000 0.000000 0.000000 0.737622 287.000000
 16.000000 0.744145 282.293849 0.000000 0.000000 0.000000 0.000000 0.744145 293.000000
 16.250000 0.743282 279.073866 0.000000 0.000000 0.000000 0.000000 0.743282 287.000000
 16.500000 0.745699 281.207584 0.000000 0.000000 0.000000 0.000000 0.745699 290.000000
 16.750000 0.742236 281.397592 0.000000 0.000000 0.000000 0.000000 0.742236 289.000000
 17.000000 0.738298 277.260805 0.000000 0.000000 0.000000 0.000000 0.738298 288.000000
 17.250000 0.731944 274.164059 0.000000 0.000000 0.000000 0.000000 0.731944 289.000000
 17.500000 0.736427 276.585902 0.000000 0.000000 0.000000 0.000000 0.736427 288.000000
 17.750000 0.738127 276.452517 0.000000 0.000000 0.000000 0.000000 0.738127 288.000000
 18.000000 0.741213 274.534088 0.000000 0.000000 0.000000 0.000000 0.741213 285.000000
 18.250000 0.736918 273.451520 0.000000 0.000000 0.000000 0.000000 0.736918 285.000000
 18.500000 0.735575 273.055955 0.000000 0.000000 0.000000 0.000000 0.735575 283.000000
 18.750000 0.738635 274.709924 0.000000 0.000000 0.000000 0.000000 0.738635 281.000000
 19.000000 0.747076 281.912617 0.000000 0.000000 0.000000 0.000000 0.747076 289.000000
 19.250000 0.744539 279.752069 0.000000 0.000000 0.000000 0.000000 0.744539 288.000000
 19.500000 0.742223 280.578882 0.000000 0.000000 0.000000 0.000000 0.742223 292.000000
 19.750000 0.741843 280.241354 0.000000 0.000000 0.000000 0.000000 0.741843 293.000000
 20.000000 0.743918 283.859092 0.000000 0.000000 0.000000 0.000000 0.743918 292.000000
 20.250000 0.735521 279.848743 0.000000 0.000000 0.000000 0.000000 0.735521 294.000000
 20.500000 0.735162 278.133501 0.000000 0.000000 0.000000 0.000000 0.735162 291.000000
 20.750000 0.734704 278.250453 0.000000 0.000000 0.000000 0.000000 0.734704 287.000000
 21.000000 0.740008 279.936787 0.000000 0.000000 0.000000 0.000000 0.740008 289.000000
 21.250000 0.740407 274.313804 0.000000 0.000000 0.000000 0.000000 0.740407 283.000000
 21.500000 0.736913 272.907099 0.000000 0.000000 0.000000 0.000000 0.736913 287.000000
 21.750000 0.737772 277.280073 0.000000 0.000000 0.000000 0.000000 0.737772 293.000000
 22.000000 0.736292 276.615752 0.000000 0.000000 0.000000 0.000000 0.736292 291.000000
 22.250000 0.733189 275.093896 0.000000 0.000000 0.000000 0.000000 0.733189 286.000000
 22.500000 0.734016 273.239660 0.000000 0.000000 0.000000 0.000000 0.734016 288.000000
 22.750000 0.734783 276.526123 0.000000 0.000000 0.000000 0.000000 0.734783 290.000000
 23.000000 0.735156 276.394534 0.000000 0.000000 0.000000 0.000000 0.735156 292.000000
 23.250000 0.732559 274.078263 0.000000 0.000000 0.000000 0.000000 0.732559 287.000000
 23.500000 0.736523 275.430012 0.000000 0.000000 0.000000 0.000000 0.736523 288.000000
 23.750000 0.729084 269.124825 0.000000 0.000000 0.000000 0.000000 0.729084 279.000000
 24.000000 0.729831 270.570811 0.000000 0.000000 0.000000 0.000000 0.729831 283.000000
 24.250000 0.728024 269.256730 0.000000 0.000000 0.000000 0.000000 0.728024 280.003449
 24.500000 0.727190 268.932663 0.000000 0.000000 0.000000 0.000000 0.727190 283.000000
 24.750000 0.730125 268.686307 0.000000 0.000000 0.000000 0.000000 0.730125 279.000000
 25.000000 0.728866 268.713752 0.000000 0.000000 0.000000 0.000000 0.728866 282.000000
 25.250000 0.727594 273.351122 0.000000 0.000000 0.000000 0.000000 0.727594 290.000000
 25.500000 0.732892 277.801950 0.000000 0.000000 0.000000 0.000000 0.732892 285.000000
 25.750000 0.734116 275.369508 0.000000 0.000000 0.000000 0.000000 0.734116 286.000000
 26.000000 0.732297 275.055691 0.000000 0.000000 0.000000 0.000000 0.732297 283.000000
 26.250000 0.736615 275.818110 0.000000 0.000000 0.000000 0.000000 0.736615 284.000000
 26.500000 0.739491 279.737491 0.000000 0.000000 0.000000 0.000000 0.739491 288.000000
 26.750000 0.732963 272.157306 0.000000 0.000000 0.000000 0.000000 0.732963 283.000000
 27.000000 0.732294 275.207045 0.000000 0.000000 0.000000 0.000000 0.732294 288.000000
 27.250000 0.735668 276.871674 0.000000 0.000000 0.000000 0.000000 0.735668 288.000000
 27.500000 0.740806 276.432926 0.000000 0.000000 0.000000 0.000000 0.740806 286.000000
 27.750000 0.740213 276.857197 0.000000 0.000000 0.000000 0.000000 0.740213 285.000000
 28.000000 0.738570 278.466546 0.000000 0.000000 0.000000 0.000000 0.738570 284.000000
 28.250000 0.736529 279.468647 0.000000 0.000000 0.000000 0.000000 0.736529 289.000000
 28.500000 0.732671 273.077831 0.000000 0.000000 0.000000 0.000000 0.732671 283.000000
 28.750000 0.732219 272.000655 0.000000 0.000000 0.000000 0.000000 0.732219 279.000000
 29.000000 0.736160 274.430168 0.000000 0.000000 0.000000 0.000000 0.736160 284.000000
 29.250000 0.733680 275.386966 0.000000 0.000000 0.000000 0.000000 0.733680 283.000000
 29.500000 0.734840 273.359135 0.000000 0.000000 0.000000 0.000000 0.734840 286.000000
 29.750000 0.732430 270.314138 0.000000 0.000000 0.000000 0.000000 0.732430 284.000000
 30.000000 0.726787 265.718829 0.000000 0.000000 0.000000 0.000000 0.726787 280.000000
 30.250000 0.736341 274.170603 0.000000 0.000000 0.000000 0.000000 0.736341 283.000000
 30.500000 0.727361 265.688926 0.000000 0.000000 0.000000 0.000000 0.727361 283.000000
 30.750000 0.728867 264.342757 0.000000 0.000000 0.000000 0.000000 0.728867 276.000000
 31.000000 0.733191 270.394194 0.000000 0.000000 0.000000 0.000000 0.733191 282.000000
 31.250000 0.732545 269.985213 0.000000 0.000000 0.000000 0.000000 0.732545 281.000000
 31.500000 0.738520 277.762896 0.000000 0.000000 0.000000 0.000000 0.738520 285.000000
 31.750000 0.735858 271.853657 0.000000 0.000000 0.000000 0.000000 0.735858 283.000000
 32.000000 0.735529 272.182149 0.000000 0.000000 0.000000 0.000000 0.735529 282.000000
 32.250000 0.742937 277.136250 0.000000 0.000000 0.000000 0.000000 0.742937 284.000000
 32.500000 0.746483 280.740585 0.000000 0.000000 0.000000 0.000000 0.746483 289.000000
 32.750000 0.736943 272.367677 0.000000 0.000000 0.000000 0.000000 0.736943 282.000000
 33.000000 0.739309 271.831746 0.000000 0.000000 0.000000 0.000000 0.739309 280.000000
 33.250000 0.738082 272.565412 0.000000 0.000000 0.000000 0.000000 0.738082 280.000000
 33.500000 0.739043 271.828820 0.000000 0.000000 0.000000 0.000000 0.739043 281.000000
 33.750000 0.727914 263.686864 0.000000 0.000000 0.000000 0.000000 0.727914 274.000000
 34.000000 0.728946 264.450473 0.000000 0.000000 0.000000 0.000000 0.728946 278.000000
 34.250000 0.730049 269.116451 0.000000 0.000000 0.000000 0.000000 0.730049 282.000000
 34.500000 0.734073 269.004856 0.000000 0.000000 0.000000 0.000000 0.734073 279.000000
 34.750000 0.734514 269.176832 0.000000 0.000000 0.000000 0.000000 0.734514 284.000000
 35.000000 0.730507 266.066634 0.000000 0.000000 0.000000 0.000000 0.730507 278.000000
 35.250000 0.736912 268.911932 0.000000 0.000000 0.000000 0.000000 0.736912 276.000000
 35.500000 0.746460 277.191767 0.000000 0.000000 0.000000 0.000000 0.746460 285.000000
 35.750000 0.735840 265.951914 0.000000 0.000000 0.000000 0.000000 0.735840 274.000000
 36.000000 0.738601 272.947253 0.000000 0.000000 0.000000 0.000000 0.738601 279.000000
 36.250000 0.740529 274.231785 0.000000 0.000000 0.000000 0.000000 0.740529 284.000000
 36.500000 0.741036 272.101952 0.000000 0.000000 0.000000 0.000000 0.741036 279.000000
 36.750000 0.740645 271.607489 0.000000 0.000000 0.000000 0.000000 0.740645 279.000000
 37.000000 0.746159 281.052609 0.000000 0.000000 0.000000 0.000000 0.746159 286.000000
 37.250000 0.743008 276.921720 0.000000 0.000000 0.000000 0.000000 0.743008 281.000000
 37.500000 0.743983 280.740678 0.000000 0.000000 0.000000 0.000000 0.743983 288.000000
 37.750000 0.739148 274.537659 0.000000 0.000000 0.000000 0.000000 0.739148 283.000000
 38.000000 0.739070 274.362233 0.000000 0.000000 0.000000 0.000000 0.739070 285.000000
 38.250000 0.738439 272.262910 0.000000 0.000000 0.000000 0.000000 0.738439 281.000000
 38.500000 0.750427 282.117637 0.000000 0.000000 0.000000 0.000000 0.750427 286.000000
 38.750000 0.754276 284.681930 0.000000 0.000000 0.000000 0.000000 0.754276 287.000000
 39.000000 0.742673 277.791243 0.000000 0.000000 0.000000 0.000000 0.742673 285.000000
 39.250000 0.746351 279.897784 0.000000 0.000000 0.000000 0.000000 0.746351 286.000000
 39.500000 0.747721 278.042572 0.000000 0.000000 0.000000 0.000000 0.747721 283.000000
 39.750000 0.747393 275.974761 0.000000 0.000000 0.000000 0.000000 0.747393 282.000000
 40.000000 0.751769 280.641051 0.000000 0.000000 0.000000 0.000000 0.751769 283.000000
 40.250000 0.740945 271.773414 0.000000 0.000000 0.000000 0.000000 0.740945 284.000000
 40.500000 0.748080 279.389447 0.000000 0.000000 0.000000 0.000000 0.748080 285.964931
 40.750000 0.747245 277.809911 0.000000 0.000000 0.000000 0.000000 0.747245 285.000000
 41.000000 0.739258 271.328556 0.000000 0.000000 0.000000 0.000000 0.739258 283.000000
 41.250000 0.742483 278.720857 0.000000 0.000000 0.000000 0.000000 0.742483 288.000000
 41.500000 0.737947 271.834244 0.000000 0.000000 0.000000 0.000000 0.737947 278.000000
 41.750000 0.740764 276.240341 0.000000 0.000000 0.000000 0.000000 0.740764 283.000000
 42.000000 0.734063 268.020954 0.000000 0.000000 0.000000 0.000000 0.734063 279.000000
 42.250000 0.732995 269.573887 0.000000 0.000000 0.000000 0.000000 0.732995 280.000000
 42.500000 0.735525 270.823675 0.000000 0.000000 0.000000 0.000000 0.735525 280.000000
 42.750000 0.738457 274.303419 0.000000 0.000000 0.000000 0.000000 0.738457 284.000000
 43.000000 0.733343 268.114230 0.000000 0.000000 0.000000 0.000000 0.733343 278.000000
 43.250000 0.733409 271.414026 0.000000 0.000000 0.000000 0.000000 0.733409 283.000000
 43.500000 0.728676 267.049393 0.000000 0.000000 0.000000 0.000000 0.728676 279.000000
 43.750000 0.740411 276.310951 0.000000 0.000000 0.000000 0.000000 0.740411 283.000000
 44.000000 0.738545 272.301570 0.000000 0.000000 0.000000 0.000000 0.738545 281.000000
 44.250000 0.735392 268.594920 0.000000 0.000000 0.000000 0.000000 0.735392 280.000000
 44.500000 0.742209 277.022398 0.000000 0.000000 0.000000 0.000000 0.742209 283.000000
 44.750000 0.747514 277.811981 0.000000 0.000000 0.000000 0.000000 0.747514 287.000000
 45.000000 0.740459 270.725848 0.000000 0.000000 0.000000 0.000000 0.740459 279.000000
 45.250000 0.746290 277.363958 0.000000 0.000000 0.000000 0.000000 0.746290 288.000000
 45.500000 0.743940 275.868519 0.000000 0.000000 0.000000 0.000000 0.743940 282.000000
 45.750000 0.743509 274.119450 0.000000 0.000000 0.000000 0.000000 0.743509 277.000000
 46.000000 0.740545 272.167613 0.000000 0.000000 0.000000 0.000000 0.740545 278.000000
 46.250000 0.743390 275.039243 0.000000 0.000000 0.000000 0.000000 0.743390 280.000000
 46.500000 0.740458 271.237058 0.000000 0.000000 0.000000 0.000000 0.740458 279.000000
 46.750000 0.736984 268.389378 0.000000 0.000000 0.000000 0.000000 0.736984 276.000000
 47.000000 0.738366 272.046570 0.000000 0.000000 0.000000 0.000000 0.738366 280.000000
 47.250000 0.736182 269.934474 0.000000 0.000000 0.000000 0.000000 0.736182 278.000000
 47.500000 0.738840 274.019422 0.000000 0.000000 0.000000 0.000000 0.738840 283.000000
 47.750000 0.744100 278.390613 0.000000 0.000000 0.000000 0.000000 0.744100 282.000000
 48.000000 0.732304 267.982483 0.000000 0.000000 0.000000 0.000000 0.732304 277.000000
 48.250000 0.732944 264.031700 0.000000 0.000000 0.000000 0.000000 0.732944 271.000000
 48.500000 0.733748 268.958757 0.000000 0.000000 0.000000 0.000000 0.733748 274.000000
 48.750000 0.735724 271.025447 0.000000 0.000000 0.000000 0.000000 0.735724 281.000000
 49.000000 0.737234 275.239002 0.000000 0.000000 0.000000 0.000000 0.737234 282.000000
 49.250000 0.749226 282.580305 0.000000 0.000000 0.000000 0.000000 0.749226 289.000000
 49.500000 0.739497 270.931449 0.000000 0.000000 0.000000 0.000000 0.739497 282.000000
 49.750000 0.737516 269.692913 0.000000 0.000000 0.000000 0.000000 0.737516 279.000000
 50.000000 0.735567 269.465579 0.000000 0.000000 0.000000 0.000000 0.735567 279.000000
 50.250000 0.731983 268.918137 0.000000 0.000000 0.000000 0.000000 0.731983 281.000000
 50.500000 0.739338 271.140931 0.000000 0.000000 0.000000 0.000000 0.739338 277.000000
 50.750000 0.739842 269.429579 0.000000 0.000000 0.000000 0.000000 0.739842 277.000000
 51.000000 0.739405 272.945425 0.000000 0.000000 0.000000 0.000000 0.739405 283.000000
 51.250000 0.733751 271.720202 0.000000 0.000000 0.000000 0.000000 0.733751 280.000000
 51.500000 0.736527 269.464745 0.000000 0.000000 0.000000 0.000000 0.736527 281.000000
 51.750000 0.738882 276.399425 0.000000 0.000000 0.000000 0.000000 0.738882 285.000000
 52.000000 0.738347 276.889351 0.000000 0.000000 0.000000 0.000000 0.738347 290.000000
 52.250000 0.739784 273.640886 0.000000 0.000000 0.000000 0.000000 0.739784 286.000000
 52.500000 0.735437 273.301426 0.000000 0.000000 0.000000 0.000000 0.735437 285.000000
 52.750000 0.738136 274.060522 0.000000 0.000000 0.000000 0.000000 0.738136 285.000000
 53.000000 0.734230 269.546000 0.000000 0.000000 0.000000 0.000000 0.734230 283.000000
 53.250000 0.736134 271.156829 0.000000 0.000000 0.000000 0.000000 0.736134 282.000000
 53.500000 0.743285 275.723583 0.000000 0.000000 0.000000 0.000000 0.743285 286.000000
 53.750000 0.741182 275.105433 0.000000 0.000000 0.000000 0.000000 0.741182 285.000000
 54.000000 0.738663 272.351705 0.000000 0.000000 0.000000 0.000000 0.738663 282.000000
 54.250000 0.740634 274.440209 0.000000 0.000000 0.000000 0.000000 0.740634 279.000000
 54.500000 0.742461 275.469664 0.000000 0.000000 0.000000 0.000000 0.742461 286.000000
 54.750000 0.740957 275.553817 0.000000 0.000000 0.000000 0.000000 0.740957 286.000000
 55.000000 0.743863 276.215424 0.000000 0.000000 0.000000 0.000000 0.743863 284.000000
 55.250000 0.743071 274.062166 0.000000 0.000000 0.000000 0.000000 0.743071 282.000000
 55.500000 0.747284 279.480475 0.000000 0.000000 0.000000 0.000000 0.747284 284.494321
 55.750000 0.744837 278.849814 0.000000 0.000000 0.000000 0.000000 0.744837 282.000000
 56.000000 0.738854 271.079343 0.000000 0.000000 0.000000 0.000000 0.738854 280.000000
 56.250000 0.743713 278.245260 0.000000 0.000000 0.000000 0.000000 0.743713 284.000000
 56.500000 0.740631 275.692259 0.000000 0.000000 0.000000 0.000000 0.740631 283.000000
 56.750000 0.735878 272.978384 0.000000 0.000000 0.000000 0.000000 0.735878 284.000000
 57.000000 0.732238 265.223851 0.000000 0.000000 0.000000 0.000000 0.732238 280.000000
 57.250000 0.743184 279.353245 0.000000 0.000000 0.000000 0.000000 0.743184 290.000000
 57.500000 0.739242 273.396534 0.000000 0.000000 0.000000 0.000000 0.739242 284.000000
 57.750000 0.731727 265.147754 0.000000 0.000000 0.000000 0.000000 0.731727 275.000000
 58.000000 0.731420 269.617426 0.000000 0.000000 0.000000 0.000000 0.731420 281.000000
 58.250000 0.731885 265.044204 0.000000 0.000000 0.000000 0.000000 0.731885 276.000000
 58.500000 0.727790 264.865224 0.000000 0.000000 0.000000 0.000000 0.727790 276.000000
 58.750000 0.731352 267.146308 0.000000 0.000000 0.000000 0.000000 0.731352 278.000000
 59.000000 0.737965 272.670023 0.000000 0.000000 0.000000 0.000000 0.737965 278.000000
 59.250000 0.730560 264.954136 0.000000 0.000000 0.000000 0.000000 0.730560 275.000000
 59.500000 0.733131 268.385763 0.000000 0.000000 0.000000 0.000000 0.733131 277.000000
 59.750000 0.734725 269.116577 0.000000 0.000000 0.000000 0.000000 0.734725 280.000000
 60.000000 0.741280 275.447441 0.000000 0.000000 0.000000 0.000000 0.741280 280.000000
 60.250000 0.731517 264.720202 0.000000 0.000000 0.000000 0.000000 0.731517 274.000000
 60.500000 0.735147 268.103802 0.000000 0.000000 0.000000 0.000000 0.735147 277.000000
 60.750000 0.740635 273.361287 0.000000 0.000000 0.000000 0.000000 0.740635 281.000000
 61.000000 0.739799 270.124080 0.000000 0.000000 0.000000 0.000000 0.739799 278.000000
 61.250000 0.732378 265.249017 0.000000 0.000000 0.000000 0.000000 0.732378 278.000000
 61.500000 0.734756 271.090667 0.000000 0.000000 0.000000 0.000000 0.734756 279.000000
 61.750000 0.733231 267.358129 0.000000 0.000000 0.000000 0.000000 0.733231 280.000000
 62.000000 0.739969 272.510075 0.000000 0.000000 0.000000 0.000000 0.739969 284.000000
 62.250000 0.740690 269.812418 0.000000 0.000000 0.000000 0.000000 0.740690 279.000000
 62.500000 0.728387 263.477463 0.000000 0.000000 0.000000 0.000000 0.728387 271.000000
 62.750000 0.733319 268.416312 0.000000 0.000000 0.000000 0.000000 0.733319 279.000000
 63.000000 0.731842 268.988863 0.000000 0.000000 0.000000 0.000000 0.731842 281.113444
 63.250000 0.732627 263.190451 0.000000 0.000000 0.000000 0.000000 0.732627 276.000000
 63.500000 0.733149 264.666235 0.000000 0.000000 0.000000 0.000000 0.733149 276.000000
 63.750000 0.728893 264.473852 0.000000 0.000000 0.000000 0.000000 0.728893 278.000000
 64.000000 0.728474 262.397032 0.000000 0.000000 0.000000 0.000000 0.728474 277.000000
 64.250000 0.735142 267.375366 0.000000 0.000000 0.000000 0.000000 0.735142 277.000000
 64.500000 0.732273 267.766907 0.000000 0.000000 0.000000 0.000000 0.732273 277.000000
 64.750000 0.732482 266.486264 0.000000 0.000000 0.000000 0.000000 0.732482 280.000000
 65.000000 0.735325 272.105612 0.000000 0.000000 0.000000 0.000000 0.735325 282.000000
 65.250000 0.729305 266.051556 0.000000 0.000000 0.000000 0.000000 0.729305 279.000000
 65.500000 0.738694 270.068511 0.000000 0.000000 0.000000 0.000000 0.738694 276.000000
 65.750000 0.739127 268.749784 0.000000 0.000000 0.000000 0.000000 0.739127 278.000000
 66.000000 0.742576 271.069125 0.000000 0.000000 0.000000 0.000000 0.742576 277.000000
 66.250000 0.739880 271.100999 0.000000 0.000000 0.000000 0.000000 0.739880 281.000000
 66.500000 0.729419 260.330921 0.000000 0.000000 0.000000 0.000000 0.729419 273.000000
 66.750000 0.734770 266.755447 0.000000 0.000000 0.000000 0.000000 0.734770 276.000000
 67.000000 0.734257 267.502865 0.000000 0.000000 0.000000 0.000000 0.734257 280.000000
 67.250000 0.738185 273.729576 0.000000 0.000000 0.000000 0.000000 0.738185 283.000000
 67.500000 0.741072 271.439987 0.000000 0.000000 0.000000 0.000000 0.741072 278.000000
 67.750000 0.738865 270.971938 0.000000 0.000000 0.000000 0.000000 0.738865 279.000000
 68.000000 0.725576 265.129787 0.000000 0.000000 0.000000 0.000000 0.725576 277.000000
 68.250000 0.726852 265.281523 0.000000 0.000000 0.000000 0.000000 0.726852 278.000000
 68.500000 0.727812 267.775618 0.000000 0.000000 0.000000 0.000000 0.727812 280.000000
 68.750000 0.726214 262.449274 0.000000 0.000000 0.000000 0.000000 0.726214 276.000000
 69.000000 0.720668 257.499776 0.000000 0.000000 0.000000 0.000000 0.720668 270.000000
 69.250000 0.725061 261.330316 0.000000 0.000000 0.000000 0.000000 0.725061 273.000000
 69.500000 0.725751 263.900852 0.000000 0.000000 0.000000 0.000000 0.725751 272.000000
 69.750000 0.734349 270.198644 0.000000 0.000000 0.000000 0.000000 0.734349 277.000000
 70.000000 0.731886 267.300783 0.000000 0.000000 0.000000 0.000000 0.731886 276.000000
 70.250000 0.719593 257.347201 0.000000 0.000000 0.000000 0.000000 0.719593 274.000000
 70.500000 0.726534 263.367286 0.000000 0.000000 0.000000 0.000000 0.726534 273.000000
 70.750000 0.734258 272.552895 0.000000 0.000000 0.000000 0.000000 0.734258 283.000000
 71.000000 0.729368 264.708962 0.000000 0.000000 0.000000 0.000000 0.729368 277.000000
 71.250000 0.732863 269.501247 0.000000 0.000000 0.000000 0.000000 0.732863 279.000000
 71.500000 0.734305 272.258008 0.000000 0.000000 0.000000 0.000000 0.734305 287.000000
 71.750000 0.744053 276.258242 0.000000 0.000000 0.000000 0.000000 0.744053 281.000000
 72.000000 0.737617 271.878127 0.000000 0.000000 0.000000 0.000000 0.737617 282.000000
 72.250000 0.740525 273.438126 0.000000 0.000000 0.000000 0.000000 0.740525 283.000000
 72.500000 0.734806 269.215431 0.000000 0.000000 0.000000 0.000000 0.734806 280.000000
 72.750000 0.732597 266.354019 0.000000 0.000000 0.000000 0.000000 0.732597 281.000000
 73.000000 0.737413 269.184838 0.000000 0.000000 0.000000 0.000000 0.737413 275.000000
 73.250000 0.740149 274.441233 0.000000 0.000000 0.000000 0.000000 0.740149 285.000000
 73.500000 0.735094 267.272593 0.000000 0.000000 0.000000 0.000000 0.735094 278.000000
 73.750000 0.741761 279.076750 0.000000 0.000000 0.000000 0.000000 0.741761 285.000000
 74.000000 0.741224 275.464718 0.000000 0.000000 0.000000 0.000000 0.741224 282.000000
 74.250000 0.740061 277.090169 0.000000 0.000000 0.000000 0.000000 0.740061 285.000000
 74.500000 0.740264 279.111053 0.000000 0.000000 0.000000 0.000000 0.740264 293.000000
 74.750000 0.738509 273.243442 0.000000 0.000000 0.000000 0.000000 0.738509 287.228699
 75.000000 0.741497 277.574243 0.000000 0.000000 0.000000 0.000000 0.741497 287.000000
 75.250000 0.743605 277.460325 0.000000 0.000000 0.000000 0.000000 0.743605 284.000000
 75.500000 0.737917 274.387551 0.000000 0.000000 0.000000 0.000000 0.737917 283.000000
 75.750000 0.740558 278.611559 0.000000 0.000000 0.000000 0.000000 0.740558 290.000000
 76.000000 0.736575 274.502332 0.000000 0.000000 0.000000 0.000000 0.736575 281.000000
 76.250000 0.740065 275.963872 0.000000 0.000000 0.000000 0.000000 0.740065 285.000000
 76.500000 0.739288 272.245598 0.000000 0.000000 0.000000 0.000000 0.739288 282.000000
 76.750000 0.740881 272.183542 0.000000 0.000000 0.000000 0.000000 0.740881 280.000000
 77.000000 0.742808 275.076293 0.000000 0.000000 0.000000 0.000000 0.742808 284.000000
 77.250000 0.740661 273.511811 0.000000 0.000000 0.000000 0.000000 0.740661 284.000000
 77.500000 0.747182 278.673958 0.000000 0.000000 0.000000 0.000000 0.747182 288.000000
 77.750000 0.744180 273.554421 0.000000 0.000000 0.000000 0.000000 0.744180 281.000000
 78.000000 0.750568 282.026944 0.000000 0.000000 0.000000 0.000000 0.750568 291.000000
 78.250000 0.746669 276.952802 0.000000 0.000000 0.000000 0.000000 0.746669 285.000000
 78.500000 0.746997 278.134827 0.000000 0.000000 0.000000 0.000000 0.746997 283.000000
 78.750000 0.743621 274.251308 0.000000 0.000000 0.000000 0.000000 0.743621 282.000000
 79.000000 0.741973 274.957308 0.000000 0.000000 0.000000 0.000000 0.741973 281.000000
 79.250000 0.733879 264.629703 0.000000 0.000000 0.000000 0.000000 0.733879 276.000000
 79.500000 0.740929 270.735034 0.000000 0.000000 0.000000 0.000000 0.740929 279.000000
 79.750000 0.740819 274.901782 0.000000 0.000000 0.000000 0.000000 0.740819 284.000000
 80.000000 0.740998 272.063624 0.000000 0.000000 0.000000 0.000000 0.740998 284.000000
 80.250000 0.733048 266.901013 0.000000 0.000000 0.000000 0.000000 0.733048 279.000000
 80.500000 0.739468 271.217078 0.000000 0.000000 0.000000 0.000000 0.739468 281.000000
 80.750000 0.732186 264.210514 0.000000 0.000000 0.000000 0.000000 0.732186 280.000000
 81.000000 0.734815 267.458518 0.000000 0.000000 0.000000 0.000000 0.734815 280.000000
 81.250000 0.728749 259.078163 0.000000 0.000000 0.000000 0.000000 0.728749 274.000000
 81.500000 0.734900 264.709644 0.000000 0.000000 0.000000 0.000000 0.734900 274.000000
 81.750000 0.734482 265.853943 0.000000 0.000000 0.000000 0.000000 0.734482 281.000000
 82.000000 0.736930 267.833730 0.000000 0.000000 0.000000 0.000000 0.736930 273.000000
 82.250000 0.733143 261.760633 0.000000 0.000000 0.000000 0.000000 0.733143 275.000000
 82.500000 0.734981 263.924041 0.000000 0.000000 0.000000 0.000000 0.734981 274.000000
 82.750000 0.734970 267.097510 0.000000 0.000000 0.000000 0.000000 0.734970 280.000000
 83.000000 0.731496 264.567054 0.000000 0.000000 0.000000 0.000000 0.731496 276.000000
 83.250000 0.732068 263.195943 0.000000 0.000000 0.000000 0.000000 0.732068 268.000000
 83.500000 0.732368 261.992303 0.000000 0.000000 0.000000 0.000000 0.732368 271.000000
 83.750000 0.733805 263.416543 0.000000 0.000000 0.000000 0.000000 0.733805 274.000000
 84.000000 0.729369 261.059770 0.000000 0.000000 0.000000 0.000000 0.729369 272.000000
 84.250000 0.735890 268.283187 0.000000 0.000000 0.000000 0.000000 0.735890 281.000000
 84.500000 0.732422 262.952399 0.000000 0.000000 0.000000 0.000000 0.732422 275.000000
 84.750000 0.735388 268.492426 0.000000 0.000000 0.000000 0.000000 0.735388 279.000000
 85.000000 0.729998 262.971393 0.000000 0.000000 0.000000 0.000000 0.729998 273.000000
 85.250000 0.736559 269.973988 0.000000 0.000000 0.000000 0.000000 0.736559 283.000000
 85.500000 0.737693 268.884592 0.000000 0.000000 0.000000 0.000000 0.737693 279.000000
 85.750000 0.744114 273.983866 0.000000 0.000000 0.000000 0.000000 0.744114 282.000000
 86.000000 0.738535 267.250149 0.000000 0.000000 0.000000 0.000000 0.738535 278.000000
 86.250000 0.735043 265.030353 0.000000 0.000000 0.000000 0.000000 0.735043 275.000000
 86.500000 0.728059 259.380485 0.000000 0.000000 0.000000 0.000000 0.728059 274.000000
 86.750000 0.726919 254.213246 0.000000 0.000000 0.000000 0.000000 0.726919 265.000000
 87.000000 0.726976 253.415735 0.000000 0.000000 0.000000 0.000000 0.726976 267.000000
 87.250000 0.727674 255.811517 0.000000 0.000000 0.000000 0.000000 0.727674 264.000000
 87.500000 0.730456 259.090324 0.000000 0.000000 0.000000 0.000000 0.730456 268.000000
 87.750000 0.727407 257.682956 0.000000 0.000000 0.000000 0.000000 0.727407 269.000000
 88.000000 0.725307 256.666382 0.000000 0.000000 0.000000 0.000000 0.725307 267.000000
 88.250000 0.729830 261.419988 0.000000 0.000000 0.000000 0.000000 0.729830 267.000000
 88.500000 0.723942 254.524933 0.000000 0.000000 0.000000 0.000000 0.723942 266.000000
 88.750000 0.716931 252.010371 0.000000 0.000000 0.000000 0.000000 0.716931 268.000000
 89.000000 0.729558 261.203184 0.000000 0.000000 0.000000 0.000000 0.729558 268.000000
 89.250000 0.720760 253.728621 0.000000 0.000000 0.000000 0.000000 0.720760 264.000000
 89.500000 0.718872 255.040777 0.000000 0.000000 0.000000 0.000000 0.718872 269.000000
 89.750000 0.721741 253.692080 0.000000 0.000000 0.000000 0.000000 0.721741 264.000000
 90.000000 0.722308 255.670854 0.000000 0.000000 0.000000 0.000000 0.722308 269.000000
 90.250000 0.724822 254.798721 0.000000 0.000000 0.000000 0.000000 0.724822 265.000000
 90.500000 0.723704 253.323072 0.000000 0.000000 0.000000 0.000000 0.723704 260.000000
 90.750000 0.719398 250.480263 0.000000 0.000000 0.000000 0.000000 0.719398 267.000000
 91.000000 0.730153 258.809745 0.000000 0.000000 0.000000 0.000000 0.730153 267.000000
 91.250000 0.717448 247.789830 0.000000 0.000000 0.000000 0.000000 0.717448 265.000000
 91.500000 0.730497 261.527715 0.000000 0.000000 0.000000 0.000000 0.730497 272.000000
 91.750000 0.729605 254.875274 0.000000 0.000000 0.000000 0.000000 0.729605 262.000000
 92.000000 0.724167 251.646871 0.000000 0.000000 0.000000 0.000000 0.724167 265.000000
 92.250000 0.724205 254.933294 0.000000 0.000000 0.000000 0.000000 0.724205 267.000000
 92.500000 0.730628 260.943992 0.000000 0.000000 0.000000 0.000000 0.730628 269.000000
 92.750000 0.724640 257.330506 0.000000 0.000000 0.000000 0.000000 0.724640 273.000000
 93.000000 0.727313 261.014544 0.000000 0.000000 0.000000 0.000000 0.727313 274.000000
 93.250000 0.727932 261.419525 0.000000 0.000000 0.000000 0.000000 0.727932 277.000000
 93.500000 0.730524 263.530091 0.000000 0.000000 0.000000 0.000000 0.730524 276.000000
 93.750000 0.722784 256.305257 0.000000 0.000000 0.000000 0.000000 0.722784 270.000000
 94.000000 0.726555 257.398440 0.000000 0.000000 0.000000 0.000000 0.726555 271.000000
 94.250000 0.723697 256.972936 0.000000 0.000000 0.000000 0.000000 0.723697 273.000000
 94.500000 0.726183 257.335332 0.000000 0.000000 0.000000 0.000000 0.726183 270.000000
 94.750000 0.728464 261.054791 0.000000 0.000000 0.000000 0.000000 0.728464 271.000000
 95.000000 0.733682 259.907821 0.000000 0.000000 0.000000 0.000000 0.733682 270.000000
 95.250000 0.734451 267.663238 0.000000 0.000000 0.000000 0.000000 0.734451 281.000000
 95.500000 0.732557 267.715079 0.000000 0.000000 0.000000 0.000000 0.732557 280.000000
 95.750000 0.728374 263.066208 0.000000 0.000000 0.000000 0.000000 0.728374 283.000000
 96.000000 0.726070 260.077873 0.000000 0.000000 0.000000 0.000000 0.726070 273.000000
 96.250000 0.733765 265.998746 0.000000 0.000000 0.000000 0.000000 0.733765 274.000000
 96.500000 0.728848 260.494295 0.000000 0.000000 0.000000 0.000000 0.728848 275.000000
 96.750000 0.728318 261.970120 0.000000 0.000000 0.000000 0.000000 0.728318 270.000000
 97.000000 0.727762 256.343707 0.000000 0.000000 0.000000 0.000000 0.727762 271.000000
 97.250000 0.737999 268.698818 0.000000 0.000000 0.000000 0.000000 0.737999 279.000000
 97.500000 0.735443 264.476233 0.000000 0.000000 0.000000 0.000000 0.735443 277.000000
 97.750000 0.736006 263.264778 0.000000 0.000000 0.000000 0.000000 0.736006 275.000000
 98.000000 0.732121 261.584245 0.000000 0.000000 0.000000 0.000000 0.732121 270.000000
 98.250000 0.729294 258.197428 0.000000 0.000000 0.000000 0.000000 0.729294 273.000000
 98.500000 0.738695 267.905282 0.000000 0.000000 0.000000 0.000000 0.738695 277.000000
 98.750000 0.729989 257.174206 0.000000 0.000000 0.000000 0.000000 0.729989 271.000000
 99.000000 0.730865 259.980382 0.000000 0.000000 0.000000 0.000000 0.730865 270.000000
 99.250000 0.734136 261.825216 0.000000 0.000000 0.000000 0.000000 0.734136 268.000000
 99.500000 0.728909 257.556100 0.000000 0.000000 0.000000 0.000000 0.728909 270.000000
 99.750000 0.737519 261.167558 0.000000 0.000000 0.000000 0.000000 0.737519 267.000000
 100.000000 0.733605 264.220978 0.000000 0.000000 0.000000 0.000000 0.733605 275.000000
 100.250000 0.732311 263.659272 0.000000 0.000000 0.000000 0.000000 0.732311 275.000000
