#! FIELDS time refcv.mean refcv.morethan uwall.bias uwall.force2 lwall.bias lwall.force2 refcv2.mean refcv2.morethan
 0.750000 0.759632 285.737332 0.000000 0.000000 0.000000 0.000000 0.759632 288.000000
 1.000000 0.749194 285.002751 0.000000 0.000000 0.000000 0.000000 0.749194 289.000000
 1.250000 0.735201 275.191018 0.000000 0.000000 0.000000 0.000000 0.735201 283.000000
 1.500000 0.734403 273.609046 0.000000 0.000000 0.000000 0.000000 0.734403 284.000000
 1.750000 0.738477 280.652210 0.000000 0.000000 0.000000 0.000000 0.738477 290.000000
 2.000000 0.738142 277.004647 0.000000 0.000000 0.000000 0.000000 0.738142 284.000000
 2.250000 0.731791 269.536666 0.000000 0.000000 0.000000 0.000000 0.731791 284.000000
 2.500000 0.733499 271.706440 0.000000 0.000000 0.000000 0.000000 0.733499 284.000000
 2.750000 0.737654 276.047217 0.000000 0.000000 0.000000 0.000000 0.737654 283.000000
 3.000000 0.739311 277.341605 0.000000 0.000000 0.000000 0.000000 0.739311 284.000000
 3.250000 0.738680 276.528940 0.000000 0.000000 0.000000 0.000000 0.738680 284.000000
 3.500000 0.741254 278.023905 0.000000 0.000000 0.000000 0.000000 0.741254 285.000000
 3.750000 0.734421 272.011834 0.000000 0.000000 0.000000 0.000000 0.734421 281.000000
 4.000000 0.733515 269.692207 0.000000 0.000000 0.000000 0.000000 0.733515 285.000000
 4.250000 0.734761 271.236160 0.000000 0.000000 0.000000 0.000000 0.734761 285.000000
 4.500000 0.728376 267.407532 0.000000 0.000000 0.000000 0.000000 0.728376 279.000000
 4.750000 0.723640 265.443375 0.000000 0.000000 0.000000 0.000000 0.723640 278.000000
 5.000000 0.720109 266.003870 0.000000 0.000000 0.000000 0.000000 0.720109 281.000000
 5.250000 0.727881 269.562062 0.000000 0.000000 0.000000 0.000000 0.727881 283.000000
 5.500000 0.729260 267.969091 0.000000 0.000000 0.000000 0.000000 0.729260 284.000000
 5.750000 0.732990 271.026671 0.000000 0.000000 0.000000 0.000000 0.732990 284.000000
 6.000000 0.735794 271.368576 0.000000 0.000000 0.000000 0.000000 0.735794 284.000000
 6.250000 0.728700 270.851182 0.000000 0.000000 0.000000 0.000000 0.728700 284.000000
 6.500000 0.724992 267.030330 0.000000 0.000000 0.000000 0.000000 0.724992 283.000000
 6.750000 0.729029 268.477049 0.000000 0.000000 0.000000 0.000000 0.729029 282.000000
 7.000000 0.734557 274.355551 0.000000 0.000000 0.000000 0.000000 0.734557 284.000000
 7.250000 0.735100 272.877256 0.000000 0.000000 0.000000 0.000000 0.735100 284.000000
 7.500000 0.737945 274.965178 0.000000 0.000000 0.000000 0.000000 0.737945 284.000000
 7.750000 0.739645 273.674254 0.000000 0.000000 0.000000 0.000000 0.739645 283.000000
 8.000000 0.739761 272.972059 0.000000 0.000000 0.000000 0.000000 0.739761 284.000000
 8.250000 0.739008 273.750452 0.000000 0.000000 0.000000 0.000000 0.739008 285.000000
 8.500000 0.734680 271.744243 0.000000 0.000000 0.000000 0.000000 0.734680 285.000000
 8.750000 0.741475 275.084319 0.000000 0.000000 0.000000 0.000000 0.741475 285.000000
 9.000000 0.734882 271.808523 0.000000 0.000000 0.000000 0.000000 0.734882 284.000000
 9.250000 0.732023 268.717143 0.000000 0.000000 0.000000 0.000000 0.732023 282.000000
 9.500000 0.733743 266.930284 0.000000 0.000000 0.000000 0.000000 0.733743 280.000000
 9.750000 0.738858 271.810578 0.000000 0.000000 0.000000 0.000000 0.738858 279.000000
 10.000000 0.735887 266.579321 0.000000 0.000000 0.000000 0.000000 0.735887 280.000000
 10.250000 0.741220 270.369081 0.000000 0.000000 0.000000 0.000000 0.741220 279.000000
 10.500000 0.734302 268.089521 0.000000 0.000000 0.000000 0.000000 0.734302 283.000000
 10.750000 0.735488 269.160279 0.000000 0.000000 0.000000 0.000000 0.735488 280.000000
 11.000000 0.740458 271.619704 0.000000 0.000000 0.000000 0.000000 0.740458 284.000000
 11.250000 0.732781 264.231677 0.000000 0.000000 0.000000 0.000000 0.732781 273.000000
 11.500000 0.730777 261.423000 0.000000 0.000000 0.000000 0.000000 0.730777 274.000000
 11.750000 0.729694 263.231938 0.000000 0.000000 0.000000 0.000000 0.729694 275.000000
 12.000000 0.735298 266.434948 0.000000 0.000000 0.000000 0.000000 0.735298 273.000000
 12.250000 0.733758 266.569622 0.000000 0.000000 0.000000 0.000000 0.733758 275.000000
 12.500000 0.733745 265.202659 0.000000 0.000000 0.000000 0.000000 0.733745 274.000000
 12.750000 0.734202 266.199456 0.000000 0.000000 0.000000 0.000000 0.734202 275.000000
 13.000000 0.740236 270.549532 0.000000 0.000000 0.000000 0.000000 0.740236 277.000000
 13.250000 0.734222 264.501922 0.000000 0.000000 0.000000 0.000000 0.734222 274.000000
 13.500000 0.735770 268.648058 0.000000 0.000000 0.000000 0.000000 0.735770 279.000000
 13.750000 0.721644 253.729376 0.000000 0.000000 0.000000 0.000000 0.721644 270.000000
 14.000000 0.731834 262.241343 0.000000 0.000000 0.000000 0.000000 0.731834 276.000000
 14.250000 0.724471 257.675124 0.000000 0.000000 0.000000 0.000000 0.724471 269.000000
 14.500000 0.731298 262.940906 0.000000 0.000000 0.000000 0.000000 0.731298 274.000000
 14.750000 0.732245 264.664544 0.000000 0.000000 0.000000 0.000000 0.732245 276.000000
 15.000000 0.733827 266.435748 0.000000 0.000000 0.000000 0.000000 0.733827 276.000000
 15.250000 0.735923 265.395107 0.000000 0.000000 0.000000 0.000000 0.735923 276.000000
 15.500000 0.722484 253.976800 0.000000 0.000000 0.000000 0.000000 0.722484 264.000000
 15.750000 0.734085 262.407418 0.000000 0.000000 0.000000 0.000000 0.734085 272.000000
 16.000000 0.730861 259.984777 0.000000 0.000000 0.000000 0.000000 0.730861 267.000000
 16.250000 0.727667 257.041384 0.000000 0.000000 0.000000 0.000000 0.727667 267.000000
 16.500000 0.730106 259.840747 0.000000 0.000000 0.000000 0.000000 0.730106 274.000000
 16.750000 0.724626 256.462035 0.000000 0.000000 0.000000 0.000000 0.724626 266.000000
 17.000000 0.725546 258.050397 0.000000 0.000000 0.000000 0.000000 0.725546 268.000000
 17.250000 0.726898 259.737202 0.000000 0.000000 0.000000 0.000000 0.726898 268.000000
 17.500000 0.727977 259.057965 0.000000 0.000000 0.000000 0.000000 0.727977 270.000000
 17.750000 0.728165 256.252373 0.000000 0.000000 0.000000 0.000000 0.728165 265.000000
 18.000000 0.725232 250.705706 0.000000 0.000000 0.000000 0.000000 0.725232 263.000000
 18.250000 0.736417 263.872629 0.000000 0.000000 0.000000 0.000000 0.736417 265.000000
 18.500000 0.727129 253.545753 0.000000 0.000000 0.000000 0.000000 0.727129 261.000000
 18.750000 0.733422 259.424024 0.000000 0.000000 0.000000 0.000000 0.733422 263.000000
 19.000000 0.723518 250.775397 0.000000 0.000000 0.000000 0.000000 0.723518 259.000000
 19.250000 0.734766 262.173711 0.000000 0.000000 0.000000 0.000000 0.734766 267.000000
 19.500000 0.724145 254.454373 0.000000 0.000000 0.000000 0.000000 0.724145 265.000000
 19.750000 0.731707 259.406302 0.000000 0.000000 0.000000 0.000000 0.731707 262.000000
 20.000000 0.733455 262.548051 0.000000 0.000000 0.000000 0.000000 0.733455 268.000000
 20.250000 0.728062 255.430870 0.000000 0.000000 0.000000 0.000000 0.728062 268.426876
 20.500000 0.729313 257.676933 0.000000 0.000000 0.000000 0.000000 0.729313 267.000000
 20.750000 0.726409 255.408573 0.000000 0.000000 0.000000 0.000000 0.726409 263.000000
 21.000000 0.725116 255.266220 0.000000 0.000000 0.000000 0.000000 0.725116 268.000000
 21.250000 0.727321 258.203788 0.000000 0.000000 0.000000 0.000000 0.727321 267.000000
 21.500000 0.728490 253.535928 0.000000 0.000000 0.000000 0.000000 0.728490 260.000000
 21.750000 0.730264 256.318492 0.000000 0.000000 0.000000 0.000000 0.730264 267.000000
 22.000000 0.732401 257.382704 0.000000 0.000000 0.000000 0.000000 0.732401 264.000000
 22.250000 0.729633 257.075083 0.000000 0.000000 0.000000 0.000000 0.729633 264.000000
 22.500000 0.724279 256.060215 0.000000 0.000000 0.000000 0.000000 0.724279 268.000000
 22.750000 0.726830 255.970513 0.000000 0.000000 0.000000 0.000000 0.726830 267.000000
 23.000000 0.732935 262.032944 0.000000 0.000000 0.000000 0.000000 0.732935 271.000000
 23.250000 0.733169 260.013500 0.000000 0.000000 0.000000 0.000000 0.733169 269.000000
 23.500000 0.735008 263.146803 0.000000 0.000000 0.000000 0.000000 0.735008 267.000000
 23.750000 0.732801 259.297512 0.000000 0.000000 0.000000 0.000000 0.732801 264.000000
 24.000000 0.729885 257.165234 0.000000 0.000000 0.000000 0.000000 0.729885 258.012390
 24.250000 0.733733 260.124509 0.000000 0.000000 0.000000 0.000000 0.733733 267.000000
 24.500000 0.730322 259.852996 0.000000 0.000000 0.000000 0.000000 0.730322 270.000000
 24.750000 0.742728 267.873318 0.000000 0.000000 0.000000 0.000000 0.742728 271.000000
 25.000000 0.730980 258.448362 0.000000 0.000000 0.000000 0.000000 0.730980 262.000000
 25.250000 0.734274 263.318362 0.000000 0.000000 0.000000 0.000000 0.734274 268.000000
 25.500000 0.735988 265.025468 0.000000 0.000000 0.000000 0.000000 0.735988 272.000000
 25.750000 0.733832 263.029450 0.000000 0.000000 0.000000 0.000000 0.733832 274.000000
 26.000000 0.732950 259.329444 0.000000 0.000000 0.000000 0.000000 0.732950 264.000000
 26.250000 0.740911 263.514013 0.000000 0.000000 0.000000 0.000000 0.740911 269.000000
 26.500000 0.745035 272.617285 0.000000 0.000000 0.000000 0.000000 0.745035 277.000000
 26.750000 0.728966 259.732811 0.000000 0.000000 0.000000 0.000000 0.728966 267.000000
 27.000000 0.725063 257.114774 0.000000 0.000000 0.000000 0.000000 0.725063 265.000000
 27.250000 0.732494 267.622740 0.000000 0.000000 0.000000 0.000000 0.732494 277.000000
 27.500000 0.736662 262.456795 0.000000 0.000000 0.000000 0.000000 0.736662 266.000000
 27.750000 0.730371 258.099612 0.000000 0.000000 0.000000 0.000000 0.730371 266.000000
 28.000000 0.730557 257.412998 0.000000 0.000000 0.000000 0.000000 0.730557 261.000000
 28.250000 0.734797 262.642153 0.000000 0.000000 0.000000 0.000000 0.734797 269.000000
 28.500000 0.733586 261.499645 0.000000 0.000000 0.000000 0.000000 0.733586 272.000000
 28.750000 0.725903 254.212073 0.000000 0.000000 0.000000 0.000000 0.725903 266.000000
 29.000000 0.715713 248.424403 0.000000 0.000000 0.000000 0.000000 0.715713 263.000000
 29.250000 0.724821 255.117171 0.000000 0.000000 0.000000 0.000000 0.724821 267.000000
 29.500000 0.732711 262.691089 0.000000 0.000000 0.000000 0.000000 0.732711 274.000000
 29.750000 0.719978 247.130163 0.000000 0.000000 0.000000 0.000000 0.719978 255.000000
 30.000000 0.717128 242.808450 0.000000 0.000000 0.000000 0.000000 0.717128 251.000000
 30.250000 0.724305 256.855581 0.000000 0.000000 0.000000 0.000000 0.724305 266.000000
 30.500000 0.727246 254.203596 0.000000 0.000000 0.000000 0.000000 0.727246 261.000000
 30.750000 0.729556 257.832497 0.000000 0.000000 0.000000 0.000000 0.729556 266.000000
 31.000000 0.725427 255.038340 0.000000 0.000000 0.000000 0.000000 0.725427 267.000000
 31.250000 0.712789 242.839895 0.000000 0.000000 0.000000 0.000000 0.712789 256.000000
 31.500000 0.717681 247.024911 0.000000 0.000000 0.000000 0.000000 0.717681 261.000000
 31.750000 0.726876 257.617559 0.000000 0.000000 0.000000 0.000000 0.726876 270.000000
 32.000000 0.723783 258.743061 0.000000 0.000000 0.000000 0.000000 0.723783 271.000000
 32.250000 0.729482 261.130939 0.000000 0.000000 0.000000 0.000000 0.729482 275.000000
 32.500000 0.735376 263.768740 0.000000 0.000000 0.000000 0.000000 0.735376 272.000000
 32.750000 0.729639 259.156800 0.000000 0.000000 0.000000 0.000000 0.729639 268.000000
 33.000000 0.728766 256.346114 0.000000 0.000000 0.000000 0.000000 0.728766 263.000000
 33.250000 0.728958 259.327002 0.000000 0.000000 0.000000 0.000000 0.728958 268.000000
 33.500000 0.724223 255.816347 0.000000 0.000000 0.000000 0.000000 0.724223 267.000000
 33.750000 0.727539 256.729739 0.000000 0.000000 0.000000 0.000000 0.727539 268.000000
 34.000000 0.721939 253.785961 0.000000 0.000000 0.000000 0.000000 0.721939 267.000000
 34.250000 0.718133 249.076410 0.000000 0.000000 0.000000 0.000000 0.718133 261.000000
 34.500000 0.715904 248.859381 0.000000 0.000000 0.000000 0.000000 0.715904 260.000000
 34.750000 0.710931 245.497492 0.000000 0.000000 0.000000 0.000000 0.710931 259.000000
 35.000000 0.716931 248.741108 0.000000 0.000000 0.000000 0.000000 0.716931 262.000000
 35.250000 0.716751 251.367502 0.000000 0.000000 0.000000 0.000000 0.716751 266.000000
 35.500000 0.723430 254.144667 0.000000 0.000000 0.000000 0.000000 0.723430 265.000000
 35.750000 0.723366 253.712677 0.000000 0.000000 0.000000 0.000000 0.723366 263.000000
 36.000000 0.726411 256.550121 0.000000 0.000000 0.000000 0.000000 0.726411 268.000000
 36.250000 0.729464 260.463809 0.000000 0.000000 0.000000 0.000000 0.729464 271.000000
 36.500000 0.718486 252.607611 0.000000 0.000000 0.000000 0.000000 0.718486 265.000000
 36.750000 0.717634 250.259958 0.000000 0.000000 0.000000 0.000000 0.717634 262.000000
 37.000000 0.720604 251.706094 0.000000 0.000000 0.000000 0.000000 0.720604 260.000000
 37.250000 0.712438 245.191025 0.000000 0.000000 0.000000 0.000000 0.712438 264.000000
 37.500000 0.716794 249.767323 0.000000 0.000000 0.000000 0.000000 0.716794 263.000000
 37.750000 0.712278 245.995968 0.000000 0.000000 0.000000 0.000000 0.712278 264.000000
 38.000000 0.719639 252.481611 0.000000 0.000000 0.000000 0.000000 0.719639 262.000000
 38.250000 0.721080 256.064863 0.000000 0.000000 0.000000 0.000000 0.721080 270.000000
 38.500000 0.713555 247.599784 0.000000 0.000000 0.000000 0.000000 0.713555 264.000000
 38.750000 0.718107 248.842756 0.000000 0.000000 0.000000 0.000000 0.718107 260.000000
 39.000000 0.716088 249.683225 0.000000 0.000000 0.000000 0.000000 0.716088 262.000000
 39.250000 0.716265 249.490438 0.000000 0.000000 0.000000 0.000000 0.716265 263.000000
 39.500000 0.722297 256.561223 0.000000 0.000000 0.000000 0.000000 0.722297 264.000000
 39.750000 0.719667 249.986876 0.000000 0.000000 0.000000 0.000000 0.719667 258.000000
 40.000000 0.723561 253.026376 0.000000 0.000000 0.000000 0.000000 0.723561 259.000000
 40.250000 0.716282 249.136939 0.000000 0.000000 0.000000 0.000000 0.716282 260.000000
 40.500000 0.726509 256.319256 0.000000 0.000000 0.000000 0.000000 0.726509 265.000000
 40.750000 0.718589 246.997422 0.000000 0.000000 0.000000 0.000000 0.718589 256.000000
 41.000000 0.716039 246.433278 0.000000 0.000000 0.000000 0.000000 0.716039 255.000000
 41.250000 0.717882 248.447858 0.000000 0.000000 0.000000 0.000000 0.717882 255.000000
 41.500000 0.723258 254.791934 0.000000 0.000000 0.000000 0.000000 0.723258 266.000000
 41.750000 0.726154 254.174863 0.000000 0.000000 0.000000 0.000000 0.726154 262.000000
 42.000000 0.718921 248.884651 0.000000 0.000000 0.000000 0.000000 0.718921 257.000000
 42.250000 0.721297 250.447572 0.000000 0.000000 0.000000 0.000000 0.721297 258.000000
 42.500000 0.722594 251.272323 0.000000 0.000000 0.000000 0.000000 0.722594 262.000000
 42.750000 0.718505 248.912818 0.000000 0.000000 0.000000 0.000000 0.718505 258.000000
 43.000000 0.720568 251.722699 0.000000 0.000000 0.000000 0.000000 0.720568 262.000000
 43.250000 0.725870 258.703638 0.000000 0.000000 0.000000 0.000000 0.725870 269.000000
 43.500000 0.721109 251.331129 0.000000 0.000000 0.000000 0.000000 0.721109 262.971132
 43.750000 0.722124 250.447143 0.000000 0.000000 0.000000 0.000000 0.722124 260.000000
 44.000000 0.722103 253.099588 0.000000 0.000000 0.000000 0.000000 0.722103 267.000000
 44.250000 0.719780 250.039508 0.000000 0.000000 0.000000 0.000000 0.719780 258.000000
 44.500000 0.718551 248.337835 0.000000 0.000000 0.000000 0.000000 0.718551 261.000000
 44.750000 0.723524 251.808183 0.000000 0.000000 0.000000 0.000000 0.723524 263.000000
 45.000000 0.721260 251.758985 0.000000 0.000000 0.000000 0.000000 0.721260 264.000000
 45.250000 0.725159 253.674166 0.000000 0.000000 0.000000 0.000000 0.725159 269.000000
 45.500000 0.719274 249.777465 0.000000 0.000000 0.000000 0.000000 0.719274 262.000000
 45.750000 0.719701 247.458893 0.000000 0.000000 0.000000 0.000000 0.719701 260.000000
 46.000000 0.721604 250.288081 0.000000 0.000000 0.000000 0.000000 0.721604 259.000000
 46.250000 0.726049 253.429710 0.000000 0.000000 0.000000 0.000000 0.726049 263.000000
 46.500000 0.743496 265.885255 0.000000 0.000000 0.000000 0.000000 0.743496 274.000000
 46.750000 0.734955 264.649370 0.000000 0.000000 0.000000 0.000000 0.734955 271.000000
 47.000000 0.732869 265.198894 0.000000 0.000000 0.000000 0.000000 0.732869 275.000000
 47.250000 0.733203 263.982321 0.000000 0.000000 0.000000 0.000000 0.733203 272.000000
 47.500000 0.726489 258.209374 0.000000 0.000000 0.000000 0.000000 0.726489 264.000000
 47.750000 0.729482 260.043990 0.000000 0.000000 0.000000 0.000000 0.729482 269.712439
 48.000000 0.729904 259.886096 0.000000 0.000000 0.000000 0.000000 0.729904 275.000000
 48.250000 0.725194 253.647856 0.000000 0.000000 0.000000 0.000000 0.725194 259.000000
 48.500000 0.725069 253.725299 0.000000 0.000000 0.000000 0.000000 0.725069 261.000000
 48.750000 0.726567 256.121925 0.000000 0.000000 0.000000 0.000000 0.726567 263.000000
 49.000000 0.718949 247.906252 0.000000 0.000000 0.000000 0.000000 0.718949 259.000000
 49.250000 0.730383 257.749226 0.000000 0.000000 0.000000 0.000000 0.730383 267.000000
 49.500000 0.727543 258.957238 0.000000 0.000000 0.000000 0.000000 0.727543 268.000000
 49.750000 0.726281 259.166031 0.000000 0.000000 0.000000 0.000000 0.726281 267.000000
 50.000000 0.719355 253.471984 0.000000 0.000000 0.000000 0.000000 0.719355 267.000000
 50.250000 0.722315 255.643858 0.000000 0.000000 0.000000 0.000000 0.722315 264.000000
 50.500000 0.727330 255.878660 0.000000 0.000000 0.000000 0.000000 0.727330 269.000000
 50.750000 0.722260 253.874321 0.000000 0.000000 0.000000 0.000000 0.722260 269.000000
 51.000000 0.715202 247.737941 0.000000 0.000000 0.000000 0.000000 0.715202 259.000000
 51.250000 0.715636 249.143879 0.000000 0.000000 0.000000 0.000000 0.715636 262.000000
 51.500000 0.713258 248.176125 0.000000 0.000000 0.000000 0.000000 0.713258 262.000000
 51.750000 0.716073 249.922610 0.000000 0.000000 0.000000 0.000000 0.716073 267.000000
 52.000000 0.717928 253.282970 0.000000 0.000000 0.000000 0.000000 0.717928 263.000000
 52.250000 0.724525 255.778064 0.000000 0.000000 0.000000 0.000000 0.724525 267.000000
 52.500000 0.718915 251.759113 0.000000 0.000000 0.000000 0.000000 0.718915 265.000000
 52.750000 0.720786 253.801015 0.000000 0.000000 0.000000 0.000000 0.720786 267.000000
 53.000000 0.714519 245.949709 0.000000 0.000000 0.000000 0.000000 0.714519 260.000000
 53.250000 0.717686 249.956418 0.000000 0.000000 0.000000 0.000000 0.717686 258.000000
 53.500000 0.713206 246.765162 0.000000 0.000000 0.000000 0.000000 0.713206 261.000000
 53.750000 0.716415 249.575127 0.000000 0.000000 0.000000 0.000000 0.716415 261.000000
 54.000000 0.716652 245.421563 0.000000 0.000000 0.000000 0.000000 0.716652 254.997235
 54.250000 0.715754 247.171368 0.000000 0.000000 0.000000 0.000000 0.715754 257.000000
 54.500000 0.722380 247.969551 0.000000 0.000000 0.000000 0.000000 0.722380 254.000000
 54.750000 0.716230 246.702257 0.000000 0.000000 0.000000 0.000000 0.716230 256.000000
 55.000000 0.718086 250.555215 0.000000 0.000000 0.000000 0.000000 0.718086 264.000000
 55.250000 0.723871 252.848290 0.000000 0.000000 0.000000 0.000000 0.723871 262.000000
 55.500000 0.731271 261.665456 0.000000 0.000000 0.000000 0.000000 0.731271 274.000000
 55.750000 0.722674 256.197901 0.000000 0.000000 0.000000 0.000000 0.722674 271.000000
 56.000000 0.726081 258.529080 0.000000 0.000000 0.000000 0.000000 0.726081 273.000000
 56.250000 0.719192 253.519950 0.000000 0.000000 0.000000 0.000000 0.719192 266.000000
 56.500000 0.725442 261.418832 0.000000 0.000000 0.000000 0.000000 0.725442 274.000000
 56.750000 0.727882 261.153168 0.000000 0.000000 0.000000 0.000000 0.727882 269.000000
 57.000000 0.719936 250.448883 0.000000 0.000000 0.000000 0.000000 0.719936 262.000000
 57.250000 0.731990 261.938555 0.000000 0.000000 0.000000 0.000000 0.731990 273.000000
 57.500000 0.721112 250.541805 0.000000 0.000000 0.000000 0.000000 0.721112 262.000000
 57.750000 0.712021 246.428455 0.000000 0.000000 0.000000 0.000000 0.712021 260.000000
 58.000000 0.719654 255.094248 0.000000 0.000000 0.000000 0.000000 0.719654 263.000000
 58.250000 0.718993 251.084409 0.000000 0.000000 0.000000 0.000000 0.718993 266.000000
 58.500000 0.720479 251.340392 0.000000 0.000000 0.000000 0.000000 0.720479 265.000000
 58.750000 0.715310 246.897343 0.000000 0.000000 0.000000 0.000000 0.715310 261.000000
 59.000000 0.719125 248.232844 0.000000 0.000000 0.000000 0.000000 0.719125 260.000000
 59.250000 0.721325 249.392633 0.000000 0.000000 0.000000 0.000000 0.721325 259.000000
 59.500000 0.711749 246.249708 0.000000 0.000000 0.000000 0.000000 0.711749 262.000000
 59.750000 0.713414 246.215011 0.000000 0.000000 0.000000 0.000000 0.713414 262.000000
 60.000000 0.719347 255.614158 0.000000 0.000000 0.000000 0.000000 0.719347 272.000000
 60.250000 0.719424 251.282408 0.000000 0.000000 0.000000 0.000000 0.719424 265.000000
 60.500000 0.720876 252.061068 0.000000 0.000000 0.000000 0.000000 0.720876 265.000000
 60.750000 0.719375 251.457937 0.000000 0.000000 0.000000 0.000000 0.719375 265.000000
 61.000000 0.721749 252.214612 0.000000 0.000000 0.000000 0.000000 0.721749 267.000000
 61.250000 0.724302 258.427290 0.000000 0.000000 0.000000 0.000000 0.724302 268.000000
 61.500000 0.726547 256.523057 0.000000 0.000000 0.000000 0.000000 0.726547 265.000000
 61.750000 0.732164 263.467926 0.000000 0.000000 0.000000 0.000000 0.732164 271.000000
 62.000000 0.731737 262.130416 0.000000 0.000000 0.000000 0.000000 0.731737 270.000000
 62.250000 0.727259 260.235115 0.000000 0.000000 0.000000 0.000000 0.727259 269.000000
 62.500000 0.726893 260.703845 0.000000 0.000000 0.000000 0.000000 0.726893 273.000000
 62.750000 0.729081 261.357839 0.000000 0.000000 0.000000 0.000000 0.729081 265.000000
 63.000000 0.726332 257.314466 0.000000 0.000000 0.000000 0.000000 0.726332 270.000000
 63.250000 0.732754 260.778112 0.000000 0.000000 0.000000 0.000000 0.732754 269.000000
 63.500000 0.729742 259.124375 0.000000 0.000000 0.000000 0.000000 0.729742 267.000000
 63.750000 0.734518 267.132918 0.000000 0.000000 0.000000 0.000000 0.734518 275.000000
 64.000000 0.724591 255.586111 0.000000 0.000000 0.000000 0.000000 0.724591 266.000000
 64.250000 0.736443 265.427059 0.000000 0.000000 0.000000 0.000000 0.736443 273.000000
 64.500000 0.745137 271.460510 0.000000 0.000000 0.000000 0.000000 0.745137 275.000000
 64.750000 0.738180 263.687943 0.000000 0.000000 0.000000 0.000000 0.738180 270.000000
 65.000000 0.740136 265.986491 0.000000 0.000000 0.000000 0.000000 0.740136 276.000000
 65.250000 0.737028 263.992380 0.000000 0.000000 0.000000 0.000000 0.737028 271.000000
 65.500000 0.736630 263.229812 0.000000 0.000000 0.000000 0.000000 0.736630 269.000000
 65.750000 0.730186 258.448800 0.000000 0.000000 0.000000 0.000000 0.730186 268.000000
 66.000000 0.728166 256.857331 0.000000 0.000000 0.000000 0.000000 0.728166 264.000000
 66.250000 0.729218 257.286779 0.000000 0.000000 0.000000 0.000000 0.729218 265.000000
 66.500000 0.723719 254.434926 0.000000 0.000000 0.000000 0.000000 0.723719 268.000000
 66.750000 0.733742 261.648373 0.000000 0.000000 0.000000 0.000000 0.733742 269.000000
 67.000000 0.726929 257.214059 0.000000 0.000000 0.000000 0.000000 0.726929 263.000000
 67.250000 0.719859 249.192936 0.000000 0.000000 0.000000 0.000000 0.719859 260.000000
 67.500000 0.728373 256.543931 0.000000 0.000000 0.000000 0.000000 0.728373 266.000000
 67.750000 0.724524 256.611466 0.000000 0.000000 0.000000 0.000000 0.724524 271.000000
 68.000000 0.722206 257.829289 0.000000 0.000000 0.000000 0.000000 0.722206 273.000000
 68.250000 0.731794 263.294937 0.000000 0.000000 0.000000 0.000000 0.731794 270.000000
 68.500000 0.729388 260.118177 0.000000 0.000000 0.000000 0.000000 0.729388 269.000000
 68.750000 0.736913 266.705967 0.000000 0.000000 0.000000 0.000000 0.736913 276.000000
 69.000000 0.728725 259.951465 0.000000 0.000000 0.000000 0.000000 0.728725 275.000000
 69.250000 0.733421 264.534384 0.000000 0.000000 0.000000 0.000000 0.733421 274.000000
 69.500000 0.737528 270.032770 0.000000 0.000000 0.000000 0.000000 0.737528 283.000000
 69.750000 0.729075 263.502823 0.000000 0.000000 0.000000 0.000000 0.729075 279.000000
 70.000000 0.730807 262.402825 0.000000 0.000000 0.000000 0.000000 0.730807 272.000000
 70.250000 0.730680 262.151899 0.000000 0.000000 0.000000 0.000000 0.730680 273.562487
 70.500000 0.738759 270.007522 0.000000 0.000000 0.000000 0.000000 0.738759 281.000000
 70.750000 0.737146 270.580049 0.000000 0.000000 0.000000 0.000000 0.737146 284.000000
 71.000000 0.736629 272.711675 0.000000 0.000000 0.000000 0.000000 0.736629 284.000000
 71.250000 0.738665 272.321181 0.000000 0.000000 0.000000 0.000000 0.738665 280.000000
 71.500000 0.731218 263.510562 0.000000 0.000000 0.000000 0.000000 0.731218 278.000000
 71.750000 0.736619 267.728837 0.000000 0.000000 0.000000 0.000000 0.736619 280.000000
 72.000000 0.731906 262.397347 0.000000 0.000000 0.000000 0.000000 0.731906 271.000000
 72.250000 0.736944 264.599375 0.000000 0.000000 0.000000 0.000000 0.736944 278.000000
 72.500000 0.731063 260.608490 0.000000 0.000000 0.000000 0.000000 0.731063 273.000000
 72.750000 0.729371 260.692288 0.000000 0.000000 0.000000 0.000000 0.729371 271.000000
 73.000000 0.729409 260.789506 0.000000 0.000000 0.000000 0.000000 0.729409 273.000000
 73.250000 0.728650 259.741384 0.000000 0.000000 0.000000 0.000000 0.728650 271.000000
 73.500000 0.731117 266.245526 0.000000 0.000000 0.000000 0.000000 0.731117 275.000000
 73.750000 0.736355 265.631159 0.000000 0.000000 0.000000 0.000000 0.736355 276.000000
 74.000000 0.729254 259.805600 0.000000 0.000000 0.000000 0.000000 0.729254 273.000000
 74.250000 0.730023 259.668737 0.000000 0.000000 0.000000 0.000000 0.730023 269.000000
 74.500000 0.726700 257.390501 0.000000 0.000000 0.000000 0.000000 0.726700 270.000000
 74.750000 0.721948 249.742115 0.000000 0.000000 0.000000 0.000000 0.721948 259.000000
 75.000000 0.725826 259.960754 0.000000 0.000000 0.000000 0.000000 0.725826 267.000000
 75.250000 0.726914 256.196454 0.000000 0.000000 0.000000 0.000000 0.726914 262.000000
 75.500000 0.735135 263.692878 0.000000 0.000000 0.000000 0.000000 0.735135 273.000000
 75.750000 0.740492 269.897567 0.000000 0.000000 0.000000 0.000000 0.740492 282.000000
 76.000000 0.732622 264.340182 0.000000 0.000000 0.000000 0.000000 0.732622 273.000000
 76.250000 0.727567 258.602921 0.000000 0.000000 0.000000 0.000000 0.727567 268.000000
 76.500000 0.731341 264.378064 0.000000 0.000000 0.000000 0.000000 0.731341 275.000000
 76.750000 0.724381 256.120947 0.000000 0.000000 0.000000 0.000000 0.724381 267.151458
 77.000000 0.725328 254.924261 0.000000 0.000000 0.000000 0.000000 0.725328 266.000000
 77.250000 0.730183 260.256051 0.000000 0.000000 0.000000 0.000000 0.730183 268.000000
 77.500000 0.731218 263.034551 0.000000 0.000000 0.000000 0.000000 0.731218 270.000000
 77.750000 0.724479 255.731416 0.000000 0.000000 0.000000 0.000000 0.724479 269.000000
 78.000000 0.725531 258.046498 0.000000 0.000000 0.000000 0.000000 0.725531 272.000000
 78.250000 0.731359 267.049928 0.000000 0.000000 0.000000 0.000000 0.731359 282.000000
 78.500000 0.724559 261.887520 0.000000 0.000000 0.000000 0.000000 0.724559 275.000000
 78.750000 0.725679 256.818002 0.000000 0.000000 0.000000 0.000000 0.725679 268.000000
 79.000000 0.725911 258.893600 0.000000 0.000000 0.000000 0.000000 0.725911 273.000000
 79.250000 0.720469 254.202591 0.000000 0.000000 0.000000 0.000000 0.720469 267.000000
 79.500000 0.724610 255.702464 0.000000 0.000000 0.000000 0.000000 0.724610 265.000000
 79.750000 0.723902 255.413639 0.000000 0.000000 0.000000 0.000000 0.723902 271.000000
 80.000000 0.725321 256.809818 0.000000 0.000000 0.000000 0.000000 0.725321 271.000000
 80.250000 0.728971 260.708754 0.000000 0.000000 0.000000 0.000000 0.728971 273.000000
 80.500000 0.728431 260.661879 0.000000 0.000000 0.000000 0.000000 0.728431 273.000000
 80.750000 0.723333 257.966378 0.000000 0.000000 0.000000 0.000000 0.723333 267.000000
 81.000000 0.717338 255.667860 0.000000 0.000000 0.000000 0.000000 0.717338 267.000000
 81.250000 0.719732 259.885309 0.000000 0.000000 0.000000 0.000000 0.719732 274.000000
 81.500000 0.721684 258.201705 0.000000 0.000000 0.000000 0.000000 0.721684 269.000000
 81.750000 0.730096 267.025922 0.000000 0.000000 0.000000 0.000000 0.730096 276.000000
 82.000000 0.734603 268.655569 0.000000 0.000000 0.000000 0.000000 0.734603 281.000000
 82.250000 0.732971 267.660601 0.000000 0.000000 0.000000 0.000000 0.732971 278.000000
 82.500000 0.737219 268.998119 0.000000 0.000000 0.000000 0.000000 0.737219 277.000000
 82.750000 0.731098 263.227527 0.000000 0.000000 0.000000 0.000000 0.731098 273.000000
 83.000000 0.728882 260.273925 0.000000 0.000000 0.000000 0.000000 0.728882 274.000000
 83.250000 0.722051 258.089461 0.000000 0.000000 0.000000 0.000000 0.722051 272.000000
 83.500000 0.729794 261.818955 0.000000 0.000000 0.000000 0.000000 0.729794 275.000000
 83.750000 0.726956 258.420546 0.000000 0.000000 0.000000 0.000000 0.726956 268.000000
 84.000000 0.731970 260.331989 0.000000 0.000000 0.000000 0.000000 0.731970 273.000000
 84.250000 0.723779 256.615246 0.000000 0.000000 0.000000 0.000000 0.723779 268.000000
 84.500000 0.721683 254.509681 0.000000 0.000000 0.000000 0.000000 0.721683 266.000000
 84.750000 0.716819 250.971172 0.000000 0.000000 0.000000 0.000000 0.716819 265.000000
 85.000000 0.724165 255.484226 0.000000 0.000000 0.000000 0.000000 0.724165 269.000000
 85.250000 0.712900 248.164328 0.000000 0.000000 0.000000 0.000000 0.712900 267.000000
 85.500000 0.717405 252.166698 0.000000 0.000000 0.000000 0.000000 0.717405 266.000000
 85.750000 0.720609 253.665371 0.000000 0.000000 0.000000 0.000000 0.720609 270.000000
 86.000000 0.719360 249.572277 0.000000 0.000000 0.000000 0.000000 0.719360 263.000000
 86.250000 0.720402 249.020033 0.000000 0.000000 0.000000 0.000000 0.720402 260.000000
 86.500000 0.724861 252.167651 0.000000 0.000000 0.000000 0.000000 0.724861 262.000000
 86.750000 0.719350 247.540018 0.000000 0.000000 0.000000 0.000000 0.719350 262.000000
 87.000000 0.722077 250.929762 0.000000 0.000000 0.000000 0.000000 0.722077 265.000000
 87.250000 0.725984 256.071064 0.000000 0.000000 0.000000 0.000000 0.725984 267.238289
 87.500000 0.721384 250.562136 0.000000 0.000000 0.000000 0.000000 0.721384 259.000000
 87.750000 0.718938 247.498096 0.000000 0.000000 0.000000 0.000000 0.718938 262.000000
 88.000000 0.716451 246.050317 0.000000 0.000000 0.000000 0.000000 0.716451 264.000000
 88.250000 0.720436 251.407746 0.000000 0.000000 0.000000 0.000000 0.720436 268.000000
 88.500000 0.718124 248.546786 0.000000 0.000000 0.000000 0.000000 0.718124 265.000000
 88.750000 0.715448 246.027555 0.000000 0.000000 0.000000 0.000000 0.715448 265.000000
 89.000000 0.721104 250.740294 0.000000 0.000000 0.000000 0.000000 0.721104 268.000000
 89.250000 0.720906 246.194742 0.000000 0.000000 0.000000 0.000000 0.720906 259.000000
 89.500000 0.716378 244.717553 0.000000 0.000000 0.000000 0.000000 0.716378 255.000000
 89.750000 0.713993 245.175015 0.000000 0.000000 0.000000 0.000000 0.713993 260.000000
 90.000000 0.714733 250.958370 0.000000 0.000000 0.000000 0.000000 0.714733 270.000000
 90.250000 0.719616 251.680470 0.000000 0.000000 0.000000 0.000000 0.719616 269.000000
 90.500000 0.720975 249.060090 0.000000 0.000000 0.000000 0.000000 0.720975 263.000000
 90.750000 0.719471 250.189128 0.000000 0.000000 0.000000 0.000000 0.719471 266.000000
 91.000000 0.712876 241.474467 0.000000 0.000000 0.000000 0.000000 0.712876 254.000000
 91.250000 0.713376 242.974331 0.000000 0.000000 0.000000 0.000000 0.713376 256.000000
 91.500000 0.717074 245.258675 0.000000 0.000000 0.000000 0.000000 0.717074 258.000000
 91.750000 0.713355 241.086252 0.000000 0.000000 0.000000 0.000000 0.713355 254.000000
 92.000000 0.720909 248.017861 0.000000 0.000000 0.000000 0.000000 0.720909 259.000000
 92.250000 0.720758 248.226188 0.000000 0.000000 0.000000 0.000000 0.720758 259.000000
 92.500000 0.715622 243.416200 0.000000 0.000000 0.000000 0.000000 0.715622 254.000000
 92.750000 0.718903 246.801526 0.000000 0.000000 0.000000 0.000000 0.718903 262.000000
 93.000000 0.720038 244.585335 0.000000 0.000000 0.000000 0.000000 0.720038 249.000000
 93.250000 0.716739 244.394492 0.000000 0.000000 0.000000 0.000000 0.716739 253.000000
 93.500000 0.712086 239.972995 0.000000 0.000000 0.000729 0.002917 0.712086 251.000000
 93.750000 0.712748 240.803202 0.000000 0.000000 0.000000 0.000000 0.712748 250.000000
 94.000000 0.717600 244.421873 0.000000 0.000000 0.000000 0.000000 0.717600 255.000000
 94.250000 0.714233 238.673915 0.000000 0.000000 1.758500 7.034001 0.714233 252.000000
 94.500000 0.717299 241.004216 0.000000 0.000000 0.000000 0.000000 0.717299 249.000000
 94.750000 0.718236 242.470088 0.000000 0.000000 0.000000 0.000000 0.718236 256.000000
 95.000000 0.713662 241.210705 0.000000 0.000000 0.000000 0.000000 0.713662 254.000000
 95.250000 0.719125 247.938646 0.000000 0.000000 0.000000 0.000000 0.719125 260.000000
 95.500000 0.713625 240.854446 0.000000 0.000000 0.000000 0.000000 0.713625 251.000000
 95.750000 0.724657 252.916639 0.000000 0.000000 0.000000 0.000000 0.724657 262.000000
 96.000000 0.728286 255.135083 0.000000 0.000000 0.000000 0.000000 0.728286 267.000000
 96.250000 0.712115 240.899392 0.000000 0.000000 0.000000 0.000000 0.712115 259.000000
 96.500000 0.714934 244.142703 0.000000 0.000000 0.000000 0.000000 0.714934 255.000000
 96.750000 0.719830 248.744213 0.000000 0.000000 0.000000 0.000000 0.719830 264.000000
 97.000000 0.720932 253.814323 0.000000 0.000000 0.000000 0.000000 0.720932 267.000000
 97.250000 0.721952 252.116010 0.000000 0.000000 0.000000 0.000000 0.721952 264.000000
 97.500000 0.720082 247.036581 0.000000 0.000000 0.000000 0.000000 0.720082 258.000000
 97.750000 0.716927 246.353587 0.000000 0.000000 0.000000 0.000000 0.716927 263.000000
 98.000000 0.711985 241.275673 0.000000 0.000000 0.000000 0.000000 0.711985 256.000000
 98.250000 0.717535 247.610719 0.000000 0.000000 0.000000 0.000000 0.717535 259.000000
 98.500000 0.713542 242.898912 0.000000 0.000000 0.000000 0.000000 0.713542 256.000000
 98.750000 0.717793 247.449174 0.000000 0.000000 0.000000 0.000000 0.717793 260.000000
 99.000000 0.719191 249.338740 0.000000 0.000000 0.000000 0.000000 0.719191 264.000000
 99.250000 0.719475 249.432740 0.000000 0.000000 0.000000 0.000000 0.719475 265.000000
 99.500000 0.716661 245.957489 0.000000 0.000000 0.000000 0.000000 0.716661 260.000000
 99.750000 0.719291 248.017608 0.000000 0.000000 0.000000 0.000000 0.719291 263.000000
 100.000000 0.716205 247.198489 0.000000 0.000000 0.000000 0.000000 0.716205 263.000000
 100.250000 0.713958 243.766532 0.000000 0.000000 0.000000 0.000000 0.713958 257.000000
 100.500000 0.724371 254.785849 0.000000 0.000000 0.000000 0.000000 0.724371 268.000000
