#! FIELDS time refcv.mean refcv.morethan uwall.bias uwall.force2 lwall.bias lwall.force2 refcv2.mean refcv2.morethan
 0.500000 0.722175 672.567822 0.000000 0.000000 0.000000 0.000000 0.722175 669.000000
 0.750000 0.727843 697.650718 0.000000 0.000000 0.000000 0.000000 0.727843 697.000000
 1.000000 0.730739 701.328388 0.000000 0.000000 0.000000 0.000000 0.730739 700.000000
 1.250000 0.726039 689.976867 0.000000 0.000000 0.000000 0.000000 0.726039 696.000000
 1.500000 0.725369 692.139100 0.000000 0.000000 0.000000 0.000000 0.725369 692.000000
 1.750000 0.726161 694.681687 0.000000 0.000000 0.000000 0.000000 0.726161 694.000000
 2.000000 0.728953 705.543126 0.000000 0.000000 0.000000 0.000000 0.728953 707.000000
 2.250000 0.729751 707.427754 0.000000 0.000000 0.000000 0.000000 0.729751 704.000000
 2.500000 0.733987 710.332614 0.110632 0.442529 0.000000 0.000000 0.733987 709.000000
 2.750000 0.732857 706.958270 0.000000 0.000000 0.000000 0.000000 0.732857 702.000000
 3.000000 0.729417 707.622700 0.000000 0.000000 0.000000 0.000000 0.729417 707.000000
 3.250000 0.732156 701.690648 0.000000 0.000000 0.000000 0.000000 0.732156 699.000000
 3.500000 0.733135 708.300169 0.000000 0.000000 0.000000 0.000000 0.733135 707.000000
 3.750000 0.733151 706.983582 0.000000 0.000000 0.000000 0.000000 0.733151 706.000000
 4.000000 0.729808 701.700644 0.000000 0.000000 0.000000 0.000000 0.729808 699.000000
 4.250000 0.737278 709.270687 0.000000 0.000000 0.000000 0.000000 0.737278 703.000000
 4.500000 0.734075 699.232900 0.000000 0.000000 0.000000 0.000000 0.734075 693.000000
 4.750000 0.729884 697.269463 0.000000 0.000000 0.000000 0.000000 0.729884 694.000000
 5.000000 0.731386 711.062061 1.127974 4.511894 0.000000 0.000000 0.731386 703.000000
 5.250000 0.735972 709.546776 0.000000 0.000000 0.000000 0.000000 0.735972 708.000000
 5.500000 0.735859 707.990603 0.000000 0.000000 0.000000 0.000000 0.735859 705.000000
 5.750000 0.726493 695.425799 0.000000 0.000000 0.000000 0.000000 0.726493 691.000000
 6.000000 0.729896 701.113117 0.000000 0.000000 0.000000 0.000000 0.729896 692.000000
 6.250000 0.725666 686.560310 0.000000 0.000000 0.000000 0.000000 0.725666 681.000000
 6.500000 0.729125 697.513615 0.000000 0.000000 0.000000 0.000000 0.729125 692.000000
 6.750000 0.727374 690.276683 0.000000 0.000000 0.000000 0.000000 0.727374 693.000000
 7.000000 0.721396 683.752367 0.000000 0.000000 0.000000 0.000000 0.721396 692.000000
 7.250000 0.731437 693.363315 0.000000 0.000000 0.000000 0.000000 0.731437 686.000000
 7.500000 0.730335 694.908196 0.000000 0.000000 0.000000 0.000000 0.730335 689.000000
 7.750000 0.730012 696.684435 0.000000 0.000000 0.000000 0.000000 0.730012 686.000000
 8.000000 0.728326 692.616396 0.000000 0.000000 0.000000 0.000000 0.728326 699.000000
 8.250000 0.731536 693.129075 0.000000 0.000000 0.000000 0.000000 0.731536 684.000000
 8.500000 0.731063 695.810783 0.000000 0.000000 0.000000 0.000000 0.731063 694.000000
 8.750000 0.732798 705.559992 0.000000 0.000000 0.000000 0.000000 0.732798 703.000000
 9.000000 0.729746 696.535317 0.000000 0.000000 0.000000 0.000000 0.729746 691.000000
 9.250000 0.729226 700.556274 0.000000 0.000000 0.000000 0.000000 0.729226 702.000000
 9.500000 0.728642 695.306278 0.000000 0.000000 0.000000 0.000000 0.728642 696.000000
 9.750000 0.726614 686.067716 0.000000 0.000000 0.000000 0.000000 0.726614 682.000000
 10.000000 0.721061 684.983340 0.000000 0.000000 0.000000 0.000000 0.721061 691.000000
 10.250000 0.720896 678.763174 0.000000 0.000000 0.000000 0.000000 0.720896 673.000000
 10.500000 0.721390 670.286399 0.000000 0.000000 0.000000 0.000000 0.721390 674.000000
 10.750000 0.725500 692.406094 0.000000 0.000000 0.000000 0.000000 0.725500 690.000000
 11.000000 0.725853 672.166679 0.000000 0.000000 0.000000 0.000000 0.725853 661.000000
 11.250000 0.729642 692.639933 0.000000 0.000000 0.000000 0.000000 0.729642 691.000000
 11.500000 0.716037 660.620734 0.000000 0.000000 0.000000 0.000000 0.716037 656.000000
 11.750000 0.724435 682.893747 0.000000 0.000000 0.000000 0.000000 0.724435 682.000000
 12.000000 0.728016 673.244966 0.000000 0.000000 0.000000 0.000000 0.728016 666.000000
 12.250000 0.724445 672.335512 0.000000 0.000000 0.000000 0.000000 0.724445 664.000000
 12.500000 0.726260 692.672332 0.000000 0.000000 0.000000 0.000000 0.726260 693.000000
 12.750000 0.723590 673.687073 0.000000 0.000000 0.000000 0.000000 0.723590 670.000000
 13.000000 0.725610 680.838115 0.000000 0.000000 0.000000 0.000000 0.725610 671.000000
 13.250000 0.720792 663.233514 0.000000 0.000000 0.000000 0.000000 0.720792 659.000000
 13.500000 0.726500 683.018845 0.000000 0.000000 0.000000 0.000000 0.726500 682.000000
 13.750000 0.721297 665.696759 0.000000 0.000000 0.000000 0.000000 0.721297 665.000000
 14.000000 0.726492 695.001862 0.000000 0.000000 0.000000 0.000000 0.726492 695.000000
 14.250000 0.726840 686.245927 0.000000 0.000000 0.000000 0.000000 0.726840 683.000000
 14.500000 0.726422 689.618821 0.000000 0.000000 0.000000 0.000000 0.726422 686.000000
 14.750000 0.728651 692.341600 0.000000 0.000000 0.000000 0.000000 0.728651 686.000000
 15.000000 0.731815 700.370516 0.000000 0.000000 0.000000 0.000000 0.731815 696.000000
 15.250000 0.731575 704.101621 0.000000 0.000000 0.000000 0.000000 0.731575 709.000000
 15.500000 0.727001 695.576293 0.000000 0.000000 0.000000 0.000000 0.727001 693.000000
 15.750000 0.731719 705.826717 0.000000 0.000000 0.000000 0.000000 0.731719 703.000000
 16.000000 0.730702 704.926620 0.000000 0.000000 0.000000 0.000000 0.730702 704.000000
 16.250000 0.732456 700.898026 0.000000 0.000000 0.000000 0.000000 0.732456 697.000000
 16.500000 0.730569 694.853210 0.000000 0.000000 0.000000 0.000000 0.730569 693.000000
 16.750000 0.734565 706.942044 0.000000 0.000000 0.000000 0.000000 0.734565 702.000000
 17.000000 0.732966 707.322740 0.000000 0.000000 0.000000 0.000000 0.732966 708.000000
 17.250000 0.730900 704.479796 0.000000 0.000000 0.000000 0.000000 0.730900 702.000000
 17.500000 0.733933 707.343239 0.000000 0.000000 0.000000 0.000000 0.733933 697.000000
 17.750000 0.733573 709.541108 0.000000 0.000000 0.000000 0.000000 0.733573 709.000000
 18.000000 0.727311 696.729467 0.000000 0.000000 0.000000 0.000000 0.727311 694.000000
 18.250000 0.730119 704.874761 0.000000 0.000000 0.000000 0.000000 0.730119 704.000000
 18.500000 0.735555 711.648230 2.716663 10.866652 0.000000 0.000000 0.735555 711.000000
 18.750000 0.729629 704.538157 0.000000 0.000000 0.000000 0.000000 0.729629 702.000000
 19.000000 0.729420 704.985430 0.000000 0.000000 0.000000 0.000000 0.729420 706.000000
 19.250000 0.725778 697.110844 0.000000 0.000000 0.000000 0.000000 0.725778 692.000000
 19.500000 0.732976 710.896660 0.803999 3.215994 0.000000 0.000000 0.732976 705.000000
 19.750000 0.728703 700.641780 0.000000 0.000000 0.000000 0.000000 0.728703 697.000000
 20.000000 0.733624 710.554758 0.307756 1.231025 0.000000 0.000000 0.733624 712.000000
 20.250000 0.728203 695.051088 0.000000 0.000000 0.000000 0.000000 0.728203 696.000000
 20.500000 0.732615 706.849288 0.000000 0.000000 0.000000 0.000000 0.732615 701.000000
 20.750000 0.729051 695.947198 0.000000 0.000000 0.000000 0.000000 0.729051 693.000000
 21.000000 0.736566 709.958223 0.000000 0.000000 0.000000 0.000000 0.736566 710.000000
 21.250000 0.733114 704.655819 0.000000 0.000000 0.000000 0.000000 0.733114 701.000000
 21.500000 0.731012 706.442007 0.000000 0.000000 0.000000 0.000000 0.731012 709.000000
 21.750000 0.731756 704.482676 0.000000 0.000000 0.000000 0.000000 0.731756 705.000000
 22.000000 0.727292 694.648260 0.000000 0.000000 0.000000 0.000000 0.727292 695.000000
 22.250000 0.727771 687.091215 0.000000 0.000000 0.000000 0.000000 0.727771 684.000000
 22.500000 0.732203 699.740443 0.000000 0.000000 0.000000 0.000000 0.732203 696.000000
 22.750000 0.734412 704.963957 0.000000 0.000000 0.000000 0.000000 0.734412 702.000000
 23.000000 0.725982 691.292554 0.000000 0.000000 0.000000 0.000000 0.725982 692.000000
 23.250000 0.731560 703.583940 0.000000 0.000000 0.000000 0.000000 0.731560 707.000000
 23.500000 0.733506 706.125504 0.000000 0.000000 0.000000 0.000000 0.733506 705.000000
 23.750000 0.731770 705.581025 0.000000 0.000000 0.000000 0.000000 0.731770 705.000000
 24.000000 0.733877 709.394815 0.000000 0.000000 0.000000 0.000000 0.733877 710.000000
 24.250000 0.728697 694.005549 0.000000 0.000000 0.000000 0.000000 0.728697 690.000000
 24.500000 0.735043 710.499453 0.249453 0.997812 0.000000 0.000000 0.735043 702.000000
 24.750000 0.730875 692.847235 0.000000 0.000000 0.000000 0.000000 0.730875 688.000000
 25.000000 0.725630 689.993752 0.000000 0.000000 0.000000 0.000000 0.725630 691.000000
 25.250000 0.731958 697.622366 0.000000 0.000000 0.000000 0.000000 0.731958 698.000000
 25.500000 0.727446 686.238104 0.000000 0.000000 0.000000 0.000000 0.727446 681.000000
 25.750000 0.732844 706.083825 0.000000 0.000000 0.000000 0.000000 0.732844 694.000000
 26.000000 0.735820 709.803608 0.000000 0.000000 0.000000 0.000000 0.735820 710.000000
 26.250000 0.733976 704.974094 0.000000 0.000000 0.000000 0.000000 0.733976 703.000000
 26.500000 0.727659 697.449569 0.000000 0.000000 0.000000 0.000000 0.727659 696.000000
 26.750000 0.731435 702.053746 0.000000 0.000000 0.000000 0.000000 0.731435 702.000000
 27.000000 0.732908 708.544077 0.000000 0.000000 0.000000 0.000000 0.732908 704.000000
 27.250000 0.730834 701.843821 0.000000 0.000000 0.000000 0.000000 0.730834 699.000000
 27.500000 0.728829 695.804296 0.000000 0.000000 0.000000 0.000000 0.728829 693.000000
 27.750000 0.730166 701.649603 0.000000 0.000000 0.000000 0.000000 0.730166 698.000000
 28.000000 0.727552 694.458177 0.000000 0.000000 0.000000 0.000000 0.727552 691.000000
 28.250000 0.728145 690.887246 0.000000 0.000000 0.000000 0.000000 0.728145 691.000000
 28.500000 0.732815 710.128683 0.016559 0.066238 0.000000 0.000000 0.732815 707.000000
 28.750000 0.732984 708.991385 0.000000 0.000000 0.000000 0.000000 0.732984 709.000000
 29.000000 0.730005 705.112107 0.000000 0.000000 0.000000 0.000000 0.730005 704.000000
 29.250000 0.722249 687.008464 0.000000 0.000000 0.000000 0.000000 0.722249 687.000000
 29.500000 0.725107 691.952668 0.000000 0.000000 0.000000 0.000000 0.725107 691.000000
 29.750000 0.725333 690.290391 0.000000 0.000000 0.000000 0.000000 0.725333 689.000000
 30.000000 0.730526 692.588204 0.000000 0.000000 0.000000 0.000000 0.730526 688.000000
 30.250000 0.731484 692.244879 0.000000 0.000000 0.000000 0.000000 0.731484 691.000000
 30.500000 0.730770 696.527733 0.000000 0.000000 0.000000 0.000000 0.730770 691.000000
 30.750000 0.721311 677.278289 0.000000 0.000000 0.000000 0.000000 0.721311 670.000000
 31.000000 0.725152 687.005424 0.000000 0.000000 0.000000 0.000000 0.725152 686.000000
 31.250000 0.727951 684.295773 0.000000 0.000000 0.000000 0.000000 0.727951 681.000000
 31.500000 0.722229 672.912195 0.000000 0.000000 0.000000 0.000000 0.722229 667.000000
 31.750000 0.723873 673.461537 0.000000 0.000000 0.000000 0.000000 0.723873 669.000000
 32.000000 0.726977 678.362273 0.000000 0.000000 0.000000 0.000000 0.726977 673.000000
 32.250000 0.725270 682.791915 0.000000 0.000000 0.000000 0.000000 0.725270 675.000000
 32.500000 0.725387 686.953134 0.000000 0.000000 0.000000 0.000000 0.725387 689.000000
 32.750000 0.719885 668.008933 0.000000 0.000000 0.000000 0.000000 0.719885 661.000000
 33.000000 0.728886 693.413862 0.000000 0.000000 0.000000 0.000000 0.728886 690.000000
 33.250000 0.724248 687.789291 0.000000 0.000000 0.000000 0.000000 0.724248 686.000000
 33.500000 0.727014 694.047474 0.000000 0.000000 0.000000 0.000000 0.727014 694.000000
 33.750000 0.728573 699.300724 0.000000 0.000000 0.000000 0.000000 0.728573 693.000000
 34.000000 0.729815 696.828467 0.000000 0.000000 0.000000 0.000000 0.729815 690.000000
 34.250000 0.730613 699.204838 0.000000 0.000000 0.000000 0.000000 0.730613 692.000000
 34.500000 0.730847 702.489504 0.000000 0.000000 0.000000 0.000000 0.730847 700.000000
 34.750000 0.730177 699.125834 0.000000 0.000000 0.000000 0.000000 0.730177 696.000000
 35.000000 0.734468 707.339255 0.000000 0.000000 0.000000 0.000000 0.734468 699.000000
 35.250000 0.731295 708.255922 0.000000 0.000000 0.000000 0.000000 0.731295 707.000000
 35.500000 0.729447 699.519538 0.000000 0.000000 0.000000 0.000000 0.729447 697.000000
 35.750000 0.733032 706.838116 0.000000 0.000000 0.000000 0.000000 0.733032 699.000000
 36.000000 0.732819 704.384085 0.000000 0.000000 0.000000 0.000000 0.732819 702.000000
 36.250000 0.731331 703.287398 0.000000 0.000000 0.000000 0.000000 0.731331 703.000000
 36.500000 0.735677 709.976045 0.000000 0.000000 0.000000 0.000000 0.735677 706.000000
 36.750000 0.734284 711.196160 1.430800 5.723198 0.000000 0.000000 0.734284 708.000000
 37.000000 0.727325 697.733679 0.000000 0.000000 0.000000 0.000000 0.727325 701.000000
 37.250000 0.735156 711.267760 1.607216 6.428865 0.000000 0.000000 0.735156 710.000000
 37.500000 0.731223 702.976635 0.000000 0.000000 0.000000 0.000000 0.731223 698.000000
 37.750000 0.734459 706.156051 0.000000 0.000000 0.000000 0.000000 0.734459 704.000000
 38.000000 0.729947 701.817127 0.000000 0.000000 0.000000 0.000000 0.729947 703.000000
 38.250000 0.725576 691.879047 0.000000 0.000000 0.000000 0.000000 0.725576 690.000000
 38.500000 0.727834 701.893119 0.000000 0.000000 0.000000 0.000000 0.727834 701.000000
 38.750000 0.732438 701.379494 0.000000 0.000000 0.000000 0.000000 0.732438 698.000000
 39.000000 0.725833 690.104272 0.000000 0.000000 0.000000 0.000000 0.725833 693.000000
 39.250000 0.732133 702.721989 0.000000 0.000000 0.000000 0.000000 0.732133 693.000000
 39.500000 0.733051 698.922686 0.000000 0.000000 0.000000 0.000000 0.733051 695.000000
 39.750000 0.728450 698.292991 0.000000 0.000000 0.000000 0.000000 0.728450 700.000000
 40.000000 0.723452 684.143393 0.000000 0.000000 0.000000 0.000000 0.723452 683.000000
 40.250000 0.728912 697.762561 0.000000 0.000000 0.000000 0.000000 0.728912 700.000000
 40.500000 0.730758 701.841482 0.000000 0.000000 0.000000 0.000000 0.730758 698.000000
 40.750000 0.729003 702.005016 0.000000 0.000000 0.000000 0.000000 0.729003 701.000000
 41.000000 0.728290 694.394387 0.000000 0.000000 0.000000 0.000000 0.728290 686.000000
 41.250000 0.724663 686.068570 0.000000 0.000000 0.000000 0.000000 0.724663 681.000000
 41.500000 0.717497 669.534689 0.000000 0.000000 0.000000 0.000000 0.717497 674.000000
 41.750000 0.718184 676.408925 0.000000 0.000000 0.000000 0.000000 0.718184 672.000000
 42.000000 0.719805 673.772674 0.000000 0.000000 0.000000 0.000000 0.719805 670.000000
 42.250000 0.717372 665.978964 0.000000 0.000000 0.000000 0.000000 0.717372 663.000000
 42.500000 0.728765 684.027965 0.000000 0.000000 0.000000 0.000000 0.728765 681.000000
 42.750000 0.726250 687.253335 0.000000 0.000000 0.000000 0.000000 0.726250 684.000000
 43.000000 0.725459 684.383030 0.000000 0.000000 0.000000 0.000000 0.725459 686.000000
 43.250000 0.726108 678.091811 0.000000 0.000000 0.000000 0.000000 0.726108 672.000000
 43.500000 0.726653 675.910045 0.000000 0.000000 0.000000 0.000000 0.726653 670.000000
 43.750000 0.723121 681.079172 0.000000 0.000000 0.000000 0.000000 0.723121 684.000000
 44.000000 0.723603 678.746115 0.000000 0.000000 0.000000 0.000000 0.723603 674.000000
 44.250000 0.724202 674.273492 0.000000 0.000000 0.000000 0.000000 0.724202 665.000000
 44.500000 0.726249 689.436953 0.000000 0.000000 0.000000 0.000000 0.726249 691.000000
 44.750000 0.731125 701.137870 0.000000 0.000000 0.000000 0.000000 0.731125 701.000000
 45.000000 0.727265 689.733426 0.000000 0.000000 0.000000 0.000000 0.727265 693.000000
 45.250000 0.723704 682.249854 0.000000 0.000000 0.000000 0.000000 0.723704 685.000000
 45.500000 0.725037 676.808240 0.000000 0.000000 0.000000 0.000000 0.725037 668.000000
 45.750000 0.721304 673.620211 0.000000 0.000000 0.000000 0.000000 0.721304 673.000000
 46.000000 0.723096 675.716081 0.000000 0.000000 0.000000 0.000000 0.723096 678.000000
 46.250000 0.724013 679.413439 0.000000 0.000000 0.000000 0.000000 0.724013 675.000000
 46.500000 0.723010 678.841506 0.000000 0.000000 0.000000 0.000000 0.723010 678.000000
 46.750000 0.730504 700.138451 0.000000 0.000000 0.000000 0.000000 0.730504 694.000000
 47.000000 0.730718 697.224212 0.000000 0.000000 0.000000 0.000000 0.730718 693.000000
 47.250000 0.726587 687.267831 0.000000 0.000000 0.000000 0.000000 0.726587 684.000000
 47.500000 0.727333 695.507853 0.000000 0.000000 0.000000 0.000000 0.727333 693.000000
 47.750000 0.732663 692.003544 0.000000 0.000000 0.000000 0.000000 0.732663 688.000000
 48.000000 0.730102 690.408661 0.000000 0.000000 0.000000 0.000000 0.730102 689.000000
 48.250000 0.728506 687.867008 0.000000 0.000000 0.000000 0.000000 0.728506 683.000000
 48.500000 0.730734 694.850259 0.000000 0.000000 0.000000 0.000000 0.730734 695.000000
 48.750000 0.728165 686.518484 0.000000 0.000000 0.000000 0.000000 0.728165 678.000000
 49.000000 0.735344 698.932117 0.000000 0.000000 0.000000 0.000000 0.735344 695.000000
 49.250000 0.723623 678.966050 0.000000 0.000000 0.000000 0.000000 0.723623 673.000000
 49.500000 0.722516 677.242163 0.000000 0.000000 0.000000 0.000000 0.722516 673.000000
 49.750000 0.724959 687.795396 0.000000 0.000000 0.000000 0.000000 0.724959 685.000000
 50.000000 0.726338 685.107525 0.000000 0.000000 0.000000 0.000000 0.726338 679.000000
 50.250000 0.732904 705.268340 0.000000 0.000000 0.000000 0.000000 0.732904 699.000000
 50.500000 0.730598 702.550302 0.000000 0.000000 0.000000 0.000000 0.730598 700.000000
 50.750000 0.726473 697.366337 0.000000 0.000000 0.000000 0.000000 0.726473 702.000000
 51.000000 0.727261 694.429392 0.000000 0.000000 0.000000 0.000000 0.727261 691.000000
 51.250000 0.728785 701.785232 0.000000 0.000000 0.000000 0.000000 0.728785 700.000000
 51.500000 0.725615 691.347409 0.000000 0.000000 0.000000 0.000000 0.725615 689.000000
 51.750000 0.729980 704.951572 0.000000 0.000000 0.000000 0.000000 0.729980 703.000000
 52.000000 0.727630 698.634524 0.000000 0.000000 0.000000 0.000000 0.727630 703.000000
 52.250000 0.725611 693.293697 0.000000 0.000000 0.000000 0.000000 0.725611 701.000000
 52.500000 0.725426 685.138289 0.000000 0.000000 0.000000 0.000000 0.725426 684.000000
 52.750000 0.720714 674.864806 0.000000 0.000000 0.000000 0.000000 0.720714 673.000000
 53.000000 0.723166 689.475536 0.000000 0.000000 0.000000 0.000000 0.723166 686.000000
 53.250000 0.721687 676.544812 0.000000 0.000000 0.000000 0.000000 0.721687 681.000000
 53.500000 0.721418 677.888697 0.000000 0.000000 0.000000 0.000000 0.721418 673.000000
 53.750000 0.720941 679.721516 0.000000 0.000000 0.000000 0.000000 0.720941 684.000000
 54.000000 0.720803 685.746650 0.000000 0.000000 0.000000 0.000000 0.720803 679.000000
 54.250000 0.721993 678.381386 0.000000 0.000000 0.000000 0.000000 0.721993 682.000000
 54.500000 0.728269 696.597556 0.000000 0.000000 0.000000 0.000000 0.728269 694.000000
 54.750000 0.726817 692.361311 0.000000 0.000000 0.000000 0.000000 0.726817 687.000000
 55.000000 0.726305 681.303571 0.000000 0.000000 0.000000 0.000000 0.726305 672.000000
 55.250000 0.726609 676.089742 0.000000 0.000000 0.000000 0.000000 0.726609 664.000000
 55.500000 0.719470 671.325078 0.000000 0.000000 0.000000 0.000000 0.719470 665.000000
 55.750000 0.717033 666.165219 0.000000 0.000000 0.000000 0.000000 0.717033 665.000000
 56.000000 0.726760 682.939533 0.000000 0.000000 0.000000 0.000000 0.726760 684.000000
 56.250000 0.723883 674.357009 0.000000 0.000000 0.000000 0.000000 0.723883 666.000000
 56.500000 0.720062 667.380257 0.000000 0.000000 0.000000 0.000000 0.720062 664.000000
 56.750000 0.723954 665.737126 0.000000 0.000000 0.000000 0.000000 0.723954 660.000000
 57.000000 0.719486 662.255496 0.000000 0.000000 0.000000 0.000000 0.719486 666.000000
 57.250000 0.729386 682.287614 0.000000 0.000000 0.000000 0.000000 0.729386 677.000000
 57.500000 0.723996 678.921199 0.000000 0.000000 0.000000 0.000000 0.723996 672.000000
 57.750000 0.728362 682.150262 0.000000 0.000000 0.000000 0.000000 0.728362 680.000000
 58.000000 0.727733 681.865155 0.000000 0.000000 0.000000 0.000000 0.727733 678.000000
 58.250000 0.721019 669.170783 0.000000 0.000000 0.000000 0.000000 0.721019 672.000000
 58.500000 0.734267 695.698464 0.000000 0.000000 0.000000 0.000000 0.734267 693.000000
 58.750000 0.732182 694.208573 0.000000 0.000000 0.000000 0.000000 0.732182 691.000000
 59.000000 0.724521 682.280979 0.000000 0.000000 0.000000 0.000000 0.724521 682.000000
 59.250000 0.719053 671.981992 0.000000 0.000000 0.000000 0.000000 0.719053 668.000000
 59.500000 0.727008 685.387185 0.000000 0.000000 0.000000 0.000000 0.727008 681.000000
 59.750000 0.720879 667.038706 0.000000 0.000000 0.000000 0.000000 0.720879 660.000000
 60.000000 0.722141 676.186462 0.000000 0.000000 0.000000 0.000000 0.722141 673.000000
 60.250000 0.726379 671.721330 0.000000 0.000000 0.000000 0.000000 0.726379 671.000000
 60.500000 0.726835 685.761639 0.000000 0.000000 0.000000 0.000000 0.726835 685.000000
 60.750000 0.725253 683.558328 0.000000 0.000000 0.000000 0.000000 0.725253 680.000000
 61.000000 0.725322 676.780557 0.000000 0.000000 0.000000 0.000000 0.725322 669.000000
 61.250000 0.721557 672.418829 0.000000 0.000000 0.000000 0.000000 0.721557 669.000000
 61.500000 0.725932 685.814968 0.000000 0.000000 0.000000 0.000000 0.725932 685.000000
 61.750000 0.727338 682.118559 0.000000 0.000000 0.000000 0.000000 0.727338 679.000000
 62.000000 0.727794 690.806935 0.000000 0.000000 0.000000 0.000000 0.727794 689.000000
 62.250000 0.725738 688.703383 0.000000 0.000000 0.000000 0.000000 0.725738 687.000000
 62.500000 0.721378 679.983073 0.000000 0.000000 0.000000 0.000000 0.721378 672.000000
 62.750000 0.720985 676.319072 0.000000 0.000000 0.000000 0.000000 0.720985 676.000000
 63.000000 0.724735 679.377371 0.000000 0.000000 0.000000 0.000000 0.724735 678.000000
 63.250000 0.727471 685.066250 0.000000 0.000000 0.000000 0.000000 0.727471 685.000000
 63.500000 0.720725 676.758649 0.000000 0.000000 0.000000 0.000000 0.720725 678.000000
 63.750000 0.715853 660.019142 0.000000 0.000000 0.000000 0.000000 0.715853 660.000000
 64.000000 0.717726 665.407132 0.000000 0.000000 0.000000 0.000000 0.717726 663.000000
 64.250000 0.718463 674.515112 0.000000 0.000000 0.000000 0.000000 0.718463 674.000000
 64.500000 0.717009 658.640490 0.000000 0.000000 0.000000 0.000000 0.717009 659.000000
 64.750000 0.724241 671.320254 0.000000 0.000000 0.000000 0.000000 0.724241 665.000000
 65.000000 0.725205 678.242555 0.000000 0.000000 0.000000 0.000000 0.725205 675.000000
 65.250000 0.717113 659.150035 0.000000 0.000000 0.000000 0.000000 0.717113 657.000000
 65.500000 0.728518 686.364053 0.000000 0.000000 0.000000 0.000000 0.728518 680.000000
 65.750000 0.725541 677.743045 0.000000 0.000000 0.000000 0.000000 0.725541 681.000000
 66.000000 0.726979 686.195037 0.000000 0.000000 0.000000 0.000000 0.726979 685.000000
 66.250000 0.725590 684.503002 0.000000 0.000000 0.000000 0.000000 0.725590 686.000000
 66.500000 0.727031 692.450778 0.000000 0.000000 0.000000 0.000000 0.727031 690.000000
 66.750000 0.729778 697.902159 0.000000 0.000000 0.000000 0.000000 0.729778 696.000000
 67.000000 0.731739 692.356529 0.000000 0.000000 0.000000 0.000000 0.731739 693.000000
 67.250000 0.729710 689.647376 0.000000 0.000000 0.000000 0.000000 0.729710 683.000000
 67.500000 0.731329 697.237932 0.000000 0.000000 0.000000 0.000000 0.731329 697.000000
 67.750000 0.722345 670.275519 0.000000 0.000000 0.000000 0.000000 0.722345 662.000000
 68.000000 0.720252 666.054241 0.000000 0.000000 0.000000 0.000000 0.720252 663.000000
 68.250000 0.727945 687.350800 0.000000 0.000000 0.000000 0.000000 0.727945 685.000000
 68.500000 0.726399 679.924657 0.000000 0.000000 0.000000 0.000000 0.726399 674.000000
 68.750000 0.721752 664.076707 0.000000 0.000000 0.000000 0.000000 0.721752 661.000000
 69.000000 0.714947 650.500587 0.000000 0.000000 0.000000 0.000000 0.714947 641.000000
 69.250000 0.716412 651.157099 0.000000 0.000000 0.000000 0.000000 0.716412 653.000000
 69.500000 0.716227 661.971648 0.000000 0.000000 0.000000 0.000000 0.716227 657.000000
 69.750000 0.717240 653.336410 0.000000 0.000000 0.000000 0.000000 0.717240 647.000000
 70.000000 0.716306 663.139122 0.000000 0.000000 0.000000 0.000000 0.716306 661.000000
 70.250000 0.715307 655.919555 0.000000 0.000000 0.000000 0.000000 0.715307 658.000000
 70.500000 0.716478 660.811549 0.000000 0.000000 0.000000 0.000000 0.716478 662.000000
 70.750000 0.716002 659.516350 0.000000 0.000000 0.000000 0.000000 0.716002 663.000000
 71.000000 0.717898 661.817356 0.000000 0.000000 0.000000 0.000000 0.717898 654.000000
 71.250000 0.716536 658.784884 0.000000 0.000000 0.000000 0.000000 0.716536 654.000000
 71.500000 0.717862 658.825858 0.000000 0.000000 0.000000 0.000000 0.717862 655.000000
 71.750000 0.712232 660.981013 0.000000 0.000000 0.000000 0.000000 0.712232 659.000000
 72.000000 0.717428 664.476659 0.000000 0.000000 0.000000 0.000000 0.717428 660.000000
 72.250000 0.717992 670.015850 0.000000 0.000000 0.000000 0.000000 0.717992 674.000000
 72.500000 0.723318 676.416590 0.000000 0.000000 0.000000 0.000000 0.723318 678.000000
 72.750000 0.726764 678.757144 0.000000 0.000000 0.000000 0.000000 0.726764 675.000000
 73.000000 0.723612 674.846080 0.000000 0.000000 0.000000 0.000000 0.723612 674.000000
 73.250000 0.724965 683.563923 0.000000 0.000000 0.000000 0.000000 0.724965 678.000000
 73.500000 0.726157 686.865370 0.000000 0.000000 0.000000 0.000000 0.726157 679.000000
 73.750000 0.729099 693.438532 0.000000 0.000000 0.000000 0.000000 0.729099 696.000000
 74.000000 0.731119 700.531427 0.000000 0.000000 0.000000 0.000000 0.731119 693.000000
 74.250000 0.727294 682.655626 0.000000 0.000000 0.000000 0.000000 0.727294 679.000000
 74.500000 0.724719 690.709940 0.000000 0.000000 0.000000 0.000000 0.724719 687.000000
 74.750000 0.725511 689.967640 0.000000 0.000000 0.000000 0.000000 0.725511 690.000000
 75.000000 0.727431 691.860649 0.000000 0.000000 0.000000 0.000000 0.727431 689.000000
 75.250000 0.725202 679.451227 0.000000 0.000000 0.000000 0.000000 0.725202 677.000000
 75.500000 0.720489 687.303394 0.000000 0.000000 0.000000 0.000000 0.720489 685.000000
 75.750000 0.727323 682.017060 0.000000 0.000000 0.000000 0.000000 0.727323 677.000000
 76.000000 0.726147 678.243508 0.000000 0.000000 0.000000 0.000000 0.726147 678.000000
 76.250000 0.729140 684.084397 0.000000 0.000000 0.000000 0.000000 0.729140 677.000000
 76.500000 0.726325 686.441274 0.000000 0.000000 0.000000 0.000000 0.726325 682.000000
 76.750000 0.730509 693.478759 0.000000 0.000000 0.000000 0.000000 0.730509 686.000000
 77.000000 0.723467 690.065095 0.000000 0.000000 0.000000 0.000000 0.723467 679.000000
 77.250000 0.715964 661.965222 0.000000 0.000000 0.000000 0.000000 0.715964 662.000000
 77.500000 0.722468 671.949528 0.000000 0.000000 0.000000 0.000000 0.722468 671.000000
 77.750000 0.727087 676.561671 0.000000 0.000000 0.000000 0.000000 0.727087 672.000000
 78.000000 0.729143 685.931990 0.000000 0.000000 0.000000 0.000000 0.729143 680.000000
 78.250000 0.721638 668.358843 0.000000 0.000000 0.000000 0.000000 0.721638 659.000000
 78.500000 0.723028 674.268141 0.000000 0.000000 0.000000 0.000000 0.723028 675.000000
 78.750000 0.723628 676.842581 0.000000 0.000000 0.000000 0.000000 0.723628 676.000000
 79.000000 0.725706 678.179761 0.000000 0.000000 0.000000 0.000000 0.725706 673.000000
 79.250000 0.726550 685.860820 0.000000 0.000000 0.000000 0.000000 0.726550 685.000000
 79.500000 0.731646 694.984545 0.000000 0.000000 0.000000 0.000000 0.731646 689.000000
 79.750000 0.730836 696.878475 0.000000 0.000000 0.000000 0.000000 0.730836 687.000000
 80.000000 0.724671 685.570171 0.000000 0.000000 0.000000 0.000000 0.724671 683.000000
 80.250000 0.724220 687.877402 0.000000 0.000000 0.000000 0.000000 0.724220 683.000000
 80.500000 0.725388 686.072677 0.000000 0.000000 0.000000 0.000000 0.725388 676.000000
 80.750000 0.725651 682.757145 0.000000 0.000000 0.000000 0.000000 0.725651 686.000000
 81.000000 0.720422 665.928599 0.000000 0.000000 0.000000 0.000000 0.720422 666.000000
 81.250000 0.717252 666.856125 0.000000 0.000000 0.000000 0.000000 0.717252 664.000000
 81.500000 0.726399 682.024794 0.000000 0.000000 0.000000 0.000000 0.726399 681.000000
 81.750000 0.726530 681.871761 0.000000 0.000000 0.000000 0.000000 0.726530 679.000000
 82.000000 0.726375 682.781200 0.000000 0.000000 0.000000 0.000000 0.726375 680.000000
 82.250000 0.721278 672.130033 0.000000 0.000000 0.000000 0.000000 0.721278 670.000000
 82.500000 0.718382 657.509773 0.000000 0.000000 0.000000 0.000000 0.718382 658.000000
 82.750000 0.720369 664.842840 0.000000 0.000000 0.000000 0.000000 0.720369 664.000000
 83.000000 0.716285 661.416788 0.000000 0.000000 0.000000 0.000000 0.716285 658.000000
 83.250000 0.715605 661.973870 0.000000 0.000000 0.000000 0.000000 0.715605 657.000000
 83.500000 0.716566 667.874773 0.000000 0.000000 0.000000 0.000000 0.716566 668.000000
 83.750000 0.721496 677.220117 0.000000 0.000000 0.000000 0.000000 0.721496 676.000000
 84.000000 0.727667 680.449912 0.000000 0.000000 0.000000 0.000000 0.727667 677.000000
 84.250000 0.722550 670.885717 0.000000 0.000000 0.000000 0.000000 0.722550 665.000000
 84.500000 0.717048 664.024990 0.000000 0.000000 0.000000 0.000000 0.717048 664.000000
 84.750000 0.715504 651.896501 0.000000 0.000000 0.000000 0.000000 0.715504 650.000000
 85.000000 0.714047 656.848637 0.000000 0.000000 0.000000 0.000000 0.714047 658.000000
 85.250000 0.725224 681.777399 0.000000 0.000000 0.000000 0.000000 0.725224 682.000000
 85.500000 0.725372 671.087836 0.000000 0.000000 0.000000 0.000000 0.725372 666.000000
 85.750000 0.720381 665.523467 0.000000 0.000000 0.000000 0.000000 0.720381 656.000000
 86.000000 0.721654 670.532751 0.000000 0.000000 0.000000 0.000000 0.721654 664.000000
 86.250000 0.724296 672.448959 0.000000 0.000000 0.000000 0.000000 0.724296 668.000000
 86.500000 0.722638 672.452590 0.000000 0.000000 0.000000 0.000000 0.722638 668.000000
 86.750000 0.729132 685.215446 0.000000 0.000000 0.000000 0.000000 0.729132 680.000000
 87.000000 0.719146 673.548128 0.000000 0.000000 0.000000 0.000000 0.719146 669.000000
 87.250000 0.719618 664.030881 0.000000 0.000000 0.000000 0.000000 0.719618 663.000000
 87.500000 0.729254 685.073354 0.000000 0.000000 0.000000 0.000000 0.729254 683.000000
 87.750000 0.720374 662.726850 0.000000 0.000000 0.000000 0.000000 0.720374 661.000000
 88.000000 0.717914 665.452559 0.000000 0.000000 0.000000 0.000000 0.717914 663.000000
 88.250000 0.722359 680.117267 0.000000 0.000000 0.000000 0.000000 0.722359 678.000000
 88.500000 0.724849 682.948678 0.000000 0.000000 0.000000 0.000000 0.724849 677.000000
 88.750000 0.722328 666.569304 0.000000 0.000000 0.000000 0.000000 0.722328 662.000000
 89.000000 0.717851 661.074693 0.000000 0.000000 0.000000 0.000000 0.717851 661.000000
 89.250000 0.712949 652.526963 0.000000 0.000000 0.000000 0.000000 0.712949 647.000000
 89.500000 0.719227 662.298677 0.000000 0.000000 0.000000 0.000000 0.719227 654.000000
 89.750000 0.717919 657.242631 0.000000 0.000000 0.000000 0.000000 0.717919 655.000000
 90.000000 0.714419 651.566047 0.000000 0.000000 0.000000 0.000000 0.714419 649.000000
 90.250000 0.715719 654.545415 0.000000 0.000000 0.000000 0.000000 0.715719 650.000000
 90.500000 0.716844 654.576901 0.000000 0.000000 0.000000 0.000000 0.716844 651.000000
 90.750000 0.717572 666.099616 0.000000 0.000000 0.000000 0.000000 0.717572 668.000000
 91.000000 0.720138 659.225054 0.000000 0.000000 0.000000 0.000000 0.720138 658.000000
 91.250000 0.718031 664.382237 0.000000 0.000000 0.000000 0.000000 0.718031 665.000000
 91.500000 0.717500 661.225170 0.000000 0.000000 0.000000 0.000000 0.717500 661.000000
 91.750000 0.719768 657.545080 0.000000 0.000000 0.000000 0.000000 0.719768 652.000000
 92.000000 0.720591 661.141875 0.000000 0.000000 0.000000 0.000000 0.720591 654.000000
 92.250000 0.714964 657.787255 0.000000 0.000000 0.000000 0.000000 0.714964 665.000000
 92.500000 0.715319 650.230594 0.000000 0.000000 0.000000 0.000000 0.715319 649.000000
 92.750000 0.720262 662.606844 0.000000 0.000000 0.000000 0.000000 0.720262 662.000000
 93.000000 0.712975 654.380971 0.000000 0.000000 0.000000 0.000000 0.712975 652.000000
 93.250000 0.713755 654.400698 0.000000 0.000000 0.000000 0.000000 0.713755 650.000000
 93.500000 0.712860 648.975256 0.000000 0.000000 1.050101 4.200404 0.712860 648.000000
 93.750000 0.716730 660.247414 0.000000 0.000000 0.000000 0.000000 0.716730 652.000000
 94.000000 0.713607 652.618982 0.000000 0.000000 0.000000 0.000000 0.713607 648.000000
 94.250000 0.715599 653.793952 0.000000 0.000000 0.000000 0.000000 0.715599 652.000000
 94.500000 0.716799 655.160693 0.000000 0.000000 0.000000 0.000000 0.716799 652.000000
 94.750000 0.717363 651.118612 0.000000 0.000000 0.000000 0.000000 0.717363 651.000000
 95.000000 0.714686 649.924566 0.000000 0.000000 0.005690 0.022761 0.714686 645.000000
 95.250000 0.716253 652.176869 0.000000 0.000000 0.000000 0.000000 0.716253 643.000000
 95.500000 0.716009 649.678329 0.000000 0.000000 0.103472 0.413890 0.716009 639.000000
 95.750000 0.714693 648.787335 0.000000 0.000000 1.470557 5.882227 0.714693 646.000000
 96.000000 0.715935 651.142402 0.000000 0.000000 0.000000 0.000000 0.715935 645.000000
 96.250000 0.715238 652.924149 0.000000 0.000000 0.000000 0.000000 0.715238 649.000000
 96.500000 0.717959 653.896420 0.000000 0.000000 0.000000 0.000000 0.717959 648.000000
 96.750000 0.719866 665.842057 0.000000 0.000000 0.000000 0.000000 0.719866 669.000000
 97.000000 0.716137 651.298518 0.000000 0.000000 0.000000 0.000000 0.716137 647.000000
 97.250000 0.718254 662.260791 0.000000 0.000000 0.000000 0.000000 0.718254 660.000000
 97.500000 0.717089 656.610338 0.000000 0.000000 0.000000 0.000000 0.717089 656.000000
 97.750000 0.716515 653.759982 0.000000 0.000000 0.000000 0.000000 0.716515 650.000000
 98.000000 0.718867 662.759601 0.000000 0.000000 0.000000 0.000000 0.718867 662.000000
 98.250000 0.719306 666.124645 0.000000 0.000000 0.000000 0.000000 0.719306 661.000000
 98.500000 0.713117 660.386463 0.000000 0.000000 0.000000 0.000000 0.713117 657.000000
 98.750000 0.714583 659.872591 0.000000 0.000000 0.000000 0.000000 0.714583 656.000000
 99.000000 0.721680 671.437730 0.000000 0.000000 0.000000 0.000000 0.721680 672.000000
 99.250000 0.720100 668.289134 0.000000 0.000000 0.000000 0.000000 0.720100 659.000000
 99.500000 0.718118 661.414598 0.000000 0.000000 0.000000 0.000000 0.718118 661.000000
 99.750000 0.719055 653.546577 0.000000 0.000000 0.000000 0.000000 0.719055 655.000000
 100.000000 0.719081 660.449623 0.000000 0.000000 0.000000 0.000000 0.719081 661.000000
 100.250000 0.719969 662.665142 0.000000 0.000000 0.000000 0.000000 0.719969 657.000000
