#! FIELDS time s.mean
 0.000000 0.036530
 1.000000 0.035010
 2.000000 0.032111
 3.000000 0.027803
 4.000000 0.027942
 5.000000 0.029173
 6.000000 0.028473
 7.000000 0.029438
 8.000000 0.032604
 9.000000 0.031434
 10.000000 0.033530
 11.000000 0.033877
 12.000000 0.026814
 13.000000 0.032067
 14.000000 0.031688
 15.000000 0.037621
 16.000000 0.038273
 17.000000 0.029159
 18.000000 0.032560
 19.000000 0.035362
 20.000000 0.032690
 21.000000 0.033927
 22.000000 0.037517
 23.000000 0.033206
 24.000000 0.034215
 25.000000 0.028177
 26.000000 0.030181
 27.000000 0.029457
 28.000000 0.030646
 29.000000 0.032491
 30.000000 0.035455
 31.000000 0.028378
 32.000000 0.031127
 33.000000 0.031232
 34.000000 0.030981
 35.000000 0.032300
 36.000000 0.031370
 37.000000 0.029511
 38.000000 0.030669
 39.000000 0.030796
 40.000000 0.030677
 41.000000 0.030231
 42.000000 0.026414
 43.000000 0.036622
 44.000000 0.026826
 45.000000 0.028826
 46.000000 0.026063
 47.000000 0.028446
 48.000000 0.033862
 49.000000 0.033538
 50.000000 0.036464
 51.000000 0.027384
 52.000000 0.029011
 53.000000 0.033465
 54.000000 0.032031
 55.000000 0.028417
 56.000000 0.029993
 57.000000 0.031752
 58.000000 0.029868
 59.000000 0.031078
 60.000000 0.026481
 61.000000 0.031362
 62.000000 0.028702
 63.000000 0.033201
 64.000000 0.028615
 65.000000 0.027293
 66.000000 0.028774
 67.000000 0.026732
 68.000000 0.033023
 69.000000 0.027846
 70.000000 0.027688
 71.000000 0.024370
 72.000000 0.024840
 73.000000 0.028809
 74.000000 0.033267
 75.000000 0.026137
 76.000000 0.028247
 77.000000 0.028605
 78.000000 0.027881
 79.000000 0.030084
 80.000000 0.028534
 81.000000 0.026987
 82.000000 0.022473
 83.000000 0.026647
 84.000000 0.024448
 85.000000 0.027063
 86.000000 0.024500
 87.000000 0.025242
 88.000000 0.028564
 89.000000 0.025727
 90.000000 0.023483
 91.000000 0.027185
 92.000000 0.027233
 93.000000 0.023978
 94.000000 0.029509
 95.000000 0.024572
 96.000000 0.027080
 97.000000 0.027828
 98.000000 0.030605
 99.000000 0.030397
 100.000000 0.031982
 101.000000 0.023076
 102.000000 0.027309
 103.000000 0.029759
 104.000000 0.032797
 105.000000 0.030258
 106.000000 0.030149
 107.000000 0.023769
 108.000000 0.018776
 109.000000 0.022921
 110.000000 0.022478
 111.000000 0.025724
 112.000000 0.028285
 113.000000 0.021081
 114.000000 0.024951
 115.000000 0.026676
 116.000000 0.023906
 117.000000 0.023238
 118.000000 0.033437
 119.000000 0.022317
 120.000000 0.024396
 121.000000 0.024913
 122.000000 0.025517
 123.000000 0.026640
 124.000000 0.028430
 125.000000 0.025219
 126.000000 0.028241
 127.000000 0.026427
 128.000000 0.027905
 129.000000 0.028371
 130.000000 0.029115
 131.000000 0.023291
 132.000000 0.028038
 133.000000 0.025864
 134.000000 0.025334
 135.000000 0.024151
 136.000000 0.024212
 137.000000 0.025682
 138.000000 0.022864
 139.000000 0.023794
 140.000000 0.026165
 141.000000 0.030086
 142.000000 0.026988
 143.000000 0.026615
 144.000000 0.024486
 145.000000 0.023056
 146.000000 0.024689
 147.000000 0.024789
 148.000000 0.025355
 149.000000 0.026148
 150.000000 0.027077
 151.000000 0.025145
 152.000000 0.026396
 153.000000 0.016624
 154.000000 0.022273
 155.000000 0.023001
 156.000000 0.026149
 157.000000 0.026673
 158.000000 0.017698
 159.000000 0.024272
 160.000000 0.018098
 161.000000 0.024862
 162.000000 0.023271
 163.000000 0.023318
 164.000000 0.021533
 165.000000 0.018623
 166.000000 0.019668
 167.000000 0.023295
 168.000000 0.021488
 169.000000 0.019339
 170.000000 0.016939
 171.000000 0.017106
 172.000000 0.017690
 173.000000 0.024567
 174.000000 0.020881
 175.000000 0.020553
 176.000000 0.020516
 177.000000 0.024283
 178.000000 0.019256
 179.000000 0.024922
 180.000000 0.020975
 181.000000 0.021378
 182.000000 0.020307
 183.000000 0.021179
 184.000000 0.020601
 185.000000 0.017043
 186.000000 0.022452
 187.000000 0.018633
 188.000000 0.018982
 189.000000 0.025923
 190.000000 0.020376
 191.000000 0.022743
 192.000000 0.022542
 193.000000 0.024061
 194.000000 0.021328
 195.000000 0.018539
 196.000000 0.020822
 197.000000 0.023813
 198.000000 0.022349
 199.000000 0.022624
 200.000000 0.023930
 201.000000 0.019860
 202.000000 0.019763
 203.000000 0.019514
 204.000000 0.022948
 205.000000 0.027144
 206.000000 0.021947
 207.000000 0.023878
 208.000000 0.025136
 209.000000 0.017034
 210.000000 0.025668
 211.000000 0.027061
 212.000000 0.024223
 213.000000 0.021188
 214.000000 0.023639
 215.000000 0.020247
 216.000000 0.020440
 217.000000 0.021033
 218.000000 0.021853
 219.000000 0.015358
 220.000000 0.019615
 221.000000 0.019522
 222.000000 0.020435
 223.000000 0.020494
 224.000000 0.022858
 225.000000 0.020919
 226.000000 0.024844
 227.000000 0.021138
 228.000000 0.022102
 229.000000 0.023658
 230.000000 0.020853
 231.000000 0.025224
 232.000000 0.024899
 233.000000 0.022703
 234.000000 0.020908
 235.000000 0.027737
 236.000000 0.024647
 237.000000 0.028148
 238.000000 0.022502
 239.000000 0.024730
 240.000000 0.026625
 241.000000 0.024920
 242.000000 0.028186
 243.000000 0.023946
 244.000000 0.023503
 245.000000 0.028817
 246.000000 0.024512
 247.000000 0.021768
 248.000000 0.020667
 249.000000 0.019583
 250.000000 0.026471
 251.000000 0.025313
 252.000000 0.031307
 253.000000 0.026287
 254.000000 0.025601
 255.000000 0.021626
 256.000000 0.022038
 257.000000 0.021739
 258.000000 0.021625
 259.000000 0.022768
 260.000000 0.023825
 261.000000 0.028459
 262.000000 0.025711
 263.000000 0.024434
 264.000000 0.023117
 265.000000 0.021800
 266.000000 0.024644
 267.000000 0.025800
 268.000000 0.023515
 269.000000 0.023991
 270.000000 0.023878
 271.000000 0.021423
 272.000000 0.021986
 273.000000 0.020431
 274.000000 0.022903
 275.000000 0.023558
 276.000000 0.021765
 277.000000 0.024307
 278.000000 0.020381
 279.000000 0.023399
 280.000000 0.022982
 281.000000 0.020518
 282.000000 0.023796
 283.000000 0.024999
 284.000000 0.021276
 285.000000 0.022262
 286.000000 0.020848
 287.000000 0.022845
 288.000000 0.022272
 289.000000 0.020037
 290.000000 0.023904
 291.000000 0.020775
 292.000000 0.021318
 293.000000 0.022489
 294.000000 0.018486
 295.000000 0.026707
 296.000000 0.019156
 297.000000 0.022516
 298.000000 0.025051
 299.000000 0.023039
 300.000000 0.024001
 301.000000 0.023787
 302.000000 0.022101
 303.000000 0.022560
 304.000000 0.021203
 305.000000 0.022180
 306.000000 0.019292
 307.000000 0.019928
 308.000000 0.021543
 309.000000 0.022320
 310.000000 0.018838
 311.000000 0.020547
 312.000000 0.020604
 313.000000 0.022126
 314.000000 0.020560
 315.000000 0.019796
 316.000000 0.027483
 317.000000 0.028194
 318.000000 0.024232
 319.000000 0.023536
 320.000000 0.020736
 321.000000 0.025448
 322.000000 0.025318
 323.000000 0.023000
 324.000000 0.020193
 325.000000 0.019770
 326.000000 0.023051
 327.000000 0.027430
 328.000000 0.022572
 329.000000 0.024358
 330.000000 0.025952
 331.000000 0.022723
 332.000000 0.023394
 333.000000 0.023751
 334.000000 0.022743
 335.000000 0.027963
 336.000000 0.026154
 337.000000 0.025723
 338.000000 0.023709
 339.000000 0.022990
 340.000000 0.023497
 341.000000 0.028564
 342.000000 0.025823
 343.000000 0.025846
 344.000000 0.025125
 345.000000 0.028009
 346.000000 0.024693
 347.000000 0.025561
 348.000000 0.022900
 349.000000 0.021870
 350.000000 0.024701
 351.000000 0.024558
 352.000000 0.022569
 353.000000 0.024619
 354.000000 0.028738
 355.000000 0.022793
 356.000000 0.023840
 357.000000 0.021337
 358.000000 0.023864
 359.000000 0.023837
 360.000000 0.020298
 361.000000 0.026761
 362.000000 0.024349
 363.000000 0.024003
 364.000000 0.024158
 365.000000 0.025668
 366.000000 0.023465
 367.000000 0.023202
 368.000000 0.023852
 369.000000 0.019201
 370.000000 0.022492
 371.000000 0.021388
 372.000000 0.021846
 373.000000 0.022878
 374.000000 0.024546
 375.000000 0.018712
 376.000000 0.018611
 377.000000 0.025972
 378.000000 0.022587
 379.000000 0.025867
 380.000000 0.020161
 381.000000 0.022213
 382.000000 0.028264
 383.000000 0.024762
 384.000000 0.026574
 385.000000 0.020040
 386.000000 0.026682
 387.000000 0.027487
 388.000000 0.025396
 389.000000 0.020911
 390.000000 0.021339
 391.000000 0.021809
 392.000000 0.022480
 393.000000 0.022860
 394.000000 0.023575
 395.000000 0.020565
 396.000000 0.019005
 397.000000 0.026671
 398.000000 0.023665
 399.000000 0.019736
