#! FIELDS time s.mean
 0.000000 0.011411
 1.000000 0.011001
 2.000000 0.009839
 3.000000 0.008062
 4.000000 0.007153
 5.000000 0.007260
 6.000000 0.007063
 7.000000 0.007940
 8.000000 0.009573
 9.000000 0.008654
 10.000000 0.008806
 11.000000 0.009100
 12.000000 0.006610
 13.000000 0.010244
 14.000000 0.008557
 15.000000 0.011493
 16.000000 0.013686
 17.000000 0.008357
 18.000000 0.009501
 19.000000 0.010389
 20.000000 0.009664
 21.000000 0.011387
 22.000000 0.014391
 23.000000 0.009349
 24.000000 0.013086
 25.000000 0.008074
 26.000000 0.007517
 27.000000 0.008538
 28.000000 0.008547
 29.000000 0.009176
 30.000000 0.009885
 31.000000 0.007709
 32.000000 0.009675
 33.000000 0.009617
 34.000000 0.008727
 35.000000 0.010540
 36.000000 0.010635
 37.000000 0.008274
 38.000000 0.008965
 39.000000 0.009922
 40.000000 0.008392
 41.000000 0.010348
 42.000000 0.006323
 43.000000 0.012001
 44.000000 0.007918
 45.000000 0.007407
 46.000000 0.007072
 47.000000 0.008039
 48.000000 0.011003
 49.000000 0.010242
 50.000000 0.011499
 51.000000 0.007931
 52.000000 0.007273
 53.000000 0.010890
 54.000000 0.011072
 55.000000 0.008105
 56.000000 0.010506
 57.000000 0.010498
 58.000000 0.007578
 59.000000 0.008814
 60.000000 0.007287
 61.000000 0.009285
 62.000000 0.008830
 63.000000 0.010391
 64.000000 0.007929
 65.000000 0.007430
 66.000000 0.010571
 67.000000 0.007483
 68.000000 0.012361
 69.000000 0.008767
 70.000000 0.008134
 71.000000 0.005777
 72.000000 0.006412
 73.000000 0.008768
 74.000000 0.011043
 75.000000 0.007855
 76.000000 0.008669
 77.000000 0.008970
 78.000000 0.007322
 79.000000 0.011210
 80.000000 0.009385
 81.000000 0.008435
 82.000000 0.004343
 83.000000 0.009674
 84.000000 0.007176
 85.000000 0.007529
 86.000000 0.006632
 87.000000 0.007773
 88.000000 0.008487
 89.000000 0.008333
 90.000000 0.006769
 91.000000 0.009009
 92.000000 0.007851
 93.000000 0.006321
 94.000000 0.009525
 95.000000 0.007816
 96.000000 0.008789
 97.000000 0.006593
 98.000000 0.008343
 99.000000 0.008239
 100.000000 0.011229
 101.000000 0.006311
 102.000000 0.007851
 103.000000 0.009654
 104.000000 0.010585
 105.000000 0.011563
 106.000000 0.009402
 107.000000 0.005134
 108.000000 0.003910
 109.000000 0.005929
 110.000000 0.005771
 111.000000 0.008347
 112.000000 0.008791
 113.000000 0.005410
 114.000000 0.004867
 115.000000 0.007483
 116.000000 0.006878
 117.000000 0.006333
 118.000000 0.010830
 119.000000 0.005175
 120.000000 0.006595
 121.000000 0.006638
 122.000000 0.009230
 123.000000 0.006713
 124.000000 0.007688
 125.000000 0.006599
 126.000000 0.008219
 127.000000 0.007558
 128.000000 0.008303
 129.000000 0.008209
 130.000000 0.009143
 131.000000 0.004803
 132.000000 0.008605
 133.000000 0.008370
 134.000000 0.007465
 135.000000 0.007341
 136.000000 0.006747
 137.000000 0.008732
 138.000000 0.006675
 139.000000 0.006017
 140.000000 0.009010
 141.000000 0.010758
 142.000000 0.007537
 143.000000 0.006274
 144.000000 0.005679
 145.000000 0.006314
 146.000000 0.006071
 147.000000 0.008147
 148.000000 0.008352
 149.000000 0.007547
 150.000000 0.009850
 151.000000 0.007135
 152.000000 0.008964
 153.000000 0.003558
 154.000000 0.007000
 155.000000 0.007408
 156.000000 0.008178
 157.000000 0.007826
 158.000000 0.003634
 159.000000 0.008033
 160.000000 0.004255
 161.000000 0.007022
 162.000000 0.007354
 163.000000 0.007745
 164.000000 0.005433
 165.000000 0.005098
 166.000000 0.004637
 167.000000 0.008133
 168.000000 0.006329
 169.000000 0.005733
 170.000000 0.004496
 171.000000 0.003668
 172.000000 0.004167
 173.000000 0.008010
 174.000000 0.006249
 175.000000 0.006805
 176.000000 0.005204
 177.000000 0.009280
 178.000000 0.005836
 179.000000 0.008013
 180.000000 0.006305
 181.000000 0.007084
 182.000000 0.004900
 183.000000 0.006633
 184.000000 0.006090
 185.000000 0.003515
 186.000000 0.006924
 187.000000 0.005444
 188.000000 0.004726
 189.000000 0.009371
 190.000000 0.005465
 191.000000 0.006583
 192.000000 0.006741
 193.000000 0.007472
 194.000000 0.006388
 195.000000 0.004187
 196.000000 0.006359
 197.000000 0.007733
 198.000000 0.006123
 199.000000 0.006316
 200.000000 0.006080
 201.000000 0.005684
 202.000000 0.005426
 203.000000 0.005370
 204.000000 0.005886
 205.000000 0.009289
 206.000000 0.005540
 207.000000 0.007859
 208.000000 0.007313
 209.000000 0.003130
 210.000000 0.007924
 211.000000 0.008852
 212.000000 0.008015
 213.000000 0.006169
 214.000000 0.006905
 215.000000 0.005599
 216.000000 0.005999
 217.000000 0.005470
 218.000000 0.005121
 219.000000 0.002745
 220.000000 0.005008
 221.000000 0.004663
 222.000000 0.005592
 223.000000 0.004848
 224.000000 0.005935
 225.000000 0.005876
 226.000000 0.007923
 227.000000 0.004935
 228.000000 0.007322
 229.000000 0.009065
 230.000000 0.005001
 231.000000 0.007697
 232.000000 0.007362
 233.000000 0.006540
 234.000000 0.005836
 235.000000 0.009951
 236.000000 0.007166
 237.000000 0.007625
 238.000000 0.005134
 239.000000 0.007817
 240.000000 0.007481
 241.000000 0.006575
 242.000000 0.008343
 243.000000 0.006003
 244.000000 0.005932
 245.000000 0.010519
 246.000000 0.007125
 247.000000 0.006268
 248.000000 0.006373
 249.000000 0.004625
 250.000000 0.006821
 251.000000 0.007290
 252.000000 0.011633
 253.000000 0.007456
 254.000000 0.007406
 255.000000 0.005079
 256.000000 0.006324
 257.000000 0.004427
 258.000000 0.005185
 259.000000 0.006466
 260.000000 0.005488
 261.000000 0.009777
 262.000000 0.007987
 263.000000 0.006802
 264.000000 0.006965
 265.000000 0.005442
 266.000000 0.007996
 267.000000 0.007623
 268.000000 0.007238
 269.000000 0.007879
 270.000000 0.008013
 271.000000 0.005289
 272.000000 0.005755
 273.000000 0.005867
 274.000000 0.005867
 275.000000 0.007509
 276.000000 0.004843
 277.000000 0.007439
 278.000000 0.005449
 279.000000 0.006532
 280.000000 0.006287
 281.000000 0.004883
 282.000000 0.006974
 283.000000 0.006951
 284.000000 0.005269
 285.000000 0.007195
 286.000000 0.007275
 287.000000 0.007040
 288.000000 0.007183
 289.000000 0.005233
 290.000000 0.007836
 291.000000 0.005991
 292.000000 0.005983
 293.000000 0.005942
 294.000000 0.005116
 295.000000 0.009745
 296.000000 0.005169
 297.000000 0.007093
 298.000000 0.007428
 299.000000 0.006769
 300.000000 0.008206
 301.000000 0.006731
 302.000000 0.005916
 303.000000 0.006591
 304.000000 0.006540
 305.000000 0.006252
 306.000000 0.004475
 307.000000 0.004742
 308.000000 0.005964
 309.000000 0.006280
 310.000000 0.003974
 311.000000 0.005890
 312.000000 0.005853
 313.000000 0.006921
 314.000000 0.005775
 315.000000 0.004498
 316.000000 0.009446
 317.000000 0.009900
 318.000000 0.007132
 319.000000 0.006456
 320.000000 0.005269
 321.000000 0.007747
 322.000000 0.006895
 323.000000 0.006864
 324.000000 0.004273
 325.000000 0.004981
 326.000000 0.005739
 327.000000 0.008317
 328.000000 0.007028
 329.000000 0.008126
 330.000000 0.008161
 331.000000 0.005174
 332.000000 0.005660
 333.000000 0.007526
 334.000000 0.006477
 335.000000 0.009123
 336.000000 0.008001
 337.000000 0.007040
 338.000000 0.006413
 339.000000 0.007017
 340.000000 0.007265
 341.000000 0.008583
 342.000000 0.007802
 343.000000 0.006033
 344.000000 0.007309
 345.000000 0.008135
 346.000000 0.006499
 347.000000 0.007776
 348.000000 0.007182
 349.000000 0.005435
 350.000000 0.008073
 351.000000 0.006568
 352.000000 0.006474
 353.000000 0.007662
 354.000000 0.009268
 355.000000 0.006528
 356.000000 0.006932
 357.000000 0.005442
 358.000000 0.007125
 359.000000 0.008190
 360.000000 0.004556
 361.000000 0.008584
 362.000000 0.007532
 363.000000 0.005957
 364.000000 0.007055
 365.000000 0.007704
 366.000000 0.008023
 367.000000 0.007085
 368.000000 0.006905
 369.000000 0.005144
 370.000000 0.006386
 371.000000 0.005647
 372.000000 0.006383
 373.000000 0.006543
 374.000000 0.008178
 375.000000 0.004639
 376.000000 0.003539
 377.000000 0.009232
 378.000000 0.006166
 379.000000 0.009175
 380.000000 0.004896
 381.000000 0.006097
 382.000000 0.010673
 383.000000 0.006810
 384.000000 0.009319
 385.000000 0.004674
 386.000000 0.009356
 387.000000 0.008776
 388.000000 0.007247
 389.000000 0.005108
 390.000000 0.005237
 391.000000 0.006139
 392.000000 0.006719
 393.000000 0.006126
 394.000000 0.006029
 395.000000 0.005577
 396.000000 0.005632
 397.000000 0.008995
 398.000000 0.007209
 399.000000 0.004328
