#! FIELDS time s.mean
 0.000000 1.241112
 1.000000 1.203930
 2.000000 1.162532
 3.000000 1.157859
 4.000000 1.149871
 5.000000 1.171431
 6.000000 1.111013
 7.000000 1.162188
 8.000000 1.180835
 9.000000 1.176900
 10.000000 1.159825
 11.000000 1.167666
 12.000000 1.112099
 13.000000 1.120444
 14.000000 1.121952
 15.000000 1.087146
 16.000000 1.112430
 17.000000 1.106572
 18.000000 1.101072
 19.000000 1.107243
 20.000000 1.092134
 21.000000 1.076646
 22.000000 1.038726
 23.000000 1.076836
 24.000000 1.051273
 25.000000 1.047150
 26.000000 1.087252
 27.000000 1.078093
 28.000000 1.098656
 29.000000 1.100882
 30.000000 1.093319
 31.000000 1.065586
 32.000000 1.051686
 33.000000 1.054666
 34.000000 1.055132
 35.000000 1.066783
 36.000000 1.068026
 37.000000 1.050611
 38.000000 1.044155
 39.000000 1.067550
 40.000000 1.072430
 41.000000 1.072876
 42.000000 1.095010
 43.000000 1.078339
 44.000000 1.052619
 45.000000 1.040384
 46.000000 1.019963
 47.000000 1.051974
 48.000000 1.080727
 49.000000 1.075103
 50.000000 1.102032
 51.000000 1.037147
 52.000000 1.049159
 53.000000 1.043688
 54.000000 1.068762
 55.000000 1.033244
 56.000000 1.052901
 57.000000 1.052633
 58.000000 1.039695
 59.000000 1.059673
 60.000000 1.039994
 61.000000 1.031900
 62.000000 0.999162
 63.000000 1.048725
 64.000000 1.021755
 65.000000 1.042864
 66.000000 1.018333
 67.000000 1.002881
 68.000000 1.015747
 69.000000 0.992821
 70.000000 1.003346
 71.000000 0.985383
 72.000000 0.982926
 73.000000 0.996051
 74.000000 0.984515
 75.000000 0.962908
 76.000000 0.992585
 77.000000 0.966860
 78.000000 0.998318
 79.000000 0.960549
 80.000000 0.968630
 81.000000 0.974013
 82.000000 0.939543
 83.000000 0.934670
 84.000000 0.942926
 85.000000 0.964852
 86.000000 0.976597
 87.000000 0.990418
 88.000000 1.006980
 89.000000 0.980260
 90.000000 0.983521
 91.000000 0.997635
 92.000000 0.988469
 93.000000 0.994823
 94.000000 1.011067
 95.000000 0.991112
 96.000000 0.991011
 97.000000 1.031187
 98.000000 1.004303
 99.000000 0.988460
 100.000000 0.987348
 101.000000 0.993226
 102.000000 0.969059
 103.000000 0.996311
 104.000000 0.995976
 105.000000 0.986575
 106.000000 0.997141
 107.000000 0.977003
 108.000000 0.948546
 109.000000 0.960780
 110.000000 0.990314
 111.000000 0.981406
 112.000000 0.953010
 113.000000 0.954912
 114.000000 0.995031
 115.000000 0.992535
 116.000000 0.974620
 117.000000 0.971259
 118.000000 0.974090
 119.000000 0.972875
 120.000000 0.962909
 121.000000 0.934510
 122.000000 0.932472
 123.000000 0.957496
 124.000000 0.971492
 125.000000 0.959723
 126.000000 0.963042
 127.000000 0.955846
 128.000000 0.982185
 129.000000 0.965338
 130.000000 0.962988
 131.000000 0.984293
 132.000000 0.952218
 133.000000 0.929378
 134.000000 0.935664
 135.000000 0.925431
 136.000000 0.918068
 137.000000 0.921406
 138.000000 0.899998
 139.000000 0.911722
 140.000000 0.905723
 141.000000 0.951599
 142.000000 0.958903
 143.000000 0.937773
 144.000000 0.931394
 145.000000 0.923136
 146.000000 0.942550
 147.000000 0.917696
 148.000000 0.894934
 149.000000 0.906524
 150.000000 0.912219
 151.000000 0.902858
 152.000000 0.879871
 153.000000 0.867863
 154.000000 0.891709
 155.000000 0.896190
 156.000000 0.896636
 157.000000 0.904100
 158.000000 0.893816
 159.000000 0.861790
 160.000000 0.846467
 161.000000 0.857881
 162.000000 0.854329
 163.000000 0.838043
 164.000000 0.858428
 165.000000 0.824879
 166.000000 0.817773
 167.000000 0.842394
 168.000000 0.833559
 169.000000 0.804802
 170.000000 0.818816
 171.000000 0.807874
 172.000000 0.809155
 173.000000 0.819785
 174.000000 0.812191
 175.000000 0.804189
 176.000000 0.817640
 177.000000 0.841330
 178.000000 0.825458
 179.000000 0.824519
 180.000000 0.847489
 181.000000 0.843240
 182.000000 0.843184
 183.000000 0.839155
 184.000000 0.844949
 185.000000 0.812140
 186.000000 0.824201
 187.000000 0.814358
 188.000000 0.838519
 189.000000 0.856396
 190.000000 0.844925
 191.000000 0.873820
 192.000000 0.868760
 193.000000 0.847294
 194.000000 0.863562
 195.000000 0.864168
 196.000000 0.851703
 197.000000 0.875041
 198.000000 0.870286
 199.000000 0.849519
 200.000000 0.863721
 201.000000 0.855952
 202.000000 0.846409
 203.000000 0.847545
 204.000000 0.835401
 205.000000 0.869703
 206.000000 0.840499
 207.000000 0.835137
 208.000000 0.840105
 209.000000 0.815428
 210.000000 0.846706
 211.000000 0.851075
 212.000000 0.837959
 213.000000 0.837470
 214.000000 0.840115
 215.000000 0.839789
 216.000000 0.830768
 217.000000 0.834260
 218.000000 0.852435
 219.000000 0.832733
 220.000000 0.860182
 221.000000 0.860533
 222.000000 0.851790
 223.000000 0.846028
 224.000000 0.850327
 225.000000 0.843266
 226.000000 0.820891
 227.000000 0.844070
 228.000000 0.840406
 229.000000 0.826044
 230.000000 0.844563
 231.000000 0.864566
 232.000000 0.871666
 233.000000 0.882855
 234.000000 0.877493
 235.000000 0.898824
 236.000000 0.910096
 237.000000 0.905383
 238.000000 0.892976
 239.000000 0.901800
 240.000000 0.913270
 241.000000 0.901256
 242.000000 0.930383
 243.000000 0.892606
 244.000000 0.914106
 245.000000 0.910252
 246.000000 0.887433
 247.000000 0.892939
 248.000000 0.899186
 249.000000 0.896088
 250.000000 0.900903
 251.000000 0.891018
 252.000000 0.933722
 253.000000 0.931288
 254.000000 0.924438
 255.000000 0.915472
 256.000000 0.903798
 257.000000 0.924018
 258.000000 0.944535
 259.000000 0.902634
 260.000000 0.907633
 261.000000 0.910093
 262.000000 0.908822
 263.000000 0.897969
 264.000000 0.886990
 265.000000 0.896652
 266.000000 0.877413
 267.000000 0.885938
 268.000000 0.892925
 269.000000 0.900723
 270.000000 0.895392
 271.000000 0.885436
 272.000000 0.884927
 273.000000 0.826593
 274.000000 0.844895
 275.000000 0.854221
 276.000000 0.839872
 277.000000 0.838568
 278.000000 0.847935
 279.000000 0.833717
 280.000000 0.826953
 281.000000 0.841122
 282.000000 0.832883
 283.000000 0.845320
 284.000000 0.848805
 285.000000 0.832794
 286.000000 0.819939
 287.000000 0.819345
 288.000000 0.813876
 289.000000 0.809235
 290.000000 0.820172
 291.000000 0.818006
 292.000000 0.795532
 293.000000 0.803178
 294.000000 0.824207
 295.000000 0.823646
 296.000000 0.824165
 297.000000 0.841766
 298.000000 0.843521
 299.000000 0.845160
 300.000000 0.848193
 301.000000 0.852587
 302.000000 0.862351
 303.000000 0.835259
 304.000000 0.839242
 305.000000 0.847862
 306.000000 0.832618
 307.000000 0.876676
 308.000000 0.858266
 309.000000 0.859827
 310.000000 0.845284
 311.000000 0.843867
 312.000000 0.841608
 313.000000 0.855985
 314.000000 0.835882
 315.000000 0.854713
 316.000000 0.866714
 317.000000 0.854983
 318.000000 0.869628
 319.000000 0.886901
 320.000000 0.870789
 321.000000 0.876016
 322.000000 0.862822
 323.000000 0.853942
 324.000000 0.864427
 325.000000 0.873167
 326.000000 0.855144
 327.000000 0.901604
 328.000000 0.889477
 329.000000 0.906846
 330.000000 0.907453
 331.000000 0.878736
 332.000000 0.900160
 333.000000 0.899569
 334.000000 0.900364
 335.000000 0.905843
 336.000000 0.901763
 337.000000 0.921379
 338.000000 0.903963
 339.000000 0.897889
 340.000000 0.922942
 341.000000 0.925281
 342.000000 0.919202
 343.000000 0.935555
 344.000000 0.924868
 345.000000 0.901817
 346.000000 0.901071
 347.000000 0.900974
 348.000000 0.875535
 349.000000 0.881687
 350.000000 0.886653
 351.000000 0.870395
 352.000000 0.854666
 353.000000 0.853823
 354.000000 0.871904
 355.000000 0.873067
 356.000000 0.877036
 357.000000 0.887278
 358.000000 0.876590
 359.000000 0.850319
 360.000000 0.882571
 361.000000 0.863467
 362.000000 0.865404
 363.000000 0.866954
 364.000000 0.876414
 365.000000 0.861632
 366.000000 0.855925
 367.000000 0.861864
 368.000000 0.853442
 369.000000 0.848985
 370.000000 0.857087
 371.000000 0.830035
 372.000000 0.830493
 373.000000 0.851413
 374.000000 0.838541
 375.000000 0.831609
 376.000000 0.866459
 377.000000 0.855063
 378.000000 0.844345
 379.000000 0.843379
 380.000000 0.836442
 381.000000 0.853755
 382.000000 0.875954
 383.000000 0.877093
 384.000000 0.885066
 385.000000 0.866965
 386.000000 0.881262
 387.000000 0.895898
 388.000000 0.894789
 389.000000 0.878567
 390.000000 0.860035
 391.000000 0.843282
 392.000000 0.850591
 393.000000 0.853915
 394.000000 0.879647
 395.000000 0.855043
 396.000000 0.855765
 397.000000 0.865304
 398.000000 0.830767
 399.000000 0.832951
