#! FIELDS time s.mean
 0.000000 1.629358
 1.000000 1.584766
 2.000000 1.532748
 3.000000 1.524814
 4.000000 1.515978
 5.000000 1.543557
 6.000000 1.466738
 7.000000 1.531688
 8.000000 1.555963
 9.000000 1.547955
 10.000000 1.527735
 11.000000 1.538362
 12.000000 1.470353
 13.000000 1.478948
 14.000000 1.477788
 15.000000 1.432347
 16.000000 1.466617
 17.000000 1.461467
 18.000000 1.449682
 19.000000 1.458647
 20.000000 1.439039
 21.000000 1.419124
 22.000000 1.371474
 23.000000 1.418027
 24.000000 1.388057
 25.000000 1.381799
 26.000000 1.428649
 27.000000 1.419363
 28.000000 1.444857
 29.000000 1.447285
 30.000000 1.436118
 31.000000 1.403446
 32.000000 1.382917
 33.000000 1.387831
 34.000000 1.387293
 35.000000 1.401068
 36.000000 1.407891
 37.000000 1.388089
 38.000000 1.378244
 39.000000 1.409067
 40.000000 1.414394
 41.000000 1.418118
 42.000000 1.443089
 43.000000 1.417902
 44.000000 1.389594
 45.000000 1.367847
 46.000000 1.347293
 47.000000 1.389745
 48.000000 1.424539
 49.000000 1.417650
 50.000000 1.450385
 51.000000 1.371102
 52.000000 1.384440
 53.000000 1.375134
 54.000000 1.407725
 55.000000 1.364609
 56.000000 1.386425
 57.000000 1.388767
 58.000000 1.367627
 59.000000 1.393673
 60.000000 1.368586
 61.000000 1.359708
 62.000000 1.315783
 63.000000 1.378001
 64.000000 1.352712
 65.000000 1.377840
 66.000000 1.346044
 67.000000 1.328131
 68.000000 1.343017
 69.000000 1.315604
 70.000000 1.327146
 71.000000 1.306850
 72.000000 1.300870
 73.000000 1.317126
 74.000000 1.298880
 75.000000 1.277269
 76.000000 1.311893
 77.000000 1.281790
 78.000000 1.317350
 79.000000 1.276193
 80.000000 1.283163
 81.000000 1.289598
 82.000000 1.246806
 83.000000 1.243919
 84.000000 1.253984
 85.000000 1.280820
 86.000000 1.292438
 87.000000 1.311259
 88.000000 1.331233
 89.000000 1.300042
 90.000000 1.305907
 91.000000 1.321224
 92.000000 1.311332
 93.000000 1.317419
 94.000000 1.338363
 95.000000 1.312773
 96.000000 1.310779
 97.000000 1.359845
 98.000000 1.324683
 99.000000 1.307290
 100.000000 1.303423
 101.000000 1.313362
 102.000000 1.283011
 103.000000 1.315098
 104.000000 1.315105
 105.000000 1.298472
 106.000000 1.315862
 107.000000 1.290823
 108.000000 1.253985
 109.000000 1.272756
 110.000000 1.306946
 111.000000 1.295992
 112.000000 1.259192
 113.000000 1.259957
 114.000000 1.312105
 115.000000 1.309041
 116.000000 1.288305
 117.000000 1.281667
 118.000000 1.285429
 119.000000 1.282314
 120.000000 1.269667
 121.000000 1.233422
 122.000000 1.233018
 123.000000 1.261463
 124.000000 1.280451
 125.000000 1.264656
 126.000000 1.270123
 127.000000 1.262686
 128.000000 1.296004
 129.000000 1.274623
 130.000000 1.269473
 131.000000 1.298056
 132.000000 1.255779
 133.000000 1.227061
 134.000000 1.239195
 135.000000 1.224194
 136.000000 1.216242
 137.000000 1.219740
 138.000000 1.191217
 139.000000 1.202159
 140.000000 1.200966
 141.000000 1.255582
 142.000000 1.262580
 143.000000 1.238643
 144.000000 1.231601
 145.000000 1.219884
 146.000000 1.244452
 147.000000 1.214581
 148.000000 1.183988
 149.000000 1.196209
 150.000000 1.205595
 151.000000 1.192983
 152.000000 1.162923
 153.000000 1.152575
 154.000000 1.179144
 155.000000 1.185815
 156.000000 1.182573
 157.000000 1.192597
 158.000000 1.181995
 159.000000 1.138656
 160.000000 1.121980
 161.000000 1.136675
 162.000000 1.132847
 163.000000 1.110264
 164.000000 1.138126
 165.000000 1.098137
 166.000000 1.087933
 167.000000 1.118262
 168.000000 1.108261
 169.000000 1.072936
 170.000000 1.090317
 171.000000 1.077035
 172.000000 1.075851
 173.000000 1.092098
 174.000000 1.084491
 175.000000 1.072134
 176.000000 1.087578
 177.000000 1.117961
 178.000000 1.097203
 179.000000 1.094953
 180.000000 1.123431
 181.000000 1.120146
 182.000000 1.121630
 183.000000 1.115359
 184.000000 1.120658
 185.000000 1.078407
 186.000000 1.094424
 187.000000 1.083899
 188.000000 1.112424
 189.000000 1.136473
 190.000000 1.122889
 191.000000 1.156137
 192.000000 1.150019
 193.000000 1.126125
 194.000000 1.142427
 195.000000 1.146846
 196.000000 1.131177
 197.000000 1.155523
 198.000000 1.149802
 199.000000 1.124970
 200.000000 1.145626
 201.000000 1.136707
 202.000000 1.123098
 203.000000 1.126450
 204.000000 1.109244
 205.000000 1.150086
 206.000000 1.115235
 207.000000 1.107489
 208.000000 1.113010
 209.000000 1.083973
 210.000000 1.124512
 211.000000 1.127136
 212.000000 1.108204
 213.000000 1.111484
 214.000000 1.113080
 215.000000 1.114809
 216.000000 1.102965
 217.000000 1.106121
 218.000000 1.128553
 219.000000 1.107039
 220.000000 1.135060
 221.000000 1.138120
 222.000000 1.128027
 223.000000 1.118966
 224.000000 1.125727
 225.000000 1.119945
 226.000000 1.087878
 227.000000 1.118819
 228.000000 1.112968
 229.000000 1.094576
 230.000000 1.116531
 231.000000 1.141845
 232.000000 1.150577
 233.000000 1.164594
 234.000000 1.162940
 235.000000 1.187454
 236.000000 1.202000
 237.000000 1.193623
 238.000000 1.180539
 239.000000 1.190816
 240.000000 1.206845
 241.000000 1.192181
 242.000000 1.225758
 243.000000 1.181205
 244.000000 1.209204
 245.000000 1.202872
 246.000000 1.174467
 247.000000 1.182159
 248.000000 1.192839
 249.000000 1.188905
 250.000000 1.190048
 251.000000 1.179715
 252.000000 1.231686
 253.000000 1.230853
 254.000000 1.220236
 255.000000 1.210679
 256.000000 1.194414
 257.000000 1.218478
 258.000000 1.244692
 259.000000 1.195201
 260.000000 1.199710
 261.000000 1.203274
 262.000000 1.199481
 263.000000 1.188147
 264.000000 1.176662
 265.000000 1.188440
 266.000000 1.161320
 267.000000 1.172573
 268.000000 1.180045
 269.000000 1.191569
 270.000000 1.181176
 271.000000 1.167547
 272.000000 1.170091
 273.000000 1.099536
 274.000000 1.120208
 275.000000 1.131533
 276.000000 1.114623
 277.000000 1.109171
 278.000000 1.123378
 279.000000 1.108304
 280.000000 1.096213
 281.000000 1.114845
 282.000000 1.104554
 283.000000 1.116658
 284.000000 1.126448
 285.000000 1.105574
 286.000000 1.091906
 287.000000 1.090989
 288.000000 1.081820
 289.000000 1.076818
 290.000000 1.091207
 291.000000 1.087228
 292.000000 1.060934
 293.000000 1.068976
 294.000000 1.095623
 295.000000 1.093370
 296.000000 1.095831
 297.000000 1.116891
 298.000000 1.118484
 299.000000 1.122804
 300.000000 1.126432
 301.000000 1.129225
 302.000000 1.142225
 303.000000 1.107936
 304.000000 1.113820
 305.000000 1.126069
 306.000000 1.103440
 307.000000 1.159193
 308.000000 1.137533
 309.000000 1.141086
 310.000000 1.122190
 311.000000 1.115611
 312.000000 1.114580
 313.000000 1.132713
 314.000000 1.109075
 315.000000 1.129922
 316.000000 1.147440
 317.000000 1.135356
 318.000000 1.152819
 319.000000 1.173288
 320.000000 1.152809
 321.000000 1.160046
 322.000000 1.142393
 323.000000 1.133426
 324.000000 1.149136
 325.000000 1.158994
 326.000000 1.137801
 327.000000 1.193884
 328.000000 1.177526
 329.000000 1.200014
 330.000000 1.198518
 331.000000 1.164209
 332.000000 1.191052
 333.000000 1.190021
 334.000000 1.193720
 335.000000 1.202581
 336.000000 1.193061
 337.000000 1.217172
 338.000000 1.195836
 339.000000 1.188230
 340.000000 1.217912
 341.000000 1.218189
 342.000000 1.208982
 343.000000 1.229613
 344.000000 1.217958
 345.000000 1.188665
 346.000000 1.189174
 347.000000 1.191783
 348.000000 1.155209
 349.000000 1.164560
 350.000000 1.170877
 351.000000 1.148725
 352.000000 1.131954
 353.000000 1.129566
 354.000000 1.151437
 355.000000 1.153783
 356.000000 1.157460
 357.000000 1.171956
 358.000000 1.159247
 359.000000 1.126400
 360.000000 1.165217
 361.000000 1.140643
 362.000000 1.143721
 363.000000 1.145481
 364.000000 1.159178
 365.000000 1.138219
 366.000000 1.133293
 367.000000 1.140602
 368.000000 1.131107
 369.000000 1.128286
 370.000000 1.135697
 371.000000 1.104783
 372.000000 1.103732
 373.000000 1.128786
 374.000000 1.114333
 375.000000 1.105668
 376.000000 1.147268
 377.000000 1.131967
 378.000000 1.122055
 379.000000 1.120535
 380.000000 1.112207
 381.000000 1.132063
 382.000000 1.160513
 383.000000 1.161716
 384.000000 1.172169
 385.000000 1.151304
 386.000000 1.167515
 387.000000 1.184393
 388.000000 1.181085
 389.000000 1.165234
 390.000000 1.139388
 391.000000 1.118874
 392.000000 1.128167
 393.000000 1.132610
 394.000000 1.163677
 395.000000 1.132487
 396.000000 1.133609
 397.000000 1.143587
 398.000000 1.102200
 399.000000 1.104272
