#! FIELDS time s.mean
 0.000000 0.085547
 1.000000 0.081018
 2.000000 0.076663
 3.000000 0.069240
 4.000000 0.071592
 5.000000 0.073588
 6.000000 0.071553
 7.000000 0.073281
 8.000000 0.077426
 9.000000 0.075720
 10.000000 0.081472
 11.000000 0.081776
 12.000000 0.068898
 13.000000 0.074944
 14.000000 0.075427
 15.000000 0.083181
 16.000000 0.082809
 17.000000 0.071669
 18.000000 0.077289
 19.000000 0.081327
 20.000000 0.076163
 21.000000 0.074793
 22.000000 0.077326
 23.000000 0.077559
 24.000000 0.072941
 25.000000 0.068625
 26.000000 0.075028
 27.000000 0.070425
 28.000000 0.073265
 29.000000 0.077314
 30.000000 0.082473
 31.000000 0.070478
 32.000000 0.071319
 33.000000 0.072958
 34.000000 0.073914
 35.000000 0.074139
 36.000000 0.071442
 37.000000 0.070360
 38.000000 0.071771
 39.000000 0.070981
 40.000000 0.073590
 41.000000 0.069825
 42.000000 0.068706
 43.000000 0.080296
 44.000000 0.066012
 45.000000 0.070348
 46.000000 0.064942
 47.000000 0.068612
 48.000000 0.075547
 49.000000 0.075547
 50.000000 0.081858
 51.000000 0.068094
 52.000000 0.072121
 53.000000 0.073573
 54.000000 0.071613
 55.000000 0.067908
 56.000000 0.068617
 57.000000 0.073619
 58.000000 0.073196
 59.000000 0.073877
 60.000000 0.066374
 61.000000 0.072764
 62.000000 0.067282
 63.000000 0.077014
 64.000000 0.068249
 65.000000 0.067667
 66.000000 0.065326
 67.000000 0.064437
 68.000000 0.070626
 69.000000 0.064510
 70.000000 0.064790
 71.000000 0.062387
 72.000000 0.062048
 73.000000 0.068009
 74.000000 0.071247
 75.000000 0.061029
 76.000000 0.066123
 77.000000 0.065680
 78.000000 0.067200
 79.000000 0.065494
 80.000000 0.063733
 81.000000 0.064622
 82.000000 0.059367
 83.000000 0.058719
 84.000000 0.059483
 85.000000 0.063956
 86.000000 0.061322
 87.000000 0.062222
 88.000000 0.067649
 89.000000 0.060444
 90.000000 0.057145
 91.000000 0.063497
 92.000000 0.064657
 93.000000 0.059732
 94.000000 0.067355
 95.000000 0.060062
 96.000000 0.064366
 97.000000 0.069183
 98.000000 0.072881
 99.000000 0.070465
 100.000000 0.068759
 101.000000 0.058374
 102.000000 0.064176
 103.000000 0.068294
 104.000000 0.071035
 105.000000 0.066273
 106.000000 0.068133
 107.000000 0.061040
 108.000000 0.053420
 109.000000 0.059200
 110.000000 0.058783
 111.000000 0.061432
 112.000000 0.065235
 113.000000 0.056756
 114.000000 0.065653
 115.000000 0.063597
 116.000000 0.059570
 117.000000 0.059301
 118.000000 0.072909
 119.000000 0.059827
 120.000000 0.061615
 121.000000 0.060750
 122.000000 0.059197
 123.000000 0.065515
 124.000000 0.066266
 125.000000 0.062042
 126.000000 0.066189
 127.000000 0.063646
 128.000000 0.065461
 129.000000 0.066269
 130.000000 0.065156
 131.000000 0.061352
 132.000000 0.064797
 133.000000 0.059179
 134.000000 0.059336
 135.000000 0.057198
 136.000000 0.058489
 137.000000 0.059177
 138.000000 0.055637
 139.000000 0.058993
 140.000000 0.058003
 141.000000 0.066289
 142.000000 0.063665
 143.000000 0.065037
 144.000000 0.061832
 145.000000 0.057750
 146.000000 0.061470
 147.000000 0.058766
 148.000000 0.057658
 149.000000 0.061261
 150.000000 0.060635
 151.000000 0.060279
 152.000000 0.058871
 153.000000 0.047311
 154.000000 0.054453
 155.000000 0.056731
 156.000000 0.060832
 157.000000 0.062084
 158.000000 0.050521
 159.000000 0.055602
 160.000000 0.048805
 161.000000 0.057909
 162.000000 0.054001
 163.000000 0.053086
 164.000000 0.053535
 165.000000 0.047167
 166.000000 0.048981
 167.000000 0.053692
 168.000000 0.052522
 169.000000 0.047572
 170.000000 0.046080
 171.000000 0.046330
 172.000000 0.047026
 173.000000 0.055710
 174.000000 0.048603
 175.000000 0.046952
 176.000000 0.050346
 177.000000 0.053290
 178.000000 0.048796
 179.000000 0.056651
 180.000000 0.052101
 181.000000 0.050938
 182.000000 0.050050
 183.000000 0.050016
 184.000000 0.050248
 185.000000 0.046015
 186.000000 0.053229
 187.000000 0.046454
 188.000000 0.049002
 189.000000 0.056336
 190.000000 0.050580
 191.000000 0.054764
 192.000000 0.054897
 193.000000 0.055910
 194.000000 0.052359
 195.000000 0.049688
 196.000000 0.050328
 197.000000 0.056329
 198.000000 0.055545
 199.000000 0.054552
 200.000000 0.056468
 201.000000 0.050098
 202.000000 0.049389
 203.000000 0.050075
 204.000000 0.055613
 205.000000 0.060894
 206.000000 0.053099
 207.000000 0.054515
 208.000000 0.057174
 209.000000 0.045599
 210.000000 0.057446
 211.000000 0.061226
 212.000000 0.055673
 213.000000 0.051252
 214.000000 0.055794
 215.000000 0.050671
 216.000000 0.050089
 217.000000 0.051563
 218.000000 0.055397
 219.000000 0.045052
 220.000000 0.051485
 221.000000 0.051688
 222.000000 0.051260
 223.000000 0.051487
 224.000000 0.055943
 225.000000 0.051442
 226.000000 0.055641
 227.000000 0.053164
 228.000000 0.052326
 229.000000 0.053132
 230.000000 0.052761
 231.000000 0.057310
 232.000000 0.058371
 233.000000 0.055032
 234.000000 0.052872
 235.000000 0.061248
 236.000000 0.059264
 237.000000 0.064862
 238.000000 0.057215
 239.000000 0.060122
 240.000000 0.063146
 241.000000 0.059823
 242.000000 0.064566
 243.000000 0.058695
 244.000000 0.058893
 245.000000 0.061712
 246.000000 0.057537
 247.000000 0.054787
 248.000000 0.051015
 249.000000 0.052668
 250.000000 0.063629
 251.000000 0.060149
 252.000000 0.068335
 253.000000 0.062284
 254.000000 0.061053
 255.000000 0.055609
 256.000000 0.055269
 257.000000 0.057972
 258.000000 0.056926
 259.000000 0.055273
 260.000000 0.059185
 261.000000 0.062608
 262.000000 0.059066
 263.000000 0.059192
 264.000000 0.054725
 265.000000 0.055102
 266.000000 0.056043
 267.000000 0.059187
 268.000000 0.055776
 269.000000 0.055703
 270.000000 0.055904
 271.000000 0.054462
 272.000000 0.054113
 273.000000 0.050562
 274.000000 0.055153
 275.000000 0.056274
 276.000000 0.055547
 277.000000 0.056688
 278.000000 0.051737
 279.000000 0.055197
 280.000000 0.053625
 281.000000 0.053236
 282.000000 0.055829
 283.000000 0.057540
 284.000000 0.053100
 285.000000 0.052989
 286.000000 0.047923
 287.000000 0.053313
 288.000000 0.052455
 289.000000 0.050556
 290.000000 0.054403
 291.000000 0.050391
 292.000000 0.050123
 293.000000 0.051856
 294.000000 0.047806
 295.000000 0.057261
 296.000000 0.048177
 297.000000 0.053864
 298.000000 0.057087
 299.000000 0.053989
 300.000000 0.055126
 301.000000 0.055888
 302.000000 0.053725
 303.000000 0.053030
 304.000000 0.051704
 305.000000 0.053840
 306.000000 0.050781
 307.000000 0.053065
 308.000000 0.054152
 309.000000 0.054402
 310.000000 0.050848
 311.000000 0.051271
 312.000000 0.050909
 313.000000 0.052431
 314.000000 0.050955
 315.000000 0.051729
 316.000000 0.060687
 317.000000 0.060579
 318.000000 0.057169
 319.000000 0.057752
 320.000000 0.052969
 321.000000 0.058429
 322.000000 0.059222
 323.000000 0.053692
 324.000000 0.052896
 325.000000 0.051427
 326.000000 0.055440
 327.000000 0.063211
 328.000000 0.054886
 329.000000 0.058120
 330.000000 0.059899
 331.000000 0.057847
 332.000000 0.057992
 333.000000 0.057339
 334.000000 0.054844
 335.000000 0.062113
 336.000000 0.060873
 337.000000 0.061794
 338.000000 0.058067
 339.000000 0.056021
 340.000000 0.059099
 341.000000 0.064950
 342.000000 0.061446
 343.000000 0.064481
 344.000000 0.061481
 345.000000 0.065481
 346.000000 0.059675
 347.000000 0.059737
 348.000000 0.055981
 349.000000 0.055576
 350.000000 0.057703
 351.000000 0.059502
 352.000000 0.053542
 353.000000 0.056944
 354.000000 0.061383
 355.000000 0.055270
 356.000000 0.056329
 357.000000 0.054215
 358.000000 0.056951
 359.000000 0.055034
 360.000000 0.053763
 361.000000 0.059207
 362.000000 0.057142
 363.000000 0.059105
 364.000000 0.056493
 365.000000 0.058244
 366.000000 0.054497
 367.000000 0.054004
 368.000000 0.056569
 369.000000 0.049495
 370.000000 0.053377
 371.000000 0.051608
 372.000000 0.052554
 373.000000 0.054677
 374.000000 0.055279
 375.000000 0.048695
 376.000000 0.050506
 377.000000 0.057789
 378.000000 0.053407
 379.000000 0.057629
 380.000000 0.050164
 381.000000 0.054565
 382.000000 0.060334
 383.000000 0.059310
 384.000000 0.058835
 385.000000 0.050604
 386.000000 0.059044
 387.000000 0.062348
 388.000000 0.060230
 389.000000 0.053552
 390.000000 0.054519
 391.000000 0.053834
 392.000000 0.053925
 393.000000 0.055321
 394.000000 0.057661
 395.000000 0.051691
 396.000000 0.047308
 397.000000 0.059343
 398.000000 0.054967
 399.000000 0.051826
