#! FIELDS time s.mean
 0.000000 0.445024
 1.000000 0.427997
 2.000000 0.411919
 3.000000 0.403120
 4.000000 0.403547
 5.000000 0.411597
 6.000000 0.389726
 7.000000 0.406388
 8.000000 0.416368
 9.000000 0.414873
 10.000000 0.414637
 11.000000 0.417864
 12.000000 0.386623
 13.000000 0.395122
 14.000000 0.397601
 15.000000 0.392767
 16.000000 0.397493
 17.000000 0.389049
 18.000000 0.394606
 19.000000 0.394978
 20.000000 0.389622
 21.000000 0.380681
 22.000000 0.370986
 23.000000 0.386220
 24.000000 0.370373
 25.000000 0.366665
 26.000000 0.391783
 27.000000 0.383046
 28.000000 0.392462
 29.000000 0.394907
 30.000000 0.396504
 31.000000 0.377276
 32.000000 0.373259
 33.000000 0.374908
 34.000000 0.377215
 35.000000 0.383072
 36.000000 0.377138
 37.000000 0.369620
 38.000000 0.368301
 39.000000 0.375847
 40.000000 0.379984
 41.000000 0.376406
 42.000000 0.385050
 43.000000 0.388057
 44.000000 0.368837
 45.000000 0.369673
 46.000000 0.358317
 47.000000 0.368903
 48.000000 0.380917
 49.000000 0.379402
 50.000000 0.395563
 51.000000 0.365790
 52.000000 0.372467
 53.000000 0.369545
 54.000000 0.375809
 55.000000 0.364073
 56.000000 0.370081
 57.000000 0.377268
 58.000000 0.372242
 59.000000 0.378674
 60.000000 0.367997
 61.000000 0.366952
 62.000000 0.352325
 63.000000 0.379003
 64.000000 0.358617
 65.000000 0.366321
 66.000000 0.355748
 67.000000 0.348544
 68.000000 0.355645
 69.000000 0.345058
 70.000000 0.348406
 71.000000 0.342968
 72.000000 0.341083
 73.000000 0.348509
 74.000000 0.347686
 75.000000 0.330148
 76.000000 0.350458
 77.000000 0.337258
 78.000000 0.352990
 79.000000 0.332790
 80.000000 0.336449
 81.000000 0.339722
 82.000000 0.325841
 83.000000 0.317082
 84.000000 0.324499
 85.000000 0.335906
 86.000000 0.339241
 87.000000 0.344907
 88.000000 0.354278
 89.000000 0.336360
 90.000000 0.334270
 91.000000 0.344492
 92.000000 0.342349
 93.000000 0.342406
 94.000000 0.352672
 95.000000 0.340108
 96.000000 0.346738
 97.000000 0.364958
 98.000000 0.359920
 99.000000 0.348685
 100.000000 0.347736
 101.000000 0.344676
 102.000000 0.339246
 103.000000 0.350723
 104.000000 0.350038
 105.000000 0.346930
 106.000000 0.349423
 107.000000 0.340537
 108.000000 0.327675
 109.000000 0.332951
 110.000000 0.344562
 111.000000 0.343111
 112.000000 0.335353
 113.000000 0.334090
 114.000000 0.352128
 115.000000 0.347439
 116.000000 0.338087
 117.000000 0.339712
 118.000000 0.347729
 119.000000 0.343372
 120.000000 0.340865
 121.000000 0.327980
 122.000000 0.325319
 123.000000 0.339927
 124.000000 0.343542
 125.000000 0.338485
 126.000000 0.341242
 127.000000 0.337594
 128.000000 0.344099
 129.000000 0.340643
 130.000000 0.337056
 131.000000 0.344727
 132.000000 0.335571
 133.000000 0.324816
 134.000000 0.322839
 135.000000 0.320412
 136.000000 0.319311
 137.000000 0.320388
 138.000000 0.311877
 139.000000 0.319148
 140.000000 0.310122
 141.000000 0.337239
 142.000000 0.340124
 143.000000 0.332076
 144.000000 0.327080
 145.000000 0.320983
 146.000000 0.330695
 147.000000 0.317907
 148.000000 0.309973
 149.000000 0.318700
 150.000000 0.317622
 151.000000 0.319097
 152.000000 0.308572
 153.000000 0.296327
 154.000000 0.310405
 155.000000 0.315289
 156.000000 0.316440
 157.000000 0.320117
 158.000000 0.310963
 159.000000 0.300820
 160.000000 0.291146
 161.000000 0.299076
 162.000000 0.293874
 163.000000 0.290509
 164.000000 0.296167
 165.000000 0.278176
 166.000000 0.277340
 167.000000 0.290332
 168.000000 0.287011
 169.000000 0.273783
 170.000000 0.280024
 171.000000 0.274053
 172.000000 0.275613
 173.000000 0.282308
 174.000000 0.271670
 175.000000 0.269765
 176.000000 0.276749
 177.000000 0.287457
 178.000000 0.281308
 179.000000 0.285280
 180.000000 0.291838
 181.000000 0.288105
 182.000000 0.285655
 183.000000 0.284342
 184.000000 0.288976
 185.000000 0.276591
 186.000000 0.283376
 187.000000 0.275403
 188.000000 0.286979
 189.000000 0.295657
 190.000000 0.286310
 191.000000 0.301625
 192.000000 0.301402
 193.000000 0.292908
 194.000000 0.297900
 195.000000 0.294130
 196.000000 0.290483
 197.000000 0.305903
 198.000000 0.304629
 199.000000 0.294697
 200.000000 0.298479
 201.000000 0.291873
 202.000000 0.287946
 203.000000 0.289518
 204.000000 0.289922
 205.000000 0.306140
 206.000000 0.289167
 207.000000 0.289986
 208.000000 0.293514
 209.000000 0.276012
 210.000000 0.293343
 211.000000 0.301517
 212.000000 0.292962
 213.000000 0.288735
 214.000000 0.292332
 215.000000 0.288725
 216.000000 0.283354
 217.000000 0.287603
 218.000000 0.297178
 219.000000 0.282335
 220.000000 0.298684
 221.000000 0.299916
 222.000000 0.294320
 223.000000 0.292322
 224.000000 0.297813
 225.000000 0.291309
 226.000000 0.286478
 227.000000 0.292845
 228.000000 0.288469
 229.000000 0.286005
 230.000000 0.293848
 231.000000 0.302060
 232.000000 0.308371
 233.000000 0.306639
 234.000000 0.302560
 235.000000 0.314806
 236.000000 0.318234
 237.000000 0.321712
 238.000000 0.310845
 239.000000 0.319313
 240.000000 0.321055
 241.000000 0.315428
 242.000000 0.330168
 243.000000 0.310006
 244.000000 0.320289
 245.000000 0.318392
 246.000000 0.307914
 247.000000 0.310205
 248.000000 0.304374
 249.000000 0.306670
 250.000000 0.319634
 251.000000 0.309777
 252.000000 0.333414
 253.000000 0.327494
 254.000000 0.324786
 255.000000 0.317033
 256.000000 0.313392
 257.000000 0.323502
 258.000000 0.329346
 259.000000 0.312913
 260.000000 0.316850
 261.000000 0.318263
 262.000000 0.317289
 263.000000 0.313859
 264.000000 0.304352
 265.000000 0.309003
 266.000000 0.302501
 267.000000 0.307799
 268.000000 0.310535
 269.000000 0.310734
 270.000000 0.312418
 271.000000 0.308944
 272.000000 0.307050
 273.000000 0.282652
 274.000000 0.292925
 275.000000 0.298656
 276.000000 0.295042
 277.000000 0.294247
 278.000000 0.291868
 279.000000 0.284576
 280.000000 0.284866
 281.000000 0.291922
 282.000000 0.290558
 283.000000 0.295269
 284.000000 0.293653
 285.000000 0.287177
 286.000000 0.273475
 287.000000 0.280740
 288.000000 0.281333
 289.000000 0.278506
 290.000000 0.279612
 291.000000 0.277375
 292.000000 0.271170
 293.000000 0.276209
 294.000000 0.282319
 295.000000 0.286438
 296.000000 0.280089
 297.000000 0.291813
 298.000000 0.293462
 299.000000 0.290445
 300.000000 0.292154
 301.000000 0.295863
 302.000000 0.297359
 303.000000 0.289013
 304.000000 0.288795
 305.000000 0.294877
 306.000000 0.290467
 307.000000 0.307879
 308.000000 0.299618
 309.000000 0.298503
 310.000000 0.291450
 311.000000 0.291218
 312.000000 0.289354
 313.000000 0.296360
 314.000000 0.286379
 315.000000 0.297929
 316.000000 0.304229
 317.000000 0.296961
 318.000000 0.302861
 319.000000 0.310276
 320.000000 0.300083
 321.000000 0.306433
 322.000000 0.300287
 323.000000 0.294331
 324.000000 0.296778
 325.000000 0.300717
 326.000000 0.293992
 327.000000 0.316987
 328.000000 0.308758
 329.000000 0.316936
 330.000000 0.317721
 331.000000 0.307890
 332.000000 0.313380
 333.000000 0.312692
 334.000000 0.307506
 335.000000 0.314286
 336.000000 0.315582
 337.000000 0.323894
 338.000000 0.314391
 339.000000 0.311736
 340.000000 0.326611
 341.000000 0.329866
 342.000000 0.325901
 343.000000 0.334392
 344.000000 0.330707
 345.000000 0.323664
 346.000000 0.318941
 347.000000 0.315671
 348.000000 0.308695
 349.000000 0.308591
 350.000000 0.311217
 351.000000 0.306157
 352.000000 0.294806
 353.000000 0.299327
 354.000000 0.306971
 355.000000 0.306215
 356.000000 0.306525
 357.000000 0.310068
 358.000000 0.306822
 359.000000 0.296164
 360.000000 0.308464
 361.000000 0.303385
 362.000000 0.303380
 363.000000 0.308555
 364.000000 0.306865
 365.000000 0.302649
 366.000000 0.296914
 367.000000 0.297748
 368.000000 0.297802
 369.000000 0.288843
 370.000000 0.293901
 371.000000 0.281579
 372.000000 0.284816
 373.000000 0.295028
 374.000000 0.289095
 375.000000 0.283238
 376.000000 0.298518
 377.000000 0.297940
 378.000000 0.291171
 379.000000 0.292255
 380.000000 0.285394
 381.000000 0.298455
 382.000000 0.306035
 383.000000 0.306763
 384.000000 0.307324
 385.000000 0.293818
 386.000000 0.305907
 387.000000 0.315399
 388.000000 0.314711
 389.000000 0.301527
 390.000000 0.299060
 391.000000 0.293235
 392.000000 0.293106
 393.000000 0.295367
 394.000000 0.307642
 395.000000 0.295474
 396.000000 0.291037
 397.000000 0.303284
 398.000000 0.288880
 399.000000 0.289294
