#! FIELDS time s.mean
 0.000000 2.086825
 1.000000 2.032685
 2.000000 1.970826
 3.000000 1.958329
 4.000000 1.948912
 5.000000 1.983645
 6.000000 1.887613
 7.000000 1.968985
 8.000000 1.998427
 9.000000 1.985699
 10.000000 1.964361
 11.000000 1.976628
 12.000000 1.895136
 13.000000 1.902099
 14.000000 1.902211
 15.000000 1.840781
 16.000000 1.884163
 17.000000 1.881541
 18.000000 1.862705
 19.000000 1.877892
 20.000000 1.848322
 21.000000 1.825102
 22.000000 1.766937
 23.000000 1.824145
 24.000000 1.788204
 25.000000 1.780694
 26.000000 1.832574
 27.000000 1.822307
 28.000000 1.853022
 29.000000 1.855427
 30.000000 1.842186
 31.000000 1.803344
 32.000000 1.774858
 33.000000 1.783353
 34.000000 1.780572
 35.000000 1.794531
 36.000000 1.808521
 37.000000 1.785057
 38.000000 1.773856
 39.000000 1.812463
 40.000000 1.820088
 41.000000 1.824088
 42.000000 1.853888
 43.000000 1.816401
 44.000000 1.787428
 45.000000 1.758915
 46.000000 1.734051
 47.000000 1.788488
 48.000000 1.830231
 49.000000 1.820334
 50.000000 1.863063
 51.000000 1.766166
 52.000000 1.781084
 53.000000 1.769454
 54.000000 1.809571
 55.000000 1.757807
 56.000000 1.782740
 57.000000 1.786597
 58.000000 1.758893
 59.000000 1.790222
 60.000000 1.760680
 61.000000 1.745189
 62.000000 1.694951
 63.000000 1.770531
 64.000000 1.742707
 65.000000 1.778354
 66.000000 1.737725
 67.000000 1.713690
 68.000000 1.734208
 69.000000 1.696737
 70.000000 1.713579
 71.000000 1.689505
 72.000000 1.678502
 73.000000 1.698071
 74.000000 1.675560
 75.000000 1.653168
 76.000000 1.693225
 77.000000 1.654634
 78.000000 1.698509
 79.000000 1.650113
 80.000000 1.657833
 81.000000 1.668448
 82.000000 1.611988
 83.000000 1.613669
 84.000000 1.624681
 85.000000 1.658563
 86.000000 1.671455
 87.000000 1.694555
 88.000000 1.717488
 89.000000 1.681778
 90.000000 1.689065
 91.000000 1.707228
 92.000000 1.696116
 93.000000 1.701266
 94.000000 1.725072
 95.000000 1.692248
 96.000000 1.690408
 97.000000 1.749155
 98.000000 1.703878
 99.000000 1.684264
 100.000000 1.677395
 101.000000 1.691745
 102.000000 1.656035
 103.000000 1.695283
 104.000000 1.692912
 105.000000 1.669820
 106.000000 1.694962
 107.000000 1.663866
 108.000000 1.618769
 109.000000 1.641006
 110.000000 1.680633
 111.000000 1.669004
 112.000000 1.622320
 113.000000 1.624195
 114.000000 1.688213
 115.000000 1.684883
 116.000000 1.658710
 117.000000 1.651443
 118.000000 1.654865
 119.000000 1.650785
 120.000000 1.633509
 121.000000 1.588959
 122.000000 1.588016
 123.000000 1.624408
 124.000000 1.647968
 125.000000 1.627500
 126.000000 1.634245
 127.000000 1.626967
 128.000000 1.668066
 129.000000 1.641274
 130.000000 1.635107
 131.000000 1.669967
 132.000000 1.616666
 133.000000 1.581655
 134.000000 1.600612
 135.000000 1.577869
 136.000000 1.569120
 137.000000 1.572843
 138.000000 1.535230
 139.000000 1.547370
 140.000000 1.551319
 141.000000 1.614496
 142.000000 1.622627
 143.000000 1.593480
 144.000000 1.585064
 145.000000 1.569585
 146.000000 1.598461
 147.000000 1.566017
 148.000000 1.525534
 149.000000 1.541157
 150.000000 1.555042
 151.000000 1.536568
 152.000000 1.500968
 153.000000 1.489891
 154.000000 1.520650
 155.000000 1.529055
 156.000000 1.521879
 157.000000 1.535790
 158.000000 1.523373
 159.000000 1.469652
 160.000000 1.449219
 161.000000 1.470020
 162.000000 1.466896
 163.000000 1.435806
 164.000000 1.469504
 165.000000 1.427853
 166.000000 1.410275
 167.000000 1.448412
 168.000000 1.436489
 169.000000 1.394857
 170.000000 1.415890
 171.000000 1.396700
 172.000000 1.396568
 173.000000 1.417925
 174.000000 1.410843
 175.000000 1.393358
 176.000000 1.412196
 177.000000 1.448104
 178.000000 1.422104
 179.000000 1.419525
 180.000000 1.453669
 181.000000 1.451268
 182.000000 1.449937
 183.000000 1.447897
 184.000000 1.452670
 185.000000 1.397175
 186.000000 1.416706
 187.000000 1.404227
 188.000000 1.437852
 189.000000 1.467779
 190.000000 1.454118
 191.000000 1.490728
 192.000000 1.484909
 193.000000 1.456822
 194.000000 1.473766
 195.000000 1.484617
 196.000000 1.463693
 197.000000 1.488518
 198.000000 1.482579
 199.000000 1.452728
 200.000000 1.478943
 201.000000 1.470741
 202.000000 1.454969
 203.000000 1.458341
 204.000000 1.436869
 205.000000 1.484367
 206.000000 1.442747
 207.000000 1.432516
 208.000000 1.438260
 209.000000 1.403472
 210.000000 1.455225
 211.000000 1.457414
 212.000000 1.429282
 213.000000 1.436031
 214.000000 1.439976
 215.000000 1.441346
 216.000000 1.428093
 217.000000 1.429105
 218.000000 1.459006
 219.000000 1.433491
 220.000000 1.463813
 221.000000 1.468507
 222.000000 1.455587
 223.000000 1.443726
 224.000000 1.453238
 225.000000 1.448701
 226.000000 1.406338
 227.000000 1.445557
 228.000000 1.437900
 229.000000 1.414085
 230.000000 1.442179
 231.000000 1.473804
 232.000000 1.481008
 233.000000 1.500309
 234.000000 1.501966
 235.000000 1.531632
 236.000000 1.547469
 237.000000 1.534342
 238.000000 1.524053
 239.000000 1.533294
 240.000000 1.551751
 241.000000 1.536348
 242.000000 1.573189
 243.000000 1.524563
 244.000000 1.557124
 245.000000 1.550728
 246.000000 1.518003
 247.000000 1.525853
 248.000000 1.540992
 249.000000 1.536266
 250.000000 1.536035
 251.000000 1.524387
 252.000000 1.585550
 253.000000 1.584516
 254.000000 1.573609
 255.000000 1.558987
 256.000000 1.540371
 257.000000 1.567639
 258.000000 1.602443
 259.000000 1.541613
 260.000000 1.549641
 261.000000 1.552415
 262.000000 1.544708
 263.000000 1.531798
 264.000000 1.518985
 265.000000 1.532830
 266.000000 1.503151
 267.000000 1.512612
 268.000000 1.523271
 269.000000 1.536540
 270.000000 1.519461
 271.000000 1.502867
 272.000000 1.506467
 273.000000 1.422844
 274.000000 1.446952
 275.000000 1.464955
 276.000000 1.440921
 277.000000 1.432532
 278.000000 1.451100
 279.000000 1.432391
 280.000000 1.419422
 281.000000 1.443564
 282.000000 1.428632
 283.000000 1.440941
 284.000000 1.456273
 285.000000 1.434655
 286.000000 1.415391
 287.000000 1.415005
 288.000000 1.402857
 289.000000 1.395047
 290.000000 1.415551
 291.000000 1.410082
 292.000000 1.377098
 293.000000 1.386218
 294.000000 1.420641
 295.000000 1.416942
 296.000000 1.422571
 297.000000 1.446381
 298.000000 1.447188
 299.000000 1.455566
 300.000000 1.457847
 301.000000 1.458132
 302.000000 1.478603
 303.000000 1.432029
 304.000000 1.443788
 305.000000 1.457036
 306.000000 1.424880
 307.000000 1.494988
 308.000000 1.472496
 309.000000 1.472351
 310.000000 1.452738
 311.000000 1.440000
 312.000000 1.438143
 313.000000 1.460822
 314.000000 1.433763
 315.000000 1.459151
 316.000000 1.480181
 317.000000 1.468806
 318.000000 1.487550
 319.000000 1.514938
 320.000000 1.488132
 321.000000 1.498966
 322.000000 1.478271
 323.000000 1.466994
 324.000000 1.489214
 325.000000 1.498747
 326.000000 1.473643
 327.000000 1.541796
 328.000000 1.521080
 329.000000 1.546571
 330.000000 1.548834
 331.000000 1.503813
 332.000000 1.537452
 333.000000 1.534176
 334.000000 1.544124
 335.000000 1.555422
 336.000000 1.541585
 337.000000 1.569732
 338.000000 1.541023
 339.000000 1.532513
 340.000000 1.565423
 341.000000 1.564936
 342.000000 1.555986
 343.000000 1.579331
 344.000000 1.563343
 345.000000 1.529432
 346.000000 1.531871
 347.000000 1.534463
 348.000000 1.487255
 349.000000 1.500487
 350.000000 1.507533
 351.000000 1.480896
 352.000000 1.460423
 353.000000 1.454929
 354.000000 1.481022
 355.000000 1.488680
 356.000000 1.490059
 357.000000 1.507538
 358.000000 1.495237
 359.000000 1.454882
 360.000000 1.500234
 361.000000 1.472200
 362.000000 1.474372
 363.000000 1.476025
 364.000000 1.495157
 365.000000 1.467068
 366.000000 1.461173
 367.000000 1.472409
 368.000000 1.461359
 369.000000 1.460972
 370.000000 1.466516
 371.000000 1.430930
 372.000000 1.426770
 373.000000 1.460060
 374.000000 1.442745
 375.000000 1.432225
 376.000000 1.481442
 377.000000 1.462577
 378.000000 1.452675
 379.000000 1.451415
 380.000000 1.442128
 381.000000 1.462562
 382.000000 1.498143
 383.000000 1.503065
 384.000000 1.516243
 385.000000 1.489328
 386.000000 1.507359
 387.000000 1.526557
 388.000000 1.523618
 389.000000 1.507992
 390.000000 1.472882
 391.000000 1.448734
 392.000000 1.460245
 393.000000 1.465309
 394.000000 1.501621
 395.000000 1.464814
 396.000000 1.466818
 397.000000 1.477677
 398.000000 1.427052
 399.000000 1.427950
