#! FIELDS time s.mean
 0.000000 0.284171
 1.000000 0.271139
 2.000000 0.261305
 3.000000 0.251982
 4.000000 0.253643
 5.000000 0.259507
 6.000000 0.246717
 7.000000 0.256128
 8.000000 0.263047
 9.000000 0.261268
 10.000000 0.265728
 11.000000 0.267789
 12.000000 0.242444
 13.000000 0.250536
 14.000000 0.252920
 15.000000 0.255047
 16.000000 0.256156
 17.000000 0.246272
 18.000000 0.253657
 19.000000 0.254634
 20.000000 0.249846
 21.000000 0.242211
 22.000000 0.238512
 23.000000 0.248143
 24.000000 0.235788
 25.000000 0.231896
 26.000000 0.251322
 27.000000 0.242584
 28.000000 0.249117
 29.000000 0.252819
 30.000000 0.257498
 31.000000 0.239190
 32.000000 0.237257
 33.000000 0.239372
 34.000000 0.241382
 35.000000 0.244936
 36.000000 0.238704
 37.000000 0.234518
 38.000000 0.234073
 39.000000 0.237927
 40.000000 0.242219
 41.000000 0.237544
 42.000000 0.243100
 43.000000 0.250400
 44.000000 0.231615
 45.000000 0.235781
 46.000000 0.226380
 47.000000 0.232532
 48.000000 0.242447
 49.000000 0.241592
 50.000000 0.255488
 51.000000 0.232292
 52.000000 0.238047
 53.000000 0.236017
 54.000000 0.238506
 55.000000 0.230330
 56.000000 0.234187
 57.000000 0.242143
 58.000000 0.238729
 59.000000 0.242090
 60.000000 0.232389
 61.000000 0.235339
 62.000000 0.223746
 63.000000 0.245263
 64.000000 0.227418
 65.000000 0.231854
 66.000000 0.224451
 67.000000 0.219625
 68.000000 0.226267
 69.000000 0.217579
 70.000000 0.219831
 71.000000 0.216258
 72.000000 0.215244
 73.000000 0.221884
 74.000000 0.222971
 75.000000 0.207063
 76.000000 0.222572
 77.000000 0.214180
 78.000000 0.225022
 79.000000 0.210676
 80.000000 0.211894
 81.000000 0.215814
 82.000000 0.205884
 83.000000 0.198439
 84.000000 0.204289
 85.000000 0.213465
 86.000000 0.213531
 87.000000 0.217311
 88.000000 0.225412
 89.000000 0.210294
 90.000000 0.206955
 91.000000 0.216717
 92.000000 0.215994
 93.000000 0.213691
 94.000000 0.223061
 95.000000 0.212599
 96.000000 0.219217
 97.000000 0.231848
 98.000000 0.232870
 99.000000 0.223435
 100.000000 0.221137
 101.000000 0.214753
 102.000000 0.215386
 103.000000 0.223302
 104.000000 0.223221
 105.000000 0.220034
 106.000000 0.221446
 107.000000 0.213271
 108.000000 0.203696
 109.000000 0.209522
 110.000000 0.215337
 111.000000 0.215366
 112.000000 0.213467
 113.000000 0.209131
 114.000000 0.223983
 115.000000 0.218379
 116.000000 0.212070
 117.000000 0.213237
 118.000000 0.223995
 119.000000 0.216568
 120.000000 0.215185
 121.000000 0.207231
 122.000000 0.205209
 123.000000 0.217364
 124.000000 0.218885
 125.000000 0.214278
 126.000000 0.217452
 127.000000 0.214870
 128.000000 0.218052
 129.000000 0.217866
 130.000000 0.213465
 131.000000 0.217162
 132.000000 0.213165
 133.000000 0.203889
 134.000000 0.202322
 135.000000 0.199922
 136.000000 0.201581
 137.000000 0.201389
 138.000000 0.195138
 139.000000 0.201133
 140.000000 0.194279
 141.000000 0.214940
 142.000000 0.215735
 143.000000 0.212089
 144.000000 0.207797
 145.000000 0.202197
 146.000000 0.209130
 147.000000 0.200247
 148.000000 0.195488
 149.000000 0.202244
 150.000000 0.200578
 151.000000 0.203373
 152.000000 0.194927
 153.000000 0.182860
 154.000000 0.194755
 155.000000 0.199586
 156.000000 0.200686
 157.000000 0.204225
 158.000000 0.193324
 159.000000 0.189704
 160.000000 0.181564
 161.000000 0.190098
 162.000000 0.184266
 163.000000 0.182220
 164.000000 0.185658
 165.000000 0.172302
 166.000000 0.172466
 167.000000 0.182498
 168.000000 0.180849
 169.000000 0.170787
 170.000000 0.173794
 171.000000 0.170208
 172.000000 0.171802
 173.000000 0.179297
 174.000000 0.168141
 175.000000 0.166699
 176.000000 0.173094
 177.000000 0.179872
 178.000000 0.175352
 179.000000 0.181043
 180.000000 0.183190
 181.000000 0.180175
 182.000000 0.177240
 183.000000 0.176889
 184.000000 0.179790
 185.000000 0.171256
 186.000000 0.178873
 187.000000 0.170263
 188.000000 0.178367
 189.000000 0.186461
 190.000000 0.178581
 191.000000 0.188828
 192.000000 0.189911
 193.000000 0.185850
 194.000000 0.185925
 195.000000 0.182982
 196.000000 0.181012
 197.000000 0.193715
 198.000000 0.192345
 199.000000 0.185074
 200.000000 0.188252
 201.000000 0.181665
 202.000000 0.178701
 203.000000 0.180481
 204.000000 0.184353
 205.000000 0.195548
 206.000000 0.181613
 207.000000 0.182977
 208.000000 0.186470
 209.000000 0.170426
 210.000000 0.185889
 211.000000 0.193863
 212.000000 0.185877
 213.000000 0.180079
 214.000000 0.185544
 215.000000 0.180710
 216.000000 0.176768
 217.000000 0.180342
 218.000000 0.188018
 219.000000 0.173752
 220.000000 0.187184
 221.000000 0.188260
 222.000000 0.183938
 223.000000 0.182632
 224.000000 0.188327
 225.000000 0.181915
 226.000000 0.181587
 227.000000 0.184172
 228.000000 0.180611
 229.000000 0.179783
 230.000000 0.184919
 231.000000 0.190298
 232.000000 0.195778
 233.000000 0.192104
 234.000000 0.189047
 235.000000 0.199830
 236.000000 0.201749
 237.000000 0.206392
 238.000000 0.195982
 239.000000 0.202812
 240.000000 0.205149
 241.000000 0.199943
 242.000000 0.210863
 243.000000 0.195961
 244.000000 0.202214
 245.000000 0.201860
 246.000000 0.194063
 247.000000 0.194827
 248.000000 0.187524
 249.000000 0.191620
 250.000000 0.205940
 251.000000 0.197239
 252.000000 0.215029
 253.000000 0.208101
 254.000000 0.206417
 255.000000 0.198490
 256.000000 0.196800
 257.000000 0.203830
 258.000000 0.206345
 259.000000 0.196144
 260.000000 0.200150
 261.000000 0.201373
 262.000000 0.200112
 263.000000 0.198712
 264.000000 0.190241
 265.000000 0.193800
 266.000000 0.190167
 267.000000 0.194700
 268.000000 0.195055
 269.000000 0.194324
 270.000000 0.195926
 271.000000 0.193250
 272.000000 0.191686
 273.000000 0.177019
 274.000000 0.185309
 275.000000 0.189652
 276.000000 0.188050
 277.000000 0.187285
 278.000000 0.183024
 279.000000 0.179639
 280.000000 0.179553
 281.000000 0.184611
 282.000000 0.184588
 283.000000 0.187748
 284.000000 0.184704
 285.000000 0.180811
 286.000000 0.168882
 287.000000 0.177147
 288.000000 0.177360
 289.000000 0.174820
 290.000000 0.176405
 291.000000 0.172986
 292.000000 0.170012
 293.000000 0.173537
 294.000000 0.175504
 295.000000 0.182523
 296.000000 0.173513
 297.000000 0.184147
 298.000000 0.186643
 299.000000 0.182277
 300.000000 0.184677
 301.000000 0.187069
 302.000000 0.186451
 303.000000 0.181519
 304.000000 0.180657
 305.000000 0.185479
 306.000000 0.181920
 307.000000 0.193564
 308.000000 0.189419
 309.000000 0.187887
 310.000000 0.182210
 311.000000 0.182353
 312.000000 0.180480
 313.000000 0.184643
 314.000000 0.179233
 315.000000 0.187120
 316.000000 0.193908
 317.000000 0.188977
 318.000000 0.191317
 319.000000 0.196661
 320.000000 0.187908
 321.000000 0.193999
 322.000000 0.191336
 323.000000 0.184376
 324.000000 0.186603
 325.000000 0.187953
 326.000000 0.185062
 327.000000 0.202095
 328.000000 0.193934
 329.000000 0.200085
 330.000000 0.200898
 331.000000 0.195805
 332.000000 0.197984
 333.000000 0.197838
 334.000000 0.192001
 335.000000 0.199859
 336.000000 0.200667
 337.000000 0.205696
 338.000000 0.198576
 339.000000 0.195049
 340.000000 0.206662
 341.000000 0.210700
 342.000000 0.207426
 343.000000 0.214605
 344.000000 0.210055
 345.000000 0.207755
 346.000000 0.202353
 347.000000 0.200052
 348.000000 0.195220
 349.000000 0.194873
 350.000000 0.196439
 351.000000 0.194976
 352.000000 0.185025
 353.000000 0.189984
 354.000000 0.195441
 355.000000 0.192854
 356.000000 0.193427
 357.000000 0.194690
 358.000000 0.193571
 359.000000 0.186861
 360.000000 0.193686
 361.000000 0.192547
 362.000000 0.191754
 363.000000 0.197451
 364.000000 0.193965
 365.000000 0.192287
 366.000000 0.186992
 367.000000 0.187181
 368.000000 0.188820
 369.000000 0.180359
 370.000000 0.183696
 371.000000 0.175854
 372.000000 0.178775
 373.000000 0.186150
 374.000000 0.182869
 375.000000 0.176483
 376.000000 0.185921
 377.000000 0.188950
 378.000000 0.183107
 379.000000 0.185701
 380.000000 0.178188
 381.000000 0.188865
 382.000000 0.194641
 383.000000 0.195248
 384.000000 0.193749
 385.000000 0.182459
 386.000000 0.193120
 387.000000 0.201042
 388.000000 0.200082
 389.000000 0.188651
 390.000000 0.188576
 391.000000 0.185552
 392.000000 0.184092
 393.000000 0.186344
 394.000000 0.194825
 395.000000 0.184794
 396.000000 0.179135
 397.000000 0.192850
 398.000000 0.182996
 399.000000 0.182699
