#! FIELDS time s.mean
 0.000000 0.654346
 1.000000 0.631146
 2.000000 0.608066
 3.000000 0.601073
 4.000000 0.599042
 5.000000 0.610396
 6.000000 0.577584
 7.000000 0.604542
 8.000000 0.617012
 9.000000 0.615523
 10.000000 0.608936
 11.000000 0.613497
 12.000000 0.575694
 13.000000 0.584749
 14.000000 0.586553
 15.000000 0.573471
 16.000000 0.583016
 17.000000 0.577302
 18.000000 0.578897
 19.000000 0.579804
 20.000000 0.572439
 21.000000 0.563021
 22.000000 0.545155
 23.000000 0.566493
 24.000000 0.547479
 25.000000 0.543472
 26.000000 0.574928
 27.000000 0.565605
 28.000000 0.578090
 29.000000 0.580199
 30.000000 0.578459
 31.000000 0.557385
 32.000000 0.550183
 33.000000 0.552283
 34.000000 0.555067
 35.000000 0.562525
 36.000000 0.558594
 37.000000 0.547089
 38.000000 0.544772
 39.000000 0.556303
 40.000000 0.560153
 41.000000 0.558956
 42.000000 0.570514
 43.000000 0.568801
 44.000000 0.548352
 45.000000 0.545026
 46.000000 0.530771
 47.000000 0.547214
 48.000000 0.562941
 49.000000 0.560958
 50.000000 0.579083
 51.000000 0.540721
 52.000000 0.548337
 53.000000 0.544830
 54.000000 0.556319
 55.000000 0.538872
 56.000000 0.549063
 57.000000 0.553457
 58.000000 0.546257
 59.000000 0.556883
 60.000000 0.545174
 61.000000 0.540079
 62.000000 0.521324
 63.000000 0.553358
 64.000000 0.530802
 65.000000 0.541954
 66.000000 0.527104
 67.000000 0.518433
 68.000000 0.526588
 69.000000 0.513568
 70.000000 0.518714
 71.000000 0.510132
 72.000000 0.507764
 73.000000 0.516272
 74.000000 0.513471
 75.000000 0.494417
 76.000000 0.517485
 77.000000 0.499982
 78.000000 0.520528
 79.000000 0.495493
 80.000000 0.501217
 81.000000 0.503521
 82.000000 0.484265
 83.000000 0.476610
 84.000000 0.483530
 85.000000 0.498085
 86.000000 0.504010
 87.000000 0.512736
 88.000000 0.523914
 89.000000 0.502933
 90.000000 0.502907
 91.000000 0.513785
 92.000000 0.510146
 93.000000 0.511548
 94.000000 0.524393
 95.000000 0.510530
 96.000000 0.514261
 97.000000 0.539329
 98.000000 0.526092
 99.000000 0.514261
 100.000000 0.514478
 101.000000 0.514291
 102.000000 0.502585
 103.000000 0.519302
 104.000000 0.518034
 105.000000 0.514231
 106.000000 0.518639
 107.000000 0.507639
 108.000000 0.490332
 109.000000 0.495908
 110.000000 0.514113
 111.000000 0.510026
 112.000000 0.495555
 113.000000 0.496499
 114.000000 0.519831
 115.000000 0.515654
 116.000000 0.504162
 117.000000 0.505340
 118.000000 0.509778
 119.000000 0.508551
 120.000000 0.503856
 121.000000 0.486384
 122.000000 0.482778
 123.000000 0.500442
 124.000000 0.506951
 125.000000 0.501437
 126.000000 0.503396
 127.000000 0.498446
 128.000000 0.509766
 129.000000 0.502079
 130.000000 0.499712
 131.000000 0.512246
 132.000000 0.496355
 133.000000 0.483237
 134.000000 0.481553
 135.000000 0.478414
 136.000000 0.475408
 137.000000 0.476840
 138.000000 0.465146
 139.000000 0.473961
 140.000000 0.464860
 141.000000 0.497798
 142.000000 0.502257
 143.000000 0.489306
 144.000000 0.484166
 145.000000 0.478388
 146.000000 0.491304
 147.000000 0.473524
 148.000000 0.462188
 149.000000 0.471581
 150.000000 0.473096
 151.000000 0.471115
 152.000000 0.457238
 153.000000 0.445399
 154.000000 0.462679
 155.000000 0.467559
 156.000000 0.468535
 157.000000 0.471327
 158.000000 0.464169
 159.000000 0.446673
 160.000000 0.435070
 161.000000 0.444803
 162.000000 0.439264
 163.000000 0.432898
 164.000000 0.442786
 165.000000 0.418866
 166.000000 0.416579
 167.000000 0.433406
 168.000000 0.427098
 169.000000 0.411162
 170.000000 0.419313
 171.000000 0.412050
 172.000000 0.413348
 173.000000 0.420074
 174.000000 0.409973
 175.000000 0.407069
 176.000000 0.415254
 177.000000 0.431590
 178.000000 0.421310
 179.000000 0.423686
 180.000000 0.435794
 181.000000 0.431668
 182.000000 0.430018
 183.000000 0.427269
 184.000000 0.432659
 185.000000 0.415137
 186.000000 0.422204
 187.000000 0.415245
 188.000000 0.430233
 189.000000 0.440225
 190.000000 0.430750
 191.000000 0.450412
 192.000000 0.448130
 193.000000 0.435667
 194.000000 0.445753
 195.000000 0.441927
 196.000000 0.435834
 197.000000 0.454740
 198.000000 0.452658
 199.000000 0.438601
 200.000000 0.444273
 201.000000 0.438618
 202.000000 0.432765
 203.000000 0.434181
 204.000000 0.430499
 205.000000 0.452323
 206.000000 0.431044
 207.000000 0.431658
 208.000000 0.434521
 209.000000 0.415705
 210.000000 0.435817
 211.000000 0.443300
 212.000000 0.434199
 213.000000 0.430533
 214.000000 0.433808
 215.000000 0.431557
 216.000000 0.424238
 217.000000 0.429178
 218.000000 0.440636
 219.000000 0.425133
 220.000000 0.445061
 221.000000 0.445788
 222.000000 0.439363
 223.000000 0.436270
 224.000000 0.441607
 225.000000 0.434482
 226.000000 0.425263
 227.000000 0.435696
 228.000000 0.431159
 229.000000 0.426047
 230.000000 0.436557
 231.000000 0.448254
 232.000000 0.456088
 233.000000 0.456756
 234.000000 0.452421
 235.000000 0.466836
 236.000000 0.472561
 237.000000 0.473153
 238.000000 0.462332
 239.000000 0.471146
 240.000000 0.474932
 241.000000 0.468212
 242.000000 0.486673
 243.000000 0.460309
 244.000000 0.474575
 245.000000 0.471632
 246.000000 0.459367
 247.000000 0.461999
 248.000000 0.459922
 249.000000 0.459500
 250.000000 0.470463
 251.000000 0.459897
 252.000000 0.488673
 253.000000 0.484466
 254.000000 0.480646
 255.000000 0.473250
 256.000000 0.467105
 257.000000 0.479995
 258.000000 0.490545
 259.000000 0.467522
 260.000000 0.470287
 261.000000 0.471813
 262.000000 0.471097
 263.000000 0.465818
 264.000000 0.454850
 265.000000 0.462095
 266.000000 0.451165
 267.000000 0.457819
 268.000000 0.462115
 269.000000 0.463941
 270.000000 0.465238
 271.000000 0.460120
 272.000000 0.457666
 273.000000 0.424228
 274.000000 0.436138
 275.000000 0.441984
 276.000000 0.435658
 277.000000 0.435244
 278.000000 0.437132
 279.000000 0.425168
 280.000000 0.425593
 281.000000 0.433597
 282.000000 0.430781
 283.000000 0.437576
 284.000000 0.437444
 285.000000 0.428561
 286.000000 0.414855
 287.000000 0.419718
 288.000000 0.418266
 289.000000 0.414506
 290.000000 0.417603
 291.000000 0.415505
 292.000000 0.406257
 293.000000 0.412074
 294.000000 0.421703
 295.000000 0.425200
 296.000000 0.420172
 297.000000 0.433888
 298.000000 0.435652
 299.000000 0.434352
 300.000000 0.435365
 301.000000 0.439478
 302.000000 0.444690
 303.000000 0.430392
 304.000000 0.431219
 305.000000 0.438241
 306.000000 0.431855
 307.000000 0.456878
 308.000000 0.444593
 309.000000 0.444052
 310.000000 0.435659
 311.000000 0.434733
 312.000000 0.432925
 313.000000 0.443063
 314.000000 0.429042
 315.000000 0.442935
 316.000000 0.450524
 317.000000 0.440896
 318.000000 0.450197
 319.000000 0.460007
 320.000000 0.448543
 321.000000 0.454673
 322.000000 0.444835
 323.000000 0.438766
 324.000000 0.442671
 325.000000 0.448890
 326.000000 0.438456
 327.000000 0.468666
 328.000000 0.459546
 329.000000 0.470843
 330.000000 0.471307
 331.000000 0.455911
 332.000000 0.465431
 333.000000 0.465390
 334.000000 0.460612
 335.000000 0.467270
 336.000000 0.467102
 337.000000 0.480000
 338.000000 0.466958
 339.000000 0.463790
 340.000000 0.482677
 341.000000 0.485166
 342.000000 0.480974
 343.000000 0.491699
 344.000000 0.487409
 345.000000 0.474203
 346.000000 0.471057
 347.000000 0.468272
 348.000000 0.456700
 349.000000 0.457534
 350.000000 0.461425
 351.000000 0.452706
 352.000000 0.439981
 353.000000 0.443501
 354.000000 0.454389
 355.000000 0.454174
 356.000000 0.455968
 357.000000 0.461154
 358.000000 0.455228
 359.000000 0.439655
 360.000000 0.458488
 361.000000 0.449087
 362.000000 0.450709
 363.000000 0.453745
 364.000000 0.455695
 365.000000 0.448125
 366.000000 0.441407
 367.000000 0.444179
 368.000000 0.441740
 369.000000 0.433469
 370.000000 0.439419
 371.000000 0.423600
 372.000000 0.426017
 373.000000 0.438998
 374.000000 0.430410
 375.000000 0.424809
 376.000000 0.445953
 377.000000 0.443079
 378.000000 0.434152
 379.000000 0.434047
 380.000000 0.427269
 381.000000 0.442665
 382.000000 0.454695
 383.000000 0.453325
 384.000000 0.456383
 385.000000 0.441600
 386.000000 0.455236
 387.000000 0.465919
 388.000000 0.465127
 389.000000 0.450779
 390.000000 0.444633
 391.000000 0.435695
 392.000000 0.437425
 393.000000 0.439780
 394.000000 0.456477
 395.000000 0.440666
 396.000000 0.437802
 397.000000 0.449350
 398.000000 0.429216
 399.000000 0.429478
