#! FIELDS time s.mean
 0.000000 0.000982
 1.000000 0.001653
 2.000000 0.001824
 3.000000 0.001048
 4.000000 0.000718
 5.000000 0.000612
 6.000000 0.000404
 7.000000 0.001085
 8.000000 0.000718
 9.000000 0.000957
 10.000000 0.000833
 11.000000 0.000948
 12.000000 0.000707
 13.000000 0.001208
 14.000000 0.000550
 15.000000 0.001071
 16.000000 0.002100
 17.000000 0.001720
 18.000000 0.001004
 19.000000 0.001765
 20.000000 0.000799
 21.000000 0.001559
 22.000000 0.002064
 23.000000 0.001338
 24.000000 0.002200
 25.000000 0.001251
 26.000000 0.001301
 27.000000 0.001085
 28.000000 0.000647
 29.000000 0.000679
 30.000000 0.000976
 31.000000 0.000880
 32.000000 0.001343
 33.000000 0.000930
 34.000000 0.001391
 35.000000 0.001427
 36.000000 0.001815
 37.000000 0.000680
 38.000000 0.001038
 39.000000 0.001372
 40.000000 0.000585
 41.000000 0.002152
 42.000000 0.000267
 43.000000 0.001590
 44.000000 0.002077
 45.000000 0.000299
 46.000000 0.000483
 47.000000 0.001259
 48.000000 0.001705
 49.000000 0.001035
 50.000000 0.001410
 51.000000 0.001389
 52.000000 0.000434
 53.000000 0.001193
 54.000000 0.001846
 55.000000 0.000578
 56.000000 0.001713
 57.000000 0.002015
 58.000000 0.000530
 59.000000 0.000908
 60.000000 0.001352
 61.000000 0.001330
 62.000000 0.001328
 63.000000 0.001037
 64.000000 0.001023
 65.000000 0.000921
 66.000000 0.002649
 67.000000 0.000527
 68.000000 0.001813
 69.000000 0.000885
 70.000000 0.000959
 71.000000 0.000502
 72.000000 0.000366
 73.000000 0.001258
 74.000000 0.001102
 75.000000 0.000643
 76.000000 0.001220
 77.000000 0.001075
 78.000000 0.000244
 79.000000 0.003253
 80.000000 0.001567
 81.000000 0.001940
 82.000000 0.000083
 83.000000 0.002013
 84.000000 0.001054
 85.000000 0.000859
 86.000000 0.000531
 87.000000 0.001351
 88.000000 0.001298
 89.000000 0.001413
 90.000000 0.000520
 91.000000 0.001614
 92.000000 0.001591
 93.000000 0.001321
 94.000000 0.001351
 95.000000 0.001516
 96.000000 0.001490
 97.000000 0.000346
 98.000000 0.000790
 99.000000 0.000650
 100.000000 0.001906
 101.000000 0.000435
 102.000000 0.000777
 103.000000 0.001445
 104.000000 0.000792
 105.000000 0.001918
 106.000000 0.001584
 107.000000 0.000126
 108.000000 0.000266
 109.000000 0.000752
 110.000000 0.000350
 111.000000 0.001499
 112.000000 0.001268
 113.000000 0.000526
 114.000000 0.000104
 115.000000 0.000445
 116.000000 0.001247
 117.000000 0.000822
 118.000000 0.001564
 119.000000 0.000400
 120.000000 0.000869
 121.000000 0.000266
 122.000000 0.002287
 123.000000 0.000326
 124.000000 0.000414
 125.000000 0.000578
 126.000000 0.000723
 127.000000 0.000541
 128.000000 0.001033
 129.000000 0.000435
 130.000000 0.000916
 131.000000 0.000184
 132.000000 0.001066
 133.000000 0.001197
 134.000000 0.000669
 135.000000 0.001048
 136.000000 0.000625
 137.000000 0.001410
 138.000000 0.001481
 139.000000 0.000713
 140.000000 0.001086
 141.000000 0.001611
 142.000000 0.000486
 143.000000 0.000361
 144.000000 0.000308
 145.000000 0.000801
 146.000000 0.000322
 147.000000 0.001594
 148.000000 0.001133
 149.000000 0.001127
 150.000000 0.001528
 151.000000 0.000762
 152.000000 0.001085
 153.000000 0.000158
 154.000000 0.000996
 155.000000 0.001535
 156.000000 0.000800
 157.000000 0.001013
 158.000000 0.000428
 159.000000 0.001475
 160.000000 0.000243
 161.000000 0.000811
 162.000000 0.000653
 163.000000 0.001030
 164.000000 0.000342
 165.000000 0.000263
 166.000000 0.000311
 167.000000 0.001942
 168.000000 0.001540
 169.000000 0.000487
 170.000000 0.000743
 171.000000 0.000154
 172.000000 0.000441
 173.000000 0.001714
 174.000000 0.000875
 175.000000 0.000895
 176.000000 0.000478
 177.000000 0.001766
 178.000000 0.000867
 179.000000 0.000976
 180.000000 0.001001
 181.000000 0.001235
 182.000000 0.000096
 183.000000 0.000776
 184.000000 0.000752
 185.000000 0.000067
 186.000000 0.001336
 187.000000 0.000667
 188.000000 0.000326
 189.000000 0.001340
 190.000000 0.000674
 191.000000 0.001079
 192.000000 0.001099
 193.000000 0.001081
 194.000000 0.000955
 195.000000 0.000143
 196.000000 0.000488
 197.000000 0.001025
 198.000000 0.000542
 199.000000 0.000489
 200.000000 0.000137
 201.000000 0.000761
 202.000000 0.000407
 203.000000 0.000292
 204.000000 0.000457
 205.000000 0.001906
 206.000000 0.000203
 207.000000 0.001223
 208.000000 0.000395
 209.000000 0.000018
 210.000000 0.000427
 211.000000 0.001441
 212.000000 0.001254
 213.000000 0.000837
 214.000000 0.000501
 215.000000 0.000568
 216.000000 0.000751
 217.000000 0.000308
 218.000000 0.000255
 219.000000 0.000309
 220.000000 0.000861
 221.000000 0.000239
 222.000000 0.000681
 223.000000 0.000387
 224.000000 0.000551
 225.000000 0.000607
 226.000000 0.000884
 227.000000 0.000582
 228.000000 0.001441
 229.000000 0.002146
 230.000000 0.000474
 231.000000 0.000544
 232.000000 0.000907
 233.000000 0.000499
 234.000000 0.001031
 235.000000 0.001983
 236.000000 0.000580
 237.000000 0.000569
 238.000000 0.000343
 239.000000 0.001320
 240.000000 0.001221
 241.000000 0.000268
 242.000000 0.000391
 243.000000 0.000273
 244.000000 0.000741
 245.000000 0.001844
 246.000000 0.000917
 247.000000 0.001020
 248.000000 0.001376
 249.000000 0.000630
 250.000000 0.000309
 251.000000 0.001001
 252.000000 0.002283
 253.000000 0.000832
 254.000000 0.000576
 255.000000 0.000248
 256.000000 0.000703
 257.000000 0.000118
 258.000000 0.000460
 259.000000 0.000372
 260.000000 0.000152
 261.000000 0.001619
 262.000000 0.000601
 263.000000 0.000544
 264.000000 0.000345
 265.000000 0.000429
 266.000000 0.001138
 267.000000 0.001402
 268.000000 0.000961
 269.000000 0.000870
 270.000000 0.001155
 271.000000 0.000343
 272.000000 0.000245
 273.000000 0.000794
 274.000000 0.000285
 275.000000 0.001378
 276.000000 0.000375
 277.000000 0.000734
 278.000000 0.000804
 279.000000 0.000594
 280.000000 0.000314
 281.000000 0.000266
 282.000000 0.000540
 283.000000 0.000452
 284.000000 0.000422
 285.000000 0.000815
 286.000000 0.001050
 287.000000 0.000892
 288.000000 0.001300
 289.000000 0.000390
 290.000000 0.001061
 291.000000 0.000335
 292.000000 0.000546
 293.000000 0.000207
 294.000000 0.000951
 295.000000 0.001364
 296.000000 0.000735
 297.000000 0.001601
 298.000000 0.000315
 299.000000 0.000559
 300.000000 0.001526
 301.000000 0.000497
 302.000000 0.000682
 303.000000 0.000401
 304.000000 0.001493
 305.000000 0.000797
 306.000000 0.000412
 307.000000 0.000166
 308.000000 0.000868
 309.000000 0.000867
 310.000000 0.000182
 311.000000 0.001010
 312.000000 0.000665
 313.000000 0.000761
 314.000000 0.000832
 315.000000 0.000271
 316.000000 0.002263
 317.000000 0.001355
 318.000000 0.000756
 319.000000 0.001062
 320.000000 0.001026
 321.000000 0.000670
 322.000000 0.000330
 323.000000 0.000645
 324.000000 0.000115
 325.000000 0.000306
 326.000000 0.000185
 327.000000 0.001330
 328.000000 0.001246
 329.000000 0.001132
 330.000000 0.000965
 331.000000 0.000319
 332.000000 0.000431
 333.000000 0.000862
 334.000000 0.000363
 335.000000 0.000871
 336.000000 0.001011
 337.000000 0.000766
 338.000000 0.000431
 339.000000 0.001203
 340.000000 0.001932
 341.000000 0.001198
 342.000000 0.001424
 343.000000 0.000243
 344.000000 0.000785
 345.000000 0.000902
 346.000000 0.000469
 347.000000 0.001057
 348.000000 0.001544
 349.000000 0.000271
 350.000000 0.002181
 351.000000 0.000605
 352.000000 0.000837
 353.000000 0.000784
 354.000000 0.000621
 355.000000 0.000436
 356.000000 0.000644
 357.000000 0.000193
 358.000000 0.000800
 359.000000 0.001074
 360.000000 0.000290
 361.000000 0.000676
 362.000000 0.000764
 363.000000 0.000325
 364.000000 0.000579
 365.000000 0.000372
 366.000000 0.002028
 367.000000 0.000559
 368.000000 0.001099
 369.000000 0.000387
 370.000000 0.000502
 371.000000 0.000219
 372.000000 0.001039
 373.000000 0.000664
 374.000000 0.000947
 375.000000 0.000677
 376.000000 0.000081
 377.000000 0.001611
 378.000000 0.000192
 379.000000 0.001299
 380.000000 0.000281
 381.000000 0.000288
 382.000000 0.001736
 383.000000 0.001178
 384.000000 0.001610
 385.000000 0.000224
 386.000000 0.001129
 387.000000 0.001889
 388.000000 0.000855
 389.000000 0.000379
 390.000000 0.000537
 391.000000 0.000657
 392.000000 0.000777
 393.000000 0.000877
 394.000000 0.000381
 395.000000 0.001123
 396.000000 0.000963
 397.000000 0.001741
 398.000000 0.000440
 399.000000 0.000153
