#! FIELDS s hh dhh_s
#! SET normalisation  399.000000
#! SET min_s -0.5
#! SET max_s 3.5
#! SET nbins_s  1000
#! SET periodic_s false
 -0.500000 0.000000 0.000000
 -0.496000 0.000000 0.000000
 -0.492000 0.000000 0.000000
 -0.488000 0.000000 0.000000
 -0.484000 0.000000 0.000000
 -0.480000 0.000000 0.000000
 -0.476000 0.000000 0.000000
 -0.472000 0.000000 0.000000
 -0.468000 0.000000 0.000000
 -0.464000 0.000000 0.000000
 -0.460000 0.000000 0.000000
 -0.456000 0.000000 0.000000
 -0.452000 0.000000 0.000000
 -0.448000 0.000000 0.000000
 -0.444000 0.000000 0.000000
 -0.440000 0.000000 0.000000
 -0.436000 0.000000 0.000000
 -0.432000 0.000000 0.000000
 -0.428000 0.000000 0.000000
 -0.424000 0.000000 0.000000
 -0.420000 0.000000 0.000000
 -0.416000 0.000000 0.000000
 -0.412000 0.000000 0.000000
 -0.408000 0.000000 0.000000
 -0.404000 0.000000 0.000000
 -0.400000 0.000000 0.000000
 -0.396000 0.000000 0.000000
 -0.392000 0.000000 0.000000
 -0.388000 0.000000 0.000000
 -0.384000 0.000000 0.000000
 -0.380000 0.000000 0.000000
 -0.376000 0.000000 0.000000
 -0.372000 0.000000 0.000000
 -0.368000 0.000000 0.000000
 -0.364000 0.000000 0.000000
 -0.360000 0.000000 0.000000
 -0.356000 0.000000 0.000000
 -0.352000 0.000000 0.000000
 -0.348000 0.000000 0.000000
 -0.344000 0.000000 0.000000
 -0.340000 0.000000 0.000000
 -0.336000 0.000000 0.000000
 -0.332000 0.000000 0.000000
 -0.328000 0.000000 0.000000
 -0.324000 0.000000 0.000000
 -0.320000 0.000000 0.000000
 -0.316000 0.000000 0.000000
 -0.312000 0.000000 0.000000
 -0.308000 0.000000 0.000000
 -0.304000 0.000000 0.000000
 -0.300000 0.000000 0.000000
 -0.296000 0.000000 0.000000
 -0.292000 0.000000 0.000000
 -0.288000 0.000000 0.000000
 -0.284000 0.000000 0.000000
 -0.280000 0.000000 0.000000
 -0.276000 0.000000 0.000000
 -0.272000 0.000000 0.000000
 -0.268000 0.000000 0.000000
 -0.264000 0.000000 0.000000
 -0.260000 0.000000 0.000000
 -0.256000 0.000000 0.000000
 -0.252000 0.000000 0.000000
 -0.248000 0.000000 0.000000
 -0.244000 0.000000 0.000000
 -0.240000 0.000000 0.000000
 -0.236000 0.000000 0.000000
 -0.232000 0.000000 0.000000
 -0.228000 0.000000 0.000000
 -0.224000 0.000000 0.000000
 -0.220000 0.000000 0.000000
 -0.216000 0.000000 0.000000
 -0.212000 0.000000 0.000000
 -0.208000 0.000000 0.000000
 -0.204000 0.000000 0.000000
 -0.200000 0.000000 0.000000
 -0.196000 0.000000 0.000000
 -0.192000 0.000000 0.000000
 -0.188000 0.000000 0.000000
 -0.184000 0.000000 0.000000
 -0.180000 0.000000 0.000000
 -0.176000 0.000000 0.000000
 -0.172000 0.000000 0.000000
 -0.168000 0.000000 0.000000
 -0.164000 0.000000 0.000000
 -0.160000 0.000000 0.000000
 -0.156000 0.000000 0.000000
 -0.152000 0.000000 0.000000
 -0.148000 0.000000 0.000000
 -0.144000 0.000000 0.000000
 -0.140000 0.000000 0.000000
 -0.136000 0.000000 0.000000
 -0.132000 0.000000 0.000000
 -0.128000 0.000000 0.000000
 -0.124000 0.000000 0.000000
 -0.120000 0.000000 0.000000
 -0.116000 0.000000 0.000000
 -0.112000 0.000000 0.000000
 -0.108000 0.000000 0.000000
 -0.104000 0.000000 0.000000
 -0.100000 0.000000 0.000000
 -0.096000 0.000000 0.000000
 -0.092000 0.000000 0.000000
 -0.088000 0.000000 0.000000
 -0.084000 0.000000 0.000000
 -0.080000 0.000000 0.000000
 -0.076000 0.000000 0.000000
 -0.072000 0.000000 0.000000
 -0.068000 0.000000 0.000000
 -0.064000 0.000000 0.000000
 -0.060000 0.000000 0.000000
 -0.056000 0.000000 0.000000
 -0.052000 0.000000 0.000000
 -0.048000 0.000000 0.000000
 -0.044000 0.000000 0.000000
 -0.040000 0.000000 0.000000
 -0.036000 0.000000 0.000000
 -0.032000 0.000000 0.000000
 -0.028000 0.000001 0.000250
 -0.024000 0.000004 0.001347
 -0.020000 0.000016 0.005026
 -0.016000 0.000052 0.014684
 -0.012000 0.000151 0.037239
 -0.008000 0.000379 0.080529
 -0.004000 0.000831 0.149149
 0.000000 0.001603 0.238329
 0.004000 0.002744 0.330122
 0.008000 0.004219 0.401723
 0.012000 0.005916 0.441493
 0.016000 0.007725 0.459969
 0.020000 0.009600 0.479097
 0.024000 0.011585 0.515632
 0.028000 0.013742 0.562060
 0.032000 0.016071 0.597292
 0.036000 0.018491 0.607637
 0.040000 0.020921 0.606298
 0.044000 0.023377 0.625289
 0.048000 0.025993 0.688572
 0.052000 0.028958 0.801222
 0.056000 0.032475 0.964217
 0.060000 0.036760 1.184751
 0.064000 0.042046 1.467665
 0.068000 0.048557 1.788998
 0.072000 0.056368 2.109940
 0.076000 0.065398 2.395001
 0.080000 0.075456 2.621344
 0.084000 0.086280 2.773587
 0.088000 0.097555 2.845878
 0.092000 0.108983 2.864812
 0.096000 0.120545 2.928973
 0.100000 0.132662 3.164013
 0.104000 0.146137 3.596762
 0.108000 0.161577 4.123079
 0.112000 0.179021 4.572430
 0.116000 0.197929 4.842069
 0.120000 0.217555 4.946641
 0.124000 0.237377 4.956621
 0.128000 0.257199 4.958090
 0.132000 0.277146 5.038513
 0.136000 0.297723 5.285902
 0.140000 0.319681 5.715935
 0.144000 0.343544 6.209180
 0.148000 0.369135 6.544062
 0.152000 0.395490 6.589274
 0.156000 0.421596 6.463004
 0.160000 0.447380 6.480178
 0.164000 0.473997 6.917523
 0.168000 0.503330 7.824675
 0.172000 0.537018 9.071446
 0.176000 0.576035 10.456090
 0.180000 0.620497 11.759807
 0.184000 0.669620 12.734239
 0.188000 0.721663 13.204143
 0.192000 0.774462 13.131835
 0.196000 0.826077 12.649537
 0.200000 0.875265 11.935193
 0.204000 0.921424 11.180014
 0.208000 0.964815 10.583966
 0.212000 1.006581 10.424917
 0.216000 1.048837 10.821294
 0.220000 1.093564 11.597027
 0.224000 1.141327 12.255363
 0.228000 1.190471 12.220417
 0.232000 1.237661 11.292883
 0.236000 1.279848 9.837573
 0.240000 1.316307 8.537918
 0.244000 1.348898 7.984102
 0.248000 1.380776 8.113090
 0.252000 1.413663 8.364569
 0.256000 1.446618 8.067676
 0.260000 1.476836 7.022152
 0.264000 1.501984 5.643860
 0.268000 1.522093 4.615544
 0.272000 1.539600 4.402702
 0.276000 1.557918 4.978446
 0.280000 1.579472 5.950135
 0.284000 1.604894 6.817613
 0.288000 1.633050 7.304018
 0.292000 1.662262 7.370184
 0.296000 1.691012 7.074417
 0.300000 1.717922 6.465188
 0.304000 1.741760 5.549194
 0.308000 1.761578 4.499502
 0.312000 1.777500 3.665879
 0.316000 1.791159 3.412562
 0.320000 1.805268 3.888436
 0.324000 1.822422 4.882056
 0.328000 1.843781 5.904866
 0.332000 1.868431 6.474685
 0.336000 1.894042 6.371923
 0.340000 1.918109 5.760236
 0.344000 1.939214 4.961768
 0.348000 1.957244 4.236795
 0.352000 1.972745 3.717327
 0.356000 1.986591 3.419001
 0.360000 1.999753 3.363420
 0.364000 2.013028 3.429113
 0.368000 2.026255 3.281626
 0.372000 2.037637 2.454160
 0.376000 2.044244 0.939515
 0.380000 2.044389 -0.612255
 0.384000 2.039895 -1.211497
 0.388000 2.035998 -0.304868
 0.392000 2.038384 1.809978
 0.396000 2.050048 4.151614
 0.400000 2.069776 5.723185
 0.404000 2.093412 6.059764
 0.408000 2.116136 5.342190
 0.412000 2.134590 4.035595
 0.416000 2.147378 2.565022
 0.420000 2.154430 1.196831
 0.424000 2.156285 -0.081306
 0.428000 2.152932 -1.416890
 0.432000 2.143865 -2.963361
 0.436000 2.128459 -4.505213
 0.440000 2.107621 -5.586858
 0.444000 2.084145 -5.771478
 0.448000 2.061764 -5.106365
 0.452000 2.042953 -4.076237
 0.456000 2.027871 -3.333058
 0.460000 2.014634 -3.162524
 0.464000 2.001296 -3.304546
 0.468000 1.987537 -3.314935
 0.472000 1.974475 -2.934455
 0.476000 1.963373 -2.418396
 0.480000 1.953781 -2.254969
 0.484000 1.943561 -2.768022
 0.488000 1.930205 -3.756003
 0.492000 1.912770 -4.702454
 0.496000 1.892425 -5.168900
 0.500000 1.871196 -5.198160
 0.504000 1.850067 -5.190354
 0.508000 1.828586 -5.387700
 0.512000 1.806218 -5.562710
 0.516000 1.783953 -5.284512
 0.520000 1.764039 -4.385014
 0.524000 1.748560 -3.137349
 0.528000 1.738194 -1.872727
 0.532000 1.732637 -0.721118
 0.536000 1.731372 0.217712
 0.540000 1.733184 0.775329
 0.544000 1.735972 0.680392
 0.548000 1.737007 -0.066948
 0.552000 1.734230 -1.160259
 0.556000 1.727032 -2.245174
 0.560000 1.715802 -3.180354
 0.564000 1.701125 -3.947124
 0.568000 1.683784 -4.516788
 0.572000 1.664699 -4.812114
 0.576000 1.644702 -5.039528
 0.580000 1.623198 -5.635419
 0.584000 1.598074 -6.834232
 0.588000 1.567343 -8.322059
 0.592000 1.531388 -9.339174
 0.596000 1.493399 -9.308431
 0.600000 1.457522 -8.345592
 0.604000 1.426289 -7.108785
 0.608000 1.399492 -6.203057
 0.612000 1.375337 -5.776234
 0.616000 1.352467 -5.483785
 0.620000 1.331342 -4.812202
 0.624000 1.314086 -3.554165
 0.628000 1.302603 -2.029696
 0.632000 1.296645 -0.919025
 0.636000 1.293270 -0.818929
 0.640000 1.287962 -1.874801
 0.644000 1.276579 -3.765409
 0.648000 1.256940 -5.915510
 0.652000 1.229348 -7.604365
 0.656000 1.196947 -8.263469
 0.660000 1.164535 -7.571796
 0.664000 1.137315 -5.779562
 0.668000 1.118397 -3.556193
 0.672000 1.107657 -1.831984
 0.676000 1.101495 -1.348494
 0.680000 1.094390 -2.281253
 0.684000 1.081379 -4.191084
 0.688000 1.060220 -6.192339
 0.692000 1.032329 -7.447401
 0.696000 1.001728 -7.538094
 0.700000 0.972912 -6.618458
 0.704000 0.948964 -5.212123
 0.708000 0.930721 -3.827352
 0.712000 0.917370 -2.821875
 0.716000 0.906874 -2.432546
 0.720000 0.896351 -2.843393
 0.724000 0.882597 -4.019441
 0.728000 0.863297 -5.522109
 0.732000 0.838485 -6.662407
 0.736000 0.810753 -6.962152
 0.740000 0.783537 -6.438523
 0.744000 0.759285 -5.584937
 0.748000 0.738281 -4.869301
 0.752000 0.719533 -4.468993
 0.756000 0.701995 -4.192936
 0.760000 0.685708 -3.835169
 0.764000 0.671257 -3.249399
 0.768000 0.659461 -2.542115
 0.772000 0.650368 -1.964198
 0.776000 0.642825 -1.825290
 0.780000 0.634568 -2.340713
 0.784000 0.622964 -3.456779
 0.788000 0.606218 -4.842339
 0.792000 0.584214 -6.013812
 0.796000 0.558547 -6.651753
 0.800000 0.531545 -6.674066
 0.804000 0.505468 -6.231868
 0.808000 0.481861 -5.462268
 0.812000 0.461692 -4.539647
 0.816000 0.445135 -3.710996
 0.820000 0.431292 -3.212290
 0.824000 0.418654 -3.084257
 0.828000 0.406167 -3.081572
 0.832000 0.394023 -2.885230
 0.836000 0.383190 -2.451087
 0.840000 0.374141 -2.048899
 0.844000 0.366167 -1.933957
 0.848000 0.358075 -2.083506
 0.852000 0.349263 -2.272655
 0.856000 0.339868 -2.377967
 0.860000 0.330065 -2.488362
 0.864000 0.319520 -2.766131
 0.868000 0.307558 -3.173990
 0.872000 0.294044 -3.519462
 0.876000 0.279653 -3.574983
 0.880000 0.265744 -3.283255
 0.884000 0.253514 -2.761717
 0.888000 0.243475 -2.237558
 0.892000 0.235251 -1.877617
 0.896000 0.228041 -1.721748
 0.900000 0.221142 -1.703883
 0.904000 0.214219 -1.720818
 0.908000 0.207238 -1.731251
 0.912000 0.200219 -1.748217
 0.916000 0.193063 -1.810672
 0.920000 0.185533 -1.941114
 0.924000 0.177348 -2.131733
 0.928000 0.168367 -2.325317
 0.932000 0.158799 -2.403429
 0.936000 0.149367 -2.237957
 0.940000 0.141158 -1.801645
 0.944000 0.135035 -1.239534
 0.948000 0.130980 -0.806455
 0.952000 0.128045 -0.703117
 0.956000 0.124867 -0.900443
 0.960000 0.120613 -1.198284
 0.964000 0.115348 -1.380972
 0.968000 0.109760 -1.365064
 0.972000 0.104545 -1.213476
 0.976000 0.099959 -1.082266
 0.980000 0.095596 -1.123060
 0.984000 0.090597 -1.402568
 0.988000 0.084125 -1.826781
 0.992000 0.076029 -2.170723
 0.996000 0.067126 -2.195524
 1.000000 0.058939 -1.826713
 1.004000 0.052831 -1.193806
 1.008000 0.049358 -0.548429
 1.012000 0.048098 -0.117525
 1.016000 0.047998 0.033977
 1.020000 0.048058 -0.016369
 1.024000 0.047745 -0.130823
 1.028000 0.047014 -0.211821
 1.032000 0.046062 -0.252480
 1.036000 0.044973 -0.289356
 1.040000 0.043675 -0.365840
 1.044000 0.041966 -0.491495
 1.048000 0.039685 -0.647568
 1.052000 0.036805 -0.775629
 1.056000 0.033557 -0.824948
 1.060000 0.030322 -0.769514
 1.064000 0.027487 -0.633371
 1.068000 0.025277 -0.465889
 1.072000 0.023729 -0.306690
 1.076000 0.022769 -0.171999
 1.080000 0.022291 -0.070736
 1.084000 0.022135 -0.011145
 1.088000 0.022089 -0.019582
 1.092000 0.021848 -0.109191
 1.096000 0.021116 -0.260272
 1.100000 0.019767 -0.403878
 1.104000 0.018000 -0.456519
 1.108000 0.016283 -0.375135
 1.112000 0.015107 -0.204812
 1.116000 0.014632 -0.040276
 1.120000 0.014641 0.029025
 1.124000 0.014702 -0.012753
 1.128000 0.014461 -0.106285
 1.132000 0.013867 -0.179655
 1.136000 0.013093 -0.194979
 1.140000 0.012351 -0.169944
 1.144000 0.011706 -0.156566
 1.148000 0.011020 -0.195531
 1.152000 0.010075 -0.281100
 1.156000 0.008768 -0.365407
 1.160000 0.007219 -0.391388
 1.164000 0.005733 -0.336451
 1.168000 0.004603 -0.221832
 1.172000 0.003959 -0.102626
 1.176000 0.003712 -0.030895
 1.180000 0.003624 -0.021098
 1.184000 0.003487 -0.049892
 1.188000 0.003222 -0.077270
 1.192000 0.002893 -0.081387
 1.196000 0.002594 -0.064908
 1.200000 0.002367 -0.050258
 1.204000 0.002166 -0.053532
 1.208000 0.001915 -0.074232
 1.212000 0.001569 -0.096800
 1.216000 0.001158 -0.105190
 1.220000 0.000753 -0.092500
 1.224000 0.000430 -0.067929
 1.228000 0.000213 -0.041103
 1.232000 0.000092 -0.020001
 1.236000 0.000041 -0.006603
 1.240000 0.000034 0.002997
 1.244000 0.000065 0.013192
 1.248000 0.000142 0.026169
 1.252000 0.000274 0.039643
 1.256000 0.000451 0.047271
 1.260000 0.000633 0.041036
 1.264000 0.000757 0.018793
 1.268000 0.000772 -0.011729
 1.272000 0.000671 -0.037020
 1.276000 0.000498 -0.046880
 1.280000 0.000317 -0.040987
 1.284000 0.000183 -0.025494
 1.288000 0.000118 -0.006741
 1.292000 0.000129 0.012433
 1.296000 0.000216 0.030676
 1.300000 0.000368 0.044090
 1.304000 0.000552 0.045989
 1.308000 0.000711 0.030783
 1.312000 0.000781 0.002557
 1.316000 0.000730 -0.026816
 1.320000 0.000582 -0.044651
 1.324000 0.000395 -0.046135
 1.328000 0.000229 -0.035851
 1.332000 0.000113 -0.022193
 1.336000 0.000047 -0.011223
 1.340000 0.000017 -0.004698
 1.344000 0.000005 -0.001641
 1.348000 0.000001 -0.000481
 1.352000 0.000000 0.000000
 1.356000 0.000000 0.000000
 1.360000 0.000000 0.000000
 1.364000 0.000000 0.000000
 1.368000 0.000000 0.000000
 1.372000 0.000000 0.000000
 1.376000 0.000000 0.000000
 1.380000 0.000000 0.000000
 1.384000 0.000000 0.000000
 1.388000 0.000000 0.000000
 1.392000 0.000000 0.000000
 1.396000 0.000000 0.000000
 1.400000 0.000000 0.000000
 1.404000 0.000000 0.000000
 1.408000 0.000000 0.000000
 1.412000 0.000000 0.000000
 1.416000 0.000000 0.000000
 1.420000 0.000000 0.000000
 1.424000 0.000000 0.000000
 1.428000 0.000000 0.000000
 1.432000 0.000000 0.000000
 1.436000 0.000000 0.000000
 1.440000 0.000000 0.000000
 1.444000 0.000000 0.000000
 1.448000 0.000000 0.000000
 1.452000 0.000000 0.000000
 1.456000 0.000000 0.000000
 1.460000 0.000000 0.000000
 1.464000 0.000000 0.000000
 1.468000 0.000000 0.000000
 1.472000 0.000000 0.000000
 1.476000 0.000000 0.000000
 1.480000 0.000000 0.000000
 1.484000 0.000000 0.000000
 1.488000 0.000000 0.000000
 1.492000 0.000000 0.000000
 1.496000 0.000000 0.000000
 1.500000 0.000000 0.000000
 1.504000 0.000000 0.000000
 1.508000 0.000000 0.000000
 1.512000 0.000000 0.000000
 1.516000 0.000000 0.000000
 1.520000 0.000000 0.000000
 1.524000 0.000000 0.000000
 1.528000 0.000000 0.000000
 1.532000 0.000000 0.000000
 1.536000 0.000000 0.000000
 1.540000 0.000000 0.000000
 1.544000 0.000000 0.000000
 1.548000 0.000000 0.000000
 1.552000 0.000000 0.000000
 1.556000 0.000000 0.000000
 1.560000 0.000000 0.000000
 1.564000 0.000000 0.000000
 1.568000 0.000000 0.000000
 1.572000 0.000000 0.000000
 1.576000 0.000000 0.000000
 1.580000 0.000000 0.000000
 1.584000 0.000000 0.000000
 1.588000 0.000000 0.000000
 1.592000 0.000000 0.000000
 1.596000 0.000000 0.000000
 1.600000 0.000000 0.000000
 1.604000 0.000000 0.000000
 1.608000 0.000000 0.000000
 1.612000 0.000000 0.000000
 1.616000 0.000000 0.000000
 1.620000 0.000000 0.000000
 1.624000 0.000000 0.000000
 1.628000 0.000000 0.000000
 1.632000 0.000000 0.000000
 1.636000 0.000000 0.000000
 1.640000 0.000000 0.000000
 1.644000 0.000000 0.000000
 1.648000 0.000000 0.000000
 1.652000 0.000000 0.000000
 1.656000 0.000000 0.000000
 1.660000 0.000000 0.000000
 1.664000 0.000000 0.000000
 1.668000 0.000000 0.000000
 1.672000 0.000000 0.000000
 1.676000 0.000000 0.000000
 1.680000 0.000000 0.000000
 1.684000 0.000000 0.000000
 1.688000 0.000000 0.000000
 1.692000 0.000000 0.000000
 1.696000 0.000000 0.000000
 1.700000 0.000000 0.000000
 1.704000 0.000000 0.000000
 1.708000 0.000000 0.000000
 1.712000 0.000000 0.000000
 1.716000 0.000000 0.000000
 1.720000 0.000000 0.000000
 1.724000 0.000000 0.000000
 1.728000 0.000000 0.000000
 1.732000 0.000000 0.000000
 1.736000 0.000000 0.000000
 1.740000 0.000000 0.000000
 1.744000 0.000000 0.000000
 1.748000 0.000000 0.000000
 1.752000 0.000000 0.000000
 1.756000 0.000000 0.000000
 1.760000 0.000000 0.000000
 1.764000 0.000000 0.000000
 1.768000 0.000000 0.000000
 1.772000 0.000000 0.000000
 1.776000 0.000000 0.000000
 1.780000 0.000000 0.000000
 1.784000 0.000000 0.000000
 1.788000 0.000000 0.000000
 1.792000 0.000000 0.000000
 1.796000 0.000000 0.000000
 1.800000 0.000000 0.000000
 1.804000 0.000000 0.000000
 1.808000 0.000000 0.000000
 1.812000 0.000000 0.000000
 1.816000 0.000000 0.000000
 1.820000 0.000000 0.000000
 1.824000 0.000000 0.000000
 1.828000 0.000000 0.000000
 1.832000 0.000000 0.000000
 1.836000 0.000000 0.000000
 1.840000 0.000000 0.000000
 1.844000 0.000000 0.000000
 1.848000 0.000000 0.000000
 1.852000 0.000000 0.000000
 1.856000 0.000000 0.000000
 1.860000 0.000000 0.000000
 1.864000 0.000000 0.000000
 1.868000 0.000000 0.000000
 1.872000 0.000000 0.000000
 1.876000 0.000000 0.000000
 1.880000 0.000000 0.000000
 1.884000 0.000000 0.000000
 1.888000 0.000000 0.000000
 1.892000 0.000000 0.000000
 1.896000 0.000000 0.000000
 1.900000 0.000000 0.000000
 1.904000 0.000000 0.000000
 1.908000 0.000000 0.000000
 1.912000 0.000000 0.000000
 1.916000 0.000000 0.000000
 1.920000 0.000000 0.000000
 1.924000 0.000000 0.000000
 1.928000 0.000000 0.000000
 1.932000 0.000000 0.000000
 1.936000 0.000000 0.000000
 1.940000 0.000000 0.000000
 1.944000 0.000000 0.000000
 1.948000 0.000000 0.000000
 1.952000 0.000000 0.000000
 1.956000 0.000000 0.000000
 1.960000 0.000000 0.000000
 1.964000 0.000000 0.000000
 1.968000 0.000000 0.000000
 1.972000 0.000000 0.000000
 1.976000 0.000000 0.000000
 1.980000 0.000000 0.000000
 1.984000 0.000000 0.000000
 1.988000 0.000000 0.000000
 1.992000 0.000000 0.000000
 1.996000 0.000000 0.000000
 2.000000 0.000000 0.000000
 2.004000 0.000000 0.000000
 2.008000 0.000000 0.000000
 2.012000 0.000000 0.000000
 2.016000 0.000000 0.000000
 2.020000 0.000000 0.000000
 2.024000 0.000000 0.000000
 2.028000 0.000000 0.000000
 2.032000 0.000000 0.000000
 2.036000 0.000000 0.000000
 2.040000 0.000000 0.000000
 2.044000 0.000000 0.000000
 2.048000 0.000000 0.000000
 2.052000 0.000000 0.000000
 2.056000 0.000000 0.000000
 2.060000 0.000000 0.000000
 2.064000 0.000000 0.000000
 2.068000 0.000000 0.000000
 2.072000 0.000000 0.000000
 2.076000 0.000000 0.000000
 2.080000 0.000000 0.000000
 2.084000 0.000000 0.000000
 2.088000 0.000000 0.000000
 2.092000 0.000000 0.000000
 2.096000 0.000000 0.000000
 2.100000 0.000000 0.000000
 2.104000 0.000000 0.000000
 2.108000 0.000000 0.000000
 2.112000 0.000000 0.000000
 2.116000 0.000000 0.000000
 2.120000 0.000000 0.000000
 2.124000 0.000000 0.000000
 2.128000 0.000000 0.000000
 2.132000 0.000000 0.000000
 2.136000 0.000000 0.000000
 2.140000 0.000000 0.000000
 2.144000 0.000000 0.000000
 2.148000 0.000000 0.000000
 2.152000 0.000000 0.000000
 2.156000 0.000000 0.000000
 2.160000 0.000000 0.000000
 2.164000 0.000000 0.000000
 2.168000 0.000000 0.000000
 2.172000 0.000000 0.000000
 2.176000 0.000000 0.000000
 2.180000 0.000000 0.000000
 2.184000 0.000000 0.000000
 2.188000 0.000000 0.000000
 2.192000 0.000000 0.000000
 2.196000 0.000000 0.000000
 2.200000 0.000000 0.000000
 2.204000 0.000000 0.000000
 2.208000 0.000000 0.000000
 2.212000 0.000000 0.000000
 2.216000 0.000000 0.000000
 2.220000 0.000000 0.000000
 2.224000 0.000000 0.000000
 2.228000 0.000000 0.000000
 2.232000 0.000000 0.000000
 2.236000 0.000000 0.000000
 2.240000 0.000000 0.000000
 2.244000 0.000000 0.000000
 2.248000 0.000000 0.000000
 2.252000 0.000000 0.000000
 2.256000 0.000000 0.000000
 2.260000 0.000000 0.000000
 2.264000 0.000000 0.000000
 2.268000 0.000000 0.000000
 2.272000 0.000000 0.000000
 2.276000 0.000000 0.000000
 2.280000 0.000000 0.000000
 2.284000 0.000000 0.000000
 2.288000 0.000000 0.000000
 2.292000 0.000000 0.000000
 2.296000 0.000000 0.000000
 2.300000 0.000000 0.000000
 2.304000 0.000000 0.000000
 2.308000 0.000000 0.000000
 2.312000 0.000000 0.000000
 2.316000 0.000000 0.000000
 2.320000 0.000000 0.000000
 2.324000 0.000000 0.000000
 2.328000 0.000000 0.000000
 2.332000 0.000000 0.000000
 2.336000 0.000000 0.000000
 2.340000 0.000000 0.000000
 2.344000 0.000000 0.000000
 2.348000 0.000000 0.000000
 2.352000 0.000000 0.000000
 2.356000 0.000000 0.000000
 2.360000 0.000000 0.000000
 2.364000 0.000000 0.000000
 2.368000 0.000000 0.000000
 2.372000 0.000000 0.000000
 2.376000 0.000000 0.000000
 2.380000 0.000000 0.000000
 2.384000 0.000000 0.000000
 2.388000 0.000000 0.000000
 2.392000 0.000000 0.000000
 2.396000 0.000000 0.000000
 2.400000 0.000000 0.000000
 2.404000 0.000000 0.000000
 2.408000 0.000000 0.000000
 2.412000 0.000000 0.000000
 2.416000 0.000000 0.000000
 2.420000 0.000000 0.000000
 2.424000 0.000000 0.000000
 2.428000 0.000000 0.000000
 2.432000 0.000000 0.000000
 2.436000 0.000000 0.000000
 2.440000 0.000000 0.000000
 2.444000 0.000000 0.000000
 2.448000 0.000000 0.000000
 2.452000 0.000000 0.000000
 2.456000 0.000000 0.000000
 2.460000 0.000000 0.000000
 2.464000 0.000000 0.000000
 2.468000 0.000000 0.000000
 2.472000 0.000000 0.000000
 2.476000 0.000000 0.000000
 2.480000 0.000000 0.000000
 2.484000 0.000000 0.000000
 2.488000 0.000000 0.000000
 2.492000 0.000000 0.000000
 2.496000 0.000000 0.000000
 2.500000 0.000000 0.000000
 2.504000 0.000000 0.000000
 2.508000 0.000000 0.000000
 2.512000 0.000000 0.000000
 2.516000 0.000000 0.000000
 2.520000 0.000000 0.000000
 2.524000 0.000000 0.000000
 2.528000 0.000000 0.000000
 2.532000 0.000000 0.000000
 2.536000 0.000000 0.000000
 2.540000 0.000000 0.000000
 2.544000 0.000000 0.000000
 2.548000 0.000000 0.000000
 2.552000 0.000000 0.000000
 2.556000 0.000000 0.000000
 2.560000 0.000000 0.000000
 2.564000 0.000000 0.000000
 2.568000 0.000000 0.000000
 2.572000 0.000000 0.000000
 2.576000 0.000000 0.000000
 2.580000 0.000000 0.000000
 2.584000 0.000000 0.000000
 2.588000 0.000000 0.000000
 2.592000 0.000000 0.000000
 2.596000 0.000000 0.000000
 2.600000 0.000000 0.000000
 2.604000 0.000000 0.000000
 2.608000 0.000000 0.000000
 2.612000 0.000000 0.000000
 2.616000 0.000000 0.000000
 2.620000 0.000000 0.000000
 2.624000 0.000000 0.000000
 2.628000 0.000000 0.000000
 2.632000 0.000000 0.000000
 2.636000 0.000000 0.000000
 2.640000 0.000000 0.000000
 2.644000 0.000000 0.000000
 2.648000 0.000000 0.000000
 2.652000 0.000000 0.000000
 2.656000 0.000000 0.000000
 2.660000 0.000000 0.000000
 2.664000 0.000000 0.000000
 2.668000 0.000000 0.000000
 2.672000 0.000000 0.000000
 2.676000 0.000000 0.000000
 2.680000 0.000000 0.000000
 2.684000 0.000000 0.000000
 2.688000 0.000000 0.000000
 2.692000 0.000000 0.000000
 2.696000 0.000000 0.000000
 2.700000 0.000000 0.000000
 2.704000 0.000000 0.000000
 2.708000 0.000000 0.000000
 2.712000 0.000000 0.000000
 2.716000 0.000000 0.000000
 2.720000 0.000000 0.000000
 2.724000 0.000000 0.000000
 2.728000 0.000000 0.000000
 2.732000 0.000000 0.000000
 2.736000 0.000000 0.000000
 2.740000 0.000000 0.000000
 2.744000 0.000000 0.000000
 2.748000 0.000000 0.000000
 2.752000 0.000000 0.000000
 2.756000 0.000000 0.000000
 2.760000 0.000000 0.000000
 2.764000 0.000000 0.000000
 2.768000 0.000000 0.000000
 2.772000 0.000000 0.000000
 2.776000 0.000000 0.000000
 2.780000 0.000000 0.000000
 2.784000 0.000000 0.000000
 2.788000 0.000000 0.000000
 2.792000 0.000000 0.000000
 2.796000 0.000000 0.000000
 2.800000 0.000000 0.000000
 2.804000 0.000000 0.000000
 2.808000 0.000000 0.000000
 2.812000 0.000000 0.000000
 2.816000 0.000000 0.000000
 2.820000 0.000000 0.000000
 2.824000 0.000000 0.000000
 2.828000 0.000000 0.000000
 2.832000 0.000000 0.000000
 2.836000 0.000000 0.000000
 2.840000 0.000000 0.000000
 2.844000 0.000000 0.000000
 2.848000 0.000000 0.000000
 2.852000 0.000000 0.000000
 2.856000 0.000000 0.000000
 2.860000 0.000000 0.000000
 2.864000 0.000000 0.000000
 2.868000 0.000000 0.000000
 2.872000 0.000000 0.000000
 2.876000 0.000000 0.000000
 2.880000 0.000000 0.000000
 2.884000 0.000000 0.000000
 2.888000 0.000000 0.000000
 2.892000 0.000000 0.000000
 2.896000 0.000000 0.000000
 2.900000 0.000000 0.000000
 2.904000 0.000000 0.000000
 2.908000 0.000000 0.000000
 2.912000 0.000000 0.000000
 2.916000 0.000000 0.000000
 2.920000 0.000000 0.000000
 2.924000 0.000000 0.000000
 2.928000 0.000000 0.000000
 2.932000 0.000000 0.000000
 2.936000 0.000000 0.000000
 2.940000 0.000000 0.000000
 2.944000 0.000000 0.000000
 2.948000 0.000000 0.000000
 2.952000 0.000000 0.000000
 2.956000 0.000000 0.000000
 2.960000 0.000000 0.000000
 2.964000 0.000000 0.000000
 2.968000 0.000000 0.000000
 2.972000 0.000000 0.000000
 2.976000 0.000000 0.000000
 2.980000 0.000000 0.000000
 2.984000 0.000000 0.000000
 2.988000 0.000000 0.000000
 2.992000 0.000000 0.000000
 2.996000 0.000000 0.000000
 3.000000 0.000000 0.000000
 3.004000 0.000000 0.000000
 3.008000 0.000000 0.000000
 3.012000 0.000000 0.000000
 3.016000 0.000000 0.000000
 3.020000 0.000000 0.000000
 3.024000 0.000000 0.000000
 3.028000 0.000000 0.000000
 3.032000 0.000000 0.000000
 3.036000 0.000000 0.000000
 3.040000 0.000000 0.000000
 3.044000 0.000000 0.000000
 3.048000 0.000000 0.000000
 3.052000 0.000000 0.000000
 3.056000 0.000000 0.000000
 3.060000 0.000000 0.000000
 3.064000 0.000000 0.000000
 3.068000 0.000000 0.000000
 3.072000 0.000000 0.000000
 3.076000 0.000000 0.000000
 3.080000 0.000000 0.000000
 3.084000 0.000000 0.000000
 3.088000 0.000000 0.000000
 3.092000 0.000000 0.000000
 3.096000 0.000000 0.000000
 3.100000 0.000000 0.000000
 3.104000 0.000000 0.000000
 3.108000 0.000000 0.000000
 3.112000 0.000000 0.000000
 3.116000 0.000000 0.000000
 3.120000 0.000000 0.000000
 3.124000 0.000000 0.000000
 3.128000 0.000000 0.000000
 3.132000 0.000000 0.000000
 3.136000 0.000000 0.000000
 3.140000 0.000000 0.000000
 3.144000 0.000000 0.000000
 3.148000 0.000000 0.000000
 3.152000 0.000000 0.000000
 3.156000 0.000000 0.000000
 3.160000 0.000000 0.000000
 3.164000 0.000000 0.000000
 3.168000 0.000000 0.000000
 3.172000 0.000000 0.000000
 3.176000 0.000000 0.000000
 3.180000 0.000000 0.000000
 3.184000 0.000000 0.000000
 3.188000 0.000000 0.000000
 3.192000 0.000000 0.000000
 3.196000 0.000000 0.000000
 3.200000 0.000000 0.000000
 3.204000 0.000000 0.000000
 3.208000 0.000000 0.000000
 3.212000 0.000000 0.000000
 3.216000 0.000000 0.000000
 3.220000 0.000000 0.000000
 3.224000 0.000000 0.000000
 3.228000 0.000000 0.000000
 3.232000 0.000000 0.000000
 3.236000 0.000000 0.000000
 3.240000 0.000000 0.000000
 3.244000 0.000000 0.000000
 3.248000 0.000000 0.000000
 3.252000 0.000000 0.000000
 3.256000 0.000000 0.000000
 3.260000 0.000000 0.000000
 3.264000 0.000000 0.000000
 3.268000 0.000000 0.000000
 3.272000 0.000000 0.000000
 3.276000 0.000000 0.000000
 3.280000 0.000000 0.000000
 3.284000 0.000000 0.000000
 3.288000 0.000000 0.000000
 3.292000 0.000000 0.000000
 3.296000 0.000000 0.000000
 3.300000 0.000000 0.000000
 3.304000 0.000000 0.000000
 3.308000 0.000000 0.000000
 3.312000 0.000000 0.000000
 3.316000 0.000000 0.000000
 3.320000 0.000000 0.000000
 3.324000 0.000000 0.000000
 3.328000 0.000000 0.000000
 3.332000 0.000000 0.000000
 3.336000 0.000000 0.000000
 3.340000 0.000000 0.000000
 3.344000 0.000000 0.000000
 3.348000 0.000000 0.000000
 3.352000 0.000000 0.000000
 3.356000 0.000000 0.000000
 3.360000 0.000000 0.000000
 3.364000 0.000000 0.000000
 3.368000 0.000000 0.000000
 3.372000 0.000000 0.000000
 3.376000 0.000000 0.000000
 3.380000 0.000000 0.000000
 3.384000 0.000000 0.000000
 3.388000 0.000000 0.000000
 3.392000 0.000000 0.000000
 3.396000 0.000000 0.000000
 3.400000 0.000000 0.000000
 3.404000 0.000000 0.000000
 3.408000 0.000000 0.000000
 3.412000 0.000000 0.000000
 3.416000 0.000000 0.000000
 3.420000 0.000000 0.000000
 3.424000 0.000000 0.000000
 3.428000 0.000000 0.000000
 3.432000 0.000000 0.000000
 3.436000 0.000000 0.000000
 3.440000 0.000000 0.000000
 3.444000 0.000000 0.000000
 3.448000 0.000000 0.000000
 3.452000 0.000000 0.000000
 3.456000 0.000000 0.000000
 3.460000 0.000000 0.000000
 3.464000 0.000000 0.000000
 3.468000 0.000000 0.000000
 3.472000 0.000000 0.000000
 3.476000 0.000000 0.000000
 3.480000 0.000000 0.000000
 3.484000 0.000000 0.000000
 3.488000 0.000000 0.000000
 3.492000 0.000000 0.000000
 3.496000 0.000000 0.000000
 3.500000 0.000000 0.000000
