#! FIELDS s hh dhh_s
#! SET normalisation  399.000000
#! SET min_s -0.5
#! SET max_s 3.5
#! SET nbins_s  1000
#! SET periodic_s false
 -0.500000 0.000000 0.000000
 -0.496000 0.000000 0.000000
 -0.492000 0.000000 0.000000
 -0.488000 0.000000 0.000000
 -0.484000 0.000000 0.000000
 -0.480000 0.000000 0.000000
 -0.476000 0.000000 0.000000
 -0.472000 0.000000 0.000000
 -0.468000 0.000000 0.000000
 -0.464000 0.000000 0.000000
 -0.460000 0.000000 0.000000
 -0.456000 0.000000 0.000000
 -0.452000 0.000000 0.000000
 -0.448000 0.000000 0.000000
 -0.444000 0.000000 0.000000
 -0.440000 0.000000 0.000000
 -0.436000 0.000000 0.000000
 -0.432000 0.000000 0.000000
 -0.428000 0.000000 0.000000
 -0.424000 0.000000 0.000000
 -0.420000 0.000000 0.000000
 -0.416000 0.000000 0.000000
 -0.412000 0.000000 0.000000
 -0.408000 0.000000 0.000000
 -0.404000 0.000000 0.000000
 -0.400000 0.000000 0.000000
 -0.396000 0.000000 0.000000
 -0.392000 0.000000 0.000000
 -0.388000 0.000000 0.000000
 -0.384000 0.000000 0.000000
 -0.380000 0.000000 0.000000
 -0.376000 0.000000 0.000000
 -0.372000 0.000000 0.000000
 -0.368000 0.000000 0.000000
 -0.364000 0.000000 0.000000
 -0.360000 0.000000 0.000000
 -0.356000 0.000000 0.000000
 -0.352000 0.000000 0.000000
 -0.348000 0.000000 0.000000
 -0.344000 0.000000 0.000000
 -0.340000 0.000000 0.000000
 -0.336000 0.000000 0.000000
 -0.332000 0.000000 0.000000
 -0.328000 0.000000 0.000000
 -0.324000 0.000000 0.000000
 -0.320000 0.000000 0.000000
 -0.316000 0.000000 0.000000
 -0.312000 0.000000 0.000000
 -0.308000 0.000000 0.000000
 -0.304000 0.000000 0.000000
 -0.300000 0.000000 0.000000
 -0.296000 0.000000 0.000000
 -0.292000 0.000000 0.000000
 -0.288000 0.000000 0.000000
 -0.284000 0.000000 0.000000
 -0.280000 0.000000 0.000000
 -0.276000 0.000000 0.000000
 -0.272000 0.000000 0.000000
 -0.268000 0.000000 0.000000
 -0.264000 0.000000 0.000000
 -0.260000 0.000000 0.000000
 -0.256000 0.000000 0.000000
 -0.252000 0.000000 0.000000
 -0.248000 0.000000 0.000000
 -0.244000 0.000000 0.000000
 -0.240000 0.000000 0.000000
 -0.236000 0.000000 0.000000
 -0.232000 0.000000 0.000000
 -0.228000 0.000000 0.000000
 -0.224000 0.000000 0.000000
 -0.220000 0.000000 0.000000
 -0.216000 0.000000 0.000000
 -0.212000 0.000000 0.000000
 -0.208000 0.000000 0.000000
 -0.204000 0.000000 0.000000
 -0.200000 0.000000 0.000000
 -0.196000 0.000000 0.000000
 -0.192000 0.000000 0.000000
 -0.188000 0.000000 0.000000
 -0.184000 0.000000 0.000000
 -0.180000 0.000000 0.000000
 -0.176000 0.000000 0.000000
 -0.172000 0.000000 0.000000
 -0.168000 0.000000 0.000000
 -0.164000 0.000000 0.000000
 -0.160000 0.000000 0.000000
 -0.156000 0.000000 0.000000
 -0.152000 0.000000 0.000000
 -0.148000 0.000000 0.000000
 -0.144000 0.000000 0.000000
 -0.140000 0.000000 0.000000
 -0.136000 0.000000 0.000000
 -0.132000 0.000000 0.000000
 -0.128000 0.000000 0.000000
 -0.124000 0.000000 0.000000
 -0.120000 0.000000 0.000000
 -0.116000 0.000000 0.000000
 -0.112000 0.000000 0.000000
 -0.108000 0.000000 0.000000
 -0.104000 0.000000 0.000000
 -0.100000 0.000000 0.000000
 -0.096000 0.000000 0.000000
 -0.092000 0.000000 0.000000
 -0.088000 0.000000 0.000000
 -0.084000 0.000000 0.000000
 -0.080000 0.000000 0.000000
 -0.076000 0.000000 0.000000
 -0.072000 0.000000 0.000000
 -0.068000 0.000000 0.000000
 -0.064000 0.000000 0.000000
 -0.060000 0.000000 0.000000
 -0.056000 0.000000 0.000000
 -0.052000 0.000000 0.000000
 -0.048000 0.000000 0.000000
 -0.044000 0.000000 0.000000
 -0.040000 0.000000 0.000000
 -0.036000 0.000000 0.000000
 -0.032000 0.000000 0.000000
 -0.028000 0.000000 0.000000
 -0.024000 0.000000 0.000000
 -0.020000 0.000000 0.000000
 -0.016000 0.000000 0.000000
 -0.012000 0.000000 0.000000
 -0.008000 0.000000 0.000000
 -0.004000 0.000000 0.000000
 0.000000 0.000000 0.000000
 0.004000 0.000000 0.000000
 0.008000 0.000000 0.000000
 0.012000 0.000000 0.000000
 0.016000 0.000000 0.000000
 0.020000 0.000000 0.000000
 0.024000 0.000000 0.000000
 0.028000 0.000000 0.000000
 0.032000 0.000000 0.000000
 0.036000 0.000000 0.000000
 0.040000 0.000000 0.000000
 0.044000 0.000000 0.000000
 0.048000 0.000000 0.000000
 0.052000 0.000000 0.000000
 0.056000 0.000000 0.000000
 0.060000 0.000000 0.000000
 0.064000 0.000000 0.000000
 0.068000 0.000000 0.000000
 0.072000 0.000000 0.000000
 0.076000 0.000000 0.000000
 0.080000 0.000000 0.000000
 0.084000 0.000000 0.000000
 0.088000 0.000000 0.000000
 0.092000 0.000000 0.000000
 0.096000 0.000000 0.000000
 0.100000 0.000000 0.000000
 0.104000 0.000000 0.000000
 0.108000 0.000000 0.000000
 0.112000 0.000000 0.000000
 0.116000 0.000000 0.000000
 0.120000 0.000000 0.000000
 0.124000 0.000000 0.000000
 0.128000 0.000000 0.000000
 0.132000 0.000000 0.000000
 0.136000 0.000000 0.000000
 0.140000 0.000000 0.000000
 0.144000 0.000000 0.000000
 0.148000 0.000000 0.000000
 0.152000 0.000000 0.000000
 0.156000 0.000001 0.000255
 0.160000 0.000003 0.000943
 0.164000 0.000010 0.002935
 0.168000 0.000030 0.007637
 0.172000 0.000077 0.016705
 0.176000 0.000170 0.030114
 0.180000 0.000320 0.044581
 0.184000 0.000519 0.053659
 0.188000 0.000736 0.052398
 0.192000 0.000928 0.042620
 0.196000 0.001079 0.034335
 0.200000 0.001221 0.039497
 0.204000 0.001421 0.063452
 0.208000 0.001747 0.100572
 0.212000 0.002224 0.135881
 0.216000 0.002805 0.149345
 0.220000 0.003371 0.127729
 0.224000 0.003790 0.078827
 0.228000 0.004004 0.031079
 0.232000 0.004077 0.010973
 0.236000 0.004127 0.016309
 0.240000 0.004209 0.022103
 0.244000 0.004282 0.012524
 0.248000 0.004309 0.004722
 0.252000 0.004367 0.032284
 0.256000 0.004635 0.108261
 0.260000 0.005252 0.198135
 0.264000 0.006148 0.236708
 0.268000 0.007016 0.181420
 0.272000 0.007500 0.054180
 0.276000 0.007458 -0.067325
 0.280000 0.007068 -0.109796
 0.284000 0.006697 -0.063641
 0.288000 0.006606 0.017549
 0.292000 0.006787 0.062658
 0.296000 0.007009 0.037030
 0.300000 0.007011 -0.039917
 0.304000 0.006686 -0.118472
 0.308000 0.006123 -0.150037
 0.312000 0.005554 -0.124947
 0.316000 0.005163 -0.068367
 0.320000 0.004992 -0.022727
 0.324000 0.004934 -0.011723
 0.328000 0.004870 -0.019614
 0.332000 0.004806 -0.003760
 0.336000 0.004913 0.068271
 0.340000 0.005416 0.190415
 0.344000 0.006441 0.319303
 0.348000 0.007897 0.395058
 0.352000 0.009473 0.375776
 0.356000 0.010771 0.259595
 0.360000 0.011487 0.096404
 0.364000 0.011574 -0.040665
 0.368000 0.011268 -0.097159
 0.372000 0.010920 -0.064334
 0.376000 0.010827 0.022856
 0.380000 0.011116 0.120389
 0.384000 0.011761 0.197661
 0.388000 0.012653 0.243391
 0.392000 0.013657 0.251776
 0.396000 0.014611 0.221255
 0.400000 0.015374 0.157700
 0.404000 0.015864 0.090563
 0.408000 0.016150 0.062023
 0.412000 0.016454 0.103844
 0.416000 0.017062 0.206561
 0.420000 0.018117 0.317865
 0.424000 0.019517 0.367049
 0.428000 0.020910 0.312213
 0.432000 0.021874 0.157571
 0.436000 0.022098 -0.044827
 0.440000 0.021546 -0.220307
 0.444000 0.020477 -0.288259
 0.448000 0.019433 -0.208090
 0.452000 0.018978 -0.004252
 0.456000 0.019442 0.233599
 0.460000 0.020751 0.404205
 0.464000 0.022515 0.460636
 0.468000 0.024311 0.430496
 0.472000 0.025904 0.366499
 0.476000 0.027234 0.301494
 0.480000 0.028298 0.231791
 0.484000 0.029051 0.141700
 0.488000 0.029400 0.030088
 0.492000 0.029281 -0.088568
 0.496000 0.028714 -0.190456
 0.500000 0.027830 -0.236119
 0.504000 0.026932 -0.189865
 0.508000 0.026441 -0.037819
 0.512000 0.026741 0.197262
 0.516000 0.028039 0.451813
 0.520000 0.030277 0.654796
 0.524000 0.033141 0.761080
 0.528000 0.036208 0.758564
 0.532000 0.039110 0.687739
 0.536000 0.041681 0.604766
 0.540000 0.043987 0.555657
 0.544000 0.046176 0.544450
 0.548000 0.048345 0.539726
 0.552000 0.050459 0.515286
 0.556000 0.052438 0.473996
 0.560000 0.054266 0.448154
 0.564000 0.056062 0.459877
 0.568000 0.057967 0.494891
 0.572000 0.059973 0.500399
 0.576000 0.061847 0.425050
 0.580000 0.063264 0.275770
 0.584000 0.064055 0.130138
 0.588000 0.064410 0.070300
 0.592000 0.064786 0.146758
 0.596000 0.065780 0.378384
 0.600000 0.067991 0.751437
 0.604000 0.071880 1.199149
 0.608000 0.077507 1.603565
 0.612000 0.084440 1.823903
 0.616000 0.091762 1.802748
 0.620000 0.098528 1.560096
 0.624000 0.104054 1.194391
 0.628000 0.108067 0.818497
 0.632000 0.110673 0.503769
 0.636000 0.112199 0.280660
 0.640000 0.113058 0.173605
 0.644000 0.113763 0.202855
 0.648000 0.114858 0.375387
 0.652000 0.116877 0.651316
 0.656000 0.120059 0.936111
 0.660000 0.124148 1.082594
 0.664000 0.128329 0.976551
 0.668000 0.131606 0.641933
 0.672000 0.133401 0.281411
 0.676000 0.134093 0.120257
 0.680000 0.134754 0.270585
 0.684000 0.136532 0.649217
 0.688000 0.139969 1.064139
 0.692000 0.144789 1.317582
 0.696000 0.150106 1.299773
 0.700000 0.154880 1.071229
 0.704000 0.158571 0.799404
 0.708000 0.161396 0.662295
 0.712000 0.164086 0.722290
 0.716000 0.167284 0.882275
 0.720000 0.170987 0.946656
 0.724000 0.174486 0.763469
 0.728000 0.176764 0.365573
 0.732000 0.177396 -0.003323
 0.736000 0.177189 0.001212
 0.740000 0.178133 0.578244
 0.744000 0.182340 1.576917
 0.748000 0.190605 2.509210
 0.752000 0.201609 2.883401
 0.756000 0.212667 2.555082
 0.760000 0.221418 1.806039
 0.764000 0.227142 1.113008
 0.768000 0.230797 0.802411
 0.772000 0.234046 0.894521
 0.776000 0.238204 1.219953
 0.780000 0.243810 1.588401
 0.784000 0.250807 1.903349
 0.788000 0.258844 2.112198
 0.792000 0.267422 2.169027
 0.796000 0.275843 2.022821
 0.800000 0.283268 1.687216
 0.804000 0.289129 1.257916
 0.808000 0.293362 0.907223
 0.812000 0.296596 0.777027
 0.816000 0.299847 0.905113
 0.820000 0.303961 1.183046
 0.824000 0.309168 1.414410
 0.828000 0.314903 1.428867
 0.832000 0.320161 1.188684
 0.836000 0.324137 0.816593
 0.840000 0.326676 0.503107
 0.844000 0.328269 0.348453
 0.848000 0.329564 0.342921
 0.852000 0.331059 0.455841
 0.856000 0.333227 0.669953
 0.860000 0.336403 0.949958
 0.864000 0.340570 1.124113
 0.868000 0.344953 1.050463
 0.872000 0.348621 0.809212
 0.876000 0.351528 0.734302
 0.880000 0.355051 1.150248
 0.884000 0.361244 2.022160
 0.888000 0.371198 2.943905
 0.892000 0.384041 3.408134
 0.896000 0.397400 3.182351
 0.900000 0.408748 2.458030
 0.904000 0.416814 1.616527
 0.908000 0.421807 0.966779
 0.912000 0.424880 0.670403
 0.916000 0.427583 0.776755
 0.920000 0.431472 1.244756
 0.924000 0.437719 1.917761
 0.928000 0.446642 2.535583
 0.932000 0.457407 2.809191
 0.936000 0.468267 2.583723
 0.940000 0.477417 1.998101
 0.944000 0.484075 1.391659
 0.948000 0.488772 1.052975
 0.952000 0.492662 0.955460
 0.956000 0.496200 0.818433
 0.960000 0.498686 0.403850
 0.964000 0.498957 -0.244059
 0.968000 0.496651 -0.828556
 0.972000 0.492758 -0.977301
 0.976000 0.489422 -0.559131
 0.980000 0.488638 0.258099
 0.984000 0.491338 1.115786
 0.988000 0.497076 1.734050
 0.992000 0.504678 2.064170
 0.996000 0.513202 2.241705
 1.000000 0.522428 2.430394
 1.004000 0.532583 2.706020
 1.008000 0.543825 2.940814
 1.012000 0.555533 2.881438
 1.016000 0.566102 2.360601
 1.020000 0.573620 1.385460
 1.024000 0.576782 0.237828
 1.028000 0.575704 -0.658763
 1.032000 0.572097 -0.989182
 1.036000 0.568415 -0.719194
 1.040000 0.566680 -0.058021
 1.044000 0.567874 0.704171
 1.048000 0.571981 1.372963
 1.052000 0.578399 1.843741
 1.056000 0.586085 1.988209
 1.060000 0.593542 1.725167
 1.064000 0.599195 1.121653
 1.068000 0.602184 0.443202
 1.072000 0.602924 0.057972
 1.076000 0.603136 0.185638
 1.080000 0.604876 0.792601
 1.084000 0.609511 1.570056
 1.088000 0.616875 2.082591
 1.092000 0.625196 2.018653
 1.096000 0.632077 1.413258
 1.100000 0.636049 0.651619
 1.104000 0.637560 0.258819
 1.108000 0.638815 0.541516
 1.112000 0.642425 1.376024
 1.116000 0.649723 2.301825
 1.120000 0.660064 2.819824
 1.124000 0.671289 2.744916
 1.128000 0.681248 2.257894
 1.132000 0.689030 1.701741
 1.136000 0.694858 1.301914
 1.140000 0.699279 0.967505
 1.144000 0.702092 0.454107
 1.148000 0.702299 -0.347248
 1.152000 0.698928 -1.281190
 1.156000 0.691996 -2.069440
 1.160000 0.682640 -2.461425
 1.164000 0.672736 -2.341178
 1.168000 0.664231 -1.784341
 1.172000 0.658506 -1.004162
 1.176000 0.655925 -0.240788
 1.180000 0.656066 0.350573
 1.184000 0.658261 0.811649
 1.188000 0.662331 1.319231
 1.192000 0.668795 2.002210
 1.196000 0.678168 2.730351
 1.200000 0.689917 3.116815
 1.204000 0.701941 2.837117
 1.208000 0.711567 1.968230
 1.212000 0.717250 0.955346
 1.216000 0.719449 0.288106
 1.220000 0.720066 0.166998
 1.224000 0.721085 0.442337
 1.228000 0.723410 0.755868
 1.232000 0.726490 0.782628
 1.236000 0.728915 0.428063
 1.240000 0.729456 -0.099147
 1.244000 0.728018 -0.508475
 1.248000 0.725367 -0.704161
 1.252000 0.722240 -0.779256
 1.256000 0.718938 -0.801716
 1.260000 0.715768 -0.670862
 1.264000 0.713669 -0.262659
 1.268000 0.713764 0.393817
 1.272000 0.716565 1.045211
 1.276000 0.721414 1.396773
 1.280000 0.726873 1.351753
 1.284000 0.731766 1.153020
 1.288000 0.736086 1.127650
 1.292000 0.740827 1.328756
 1.296000 0.746388 1.466986
 1.300000 0.751710 1.167659
 1.304000 0.754802 0.399319
 1.308000 0.754634 -0.366866
 1.312000 0.752447 -0.520235
 1.316000 0.751299 0.120634
 1.320000 0.753650 1.133277
 1.324000 0.759601 1.807992
 1.328000 0.766829 1.746196
 1.332000 0.772482 1.083933
 1.336000 0.775088 0.310147
 1.340000 0.775130 -0.131242
 1.344000 0.774373 -0.093894
 1.348000 0.774567 0.300782
 1.352000 0.776595 0.772169
 1.356000 0.780168 1.022820
 1.360000 0.784119 0.973168
 1.364000 0.787487 0.786369
 1.368000 0.790254 0.710830
 1.372000 0.793074 0.777081
 1.376000 0.796085 0.762984
 1.380000 0.798394 0.390594
 1.384000 0.798434 -0.334763
 1.388000 0.795376 -1.096083
 1.392000 0.789987 -1.419318
 1.396000 0.784674 -1.034956
 1.400000 0.782214 -0.051135
 1.404000 0.784184 1.098409
 1.408000 0.790245 1.906365
 1.412000 0.798454 2.185671
 1.416000 0.806831 2.042916
 1.420000 0.814257 1.754846
 1.424000 0.820569 1.482973
 1.428000 0.825847 1.227203
 1.432000 0.829821 0.779444
 1.436000 0.831307 -0.026701
 1.440000 0.828900 -1.148593
 1.444000 0.821938 -2.206546
 1.448000 0.811715 -2.691250
 1.452000 0.801292 -2.301448
 1.456000 0.794016 -1.174940
 1.460000 0.791799 0.116134
 1.464000 0.793980 0.928096
 1.468000 0.797822 0.943639
 1.472000 0.800398 0.358841
 1.476000 0.800316 -0.279444
 1.480000 0.798345 -0.542199
 1.484000 0.796267 -0.360541
 1.488000 0.795439 0.040261
 1.492000 0.796153 0.364117
 1.496000 0.797820 0.513739
 1.500000 0.799870 0.578443
 1.504000 0.802211 0.676446
 1.508000 0.804876 0.717327
 1.512000 0.807124 0.395520
 1.516000 0.807052 -0.437032
 1.520000 0.802947 -1.552393
 1.524000 0.794680 -2.417712
 1.528000 0.784116 -2.669703
 1.532000 0.773870 -2.288396
 1.536000 0.766010 -1.534442
 1.540000 0.761314 -0.741909
 1.544000 0.759426 -0.185882
 1.548000 0.759170 0.087946
 1.552000 0.759640 0.233867
 1.556000 0.760778 0.444801
 1.560000 0.762861 0.662579
 1.564000 0.765392 0.589180
 1.568000 0.766561 -0.028647
 1.572000 0.764217 -1.101700
 1.576000 0.757383 -2.200255
 1.580000 0.746975 -2.837785
 1.584000 0.735337 -2.797994
 1.588000 0.725073 -2.174894
 1.592000 0.718098 -1.203116
 1.596000 0.715354 -0.096053
 1.600000 0.717020 0.979069
 1.604000 0.722643 1.860460
 1.608000 0.731081 2.349371
 1.612000 0.740343 2.260690
 1.616000 0.748054 1.574226
 1.620000 0.752296 0.608792
 1.624000 0.752867 -0.190524
 1.628000 0.751201 -0.486468
 1.632000 0.749348 -0.320077
 1.636000 0.748475 -0.070752
 1.640000 0.748083 -0.132167
 1.644000 0.746577 -0.601194
 1.648000 0.742774 -1.229386
 1.652000 0.736820 -1.603479
 1.656000 0.730219 -1.551299
 1.660000 0.724450 -1.236641
 1.664000 0.719955 -0.962748
 1.668000 0.716219 -0.857759
 1.672000 0.712657 -0.858674
 1.676000 0.709009 -0.906319
 1.680000 0.704961 -1.073327
 1.684000 0.699844 -1.428654
 1.688000 0.693125 -1.842835
 1.692000 0.685095 -2.056534
 1.696000 0.676875 -1.931473
 1.700000 0.669583 -1.636452
 1.704000 0.663316 -1.464529
 1.708000 0.657127 -1.621003
 1.712000 0.649677 -2.052493
 1.716000 0.640393 -2.501444
 1.720000 0.629800 -2.646288
 1.724000 0.619531 -2.331318
 1.728000 0.611413 -1.612146
 1.732000 0.606664 -0.692904
 1.736000 0.605470 0.127597
 1.740000 0.606987 0.625552
 1.744000 0.609799 0.804162
 1.748000 0.612925 0.813888
 1.752000 0.616063 0.825828
 1.756000 0.619269 0.831285
 1.760000 0.622253 0.684165
 1.764000 0.624214 0.316642
 1.768000 0.624447 -0.138985
 1.772000 0.623101 -0.422189
 1.776000 0.621304 -0.362866
 1.780000 0.620444 0.031233
 1.784000 0.621454 0.534122
 1.788000 0.624234 0.857450
 1.792000 0.627548 0.786328
 1.796000 0.629665 0.265838
 1.800000 0.629127 -0.481113
 1.804000 0.625758 -1.088172
 1.808000 0.620783 -1.253522
 1.812000 0.616067 -1.003949
 1.816000 0.612672 -0.641692
 1.820000 0.610365 -0.501943
 1.824000 0.608018 -0.643821
 1.828000 0.604926 -0.826133
 1.832000 0.601483 -0.779440
 1.836000 0.598760 -0.491830
 1.840000 0.597282 -0.202000
 1.844000 0.596519 -0.162362
 1.848000 0.595333 -0.410243
 1.852000 0.592880 -0.754623
 1.856000 0.589175 -1.017665
 1.860000 0.584651 -1.169231
 1.864000 0.579568 -1.310849
 1.868000 0.573811 -1.514189
 1.872000 0.567286 -1.671405
 1.876000 0.560545 -1.579785
 1.880000 0.554881 -1.128366
 1.884000 0.551674 -0.393201
 1.888000 0.551528 0.357860
 1.892000 0.553878 0.798763
 1.896000 0.557057 0.778126
 1.900000 0.559310 0.350166
 1.904000 0.559445 -0.220151
 1.908000 0.557434 -0.696994
 1.912000 0.553966 -0.937318
 1.916000 0.550048 -0.925481
 1.920000 0.546598 -0.723204
 1.924000 0.544202 -0.413212
 1.928000 0.543073 -0.117524
 1.932000 0.542867 0.037037
 1.936000 0.542823 -0.048667
 1.940000 0.541946 -0.351726
 1.944000 0.539630 -0.756174
 1.948000 0.535739 -1.117334
 1.952000 0.530502 -1.443577
 1.956000 0.523948 -1.779741
 1.960000 0.516176 -2.020120
 1.964000 0.508012 -1.935392
 1.968000 0.501144 -1.360434
 1.972000 0.497328 -0.471424
 1.976000 0.497000 0.306010
 1.980000 0.498852 0.574373
 1.984000 0.500493 0.196959
 1.988000 0.499598 -0.649176
 1.992000 0.494928 -1.631187
 1.996000 0.486552 -2.447554
 2.000000 0.475627 -2.879012
 2.004000 0.463995 -2.799958
 2.008000 0.453764 -2.197615
 2.012000 0.446690 -1.265854
 2.016000 0.443311 -0.421448
 2.020000 0.442445 -0.066817
 2.024000 0.441789 -0.289641
 2.028000 0.439482 -0.827505
 2.032000 0.435157 -1.244759
 2.036000 0.429942 -1.221952
 2.040000 0.425795 -0.747066
 2.044000 0.424202 0.030730
 2.048000 0.425859 0.821435
 2.052000 0.430324 1.398337
 2.056000 0.436428 1.634552
 2.060000 0.442749 1.522370
 2.064000 0.448061 1.144428
 2.068000 0.451598 0.667349
 2.072000 0.453292 0.233961
 2.076000 0.453502 -0.063641
 2.080000 0.452764 -0.249760
 2.084000 0.451404 -0.395079
 2.088000 0.449433 -0.554653
 2.092000 0.446772 -0.732957
 2.096000 0.443491 -0.848873
 2.100000 0.439978 -0.840902
 2.104000 0.436688 -0.754604
 2.108000 0.433630 -0.757087
 2.112000 0.430146 -0.988664
 2.116000 0.425284 -1.415473
 2.120000 0.418556 -1.897968
 2.124000 0.410138 -2.227145
 2.128000 0.401050 -2.197598
 2.132000 0.393065 -1.669077
 2.136000 0.388118 -0.707608
 2.140000 0.387329 0.317860
 2.144000 0.389940 0.923602
 2.148000 0.393597 0.835597
 2.152000 0.395695 0.202451
 2.156000 0.394862 -0.569013
 2.160000 0.391361 -1.086264
 2.164000 0.386573 -1.197515
 2.168000 0.382076 -0.963459
 2.172000 0.378988 -0.527562
 2.176000 0.377733 -0.088762
 2.180000 0.377921 0.170704
 2.184000 0.378556 0.149489
 2.188000 0.378587 -0.115859
 2.192000 0.377350 -0.465124
 2.196000 0.374726 -0.815114
 2.200000 0.370635 -1.206803
 2.204000 0.364715 -1.741149
 2.208000 0.356426 -2.366375
 2.212000 0.345802 -2.869849
 2.216000 0.333833 -3.008111
 2.220000 0.322204 -2.708367
 2.224000 0.312461 -2.097276
 2.228000 0.305334 -1.433402
 2.232000 0.300635 -0.909872
 2.236000 0.297784 -0.480129
 2.240000 0.296797 0.062452
 2.244000 0.298472 0.848029
 2.248000 0.303506 1.679737
 2.252000 0.311190 2.078639
 2.256000 0.318880 1.648572
 2.260000 0.323131 0.406227
 2.264000 0.321589 -1.155634
 2.268000 0.314177 -2.429547
 2.272000 0.302884 -3.073341
 2.276000 0.290331 -3.077336
 2.280000 0.278784 -2.602908
 2.284000 0.269839 -1.806888
 2.288000 0.264463 -0.839476
 2.292000 0.262957 0.087340
 2.296000 0.264692 0.761260
 2.300000 0.268331 1.038252
 2.304000 0.272235 0.871790
 2.308000 0.274738 0.360774
 2.312000 0.274769 -0.326979
 2.316000 0.272109 -0.933693
 2.320000 0.267591 -1.238386
 2.324000 0.262593 -1.190621
 2.328000 0.258270 -0.932581
 2.332000 0.255020 -0.673159
 2.336000 0.252621 -0.526941
 2.340000 0.250611 -0.453169
 2.344000 0.248818 -0.426035
 2.348000 0.247053 -0.432955
 2.352000 0.245120 -0.518478
 2.356000 0.242687 -0.682157
 2.360000 0.239513 -0.876774
 2.364000 0.235675 -1.003829
 2.368000 0.231606 -0.972036
 2.372000 0.227984 -0.789212
 2.376000 0.225234 -0.565241
 2.380000 0.223199 -0.458448
 2.384000 0.221186 -0.559138
 2.388000 0.218402 -0.821399
 2.392000 0.214502 -1.090912
 2.396000 0.209767 -1.225157
 2.400000 0.204815 -1.212522
 2.404000 0.200023 -1.154137
 2.408000 0.195425 -1.124448
 2.412000 0.191009 -1.044364
 2.416000 0.187199 -0.806447
 2.420000 0.184646 -0.431177
 2.424000 0.183605 -0.089424
 2.428000 0.183597 0.070459
 2.432000 0.183794 0.024763
 2.436000 0.183556 -0.135511
 2.440000 0.182641 -0.294163
 2.444000 0.181173 -0.419980
 2.448000 0.179232 -0.521054
 2.452000 0.176872 -0.643810
 2.456000 0.174019 -0.766310
 2.460000 0.170745 -0.848963
 2.464000 0.167256 -0.862794
 2.468000 0.163835 -0.814633
 2.472000 0.160742 -0.709692
 2.476000 0.158202 -0.521542
 2.480000 0.156572 -0.259123
 2.484000 0.156119 0.049653
 2.488000 0.156890 0.341669
 2.492000 0.158637 0.523056
 2.496000 0.160746 0.518233
 2.500000 0.162453 0.319077
 2.504000 0.163104 0.019834
 2.508000 0.162563 -0.262778
 2.512000 0.161070 -0.452875
 2.516000 0.159004 -0.557162
 2.520000 0.156627 -0.603418
 2.524000 0.154200 -0.574761
 2.528000 0.152143 -0.417040
 2.532000 0.150935 -0.164865
 2.536000 0.150649 0.007197
 2.540000 0.150552 -0.093940
 2.544000 0.149435 -0.481084
 2.548000 0.146544 -0.929779
 2.552000 0.142280 -1.125728
 2.556000 0.138016 -0.927375
 2.560000 0.135097 -0.502500
 2.564000 0.133808 -0.165353
 2.568000 0.133305 -0.121704
 2.572000 0.132410 -0.346485
 2.576000 0.130399 -0.638993
 2.580000 0.127405 -0.810596
 2.584000 0.124141 -0.759257
 2.588000 0.121527 -0.500912
 2.592000 0.120264 -0.104736
 2.596000 0.120670 0.312085
 2.600000 0.122565 0.615744
 2.604000 0.125241 0.695810
 2.608000 0.127682 0.495542
 2.612000 0.128864 0.082694
 2.616000 0.128239 -0.372589
 2.620000 0.126007 -0.696955
 2.624000 0.122869 -0.824188
 2.628000 0.119565 -0.799069
 2.632000 0.116545 -0.692056
 2.636000 0.114023 -0.556664
 2.640000 0.112022 -0.440459
 2.644000 0.110353 -0.401566
 2.648000 0.108633 -0.450649
 2.652000 0.106668 -0.503311
 2.656000 0.104743 -0.409292
 2.660000 0.103616 -0.115185
 2.664000 0.103853 0.232799
 2.668000 0.105151 0.376845
 2.672000 0.106317 0.157874
 2.676000 0.106025 -0.317249
 2.680000 0.103793 -0.757200
 2.684000 0.100305 -0.916798
 2.688000 0.096825 -0.768703
 2.692000 0.094304 -0.476666
 2.696000 0.092897 -0.234273
 2.700000 0.092172 -0.145699
 2.704000 0.091549 -0.168581
 2.708000 0.090762 -0.212244
 2.712000 0.089858 -0.215998
 2.716000 0.089019 -0.190035
 2.720000 0.088287 -0.169098
 2.724000 0.087591 -0.175806
 2.728000 0.086825 -0.196252
 2.732000 0.085974 -0.222102
 2.736000 0.085000 -0.258867
 2.740000 0.083805 -0.339134
 2.744000 0.082172 -0.477499
 2.748000 0.079895 -0.659385
 2.752000 0.076858 -0.844295
 2.756000 0.073167 -0.978127
 2.760000 0.069144 -1.001945
 2.764000 0.065306 -0.883823
 2.768000 0.062172 -0.663201
 2.772000 0.059969 -0.438698
 2.776000 0.058496 -0.309623
 2.780000 0.057271 -0.313124
 2.784000 0.055835 -0.402694
 2.788000 0.053998 -0.503550
 2.792000 0.051855 -0.546422
 2.796000 0.049708 -0.503421
 2.800000 0.047908 -0.377525
 2.804000 0.046748 -0.190253
 2.808000 0.046392 0.015886
 2.812000 0.046802 0.185087
 2.816000 0.047749 0.279352
 2.820000 0.048910 0.294349
 2.824000 0.050001 0.252580
 2.828000 0.050864 0.180707
 2.832000 0.051435 0.111935
 2.836000 0.051746 0.050541
 2.840000 0.051807 -0.021142
 2.844000 0.051532 -0.118564
 2.848000 0.050825 -0.227071
 2.852000 0.049746 -0.294895
 2.856000 0.048561 -0.280251
 2.860000 0.047559 -0.210482
 2.864000 0.046778 -0.192523
 2.868000 0.045821 -0.304195
 2.872000 0.044156 -0.533500
 2.876000 0.041522 -0.769041
 2.880000 0.038146 -0.888981
 2.884000 0.034609 -0.849492
 2.888000 0.031467 -0.706128
 2.892000 0.028949 -0.552437
 2.896000 0.026952 -0.455290
 2.900000 0.025217 -0.412454
 2.904000 0.023620 -0.375193
 2.908000 0.022273 -0.278291
 2.912000 0.021489 -0.094677
 2.916000 0.021574 0.144246
 2.920000 0.022585 0.351586
 2.924000 0.024197 0.426861
 2.928000 0.025748 0.323493
 2.932000 0.026573 0.077297
 2.936000 0.026333 -0.186944
 2.940000 0.025232 -0.333002
 2.944000 0.023892 -0.305693
 2.948000 0.022935 -0.162131
 2.952000 0.022603 -0.009878
 2.956000 0.022750 0.069175
 2.960000 0.023042 0.069211
 2.964000 0.023244 0.031816
 2.968000 0.023302 0.005887
 2.972000 0.023323 0.015843
 2.976000 0.023462 0.062983
 2.980000 0.023835 0.123756
 2.984000 0.024405 0.153724
 2.988000 0.024949 0.102696
 2.992000 0.025092 -0.040282
 2.996000 0.024538 -0.236482
 3.000000 0.023235 -0.401119
 3.004000 0.021461 -0.463275
 3.008000 0.019682 -0.407254
 3.012000 0.018294 -0.276310
 3.016000 0.017470 -0.137469
 3.020000 0.017150 -0.027374
 3.024000 0.017200 0.051514
 3.028000 0.017515 0.104535
 3.032000 0.017990 0.131563
 3.036000 0.018509 0.125628
 3.040000 0.018949 0.096871
 3.044000 0.019271 0.066431
 3.048000 0.019508 0.056946
 3.052000 0.019753 0.070373
 3.056000 0.020075 0.092885
 3.060000 0.020475 0.104898
 3.064000 0.020871 0.088677
 3.068000 0.021124 0.031374
 3.072000 0.021077 -0.053527
 3.076000 0.020692 -0.132158
 3.080000 0.020079 -0.162394
 3.084000 0.019455 -0.141929
 3.088000 0.018941 -0.117985
 3.092000 0.018426 -0.150780
 3.096000 0.017620 -0.259745
 3.100000 0.016292 -0.402163
 3.104000 0.014453 -0.501811
 3.108000 0.012397 -0.505545
 3.112000 0.010530 -0.411018
 3.116000 0.009180 -0.254099
 3.120000 0.008502 -0.085561
 3.124000 0.008444 0.048713
 3.128000 0.008786 0.109064
 3.132000 0.009178 0.075297
 3.136000 0.009267 -0.037207
 3.140000 0.008844 -0.170317
 3.144000 0.007962 -0.255137
 3.148000 0.006908 -0.257611
 3.152000 0.005995 -0.190337
 3.156000 0.005411 -0.101733
 3.160000 0.005149 -0.034150
 3.164000 0.005090 -0.000988
 3.168000 0.005107 0.007872
 3.172000 0.005126 0.001586
 3.176000 0.005105 -0.010860
 3.180000 0.005042 -0.016035
 3.184000 0.005006 0.005081
 3.188000 0.005137 0.067468
 3.192000 0.005584 0.156940
 3.196000 0.006363 0.226243
 3.200000 0.007285 0.218466
 3.204000 0.007984 0.117909
 3.208000 0.008153 -0.035783
 3.212000 0.007727 -0.166935
 3.216000 0.006932 -0.213248
 3.220000 0.006145 -0.165530
 3.224000 0.005668 -0.069451
 3.228000 0.005561 0.007594
 3.232000 0.005640 0.019649
 3.236000 0.005631 -0.032089
 3.240000 0.005353 -0.104643
 3.244000 0.004829 -0.147157
 3.248000 0.004239 -0.137112
 3.252000 0.003779 -0.088434
 3.256000 0.003540 -0.032598
 3.260000 0.003486 0.001191
 3.264000 0.003507 0.003829
 3.268000 0.003486 -0.016834
 3.272000 0.003361 -0.043722
 3.276000 0.003150 -0.056996
 3.280000 0.002945 -0.038848
 3.284000 0.002883 0.012728
 3.288000 0.003061 0.074693
 3.292000 0.003439 0.106326
 3.296000 0.003824 0.074031
 3.300000 0.003951 -0.015283
 3.304000 0.003682 -0.115717
 3.308000 0.003091 -0.167304
 3.312000 0.002443 -0.143249
 3.316000 0.002019 -0.063197
 3.320000 0.001943 0.021388
 3.324000 0.002126 0.059592
 3.328000 0.002332 0.033347
 3.332000 0.002335 -0.034940
 3.336000 0.002052 -0.101229
 3.340000 0.001575 -0.127834
 3.344000 0.001094 -0.104948
 3.348000 0.000781 -0.047837
 3.352000 0.000722 0.017535
 3.356000 0.000900 0.066330
 3.360000 0.001206 0.080302
 3.364000 0.001490 0.056078
 3.368000 0.001624 0.010803
 3.372000 0.001585 -0.026130
 3.376000 0.001459 -0.030284
 3.380000 0.001385 -0.003602
 3.384000 0.001436 0.026736
 3.388000 0.001562 0.030523
 3.392000 0.001631 -0.001127
 3.396000 0.001530 -0.049870
 3.400000 0.001249 -0.086753
 3.404000 0.000875 -0.094480
 3.408000 0.000524 -0.077337
 3.412000 0.000268 -0.050278
 3.416000 0.000117 -0.026601
 3.420000 0.000044 -0.011628
 3.424000 0.000014 -0.004236
 3.428000 0.000004 -0.001293
 3.432000 0.000000 0.000000
 3.436000 0.000001 0.000330
 3.440000 0.000004 0.001183
 3.444000 0.000012 0.003560
 3.448000 0.000036 0.008954
 3.452000 0.000090 0.018690
 3.456000 0.000191 0.032015
 3.460000 0.000344 0.044081
 3.464000 0.000531 0.046667
 3.468000 0.000696 0.033393
 3.472000 0.000779 0.006198
 3.476000 0.000742 -0.023776
 3.480000 0.000603 -0.043412
 3.484000 0.000417 -0.046721
 3.488000 0.000246 -0.037387
 3.492000 0.000124 -0.023730
 3.496000 0.000053 -0.012278
 3.500000 0.000019 -0.005252
