#! FIELDS s hh dhh_s
#! SET normalisation  399.000000
#! SET min_s -0.5
#! SET max_s 3.5
#! SET nbins_s  1000
#! SET periodic_s false
 -0.500000 0.000000 0.000000
 -0.496000 0.000000 0.000000
 -0.492000 0.000000 0.000000
 -0.488000 0.000000 0.000000
 -0.484000 0.000000 0.000000
 -0.480000 0.000000 0.000000
 -0.476000 0.000000 0.000000
 -0.472000 0.000000 0.000000
 -0.468000 0.000000 0.000000
 -0.464000 0.000000 0.000000
 -0.460000 0.000000 0.000000
 -0.456000 0.000000 0.000000
 -0.452000 0.000000 0.000000
 -0.448000 0.000000 0.000000
 -0.444000 0.000000 0.000000
 -0.440000 0.000000 0.000000
 -0.436000 0.000000 0.000000
 -0.432000 0.000000 0.000000
 -0.428000 0.000000 0.000000
 -0.424000 0.000000 0.000000
 -0.420000 0.000000 0.000000
 -0.416000 0.000000 0.000000
 -0.412000 0.000000 0.000000
 -0.408000 0.000000 0.000000
 -0.404000 0.000000 0.000000
 -0.400000 0.000000 0.000000
 -0.396000 0.000000 0.000000
 -0.392000 0.000000 0.000000
 -0.388000 0.000000 0.000000
 -0.384000 0.000000 0.000000
 -0.380000 0.000000 0.000000
 -0.376000 0.000000 0.000000
 -0.372000 0.000000 0.000000
 -0.368000 0.000000 0.000000
 -0.364000 0.000000 0.000000
 -0.360000 0.000000 0.000000
 -0.356000 0.000000 0.000000
 -0.352000 0.000000 0.000000
 -0.348000 0.000000 0.000000
 -0.344000 0.000000 0.000000
 -0.340000 0.000000 0.000000
 -0.336000 0.000000 0.000000
 -0.332000 0.000000 0.000000
 -0.328000 0.000000 0.000000
 -0.324000 0.000000 0.000000
 -0.320000 0.000000 0.000000
 -0.316000 0.000000 0.000000
 -0.312000 0.000000 0.000000
 -0.308000 0.000000 0.000000
 -0.304000 0.000000 0.000000
 -0.300000 0.000000 0.000000
 -0.296000 0.000000 0.000000
 -0.292000 0.000000 0.000000
 -0.288000 0.000000 0.000000
 -0.284000 0.000000 0.000000
 -0.280000 0.000000 0.000000
 -0.276000 0.000000 0.000000
 -0.272000 0.000000 0.000000
 -0.268000 0.000000 0.000000
 -0.264000 0.000000 0.000000
 -0.260000 0.000000 0.000000
 -0.256000 0.000000 0.000000
 -0.252000 0.000000 0.000000
 -0.248000 0.000000 0.000000
 -0.244000 0.000000 0.000000
 -0.240000 0.000000 0.000000
 -0.236000 0.000000 0.000000
 -0.232000 0.000000 0.000000
 -0.228000 0.000000 0.000000
 -0.224000 0.000000 0.000000
 -0.220000 0.000000 0.000000
 -0.216000 0.000000 0.000000
 -0.212000 0.000000 0.000000
 -0.208000 0.000000 0.000000
 -0.204000 0.000000 0.000000
 -0.200000 0.000000 0.000000
 -0.196000 0.000000 0.000000
 -0.192000 0.000000 0.000000
 -0.188000 0.000000 0.000000
 -0.184000 0.000000 0.000000
 -0.180000 0.000000 0.000000
 -0.176000 0.000000 0.000000
 -0.172000 0.000000 0.000000
 -0.168000 0.000000 0.000000
 -0.164000 0.000000 0.000000
 -0.160000 0.000000 0.000000
 -0.156000 0.000000 0.000000
 -0.152000 0.000000 0.000000
 -0.148000 0.000000 0.000000
 -0.144000 0.000000 0.000000
 -0.140000 0.000000 0.000000
 -0.136000 0.000000 0.000000
 -0.132000 0.000000 0.000000
 -0.128000 0.000000 0.000000
 -0.124000 0.000000 0.000000
 -0.120000 0.000000 0.000000
 -0.116000 0.000000 0.000000
 -0.112000 0.000000 0.000000
 -0.108000 0.000000 0.000000
 -0.104000 0.000000 0.000000
 -0.100000 0.000000 0.000000
 -0.096000 0.000000 0.000000
 -0.092000 0.000000 0.000000
 -0.088000 0.000000 0.000000
 -0.084000 0.000000 0.000000
 -0.080000 0.000000 0.000000
 -0.076000 0.000000 0.000000
 -0.072000 0.000000 0.000000
 -0.068000 0.000000 0.000000
 -0.064000 0.000000 0.000000
 -0.060000 0.000000 0.000000
 -0.056000 0.000000 0.000000
 -0.052000 0.000000 0.000000
 -0.048000 0.000000 0.000000
 -0.044000 0.000000 0.000000
 -0.040000 0.000000 0.000000
 -0.036000 0.000002 0.000936
 -0.032000 0.000012 0.004215
 -0.028000 0.000047 0.014240
 -0.024000 0.000150 0.040641
 -0.020000 0.000416 0.097859
 -0.016000 0.001001 0.202091
 -0.012000 0.002107 0.358169
 -0.008000 0.003923 0.552717
 -0.004000 0.006548 0.756941
 0.000000 0.009970 0.949353
 0.004000 0.014141 1.134419
 0.008000 0.019087 1.340383
 0.012000 0.024941 1.590241
 0.016000 0.031894 1.888178
 0.020000 0.040136 2.235422
 0.024000 0.049912 2.662575
 0.028000 0.061673 3.240510
 0.032000 0.076177 4.041862
 0.036000 0.094360 5.073408
 0.040000 0.116977 6.232998
 0.044000 0.144176 7.325871
 0.048000 0.175293 8.161376
 0.052000 0.209030 8.632498
 0.056000 0.243970 8.777489
 0.060000 0.279097 8.766452
 0.064000 0.314286 8.850505
 0.068000 0.350410 9.271486
 0.072000 0.389101 10.124563
 0.076000 0.431878 11.269759
 0.080000 0.479321 12.408673
 0.084000 0.530903 13.321188
 0.088000 0.585638 14.014242
 0.092000 0.643055 14.708754
 0.096000 0.703725 15.681733
 0.100000 0.769147 17.094295
 0.104000 0.841040 18.902711
 0.108000 0.920552 20.834572
 0.112000 1.007264 22.415389
 0.116000 1.098807 23.202877
 0.120000 1.191527 22.996967
 0.124000 1.281657 21.987607
 0.128000 1.366857 20.605490
 0.132000 1.446653 19.366105
 0.136000 1.522337 18.605498
 0.140000 1.596130 18.412972
 0.144000 1.670034 18.618862
 0.148000 1.744985 18.889587
 0.152000 1.820601 18.921246
 0.156000 1.895546 18.560902
 0.160000 1.968209 17.810570
 0.164000 2.037232 16.753953
 0.168000 2.101537 15.455407
 0.172000 2.160159 13.932781
 0.176000 2.212311 12.254739
 0.180000 2.257858 10.690414
 0.184000 2.298124 9.726608
 0.188000 2.336314 9.681514
 0.192000 2.376115 10.468614
 0.196000 2.419771 11.501761
 0.200000 2.466719 11.991606
 0.204000 2.513654 11.460469
 0.208000 2.556507 10.053787
 0.212000 2.593032 8.426036
 0.216000 2.623870 7.341831
 0.220000 2.652061 7.109436
 0.224000 2.680813 7.526989
 0.228000 2.711656 8.064963
 0.232000 2.743898 8.152730
 0.236000 2.775007 7.485215
 0.240000 2.802072 6.216102
 0.244000 2.823747 4.910464
 0.248000 2.841158 4.150732
 0.252000 2.856801 3.996252
 0.256000 2.872271 3.927452
 0.260000 2.886761 3.480661
 0.264000 2.898638 2.697294
 0.268000 2.907454 2.013795
 0.272000 2.914255 1.679763
 0.276000 2.919957 1.429466
 0.280000 2.923983 0.767935
 0.284000 2.924209 -0.478328
 0.288000 2.918605 -2.068151
 0.292000 2.906620 -3.635362
 0.296000 2.888745 -4.977293
 0.300000 2.865677 -6.269501
 0.304000 2.837243 -7.684474
 0.308000 2.803116 -9.050611
 0.312000 2.764483 -9.847068
 0.316000 2.724521 -9.678134
 0.320000 2.686937 -8.733432
 0.324000 2.653630 -7.632498
 0.328000 2.624041 -6.955525
 0.332000 2.596202 -6.721517
 0.336000 2.568924 -6.621619
 0.340000 2.542393 -6.306295
 0.344000 2.517642 -5.745800
 0.348000 2.495155 -5.233084
 0.352000 2.474224 -5.025808
 0.356000 2.453679 -4.998351
 0.360000 2.433441 -4.786258
 0.364000 2.414826 -4.215343
 0.368000 2.398903 -3.519076
 0.372000 2.385069 -3.251800
 0.376000 2.370794 -3.754732
 0.380000 2.353088 -4.921497
 0.384000 2.329908 -6.477489
 0.388000 2.300027 -8.243322
 0.392000 2.262685 -10.201931
 0.396000 2.217284 -12.232334
 0.400000 2.164076 -14.038021
 0.404000 2.104867 -15.174493
 0.408000 2.043392 -15.065425
 0.412000 1.985498 -13.356575
 0.416000 1.937242 -10.394901
 0.420000 1.901454 -7.368853
 0.424000 1.875473 -5.699637
 0.428000 1.852241 -5.970086
 0.432000 1.824897 -7.586038
 0.436000 1.790495 -9.300702
 0.440000 1.750783 -10.167461
 0.444000 1.709654 -10.050387
 0.448000 1.670023 -9.533653
 0.452000 1.631978 -9.424775
 0.456000 1.592909 -10.060161
 0.460000 1.550152 -11.132342
 0.464000 1.503521 -11.839071
 0.468000 1.455968 -11.534059
 0.472000 1.411743 -10.272387
 0.476000 1.373399 -8.745672
 0.480000 1.340379 -7.680016
 0.484000 1.310183 -7.371425
 0.488000 1.279988 -7.626562
 0.492000 1.248026 -8.225309
 0.496000 1.213261 -9.001316
 0.500000 1.175449 -9.682892
 0.504000 1.135688 -9.932566
 0.508000 1.096283 -9.500543
 0.512000 1.059878 -8.507458
 0.516000 1.027843 -7.375608
 0.520000 0.999641 -6.684433
 0.524000 0.972777 -6.740931
 0.528000 0.944294 -7.444230
 0.532000 0.912492 -8.289508
 0.536000 0.878076 -8.664377
 0.540000 0.843683 -8.272032
 0.544000 0.812117 -7.357324
 0.548000 0.784396 -6.437043
 0.552000 0.759564 -5.947679
 0.556000 0.735632 -5.991386
 0.560000 0.710707 -6.415563
 0.564000 0.683583 -7.065575
 0.568000 0.653623 -7.791687
 0.572000 0.620956 -8.411127
 0.576000 0.586461 -8.663473
 0.580000 0.551889 -8.458164
 0.584000 0.519021 -7.837324
 0.588000 0.489253 -6.915999
 0.592000 0.463524 -5.839602
 0.596000 0.442135 -4.806006
 0.600000 0.424445 -4.026195
 0.604000 0.409015 -3.688113
 0.608000 0.394003 -3.806606
 0.612000 0.377884 -4.215375
 0.616000 0.359988 -4.661309
 0.620000 0.340649 -4.901109
 0.624000 0.321031 -4.782090
 0.628000 0.302678 -4.297620
 0.632000 0.286725 -3.618931
 0.636000 0.273397 -3.041596
 0.640000 0.261761 -2.797298
 0.644000 0.250293 -2.942407
 0.648000 0.237674 -3.346434
 0.652000 0.223371 -3.741311
 0.656000 0.207955 -3.858261
 0.660000 0.192890 -3.564401
 0.664000 0.179775 -2.925801
 0.668000 0.169478 -2.196248
 0.672000 0.161755 -1.692842
 0.676000 0.155320 -1.557835
 0.680000 0.148744 -1.740967
 0.684000 0.141095 -2.054981
 0.688000 0.132236 -2.330325
 0.692000 0.122556 -2.454349
 0.696000 0.112718 -2.414238
 0.700000 0.103322 -2.257532
 0.704000 0.094663 -2.047093
 0.708000 0.086814 -1.870825
 0.712000 0.079552 -1.747153
 0.716000 0.072702 -1.660327
 0.720000 0.066215 -1.555335
 0.724000 0.060267 -1.390599
 0.728000 0.055125 -1.154526
 0.732000 0.051033 -0.876174
 0.736000 0.048054 -0.610173
 0.740000 0.045996 -0.427496
 0.744000 0.044396 -0.389703
 0.748000 0.042615 -0.517332
 0.752000 0.040064 -0.758228
 0.756000 0.036506 -1.003076
 0.760000 0.032177 -1.125432
 0.764000 0.027720 -1.068268
 0.768000 0.023811 -0.863917
 0.772000 0.020849 -0.612572
 0.776000 0.018833 -0.404094
 0.780000 0.017505 -0.265855
 0.784000 0.016631 -0.170193
 0.788000 0.016122 -0.077057
 0.792000 0.015995 0.018282
 0.796000 0.016202 0.077855
 0.800000 0.016513 0.066779
 0.804000 0.016611 -0.027218
 0.808000 0.016232 -0.163585
 0.812000 0.015326 -0.279685
 0.816000 0.014081 -0.325515
 0.820000 0.012821 -0.289073
 0.824000 0.011836 -0.194975
 0.828000 0.011261 -0.095025
 0.832000 0.011007 -0.043406
 0.836000 0.010792 -0.076318
 0.840000 0.010272 -0.192836
 0.844000 0.009196 -0.341496
 0.848000 0.007584 -0.449519
 0.852000 0.005722 -0.461937
 0.856000 0.004019 -0.374915
 0.860000 0.002786 -0.236552
 0.864000 0.002102 -0.111555
 0.868000 0.001817 -0.039315
 0.872000 0.001708 -0.022556
 0.876000 0.001601 -0.030404
 0.880000 0.001466 -0.032926
 0.884000 0.001356 -0.016143
 0.888000 0.001339 0.007922
 0.892000 0.001405 0.021603
 0.896000 0.001479 0.011564
 0.900000 0.001470 -0.018732
 0.904000 0.001324 -0.053393
 0.908000 0.001059 -0.075533
 0.912000 0.000744 -0.077532
 0.916000 0.000458 -0.063635
 0.920000 0.000244 -0.042735
 0.924000 0.000113 -0.023881
 0.928000 0.000045 -0.011191
 0.932000 0.000015 -0.004095
 0.936000 0.000004 -0.001395
 0.940000 0.000000 0.000000
 0.944000 0.000001 0.000224
 0.948000 0.000002 0.000843
 0.952000 0.000009 0.002666
 0.956000 0.000027 0.007053
 0.960000 0.000071 0.015521
 0.964000 0.000157 0.028135
 0.968000 0.000297 0.041294
 0.972000 0.000478 0.047375
 0.976000 0.000656 0.038770
 0.980000 0.000767 0.014654
 0.984000 0.000764 -0.015969
 0.988000 0.000649 -0.039517
 0.992000 0.000470 -0.047375
 0.996000 0.000290 -0.040790
 1.000000 0.000152 -0.027516
 1.004000 0.000068 -0.015044
 1.008000 0.000026 -0.006779
 1.012000 0.000008 -0.002542
 1.016000 0.000002 -0.000798
 1.020000 0.000000 0.000000
 1.024000 0.000000 0.000000
 1.028000 0.000000 0.000000
 1.032000 0.000000 0.000000
 1.036000 0.000000 0.000000
 1.040000 0.000000 0.000000
 1.044000 0.000000 0.000000
 1.048000 0.000000 0.000000
 1.052000 0.000000 0.000000
 1.056000 0.000000 0.000000
 1.060000 0.000000 0.000000
 1.064000 0.000000 0.000000
 1.068000 0.000000 0.000000
 1.072000 0.000000 0.000000
 1.076000 0.000000 0.000000
 1.080000 0.000000 0.000000
 1.084000 0.000000 0.000000
 1.088000 0.000000 0.000000
 1.092000 0.000000 0.000000
 1.096000 0.000000 0.000000
 1.100000 0.000000 0.000000
 1.104000 0.000000 0.000000
 1.108000 0.000000 0.000000
 1.112000 0.000000 0.000000
 1.116000 0.000000 0.000000
 1.120000 0.000000 0.000000
 1.124000 0.000000 0.000000
 1.128000 0.000000 0.000000
 1.132000 0.000000 0.000000
 1.136000 0.000000 0.000000
 1.140000 0.000000 0.000000
 1.144000 0.000000 0.000000
 1.148000 0.000000 0.000000
 1.152000 0.000000 0.000000
 1.156000 0.000000 0.000000
 1.160000 0.000000 0.000000
 1.164000 0.000000 0.000000
 1.168000 0.000000 0.000000
 1.172000 0.000000 0.000000
 1.176000 0.000000 0.000000
 1.180000 0.000000 0.000000
 1.184000 0.000000 0.000000
 1.188000 0.000000 0.000000
 1.192000 0.000000 0.000000
 1.196000 0.000000 0.000000
 1.200000 0.000000 0.000000
 1.204000 0.000000 0.000000
 1.208000 0.000000 0.000000
 1.212000 0.000000 0.000000
 1.216000 0.000000 0.000000
 1.220000 0.000000 0.000000
 1.224000 0.000000 0.000000
 1.228000 0.000000 0.000000
 1.232000 0.000000 0.000000
 1.236000 0.000000 0.000000
 1.240000 0.000000 0.000000
 1.244000 0.000000 0.000000
 1.248000 0.000000 0.000000
 1.252000 0.000000 0.000000
 1.256000 0.000000 0.000000
 1.260000 0.000000 0.000000
 1.264000 0.000000 0.000000
 1.268000 0.000000 0.000000
 1.272000 0.000000 0.000000
 1.276000 0.000000 0.000000
 1.280000 0.000000 0.000000
 1.284000 0.000000 0.000000
 1.288000 0.000000 0.000000
 1.292000 0.000000 0.000000
 1.296000 0.000000 0.000000
 1.300000 0.000000 0.000000
 1.304000 0.000000 0.000000
 1.308000 0.000000 0.000000
 1.312000 0.000000 0.000000
 1.316000 0.000000 0.000000
 1.320000 0.000000 0.000000
 1.324000 0.000000 0.000000
 1.328000 0.000000 0.000000
 1.332000 0.000000 0.000000
 1.336000 0.000000 0.000000
 1.340000 0.000000 0.000000
 1.344000 0.000000 0.000000
 1.348000 0.000000 0.000000
 1.352000 0.000000 0.000000
 1.356000 0.000000 0.000000
 1.360000 0.000000 0.000000
 1.364000 0.000000 0.000000
 1.368000 0.000000 0.000000
 1.372000 0.000000 0.000000
 1.376000 0.000000 0.000000
 1.380000 0.000000 0.000000
 1.384000 0.000000 0.000000
 1.388000 0.000000 0.000000
 1.392000 0.000000 0.000000
 1.396000 0.000000 0.000000
 1.400000 0.000000 0.000000
 1.404000 0.000000 0.000000
 1.408000 0.000000 0.000000
 1.412000 0.000000 0.000000
 1.416000 0.000000 0.000000
 1.420000 0.000000 0.000000
 1.424000 0.000000 0.000000
 1.428000 0.000000 0.000000
 1.432000 0.000000 0.000000
 1.436000 0.000000 0.000000
 1.440000 0.000000 0.000000
 1.444000 0.000000 0.000000
 1.448000 0.000000 0.000000
 1.452000 0.000000 0.000000
 1.456000 0.000000 0.000000
 1.460000 0.000000 0.000000
 1.464000 0.000000 0.000000
 1.468000 0.000000 0.000000
 1.472000 0.000000 0.000000
 1.476000 0.000000 0.000000
 1.480000 0.000000 0.000000
 1.484000 0.000000 0.000000
 1.488000 0.000000 0.000000
 1.492000 0.000000 0.000000
 1.496000 0.000000 0.000000
 1.500000 0.000000 0.000000
 1.504000 0.000000 0.000000
 1.508000 0.000000 0.000000
 1.512000 0.000000 0.000000
 1.516000 0.000000 0.000000
 1.520000 0.000000 0.000000
 1.524000 0.000000 0.000000
 1.528000 0.000000 0.000000
 1.532000 0.000000 0.000000
 1.536000 0.000000 0.000000
 1.540000 0.000000 0.000000
 1.544000 0.000000 0.000000
 1.548000 0.000000 0.000000
 1.552000 0.000000 0.000000
 1.556000 0.000000 0.000000
 1.560000 0.000000 0.000000
 1.564000 0.000000 0.000000
 1.568000 0.000000 0.000000
 1.572000 0.000000 0.000000
 1.576000 0.000000 0.000000
 1.580000 0.000000 0.000000
 1.584000 0.000000 0.000000
 1.588000 0.000000 0.000000
 1.592000 0.000000 0.000000
 1.596000 0.000000 0.000000
 1.600000 0.000000 0.000000
 1.604000 0.000000 0.000000
 1.608000 0.000000 0.000000
 1.612000 0.000000 0.000000
 1.616000 0.000000 0.000000
 1.620000 0.000000 0.000000
 1.624000 0.000000 0.000000
 1.628000 0.000000 0.000000
 1.632000 0.000000 0.000000
 1.636000 0.000000 0.000000
 1.640000 0.000000 0.000000
 1.644000 0.000000 0.000000
 1.648000 0.000000 0.000000
 1.652000 0.000000 0.000000
 1.656000 0.000000 0.000000
 1.660000 0.000000 0.000000
 1.664000 0.000000 0.000000
 1.668000 0.000000 0.000000
 1.672000 0.000000 0.000000
 1.676000 0.000000 0.000000
 1.680000 0.000000 0.000000
 1.684000 0.000000 0.000000
 1.688000 0.000000 0.000000
 1.692000 0.000000 0.000000
 1.696000 0.000000 0.000000
 1.700000 0.000000 0.000000
 1.704000 0.000000 0.000000
 1.708000 0.000000 0.000000
 1.712000 0.000000 0.000000
 1.716000 0.000000 0.000000
 1.720000 0.000000 0.000000
 1.724000 0.000000 0.000000
 1.728000 0.000000 0.000000
 1.732000 0.000000 0.000000
 1.736000 0.000000 0.000000
 1.740000 0.000000 0.000000
 1.744000 0.000000 0.000000
 1.748000 0.000000 0.000000
 1.752000 0.000000 0.000000
 1.756000 0.000000 0.000000
 1.760000 0.000000 0.000000
 1.764000 0.000000 0.000000
 1.768000 0.000000 0.000000
 1.772000 0.000000 0.000000
 1.776000 0.000000 0.000000
 1.780000 0.000000 0.000000
 1.784000 0.000000 0.000000
 1.788000 0.000000 0.000000
 1.792000 0.000000 0.000000
 1.796000 0.000000 0.000000
 1.800000 0.000000 0.000000
 1.804000 0.000000 0.000000
 1.808000 0.000000 0.000000
 1.812000 0.000000 0.000000
 1.816000 0.000000 0.000000
 1.820000 0.000000 0.000000
 1.824000 0.000000 0.000000
 1.828000 0.000000 0.000000
 1.832000 0.000000 0.000000
 1.836000 0.000000 0.000000
 1.840000 0.000000 0.000000
 1.844000 0.000000 0.000000
 1.848000 0.000000 0.000000
 1.852000 0.000000 0.000000
 1.856000 0.000000 0.000000
 1.860000 0.000000 0.000000
 1.864000 0.000000 0.000000
 1.868000 0.000000 0.000000
 1.872000 0.000000 0.000000
 1.876000 0.000000 0.000000
 1.880000 0.000000 0.000000
 1.884000 0.000000 0.000000
 1.888000 0.000000 0.000000
 1.892000 0.000000 0.000000
 1.896000 0.000000 0.000000
 1.900000 0.000000 0.000000
 1.904000 0.000000 0.000000
 1.908000 0.000000 0.000000
 1.912000 0.000000 0.000000
 1.916000 0.000000 0.000000
 1.920000 0.000000 0.000000
 1.924000 0.000000 0.000000
 1.928000 0.000000 0.000000
 1.932000 0.000000 0.000000
 1.936000 0.000000 0.000000
 1.940000 0.000000 0.000000
 1.944000 0.000000 0.000000
 1.948000 0.000000 0.000000
 1.952000 0.000000 0.000000
 1.956000 0.000000 0.000000
 1.960000 0.000000 0.000000
 1.964000 0.000000 0.000000
 1.968000 0.000000 0.000000
 1.972000 0.000000 0.000000
 1.976000 0.000000 0.000000
 1.980000 0.000000 0.000000
 1.984000 0.000000 0.000000
 1.988000 0.000000 0.000000
 1.992000 0.000000 0.000000
 1.996000 0.000000 0.000000
 2.000000 0.000000 0.000000
 2.004000 0.000000 0.000000
 2.008000 0.000000 0.000000
 2.012000 0.000000 0.000000
 2.016000 0.000000 0.000000
 2.020000 0.000000 0.000000
 2.024000 0.000000 0.000000
 2.028000 0.000000 0.000000
 2.032000 0.000000 0.000000
 2.036000 0.000000 0.000000
 2.040000 0.000000 0.000000
 2.044000 0.000000 0.000000
 2.048000 0.000000 0.000000
 2.052000 0.000000 0.000000
 2.056000 0.000000 0.000000
 2.060000 0.000000 0.000000
 2.064000 0.000000 0.000000
 2.068000 0.000000 0.000000
 2.072000 0.000000 0.000000
 2.076000 0.000000 0.000000
 2.080000 0.000000 0.000000
 2.084000 0.000000 0.000000
 2.088000 0.000000 0.000000
 2.092000 0.000000 0.000000
 2.096000 0.000000 0.000000
 2.100000 0.000000 0.000000
 2.104000 0.000000 0.000000
 2.108000 0.000000 0.000000
 2.112000 0.000000 0.000000
 2.116000 0.000000 0.000000
 2.120000 0.000000 0.000000
 2.124000 0.000000 0.000000
 2.128000 0.000000 0.000000
 2.132000 0.000000 0.000000
 2.136000 0.000000 0.000000
 2.140000 0.000000 0.000000
 2.144000 0.000000 0.000000
 2.148000 0.000000 0.000000
 2.152000 0.000000 0.000000
 2.156000 0.000000 0.000000
 2.160000 0.000000 0.000000
 2.164000 0.000000 0.000000
 2.168000 0.000000 0.000000
 2.172000 0.000000 0.000000
 2.176000 0.000000 0.000000
 2.180000 0.000000 0.000000
 2.184000 0.000000 0.000000
 2.188000 0.000000 0.000000
 2.192000 0.000000 0.000000
 2.196000 0.000000 0.000000
 2.200000 0.000000 0.000000
 2.204000 0.000000 0.000000
 2.208000 0.000000 0.000000
 2.212000 0.000000 0.000000
 2.216000 0.000000 0.000000
 2.220000 0.000000 0.000000
 2.224000 0.000000 0.000000
 2.228000 0.000000 0.000000
 2.232000 0.000000 0.000000
 2.236000 0.000000 0.000000
 2.240000 0.000000 0.000000
 2.244000 0.000000 0.000000
 2.248000 0.000000 0.000000
 2.252000 0.000000 0.000000
 2.256000 0.000000 0.000000
 2.260000 0.000000 0.000000
 2.264000 0.000000 0.000000
 2.268000 0.000000 0.000000
 2.272000 0.000000 0.000000
 2.276000 0.000000 0.000000
 2.280000 0.000000 0.000000
 2.284000 0.000000 0.000000
 2.288000 0.000000 0.000000
 2.292000 0.000000 0.000000
 2.296000 0.000000 0.000000
 2.300000 0.000000 0.000000
 2.304000 0.000000 0.000000
 2.308000 0.000000 0.000000
 2.312000 0.000000 0.000000
 2.316000 0.000000 0.000000
 2.320000 0.000000 0.000000
 2.324000 0.000000 0.000000
 2.328000 0.000000 0.000000
 2.332000 0.000000 0.000000
 2.336000 0.000000 0.000000
 2.340000 0.000000 0.000000
 2.344000 0.000000 0.000000
 2.348000 0.000000 0.000000
 2.352000 0.000000 0.000000
 2.356000 0.000000 0.000000
 2.360000 0.000000 0.000000
 2.364000 0.000000 0.000000
 2.368000 0.000000 0.000000
 2.372000 0.000000 0.000000
 2.376000 0.000000 0.000000
 2.380000 0.000000 0.000000
 2.384000 0.000000 0.000000
 2.388000 0.000000 0.000000
 2.392000 0.000000 0.000000
 2.396000 0.000000 0.000000
 2.400000 0.000000 0.000000
 2.404000 0.000000 0.000000
 2.408000 0.000000 0.000000
 2.412000 0.000000 0.000000
 2.416000 0.000000 0.000000
 2.420000 0.000000 0.000000
 2.424000 0.000000 0.000000
 2.428000 0.000000 0.000000
 2.432000 0.000000 0.000000
 2.436000 0.000000 0.000000
 2.440000 0.000000 0.000000
 2.444000 0.000000 0.000000
 2.448000 0.000000 0.000000
 2.452000 0.000000 0.000000
 2.456000 0.000000 0.000000
 2.460000 0.000000 0.000000
 2.464000 0.000000 0.000000
 2.468000 0.000000 0.000000
 2.472000 0.000000 0.000000
 2.476000 0.000000 0.000000
 2.480000 0.000000 0.000000
 2.484000 0.000000 0.000000
 2.488000 0.000000 0.000000
 2.492000 0.000000 0.000000
 2.496000 0.000000 0.000000
 2.500000 0.000000 0.000000
 2.504000 0.000000 0.000000
 2.508000 0.000000 0.000000
 2.512000 0.000000 0.000000
 2.516000 0.000000 0.000000
 2.520000 0.000000 0.000000
 2.524000 0.000000 0.000000
 2.528000 0.000000 0.000000
 2.532000 0.000000 0.000000
 2.536000 0.000000 0.000000
 2.540000 0.000000 0.000000
 2.544000 0.000000 0.000000
 2.548000 0.000000 0.000000
 2.552000 0.000000 0.000000
 2.556000 0.000000 0.000000
 2.560000 0.000000 0.000000
 2.564000 0.000000 0.000000
 2.568000 0.000000 0.000000
 2.572000 0.000000 0.000000
 2.576000 0.000000 0.000000
 2.580000 0.000000 0.000000
 2.584000 0.000000 0.000000
 2.588000 0.000000 0.000000
 2.592000 0.000000 0.000000
 2.596000 0.000000 0.000000
 2.600000 0.000000 0.000000
 2.604000 0.000000 0.000000
 2.608000 0.000000 0.000000
 2.612000 0.000000 0.000000
 2.616000 0.000000 0.000000
 2.620000 0.000000 0.000000
 2.624000 0.000000 0.000000
 2.628000 0.000000 0.000000
 2.632000 0.000000 0.000000
 2.636000 0.000000 0.000000
 2.640000 0.000000 0.000000
 2.644000 0.000000 0.000000
 2.648000 0.000000 0.000000
 2.652000 0.000000 0.000000
 2.656000 0.000000 0.000000
 2.660000 0.000000 0.000000
 2.664000 0.000000 0.000000
 2.668000 0.000000 0.000000
 2.672000 0.000000 0.000000
 2.676000 0.000000 0.000000
 2.680000 0.000000 0.000000
 2.684000 0.000000 0.000000
 2.688000 0.000000 0.000000
 2.692000 0.000000 0.000000
 2.696000 0.000000 0.000000
 2.700000 0.000000 0.000000
 2.704000 0.000000 0.000000
 2.708000 0.000000 0.000000
 2.712000 0.000000 0.000000
 2.716000 0.000000 0.000000
 2.720000 0.000000 0.000000
 2.724000 0.000000 0.000000
 2.728000 0.000000 0.000000
 2.732000 0.000000 0.000000
 2.736000 0.000000 0.000000
 2.740000 0.000000 0.000000
 2.744000 0.000000 0.000000
 2.748000 0.000000 0.000000
 2.752000 0.000000 0.000000
 2.756000 0.000000 0.000000
 2.760000 0.000000 0.000000
 2.764000 0.000000 0.000000
 2.768000 0.000000 0.000000
 2.772000 0.000000 0.000000
 2.776000 0.000000 0.000000
 2.780000 0.000000 0.000000
 2.784000 0.000000 0.000000
 2.788000 0.000000 0.000000
 2.792000 0.000000 0.000000
 2.796000 0.000000 0.000000
 2.800000 0.000000 0.000000
 2.804000 0.000000 0.000000
 2.808000 0.000000 0.000000
 2.812000 0.000000 0.000000
 2.816000 0.000000 0.000000
 2.820000 0.000000 0.000000
 2.824000 0.000000 0.000000
 2.828000 0.000000 0.000000
 2.832000 0.000000 0.000000
 2.836000 0.000000 0.000000
 2.840000 0.000000 0.000000
 2.844000 0.000000 0.000000
 2.848000 0.000000 0.000000
 2.852000 0.000000 0.000000
 2.856000 0.000000 0.000000
 2.860000 0.000000 0.000000
 2.864000 0.000000 0.000000
 2.868000 0.000000 0.000000
 2.872000 0.000000 0.000000
 2.876000 0.000000 0.000000
 2.880000 0.000000 0.000000
 2.884000 0.000000 0.000000
 2.888000 0.000000 0.000000
 2.892000 0.000000 0.000000
 2.896000 0.000000 0.000000
 2.900000 0.000000 0.000000
 2.904000 0.000000 0.000000
 2.908000 0.000000 0.000000
 2.912000 0.000000 0.000000
 2.916000 0.000000 0.000000
 2.920000 0.000000 0.000000
 2.924000 0.000000 0.000000
 2.928000 0.000000 0.000000
 2.932000 0.000000 0.000000
 2.936000 0.000000 0.000000
 2.940000 0.000000 0.000000
 2.944000 0.000000 0.000000
 2.948000 0.000000 0.000000
 2.952000 0.000000 0.000000
 2.956000 0.000000 0.000000
 2.960000 0.000000 0.000000
 2.964000 0.000000 0.000000
 2.968000 0.000000 0.000000
 2.972000 0.000000 0.000000
 2.976000 0.000000 0.000000
 2.980000 0.000000 0.000000
 2.984000 0.000000 0.000000
 2.988000 0.000000 0.000000
 2.992000 0.000000 0.000000
 2.996000 0.000000 0.000000
 3.000000 0.000000 0.000000
 3.004000 0.000000 0.000000
 3.008000 0.000000 0.000000
 3.012000 0.000000 0.000000
 3.016000 0.000000 0.000000
 3.020000 0.000000 0.000000
 3.024000 0.000000 0.000000
 3.028000 0.000000 0.000000
 3.032000 0.000000 0.000000
 3.036000 0.000000 0.000000
 3.040000 0.000000 0.000000
 3.044000 0.000000 0.000000
 3.048000 0.000000 0.000000
 3.052000 0.000000 0.000000
 3.056000 0.000000 0.000000
 3.060000 0.000000 0.000000
 3.064000 0.000000 0.000000
 3.068000 0.000000 0.000000
 3.072000 0.000000 0.000000
 3.076000 0.000000 0.000000
 3.080000 0.000000 0.000000
 3.084000 0.000000 0.000000
 3.088000 0.000000 0.000000
 3.092000 0.000000 0.000000
 3.096000 0.000000 0.000000
 3.100000 0.000000 0.000000
 3.104000 0.000000 0.000000
 3.108000 0.000000 0.000000
 3.112000 0.000000 0.000000
 3.116000 0.000000 0.000000
 3.120000 0.000000 0.000000
 3.124000 0.000000 0.000000
 3.128000 0.000000 0.000000
 3.132000 0.000000 0.000000
 3.136000 0.000000 0.000000
 3.140000 0.000000 0.000000
 3.144000 0.000000 0.000000
 3.148000 0.000000 0.000000
 3.152000 0.000000 0.000000
 3.156000 0.000000 0.000000
 3.160000 0.000000 0.000000
 3.164000 0.000000 0.000000
 3.168000 0.000000 0.000000
 3.172000 0.000000 0.000000
 3.176000 0.000000 0.000000
 3.180000 0.000000 0.000000
 3.184000 0.000000 0.000000
 3.188000 0.000000 0.000000
 3.192000 0.000000 0.000000
 3.196000 0.000000 0.000000
 3.200000 0.000000 0.000000
 3.204000 0.000000 0.000000
 3.208000 0.000000 0.000000
 3.212000 0.000000 0.000000
 3.216000 0.000000 0.000000
 3.220000 0.000000 0.000000
 3.224000 0.000000 0.000000
 3.228000 0.000000 0.000000
 3.232000 0.000000 0.000000
 3.236000 0.000000 0.000000
 3.240000 0.000000 0.000000
 3.244000 0.000000 0.000000
 3.248000 0.000000 0.000000
 3.252000 0.000000 0.000000
 3.256000 0.000000 0.000000
 3.260000 0.000000 0.000000
 3.264000 0.000000 0.000000
 3.268000 0.000000 0.000000
 3.272000 0.000000 0.000000
 3.276000 0.000000 0.000000
 3.280000 0.000000 0.000000
 3.284000 0.000000 0.000000
 3.288000 0.000000 0.000000
 3.292000 0.000000 0.000000
 3.296000 0.000000 0.000000
 3.300000 0.000000 0.000000
 3.304000 0.000000 0.000000
 3.308000 0.000000 0.000000
 3.312000 0.000000 0.000000
 3.316000 0.000000 0.000000
 3.320000 0.000000 0.000000
 3.324000 0.000000 0.000000
 3.328000 0.000000 0.000000
 3.332000 0.000000 0.000000
 3.336000 0.000000 0.000000
 3.340000 0.000000 0.000000
 3.344000 0.000000 0.000000
 3.348000 0.000000 0.000000
 3.352000 0.000000 0.000000
 3.356000 0.000000 0.000000
 3.360000 0.000000 0.000000
 3.364000 0.000000 0.000000
 3.368000 0.000000 0.000000
 3.372000 0.000000 0.000000
 3.376000 0.000000 0.000000
 3.380000 0.000000 0.000000
 3.384000 0.000000 0.000000
 3.388000 0.000000 0.000000
 3.392000 0.000000 0.000000
 3.396000 0.000000 0.000000
 3.400000 0.000000 0.000000
 3.404000 0.000000 0.000000
 3.408000 0.000000 0.000000
 3.412000 0.000000 0.000000
 3.416000 0.000000 0.000000
 3.420000 0.000000 0.000000
 3.424000 0.000000 0.000000
 3.428000 0.000000 0.000000
 3.432000 0.000000 0.000000
 3.436000 0.000000 0.000000
 3.440000 0.000000 0.000000
 3.444000 0.000000 0.000000
 3.448000 0.000000 0.000000
 3.452000 0.000000 0.000000
 3.456000 0.000000 0.000000
 3.460000 0.000000 0.000000
 3.464000 0.000000 0.000000
 3.468000 0.000000 0.000000
 3.472000 0.000000 0.000000
 3.476000 0.000000 0.000000
 3.480000 0.000000 0.000000
 3.484000 0.000000 0.000000
 3.488000 0.000000 0.000000
 3.492000 0.000000 0.000000
 3.496000 0.000000 0.000000
 3.500000 0.000000 0.000000
