#! FIELDS s hh dhh_s
#! SET normalisation  399.000000
#! SET min_s -0.5
#! SET max_s 3.5
#! SET nbins_s  1000
#! SET periodic_s false
 -0.500000 0.000000 0.000000
 -0.496000 0.000000 0.000000
 -0.492000 0.000000 0.000000
 -0.488000 0.000000 0.000000
 -0.484000 0.000000 0.000000
 -0.480000 0.000000 0.000000
 -0.476000 0.000000 0.000000
 -0.472000 0.000000 0.000000
 -0.468000 0.000000 0.000000
 -0.464000 0.000000 0.000000
 -0.460000 0.000000 0.000000
 -0.456000 0.000000 0.000000
 -0.452000 0.000000 0.000000
 -0.448000 0.000000 0.000000
 -0.444000 0.000000 0.000000
 -0.440000 0.000000 0.000000
 -0.436000 0.000000 0.000000
 -0.432000 0.000000 0.000000
 -0.428000 0.000000 0.000000
 -0.424000 0.000000 0.000000
 -0.420000 0.000000 0.000000
 -0.416000 0.000000 0.000000
 -0.412000 0.000000 0.000000
 -0.408000 0.000000 0.000000
 -0.404000 0.000000 0.000000
 -0.400000 0.000000 0.000000
 -0.396000 0.000000 0.000000
 -0.392000 0.000000 0.000000
 -0.388000 0.000000 0.000000
 -0.384000 0.000000 0.000000
 -0.380000 0.000000 0.000000
 -0.376000 0.000000 0.000000
 -0.372000 0.000000 0.000000
 -0.368000 0.000000 0.000000
 -0.364000 0.000000 0.000000
 -0.360000 0.000000 0.000000
 -0.356000 0.000000 0.000000
 -0.352000 0.000000 0.000000
 -0.348000 0.000000 0.000000
 -0.344000 0.000000 0.000000
 -0.340000 0.000000 0.000000
 -0.336000 0.000000 0.000000
 -0.332000 0.000000 0.000000
 -0.328000 0.000000 0.000000
 -0.324000 0.000000 0.000000
 -0.320000 0.000000 0.000000
 -0.316000 0.000000 0.000000
 -0.312000 0.000000 0.000000
 -0.308000 0.000000 0.000000
 -0.304000 0.000000 0.000000
 -0.300000 0.000000 0.000000
 -0.296000 0.000000 0.000000
 -0.292000 0.000000 0.000000
 -0.288000 0.000000 0.000000
 -0.284000 0.000000 0.000000
 -0.280000 0.000000 0.000000
 -0.276000 0.000000 0.000000
 -0.272000 0.000000 0.000000
 -0.268000 0.000000 0.000000
 -0.264000 0.000000 0.000000
 -0.260000 0.000000 0.000000
 -0.256000 0.000000 0.000000
 -0.252000 0.000000 0.000000
 -0.248000 0.000000 0.000000
 -0.244000 0.000000 0.000000
 -0.240000 0.000000 0.000000
 -0.236000 0.000000 0.000000
 -0.232000 0.000000 0.000000
 -0.228000 0.000000 0.000000
 -0.224000 0.000000 0.000000
 -0.220000 0.000000 0.000000
 -0.216000 0.000000 0.000000
 -0.212000 0.000000 0.000000
 -0.208000 0.000000 0.000000
 -0.204000 0.000000 0.000000
 -0.200000 0.000000 0.000000
 -0.196000 0.000000 0.000000
 -0.192000 0.000000 0.000000
 -0.188000 0.000000 0.000000
 -0.184000 0.000000 0.000000
 -0.180000 0.000000 0.000000
 -0.176000 0.000000 0.000000
 -0.172000 0.000000 0.000000
 -0.168000 0.000000 0.000000
 -0.164000 0.000000 0.000000
 -0.160000 0.000000 0.000000
 -0.156000 0.000000 0.000000
 -0.152000 0.000000 0.000000
 -0.148000 0.000000 0.000000
 -0.144000 0.000000 0.000000
 -0.140000 0.000000 0.000000
 -0.136000 0.000000 0.000000
 -0.132000 0.000000 0.000000
 -0.128000 0.000000 0.000000
 -0.124000 0.000000 0.000000
 -0.120000 0.000000 0.000000
 -0.116000 0.000000 0.000000
 -0.112000 0.000000 0.000000
 -0.108000 0.000000 0.000000
 -0.104000 0.000000 0.000000
 -0.100000 0.000000 0.000000
 -0.096000 0.000000 0.000000
 -0.092000 0.000000 0.000000
 -0.088000 0.000000 0.000000
 -0.084000 0.000000 0.000000
 -0.080000 0.000000 0.000000
 -0.076000 0.000000 0.000000
 -0.072000 0.000000 0.000000
 -0.068000 0.000000 0.000000
 -0.064000 0.000000 0.000000
 -0.060000 0.000000 0.000000
 -0.056000 0.000000 0.000000
 -0.052000 0.000000 0.000000
 -0.048000 0.000000 0.000000
 -0.044000 0.000000 0.000000
 -0.040000 0.000000 0.000000
 -0.036000 0.000010 0.003754
 -0.032000 0.000049 0.016423
 -0.028000 0.000186 0.056514
 -0.024000 0.000595 0.160447
 -0.020000 0.001668 0.397150
 -0.016000 0.004098 0.852386
 -0.012000 0.008953 1.618829
 -0.008000 0.017623 2.769851
 -0.004000 0.031775 4.370636
 0.000000 0.053374 6.505075
 0.004000 0.084714 9.243385
 0.008000 0.128162 12.527283
 0.012000 0.185383 16.051236
 0.016000 0.256348 19.308440
 0.020000 0.339053 21.876204
 0.024000 0.430566 23.742956
 0.028000 0.528818 25.334709
 0.032000 0.633809 27.186425
 0.036000 0.747215 29.535888
 0.040000 0.870725 32.174282
 0.044000 1.004648 34.667719
 0.048000 1.147647 36.689924
 0.052000 1.297684 38.188127
 0.056000 1.452853 39.297567
 0.060000 1.611854 40.108301
 0.064000 1.773406 40.584319
 0.068000 1.935972 40.581002
 0.072000 2.097321 39.976182
 0.076000 2.255204 38.915007
 0.080000 2.408497 37.781984
 0.084000 2.557780 36.946203
 0.088000 2.704323 36.400767
 0.092000 2.848510 35.699635
 0.096000 2.988816 34.422927
 0.100000 3.122643 32.497611
 0.104000 3.247890 30.209098
 0.108000 3.363730 27.868744
 0.112000 3.470590 25.768455
 0.116000 3.569552 23.934058
 0.120000 3.661385 22.179339
 0.124000 3.746026 20.319776
 0.128000 3.823167 18.513314
 0.132000 3.893603 17.023101
 0.136000 3.958642 15.770134
 0.140000 4.018005 14.018914
 0.144000 4.068204 11.186321
 0.148000 4.105110 7.518268
 0.152000 4.127704 4.314297
 0.156000 4.140605 2.799983
 0.160000 4.151482 3.262291
 0.164000 4.166672 4.764725
 0.168000 4.187455 5.835180
 0.172000 4.209487 5.200385
 0.176000 4.224477 2.244909
 0.180000 4.223023 -2.839957
 0.184000 4.198363 -9.141190
 0.188000 4.148769 -15.013014
 0.192000 4.078984 -19.094794
 0.196000 3.997530 -20.860237
 0.200000 3.913046 -20.729317
 0.204000 3.831486 -19.493185
 0.208000 3.755955 -17.817866
 0.212000 3.687413 -16.009817
 0.216000 3.626132 -14.196629
 0.220000 3.572275 -12.263018
 0.224000 3.526349 -10.244276
 0.228000 3.488036 -8.613329
 0.232000 3.454201 -8.161089
 0.236000 3.418672 -9.506520
 0.240000 3.374447 -12.360742
 0.244000 3.317386 -15.755907
 0.248000 3.247487 -18.703569
 0.252000 3.167376 -20.829281
 0.256000 3.080057 -22.361488
 0.260000 2.987582 -23.405031
 0.264000 2.892412 -23.650309
 0.268000 2.798551 -22.708878
 0.272000 2.710815 -20.633113
 0.276000 2.632734 -18.024430
 0.280000 2.564717 -15.722025
 0.284000 2.503889 -14.576468
 0.288000 2.444602 -14.997935
 0.292000 2.380524 -16.931429
 0.296000 2.306577 -19.777482
 0.300000 2.220851 -22.692515
 0.304000 2.124932 -24.773642
 0.308000 2.023517 -25.350027
 0.312000 1.923178 -24.262425
 0.316000 1.829946 -21.923933
 0.320000 1.747036 -19.288775
 0.324000 1.673489 -17.402263
 0.328000 1.605008 -16.795325
 0.332000 1.536772 -17.137371
 0.336000 1.466692 -17.576821
 0.340000 1.396103 -17.331886
 0.344000 1.328270 -16.226230
 0.348000 1.265794 -14.783512
 0.352000 1.208689 -13.687358
 0.356000 1.154679 -13.233203
 0.360000 1.101400 -13.274650
 0.364000 1.047734 -13.321525
 0.368000 0.994487 -13.066165
 0.372000 0.942963 -12.485585
 0.376000 0.893944 -11.882662
 0.380000 0.846862 -11.582070
 0.384000 0.800144 -11.700610
 0.388000 0.752310 -12.090779
 0.392000 0.702971 -12.382886
 0.396000 0.653323 -12.220280
 0.400000 0.605527 -11.454823
 0.404000 0.561690 -10.309806
 0.408000 0.522606 -9.147700
 0.412000 0.487794 -8.199724
 0.416000 0.456302 -7.466034
 0.420000 0.427467 -6.874879
 0.424000 0.400699 -6.456455
 0.428000 0.375036 -6.343778
 0.432000 0.349169 -6.550170
 0.436000 0.322248 -6.826195
 0.440000 0.294705 -6.808778
 0.444000 0.268162 -6.327294
 0.448000 0.244292 -5.517754
 0.452000 0.223790 -4.703555
 0.456000 0.206111 -4.136828
 0.460000 0.190094 -3.867049
 0.464000 0.174755 -3.780168
 0.468000 0.159641 -3.716216
 0.472000 0.144900 -3.596488
 0.476000 0.130862 -3.370211
 0.480000 0.117937 -3.051351
 0.484000 0.106371 -2.713024
 0.488000 0.096033 -2.444371
 0.492000 0.086544 -2.292832
 0.496000 0.077541 -2.181065
 0.500000 0.069093 -1.997421
 0.504000 0.061608 -1.711649
 0.508000 0.055352 -1.411431
 0.512000 0.050103 -1.222026
 0.516000 0.045295 -1.190375
 0.520000 0.040429 -1.233963
 0.524000 0.035454 -1.226993
 0.528000 0.030736 -1.099823
 0.532000 0.026731 -0.881827
 0.536000 0.023655 -0.654926
 0.540000 0.021380 -0.487241
 0.544000 0.019606 -0.411233
 0.548000 0.017992 -0.397832
 0.552000 0.016380 -0.399844
 0.556000 0.014805 -0.373635
 0.560000 0.013425 -0.305378
 0.564000 0.012379 -0.212694
 0.568000 0.011690 -0.134942
 0.572000 0.011226 -0.104038
 0.576000 0.010772 -0.130950
 0.580000 0.010121 -0.195671
 0.584000 0.009195 -0.260452
 0.588000 0.008075 -0.287310
 0.592000 0.006961 -0.259780
 0.596000 0.006046 -0.191274
 0.600000 0.005441 -0.111300
 0.604000 0.005144 -0.037900
 0.608000 0.005108 0.018560
 0.612000 0.005251 0.048862
 0.616000 0.005443 0.041608
 0.620000 0.005519 -0.008384
 0.624000 0.005330 -0.087568
 0.628000 0.004813 -0.168381
 0.632000 0.004015 -0.223914
 0.636000 0.003071 -0.241139
 0.640000 0.002135 -0.219878
 0.644000 0.001341 -0.173987
 0.648000 0.000754 -0.119605
 0.652000 0.000375 -0.071021
 0.656000 0.000165 -0.036510
 0.660000 0.000062 -0.015569
 0.664000 0.000021 -0.006025
 0.668000 0.000005 -0.001630
 0.672000 0.000001 -0.000477
 0.676000 0.000000 0.000000
 0.680000 0.000001 0.000236
 0.684000 0.000003 0.000881
 0.688000 0.000009 0.002769
 0.692000 0.000028 0.007277
 0.696000 0.000073 0.015908
 0.700000 0.000161 0.028630
 0.704000 0.000303 0.041685
 0.708000 0.000485 0.047353
 0.712000 0.000661 0.038151
 0.716000 0.000769 0.013596
 0.720000 0.000762 -0.017006
 0.724000 0.000643 -0.040088
 0.728000 0.000463 -0.047353
 0.732000 0.000284 -0.040380
 0.736000 0.000148 -0.027024
 0.740000 0.000066 -0.014670
 0.744000 0.000025 -0.006566
 0.748000 0.000008 -0.002446
 0.752000 0.000002 -0.000763
 0.756000 0.000000 0.000000
 0.760000 0.000000 0.000000
 0.764000 0.000000 0.000000
 0.768000 0.000000 0.000000
 0.772000 0.000000 0.000000
 0.776000 0.000000 0.000000
 0.780000 0.000000 0.000000
 0.784000 0.000000 0.000000
 0.788000 0.000000 0.000000
 0.792000 0.000000 0.000000
 0.796000 0.000000 0.000000
 0.800000 0.000000 0.000000
 0.804000 0.000000 0.000000
 0.808000 0.000000 0.000000
 0.812000 0.000000 0.000000
 0.816000 0.000000 0.000000
 0.820000 0.000000 0.000000
 0.824000 0.000000 0.000000
 0.828000 0.000000 0.000000
 0.832000 0.000000 0.000000
 0.836000 0.000000 0.000000
 0.840000 0.000000 0.000000
 0.844000 0.000000 0.000000
 0.848000 0.000000 0.000000
 0.852000 0.000000 0.000000
 0.856000 0.000000 0.000000
 0.860000 0.000000 0.000000
 0.864000 0.000000 0.000000
 0.868000 0.000000 0.000000
 0.872000 0.000000 0.000000
 0.876000 0.000000 0.000000
 0.880000 0.000000 0.000000
 0.884000 0.000000 0.000000
 0.888000 0.000000 0.000000
 0.892000 0.000000 0.000000
 0.896000 0.000000 0.000000
 0.900000 0.000000 0.000000
 0.904000 0.000000 0.000000
 0.908000 0.000000 0.000000
 0.912000 0.000000 0.000000
 0.916000 0.000000 0.000000
 0.920000 0.000000 0.000000
 0.924000 0.000000 0.000000
 0.928000 0.000000 0.000000
 0.932000 0.000000 0.000000
 0.936000 0.000000 0.000000
 0.940000 0.000000 0.000000
 0.944000 0.000000 0.000000
 0.948000 0.000000 0.000000
 0.952000 0.000000 0.000000
 0.956000 0.000000 0.000000
 0.960000 0.000000 0.000000
 0.964000 0.000000 0.000000
 0.968000 0.000000 0.000000
 0.972000 0.000000 0.000000
 0.976000 0.000000 0.000000
 0.980000 0.000000 0.000000
 0.984000 0.000000 0.000000
 0.988000 0.000000 0.000000
 0.992000 0.000000 0.000000
 0.996000 0.000000 0.000000
 1.000000 0.000000 0.000000
 1.004000 0.000000 0.000000
 1.008000 0.000000 0.000000
 1.012000 0.000000 0.000000
 1.016000 0.000000 0.000000
 1.020000 0.000000 0.000000
 1.024000 0.000000 0.000000
 1.028000 0.000000 0.000000
 1.032000 0.000000 0.000000
 1.036000 0.000000 0.000000
 1.040000 0.000000 0.000000
 1.044000 0.000000 0.000000
 1.048000 0.000000 0.000000
 1.052000 0.000000 0.000000
 1.056000 0.000000 0.000000
 1.060000 0.000000 0.000000
 1.064000 0.000000 0.000000
 1.068000 0.000000 0.000000
 1.072000 0.000000 0.000000
 1.076000 0.000000 0.000000
 1.080000 0.000000 0.000000
 1.084000 0.000000 0.000000
 1.088000 0.000000 0.000000
 1.092000 0.000000 0.000000
 1.096000 0.000000 0.000000
 1.100000 0.000000 0.000000
 1.104000 0.000000 0.000000
 1.108000 0.000000 0.000000
 1.112000 0.000000 0.000000
 1.116000 0.000000 0.000000
 1.120000 0.000000 0.000000
 1.124000 0.000000 0.000000
 1.128000 0.000000 0.000000
 1.132000 0.000000 0.000000
 1.136000 0.000000 0.000000
 1.140000 0.000000 0.000000
 1.144000 0.000000 0.000000
 1.148000 0.000000 0.000000
 1.152000 0.000000 0.000000
 1.156000 0.000000 0.000000
 1.160000 0.000000 0.000000
 1.164000 0.000000 0.000000
 1.168000 0.000000 0.000000
 1.172000 0.000000 0.000000
 1.176000 0.000000 0.000000
 1.180000 0.000000 0.000000
 1.184000 0.000000 0.000000
 1.188000 0.000000 0.000000
 1.192000 0.000000 0.000000
 1.196000 0.000000 0.000000
 1.200000 0.000000 0.000000
 1.204000 0.000000 0.000000
 1.208000 0.000000 0.000000
 1.212000 0.000000 0.000000
 1.216000 0.000000 0.000000
 1.220000 0.000000 0.000000
 1.224000 0.000000 0.000000
 1.228000 0.000000 0.000000
 1.232000 0.000000 0.000000
 1.236000 0.000000 0.000000
 1.240000 0.000000 0.000000
 1.244000 0.000000 0.000000
 1.248000 0.000000 0.000000
 1.252000 0.000000 0.000000
 1.256000 0.000000 0.000000
 1.260000 0.000000 0.000000
 1.264000 0.000000 0.000000
 1.268000 0.000000 0.000000
 1.272000 0.000000 0.000000
 1.276000 0.000000 0.000000
 1.280000 0.000000 0.000000
 1.284000 0.000000 0.000000
 1.288000 0.000000 0.000000
 1.292000 0.000000 0.000000
 1.296000 0.000000 0.000000
 1.300000 0.000000 0.000000
 1.304000 0.000000 0.000000
 1.308000 0.000000 0.000000
 1.312000 0.000000 0.000000
 1.316000 0.000000 0.000000
 1.320000 0.000000 0.000000
 1.324000 0.000000 0.000000
 1.328000 0.000000 0.000000
 1.332000 0.000000 0.000000
 1.336000 0.000000 0.000000
 1.340000 0.000000 0.000000
 1.344000 0.000000 0.000000
 1.348000 0.000000 0.000000
 1.352000 0.000000 0.000000
 1.356000 0.000000 0.000000
 1.360000 0.000000 0.000000
 1.364000 0.000000 0.000000
 1.368000 0.000000 0.000000
 1.372000 0.000000 0.000000
 1.376000 0.000000 0.000000
 1.380000 0.000000 0.000000
 1.384000 0.000000 0.000000
 1.388000 0.000000 0.000000
 1.392000 0.000000 0.000000
 1.396000 0.000000 0.000000
 1.400000 0.000000 0.000000
 1.404000 0.000000 0.000000
 1.408000 0.000000 0.000000
 1.412000 0.000000 0.000000
 1.416000 0.000000 0.000000
 1.420000 0.000000 0.000000
 1.424000 0.000000 0.000000
 1.428000 0.000000 0.000000
 1.432000 0.000000 0.000000
 1.436000 0.000000 0.000000
 1.440000 0.000000 0.000000
 1.444000 0.000000 0.000000
 1.448000 0.000000 0.000000
 1.452000 0.000000 0.000000
 1.456000 0.000000 0.000000
 1.460000 0.000000 0.000000
 1.464000 0.000000 0.000000
 1.468000 0.000000 0.000000
 1.472000 0.000000 0.000000
 1.476000 0.000000 0.000000
 1.480000 0.000000 0.000000
 1.484000 0.000000 0.000000
 1.488000 0.000000 0.000000
 1.492000 0.000000 0.000000
 1.496000 0.000000 0.000000
 1.500000 0.000000 0.000000
 1.504000 0.000000 0.000000
 1.508000 0.000000 0.000000
 1.512000 0.000000 0.000000
 1.516000 0.000000 0.000000
 1.520000 0.000000 0.000000
 1.524000 0.000000 0.000000
 1.528000 0.000000 0.000000
 1.532000 0.000000 0.000000
 1.536000 0.000000 0.000000
 1.540000 0.000000 0.000000
 1.544000 0.000000 0.000000
 1.548000 0.000000 0.000000
 1.552000 0.000000 0.000000
 1.556000 0.000000 0.000000
 1.560000 0.000000 0.000000
 1.564000 0.000000 0.000000
 1.568000 0.000000 0.000000
 1.572000 0.000000 0.000000
 1.576000 0.000000 0.000000
 1.580000 0.000000 0.000000
 1.584000 0.000000 0.000000
 1.588000 0.000000 0.000000
 1.592000 0.000000 0.000000
 1.596000 0.000000 0.000000
 1.600000 0.000000 0.000000
 1.604000 0.000000 0.000000
 1.608000 0.000000 0.000000
 1.612000 0.000000 0.000000
 1.616000 0.000000 0.000000
 1.620000 0.000000 0.000000
 1.624000 0.000000 0.000000
 1.628000 0.000000 0.000000
 1.632000 0.000000 0.000000
 1.636000 0.000000 0.000000
 1.640000 0.000000 0.000000
 1.644000 0.000000 0.000000
 1.648000 0.000000 0.000000
 1.652000 0.000000 0.000000
 1.656000 0.000000 0.000000
 1.660000 0.000000 0.000000
 1.664000 0.000000 0.000000
 1.668000 0.000000 0.000000
 1.672000 0.000000 0.000000
 1.676000 0.000000 0.000000
 1.680000 0.000000 0.000000
 1.684000 0.000000 0.000000
 1.688000 0.000000 0.000000
 1.692000 0.000000 0.000000
 1.696000 0.000000 0.000000
 1.700000 0.000000 0.000000
 1.704000 0.000000 0.000000
 1.708000 0.000000 0.000000
 1.712000 0.000000 0.000000
 1.716000 0.000000 0.000000
 1.720000 0.000000 0.000000
 1.724000 0.000000 0.000000
 1.728000 0.000000 0.000000
 1.732000 0.000000 0.000000
 1.736000 0.000000 0.000000
 1.740000 0.000000 0.000000
 1.744000 0.000000 0.000000
 1.748000 0.000000 0.000000
 1.752000 0.000000 0.000000
 1.756000 0.000000 0.000000
 1.760000 0.000000 0.000000
 1.764000 0.000000 0.000000
 1.768000 0.000000 0.000000
 1.772000 0.000000 0.000000
 1.776000 0.000000 0.000000
 1.780000 0.000000 0.000000
 1.784000 0.000000 0.000000
 1.788000 0.000000 0.000000
 1.792000 0.000000 0.000000
 1.796000 0.000000 0.000000
 1.800000 0.000000 0.000000
 1.804000 0.000000 0.000000
 1.808000 0.000000 0.000000
 1.812000 0.000000 0.000000
 1.816000 0.000000 0.000000
 1.820000 0.000000 0.000000
 1.824000 0.000000 0.000000
 1.828000 0.000000 0.000000
 1.832000 0.000000 0.000000
 1.836000 0.000000 0.000000
 1.840000 0.000000 0.000000
 1.844000 0.000000 0.000000
 1.848000 0.000000 0.000000
 1.852000 0.000000 0.000000
 1.856000 0.000000 0.000000
 1.860000 0.000000 0.000000
 1.864000 0.000000 0.000000
 1.868000 0.000000 0.000000
 1.872000 0.000000 0.000000
 1.876000 0.000000 0.000000
 1.880000 0.000000 0.000000
 1.884000 0.000000 0.000000
 1.888000 0.000000 0.000000
 1.892000 0.000000 0.000000
 1.896000 0.000000 0.000000
 1.900000 0.000000 0.000000
 1.904000 0.000000 0.000000
 1.908000 0.000000 0.000000
 1.912000 0.000000 0.000000
 1.916000 0.000000 0.000000
 1.920000 0.000000 0.000000
 1.924000 0.000000 0.000000
 1.928000 0.000000 0.000000
 1.932000 0.000000 0.000000
 1.936000 0.000000 0.000000
 1.940000 0.000000 0.000000
 1.944000 0.000000 0.000000
 1.948000 0.000000 0.000000
 1.952000 0.000000 0.000000
 1.956000 0.000000 0.000000
 1.960000 0.000000 0.000000
 1.964000 0.000000 0.000000
 1.968000 0.000000 0.000000
 1.972000 0.000000 0.000000
 1.976000 0.000000 0.000000
 1.980000 0.000000 0.000000
 1.984000 0.000000 0.000000
 1.988000 0.000000 0.000000
 1.992000 0.000000 0.000000
 1.996000 0.000000 0.000000
 2.000000 0.000000 0.000000
 2.004000 0.000000 0.000000
 2.008000 0.000000 0.000000
 2.012000 0.000000 0.000000
 2.016000 0.000000 0.000000
 2.020000 0.000000 0.000000
 2.024000 0.000000 0.000000
 2.028000 0.000000 0.000000
 2.032000 0.000000 0.000000
 2.036000 0.000000 0.000000
 2.040000 0.000000 0.000000
 2.044000 0.000000 0.000000
 2.048000 0.000000 0.000000
 2.052000 0.000000 0.000000
 2.056000 0.000000 0.000000
 2.060000 0.000000 0.000000
 2.064000 0.000000 0.000000
 2.068000 0.000000 0.000000
 2.072000 0.000000 0.000000
 2.076000 0.000000 0.000000
 2.080000 0.000000 0.000000
 2.084000 0.000000 0.000000
 2.088000 0.000000 0.000000
 2.092000 0.000000 0.000000
 2.096000 0.000000 0.000000
 2.100000 0.000000 0.000000
 2.104000 0.000000 0.000000
 2.108000 0.000000 0.000000
 2.112000 0.000000 0.000000
 2.116000 0.000000 0.000000
 2.120000 0.000000 0.000000
 2.124000 0.000000 0.000000
 2.128000 0.000000 0.000000
 2.132000 0.000000 0.000000
 2.136000 0.000000 0.000000
 2.140000 0.000000 0.000000
 2.144000 0.000000 0.000000
 2.148000 0.000000 0.000000
 2.152000 0.000000 0.000000
 2.156000 0.000000 0.000000
 2.160000 0.000000 0.000000
 2.164000 0.000000 0.000000
 2.168000 0.000000 0.000000
 2.172000 0.000000 0.000000
 2.176000 0.000000 0.000000
 2.180000 0.000000 0.000000
 2.184000 0.000000 0.000000
 2.188000 0.000000 0.000000
 2.192000 0.000000 0.000000
 2.196000 0.000000 0.000000
 2.200000 0.000000 0.000000
 2.204000 0.000000 0.000000
 2.208000 0.000000 0.000000
 2.212000 0.000000 0.000000
 2.216000 0.000000 0.000000
 2.220000 0.000000 0.000000
 2.224000 0.000000 0.000000
 2.228000 0.000000 0.000000
 2.232000 0.000000 0.000000
 2.236000 0.000000 0.000000
 2.240000 0.000000 0.000000
 2.244000 0.000000 0.000000
 2.248000 0.000000 0.000000
 2.252000 0.000000 0.000000
 2.256000 0.000000 0.000000
 2.260000 0.000000 0.000000
 2.264000 0.000000 0.000000
 2.268000 0.000000 0.000000
 2.272000 0.000000 0.000000
 2.276000 0.000000 0.000000
 2.280000 0.000000 0.000000
 2.284000 0.000000 0.000000
 2.288000 0.000000 0.000000
 2.292000 0.000000 0.000000
 2.296000 0.000000 0.000000
 2.300000 0.000000 0.000000
 2.304000 0.000000 0.000000
 2.308000 0.000000 0.000000
 2.312000 0.000000 0.000000
 2.316000 0.000000 0.000000
 2.320000 0.000000 0.000000
 2.324000 0.000000 0.000000
 2.328000 0.000000 0.000000
 2.332000 0.000000 0.000000
 2.336000 0.000000 0.000000
 2.340000 0.000000 0.000000
 2.344000 0.000000 0.000000
 2.348000 0.000000 0.000000
 2.352000 0.000000 0.000000
 2.356000 0.000000 0.000000
 2.360000 0.000000 0.000000
 2.364000 0.000000 0.000000
 2.368000 0.000000 0.000000
 2.372000 0.000000 0.000000
 2.376000 0.000000 0.000000
 2.380000 0.000000 0.000000
 2.384000 0.000000 0.000000
 2.388000 0.000000 0.000000
 2.392000 0.000000 0.000000
 2.396000 0.000000 0.000000
 2.400000 0.000000 0.000000
 2.404000 0.000000 0.000000
 2.408000 0.000000 0.000000
 2.412000 0.000000 0.000000
 2.416000 0.000000 0.000000
 2.420000 0.000000 0.000000
 2.424000 0.000000 0.000000
 2.428000 0.000000 0.000000
 2.432000 0.000000 0.000000
 2.436000 0.000000 0.000000
 2.440000 0.000000 0.000000
 2.444000 0.000000 0.000000
 2.448000 0.000000 0.000000
 2.452000 0.000000 0.000000
 2.456000 0.000000 0.000000
 2.460000 0.000000 0.000000
 2.464000 0.000000 0.000000
 2.468000 0.000000 0.000000
 2.472000 0.000000 0.000000
 2.476000 0.000000 0.000000
 2.480000 0.000000 0.000000
 2.484000 0.000000 0.000000
 2.488000 0.000000 0.000000
 2.492000 0.000000 0.000000
 2.496000 0.000000 0.000000
 2.500000 0.000000 0.000000
 2.504000 0.000000 0.000000
 2.508000 0.000000 0.000000
 2.512000 0.000000 0.000000
 2.516000 0.000000 0.000000
 2.520000 0.000000 0.000000
 2.524000 0.000000 0.000000
 2.528000 0.000000 0.000000
 2.532000 0.000000 0.000000
 2.536000 0.000000 0.000000
 2.540000 0.000000 0.000000
 2.544000 0.000000 0.000000
 2.548000 0.000000 0.000000
 2.552000 0.000000 0.000000
 2.556000 0.000000 0.000000
 2.560000 0.000000 0.000000
 2.564000 0.000000 0.000000
 2.568000 0.000000 0.000000
 2.572000 0.000000 0.000000
 2.576000 0.000000 0.000000
 2.580000 0.000000 0.000000
 2.584000 0.000000 0.000000
 2.588000 0.000000 0.000000
 2.592000 0.000000 0.000000
 2.596000 0.000000 0.000000
 2.600000 0.000000 0.000000
 2.604000 0.000000 0.000000
 2.608000 0.000000 0.000000
 2.612000 0.000000 0.000000
 2.616000 0.000000 0.000000
 2.620000 0.000000 0.000000
 2.624000 0.000000 0.000000
 2.628000 0.000000 0.000000
 2.632000 0.000000 0.000000
 2.636000 0.000000 0.000000
 2.640000 0.000000 0.000000
 2.644000 0.000000 0.000000
 2.648000 0.000000 0.000000
 2.652000 0.000000 0.000000
 2.656000 0.000000 0.000000
 2.660000 0.000000 0.000000
 2.664000 0.000000 0.000000
 2.668000 0.000000 0.000000
 2.672000 0.000000 0.000000
 2.676000 0.000000 0.000000
 2.680000 0.000000 0.000000
 2.684000 0.000000 0.000000
 2.688000 0.000000 0.000000
 2.692000 0.000000 0.000000
 2.696000 0.000000 0.000000
 2.700000 0.000000 0.000000
 2.704000 0.000000 0.000000
 2.708000 0.000000 0.000000
 2.712000 0.000000 0.000000
 2.716000 0.000000 0.000000
 2.720000 0.000000 0.000000
 2.724000 0.000000 0.000000
 2.728000 0.000000 0.000000
 2.732000 0.000000 0.000000
 2.736000 0.000000 0.000000
 2.740000 0.000000 0.000000
 2.744000 0.000000 0.000000
 2.748000 0.000000 0.000000
 2.752000 0.000000 0.000000
 2.756000 0.000000 0.000000
 2.760000 0.000000 0.000000
 2.764000 0.000000 0.000000
 2.768000 0.000000 0.000000
 2.772000 0.000000 0.000000
 2.776000 0.000000 0.000000
 2.780000 0.000000 0.000000
 2.784000 0.000000 0.000000
 2.788000 0.000000 0.000000
 2.792000 0.000000 0.000000
 2.796000 0.000000 0.000000
 2.800000 0.000000 0.000000
 2.804000 0.000000 0.000000
 2.808000 0.000000 0.000000
 2.812000 0.000000 0.000000
 2.816000 0.000000 0.000000
 2.820000 0.000000 0.000000
 2.824000 0.000000 0.000000
 2.828000 0.000000 0.000000
 2.832000 0.000000 0.000000
 2.836000 0.000000 0.000000
 2.840000 0.000000 0.000000
 2.844000 0.000000 0.000000
 2.848000 0.000000 0.000000
 2.852000 0.000000 0.000000
 2.856000 0.000000 0.000000
 2.860000 0.000000 0.000000
 2.864000 0.000000 0.000000
 2.868000 0.000000 0.000000
 2.872000 0.000000 0.000000
 2.876000 0.000000 0.000000
 2.880000 0.000000 0.000000
 2.884000 0.000000 0.000000
 2.888000 0.000000 0.000000
 2.892000 0.000000 0.000000
 2.896000 0.000000 0.000000
 2.900000 0.000000 0.000000
 2.904000 0.000000 0.000000
 2.908000 0.000000 0.000000
 2.912000 0.000000 0.000000
 2.916000 0.000000 0.000000
 2.920000 0.000000 0.000000
 2.924000 0.000000 0.000000
 2.928000 0.000000 0.000000
 2.932000 0.000000 0.000000
 2.936000 0.000000 0.000000
 2.940000 0.000000 0.000000
 2.944000 0.000000 0.000000
 2.948000 0.000000 0.000000
 2.952000 0.000000 0.000000
 2.956000 0.000000 0.000000
 2.960000 0.000000 0.000000
 2.964000 0.000000 0.000000
 2.968000 0.000000 0.000000
 2.972000 0.000000 0.000000
 2.976000 0.000000 0.000000
 2.980000 0.000000 0.000000
 2.984000 0.000000 0.000000
 2.988000 0.000000 0.000000
 2.992000 0.000000 0.000000
 2.996000 0.000000 0.000000
 3.000000 0.000000 0.000000
 3.004000 0.000000 0.000000
 3.008000 0.000000 0.000000
 3.012000 0.000000 0.000000
 3.016000 0.000000 0.000000
 3.020000 0.000000 0.000000
 3.024000 0.000000 0.000000
 3.028000 0.000000 0.000000
 3.032000 0.000000 0.000000
 3.036000 0.000000 0.000000
 3.040000 0.000000 0.000000
 3.044000 0.000000 0.000000
 3.048000 0.000000 0.000000
 3.052000 0.000000 0.000000
 3.056000 0.000000 0.000000
 3.060000 0.000000 0.000000
 3.064000 0.000000 0.000000
 3.068000 0.000000 0.000000
 3.072000 0.000000 0.000000
 3.076000 0.000000 0.000000
 3.080000 0.000000 0.000000
 3.084000 0.000000 0.000000
 3.088000 0.000000 0.000000
 3.092000 0.000000 0.000000
 3.096000 0.000000 0.000000
 3.100000 0.000000 0.000000
 3.104000 0.000000 0.000000
 3.108000 0.000000 0.000000
 3.112000 0.000000 0.000000
 3.116000 0.000000 0.000000
 3.120000 0.000000 0.000000
 3.124000 0.000000 0.000000
 3.128000 0.000000 0.000000
 3.132000 0.000000 0.000000
 3.136000 0.000000 0.000000
 3.140000 0.000000 0.000000
 3.144000 0.000000 0.000000
 3.148000 0.000000 0.000000
 3.152000 0.000000 0.000000
 3.156000 0.000000 0.000000
 3.160000 0.000000 0.000000
 3.164000 0.000000 0.000000
 3.168000 0.000000 0.000000
 3.172000 0.000000 0.000000
 3.176000 0.000000 0.000000
 3.180000 0.000000 0.000000
 3.184000 0.000000 0.000000
 3.188000 0.000000 0.000000
 3.192000 0.000000 0.000000
 3.196000 0.000000 0.000000
 3.200000 0.000000 0.000000
 3.204000 0.000000 0.000000
 3.208000 0.000000 0.000000
 3.212000 0.000000 0.000000
 3.216000 0.000000 0.000000
 3.220000 0.000000 0.000000
 3.224000 0.000000 0.000000
 3.228000 0.000000 0.000000
 3.232000 0.000000 0.000000
 3.236000 0.000000 0.000000
 3.240000 0.000000 0.000000
 3.244000 0.000000 0.000000
 3.248000 0.000000 0.000000
 3.252000 0.000000 0.000000
 3.256000 0.000000 0.000000
 3.260000 0.000000 0.000000
 3.264000 0.000000 0.000000
 3.268000 0.000000 0.000000
 3.272000 0.000000 0.000000
 3.276000 0.000000 0.000000
 3.280000 0.000000 0.000000
 3.284000 0.000000 0.000000
 3.288000 0.000000 0.000000
 3.292000 0.000000 0.000000
 3.296000 0.000000 0.000000
 3.300000 0.000000 0.000000
 3.304000 0.000000 0.000000
 3.308000 0.000000 0.000000
 3.312000 0.000000 0.000000
 3.316000 0.000000 0.000000
 3.320000 0.000000 0.000000
 3.324000 0.000000 0.000000
 3.328000 0.000000 0.000000
 3.332000 0.000000 0.000000
 3.336000 0.000000 0.000000
 3.340000 0.000000 0.000000
 3.344000 0.000000 0.000000
 3.348000 0.000000 0.000000
 3.352000 0.000000 0.000000
 3.356000 0.000000 0.000000
 3.360000 0.000000 0.000000
 3.364000 0.000000 0.000000
 3.368000 0.000000 0.000000
 3.372000 0.000000 0.000000
 3.376000 0.000000 0.000000
 3.380000 0.000000 0.000000
 3.384000 0.000000 0.000000
 3.388000 0.000000 0.000000
 3.392000 0.000000 0.000000
 3.396000 0.000000 0.000000
 3.400000 0.000000 0.000000
 3.404000 0.000000 0.000000
 3.408000 0.000000 0.000000
 3.412000 0.000000 0.000000
 3.416000 0.000000 0.000000
 3.420000 0.000000 0.000000
 3.424000 0.000000 0.000000
 3.428000 0.000000 0.000000
 3.432000 0.000000 0.000000
 3.436000 0.000000 0.000000
 3.440000 0.000000 0.000000
 3.444000 0.000000 0.000000
 3.448000 0.000000 0.000000
 3.452000 0.000000 0.000000
 3.456000 0.000000 0.000000
 3.460000 0.000000 0.000000
 3.464000 0.000000 0.000000
 3.468000 0.000000 0.000000
 3.472000 0.000000 0.000000
 3.476000 0.000000 0.000000
 3.480000 0.000000 0.000000
 3.484000 0.000000 0.000000
 3.488000 0.000000 0.000000
 3.492000 0.000000 0.000000
 3.496000 0.000000 0.000000
 3.500000 0.000000 0.000000
