#! FIELDS time refcv.mean refcv.morethan uwall.bias uwall.force2 lwall.bias lwall.force2 refcv2.mean refcv2.morethan
 0.750000 0.848538 356.100208 0.000000 0.000000 0.000000 0.000000 0.894935 391.000000
 1.000000 0.855007 365.530249 0.000000 0.000000 0.000000 0.000000 0.901295 398.000000
 1.250000 0.848929 360.011104 0.000000 0.000000 0.000000 0.000000 0.894794 400.000000
 1.500000 0.841795 346.246385 0.000000 0.000000 0.000000 0.000000 0.887807 394.000000
 1.750000 0.844768 347.195379 0.000000 0.000000 0.000000 0.000000 0.890805 386.000000
 2.000000 0.842648 350.238266 0.000000 0.000000 0.000000 0.000000 0.888961 389.000000
 2.250000 0.836200 341.464802 0.000000 0.000000 0.000000 0.000000 0.882167 381.000000
 2.500000 0.833639 342.324043 0.000000 0.000000 0.000000 0.000000 0.878916 381.000000
 2.750000 0.834117 337.723206 0.000000 0.000000 0.000000 0.000000 0.879981 379.000000
 3.000000 0.835498 337.131911 0.000000 0.000000 0.000000 0.000000 0.882383 378.000000
 3.250000 0.835034 338.418141 0.000000 0.000000 0.000000 0.000000 0.882145 381.000000
 3.500000 0.833177 336.953109 0.000000 0.000000 0.000000 0.000000 0.879737 380.000000
 3.750000 0.837491 341.118122 0.000000 0.000000 0.000000 0.000000 0.883553 377.000000
 4.000000 0.838093 342.675688 0.000000 0.000000 0.000000 0.000000 0.884306 383.000000
 4.250000 0.838957 343.133544 0.000000 0.000000 0.000000 0.000000 0.885410 379.000000
 4.500000 0.835366 335.674403 0.000000 0.000000 0.106013 0.424054 0.881960 369.000000
 4.750000 0.835870 334.567144 0.000000 0.000000 2.053076 8.212305 0.882141 377.000000
 5.000000 0.839287 342.266946 0.000000 0.000000 0.000000 0.000000 0.885478 382.000000
 5.250000 0.838203 339.781497 0.000000 0.000000 0.000000 0.000000 0.884824 383.000000
 5.500000 0.839076 345.386606 0.000000 0.000000 0.000000 0.000000 0.885126 384.000000
 5.750000 0.834617 338.512874 0.000000 0.000000 0.000000 0.000000 0.880402 375.000000
 6.000000 0.840256 343.232981 0.000000 0.000000 0.000000 0.000000 0.886401 383.000000
 6.250000 0.841967 351.378995 0.000000 0.000000 0.000000 0.000000 0.888789 396.000000
 6.500000 0.836110 338.269931 0.000000 0.000000 0.000000 0.000000 0.882662 377.000000
 6.750000 0.836440 337.836238 0.000000 0.000000 0.000000 0.000000 0.882565 374.000000
 7.000000 0.837931 340.866959 0.000000 0.000000 0.000000 0.000000 0.884557 382.000000
 7.250000 0.838229 333.349539 0.000000 0.000000 7.024942 28.099769 0.885559 379.000000
 7.500000 0.843059 340.789159 0.000000 0.000000 0.000000 0.000000 0.889928 379.000000
 7.750000 0.835699 336.440215 0.000000 0.000000 0.000000 0.000000 0.882447 380.000000
 8.000000 0.837005 339.957875 0.000000 0.000000 0.000000 0.000000 0.883845 379.000000
 8.250000 0.835101 336.534158 0.000000 0.000000 0.000000 0.000000 0.882108 381.000000
 8.500000 0.834911 342.975507 0.000000 0.000000 0.000000 0.000000 0.881517 389.000000
 8.750000 0.837256 342.893608 0.000000 0.000000 0.000000 0.000000 0.883255 387.000000
 9.000000 0.836266 336.085823 0.000000 0.000000 0.000000 0.000000 0.882975 389.831948
 9.250000 0.845608 342.496187 0.000000 0.000000 0.000000 0.000000 0.892213 385.000000
 9.500000 0.841488 342.854198 0.000000 0.000000 0.000000 0.000000 0.888309 380.000000
 9.750000 0.838554 337.376924 0.000000 0.000000 0.000000 0.000000 0.884908 384.000000
 10.000000 0.836129 336.742078 0.000000 0.000000 0.000000 0.000000 0.882608 379.000000
 10.250000 0.841330 342.796462 0.000000 0.000000 0.000000 0.000000 0.887449 386.000000
 10.500000 0.838176 337.294367 0.000000 0.000000 0.000000 0.000000 0.884755 386.000000
 10.750000 0.842739 340.739087 0.000000 0.000000 0.000000 0.000000 0.888943 381.000000
 11.000000 0.839188 334.560279 0.000000 0.000000 2.072796 8.291184 0.885645 375.000000
 11.250000 0.838720 336.043164 0.000000 0.000000 0.000000 0.000000 0.885485 376.000000
 11.500000 0.836810 334.809628 0.000000 0.000000 1.416987 5.667946 0.883338 376.000000
 11.750000 0.840429 335.467354 0.000000 0.000000 0.283712 1.134848 0.886809 370.000000
 12.000000 0.839708 338.941161 0.000000 0.000000 0.000000 0.000000 0.886554 380.000000
 12.250000 0.836877 336.367406 0.000000 0.000000 0.000000 0.000000 0.883571 373.000000
 12.500000 0.833641 335.360256 0.000000 0.000000 0.409272 1.637088 0.879116 385.000000
 12.750000 0.837950 348.555140 0.000000 0.000000 0.000000 0.000000 0.882880 381.000000
 13.000000 0.840246 346.339671 0.000000 0.000000 0.000000 0.000000 0.886621 392.000000
 13.250000 0.836494 336.673858 0.000000 0.000000 0.000000 0.000000 0.883132 380.000000
 13.500000 0.832581 336.501192 0.000000 0.000000 0.000000 0.000000 0.878690 386.000000
 13.750000 0.835033 336.346932 0.000000 0.000000 0.000000 0.000000 0.881602 377.000000
 14.000000 0.848010 355.705210 0.000000 0.000000 0.000000 0.000000 0.893682 395.000000
 14.250000 0.839687 343.362542 0.000000 0.000000 0.000000 0.000000 0.885955 391.000000
 14.500000 0.839012 346.292535 0.000000 0.000000 0.000000 0.000000 0.884845 388.000000
 14.750000 0.838111 340.936761 0.000000 0.000000 0.000000 0.000000 0.884015 387.000000
 15.000000 0.840920 348.796065 0.000000 0.000000 0.000000 0.000000 0.886933 391.000000
 15.250000 0.846823 350.455853 0.000000 0.000000 0.000000 0.000000 0.892907 395.000000
 15.500000 0.846086 354.885571 0.000000 0.000000 0.000000 0.000000 0.892611 396.000000
 15.750000 0.840225 341.382377 0.000000 0.000000 0.000000 0.000000 0.886933 383.000000
 16.000000 0.845775 355.539487 0.000000 0.000000 0.000000 0.000000 0.891634 401.000000
 16.250000 0.849278 358.156644 0.000000 0.000000 0.000000 0.000000 0.895249 403.000000
 16.500000 0.847066 351.299075 0.000000 0.000000 0.000000 0.000000 0.893435 400.000000
 16.750000 0.846738 354.184297 0.000000 0.000000 0.000000 0.000000 0.892619 407.000000
 17.000000 0.843615 349.434616 0.000000 0.000000 0.000000 0.000000 0.889657 396.000000
 17.250000 0.840250 342.291397 0.000000 0.000000 0.000000 0.000000 0.886375 382.000000
 17.500000 0.843130 349.299558 0.000000 0.000000 0.000000 0.000000 0.888966 399.000000
 17.750000 0.838815 337.625719 0.000000 0.000000 0.000000 0.000000 0.885663 397.000000
 18.000000 0.844339 346.896699 0.000000 0.000000 0.000000 0.000000 0.890750 391.000000
 18.250000 0.838236 340.670110 0.000000 0.000000 0.000000 0.000000 0.884399 389.000000
 18.500000 0.834669 337.357441 0.000000 0.000000 0.000000 0.000000 0.880663 386.000000
 18.750000 0.838683 341.301103 0.000000 0.000000 0.000000 0.000000 0.885173 384.000000
 19.000000 0.842172 343.709363 0.000000 0.000000 0.000000 0.000000 0.889207 388.000000
 19.250000 0.846922 351.902744 0.000000 0.000000 0.000000 0.000000 0.892584 381.000000
 19.500000 0.837140 340.227981 0.000000 0.000000 0.000000 0.000000 0.883291 376.000000
 19.750000 0.843643 348.985291 0.000000 0.000000 0.000000 0.000000 0.889722 382.000000
 20.000000 0.841130 348.724714 0.000000 0.000000 0.000000 0.000000 0.887542 394.000000
 20.250000 0.840263 344.937293 0.000000 0.000000 0.000000 0.000000 0.886686 394.000000
 20.500000 0.842131 348.985700 0.000000 0.000000 0.000000 0.000000 0.888564 391.000000
 20.750000 0.838521 342.079576 0.000000 0.000000 0.000000 0.000000 0.885701 389.000000
 21.000000 0.844646 350.382253 0.000000 0.000000 0.000000 0.000000 0.891317 395.000000
 21.250000 0.844223 345.741313 0.000000 0.000000 0.000000 0.000000 0.890668 389.000000
 21.500000 0.844301 342.821647 0.000000 0.000000 0.000000 0.000000 0.890188 393.000000
 21.750000 0.844521 350.024001 0.000000 0.000000 0.000000 0.000000 0.890338 394.000000
 22.000000 0.854698 370.285779 0.000000 0.000000 0.000000 0.000000 0.900533 408.000000
 22.250000 0.848109 356.798236 0.000000 0.000000 0.000000 0.000000 0.894648 399.000000
 22.500000 0.841250 350.067549 0.000000 0.000000 0.000000 0.000000 0.886761 399.000000
 22.750000 0.835000 343.395997 0.000000 0.000000 0.000000 0.000000 0.880621 392.000000
 23.000000 0.847510 357.066288 0.000000 0.000000 0.000000 0.000000 0.892904 397.000000
 23.250000 0.847060 359.220269 0.000000 0.000000 0.000000 0.000000 0.892873 397.000000
 23.500000 0.842194 352.183833 0.000000 0.000000 0.000000 0.000000 0.887802 397.000000
 23.750000 0.839850 346.165257 0.000000 0.000000 0.000000 0.000000 0.884855 383.000000
 24.000000 0.846912 353.611665 0.000000 0.000000 0.000000 0.000000 0.891613 391.000000
 24.250000 0.845209 350.085011 0.000000 0.000000 0.000000 0.000000 0.891120 391.000000
 24.500000 0.835818 341.858322 0.000000 0.000000 0.000000 0.000000 0.882499 386.000000
 24.750000 0.836172 336.732042 0.000000 0.000000 0.000000 0.000000 0.882328 385.000000
 25.000000 0.838038 347.876161 0.000000 0.000000 0.000000 0.000000 0.883573 383.000000
 25.250000 0.839317 345.359078 0.000000 0.000000 0.000000 0.000000 0.885058 388.000000
 25.500000 0.836141 338.298824 0.000000 0.000000 0.000000 0.000000 0.882365 380.000000
 25.750000 0.834203 339.174710 0.000000 0.000000 0.000000 0.000000 0.879994 379.000000
 26.000000 0.831670 335.615969 0.000000 0.000000 0.147480 0.589919 0.877485 375.000000
 26.250000 0.834506 337.222402 0.000000 0.000000 0.000000 0.000000 0.880777 376.000000
 26.500000 0.834009 334.114304 0.000000 0.000000 3.555851 14.223404 0.881056 376.000000
 26.750000 0.837278 343.088314 0.000000 0.000000 0.000000 0.000000 0.883598 384.000000
 27.000000 0.835226 341.087423 0.000000 0.000000 0.000000 0.000000 0.881135 387.000000
 27.250000 0.836670 339.612762 0.000000 0.000000 0.000000 0.000000 0.882961 373.000000
 27.500000 0.840012 347.116823 0.000000 0.000000 0.000000 0.000000 0.886221 383.000000
 27.750000 0.839627 343.328760 0.000000 0.000000 0.000000 0.000000 0.885843 384.000000
 28.000000 0.840227 337.855561 0.000000 0.000000 0.000000 0.000000 0.886617 376.000000
 28.250000 0.843635 343.115287 0.000000 0.000000 0.000000 0.000000 0.890100 379.000000
 28.500000 0.839260 338.645309 0.000000 0.000000 0.000000 0.000000 0.886431 390.000000
 28.750000 0.845354 344.793278 0.000000 0.000000 0.000000 0.000000 0.891199 377.000000
 29.000000 0.837190 335.943212 0.000000 0.000000 0.003225 0.012899 0.882965 371.000000
 29.250000 0.839043 340.302106 0.000000 0.000000 0.000000 0.000000 0.885526 378.000000
 29.500000 0.843982 344.280159 0.000000 0.000000 0.000000 0.000000 0.890338 377.000000
 29.750000 0.844549 348.467321 0.000000 0.000000 0.000000 0.000000 0.890993 380.000000
 30.000000 0.841893 346.368386 0.000000 0.000000 0.000000 0.000000 0.887989 389.000000
 30.250000 0.834728 335.150908 0.000000 0.000000 0.720958 2.883832 0.880776 379.000000
 30.500000 0.842039 348.680450 0.000000 0.000000 0.000000 0.000000 0.887889 386.000000
 30.750000 0.842966 349.262808 0.000000 0.000000 0.000000 0.000000 0.888861 384.000000
 31.000000 0.841501 346.331803 0.000000 0.000000 0.000000 0.000000 0.887220 390.000000
 31.250000 0.837228 341.064800 0.000000 0.000000 0.000000 0.000000 0.882834 383.000000
 31.500000 0.836881 347.075477 0.000000 0.000000 0.000000 0.000000 0.882632 388.000000
 31.750000 0.837946 346.418246 0.000000 0.000000 0.000000 0.000000 0.884064 384.000000
 32.000000 0.835903 339.615061 0.000000 0.000000 0.000000 0.000000 0.882255 383.000000
 32.250000 0.836927 340.115456 0.000000 0.000000 0.000000 0.000000 0.883201 381.000000
 32.500000 0.836436 337.220475 0.000000 0.000000 0.000000 0.000000 0.883234 381.000000
 32.750000 0.838733 343.533377 0.000000 0.000000 0.000000 0.000000 0.884823 386.000000
 33.000000 0.840209 349.682635 0.000000 0.000000 0.000000 0.000000 0.885815 383.000000
 33.250000 0.836461 346.709750 0.000000 0.000000 0.000000 0.000000 0.882240 386.000000
 33.500000 0.841653 354.633348 0.000000 0.000000 0.000000 0.000000 0.887471 390.000000
 33.750000 0.846786 357.012681 0.000000 0.000000 0.000000 0.000000 0.892686 390.000000
 34.000000 0.844077 348.286987 0.000000 0.000000 0.000000 0.000000 0.890159 386.000000
 34.250000 0.843895 350.950344 0.000000 0.000000 0.000000 0.000000 0.889533 390.000000
 34.500000 0.841795 354.412420 0.000000 0.000000 0.000000 0.000000 0.887199 390.000000
 34.750000 0.839461 343.929772 0.000000 0.000000 0.000000 0.000000 0.885295 389.000000
 35.000000 0.843732 348.298761 0.000000 0.000000 0.000000 0.000000 0.890354 395.000000
 35.250000 0.837580 341.707547 0.000000 0.000000 0.000000 0.000000 0.884387 391.000000
 35.500000 0.840248 347.079537 0.000000 0.000000 0.000000 0.000000 0.885432 378.000000
 35.750000 0.835959 342.064162 0.000000 0.000000 0.000000 0.000000 0.881889 380.000000
 36.000000 0.843226 351.880237 0.000000 0.000000 0.000000 0.000000 0.888974 385.000000
 36.250000 0.842049 351.002118 0.000000 0.000000 0.000000 0.000000 0.888030 398.000000
 36.500000 0.846958 352.856198 0.000000 0.000000 0.000000 0.000000 0.892567 389.000000
 36.750000 0.842400 346.368025 0.000000 0.000000 0.000000 0.000000 0.888178 387.000000
 37.000000 0.838941 346.088118 0.000000 0.000000 0.000000 0.000000 0.884626 382.000000
 37.250000 0.842375 348.391057 0.000000 0.000000 0.000000 0.000000 0.888076 388.000000
 37.500000 0.844591 349.317488 0.000000 0.000000 0.000000 0.000000 0.890607 389.000000
 37.750000 0.839925 342.558092 0.000000 0.000000 0.000000 0.000000 0.886526 384.000000
 38.000000 0.843743 344.493321 0.000000 0.000000 0.000000 0.000000 0.889799 383.000000
 38.250000 0.843481 344.878800 0.000000 0.000000 0.000000 0.000000 0.889759 384.000000
 38.500000 0.840906 344.138852 0.000000 0.000000 0.000000 0.000000 0.886961 383.000000
 38.750000 0.847080 349.571431 0.000000 0.000000 0.000000 0.000000 0.893050 377.000000
 39.000000 0.846370 351.452673 0.000000 0.000000 0.000000 0.000000 0.892252 387.000000
 39.250000 0.843339 345.875673 0.000000 0.000000 0.000000 0.000000 0.889323 385.000000
 39.500000 0.839278 337.083286 0.000000 0.000000 0.000000 0.000000 0.885251 377.000000
 39.750000 0.834343 337.244816 0.000000 0.000000 0.000000 0.000000 0.879865 368.000000
 40.000000 0.834282 335.308016 0.000000 0.000000 0.478842 1.915366 0.880244 381.000000
 40.250000 0.836311 336.051640 0.000000 0.000000 0.000000 0.000000 0.882978 378.000000
 40.500000 0.840361 347.518360 0.000000 0.000000 0.000000 0.000000 0.886518 389.000000
 40.750000 0.836190 337.537419 0.000000 0.000000 0.000000 0.000000 0.882504 386.000000
 41.000000 0.836294 335.423472 0.000000 0.000000 0.332385 1.329539 0.882792 384.000000
 41.250000 0.842453 340.868110 0.000000 0.000000 0.000000 0.000000 0.888654 379.000000
 41.500000 0.843323 344.038356 0.000000 0.000000 0.000000 0.000000 0.889810 381.000000
 41.750000 0.842667 341.378282 0.000000 0.000000 0.000000 0.000000 0.888682 382.000000
 42.000000 0.837322 336.010432 0.000000 0.000000 0.000000 0.000000 0.883863 381.000000
 42.250000 0.836284 333.399067 0.000000 0.000000 6.764851 27.059403 0.883042 379.000000
 42.500000 0.837025 337.969752 0.000000 0.000000 0.000000 0.000000 0.883597 385.000000
 42.750000 0.835751 336.749660 0.000000 0.000000 0.000000 0.000000 0.882111 375.000000
 43.000000 0.832985 332.308310 0.000000 0.000000 13.628572 54.514289 0.879686 372.000000
 43.250000 0.836729 337.059794 0.000000 0.000000 0.000000 0.000000 0.883648 377.000000
 43.500000 0.839505 342.702096 0.000000 0.000000 0.000000 0.000000 0.886236 389.000000
 43.750000 0.833922 335.289198 0.000000 0.000000 0.505239 2.020956 0.880746 384.000000
 44.000000 0.836340 335.816677 0.000000 0.000000 0.033607 0.134429 0.882766 378.000000
 44.250000 0.838745 336.846850 0.000000 0.000000 0.000000 0.000000 0.885022 372.000000
 44.500000 0.837692 341.423272 0.000000 0.000000 0.000000 0.000000 0.884309 381.000000
 44.750000 0.836953 338.162524 0.000000 0.000000 0.000000 0.000000 0.882908 381.000000
 45.000000 0.838377 340.798403 0.000000 0.000000 0.000000 0.000000 0.884252 379.000000
 45.250000 0.841567 345.676441 0.000000 0.000000 0.000000 0.000000 0.887854 383.000000
 45.500000 0.837065 336.275833 0.000000 0.000000 0.000000 0.000000 0.883937 380.000000
 45.750000 0.839549 342.742039 0.000000 0.000000 0.000000 0.000000 0.886034 380.000000
 46.000000 0.836871 337.185725 0.000000 0.000000 0.000000 0.000000 0.883461 377.000000
 46.250000 0.837565 335.212203 0.000000 0.000000 0.620624 2.482496 0.884206 375.000000
 46.500000 0.839061 339.548047 0.000000 0.000000 0.000000 0.000000 0.885888 378.000000
 46.750000 0.837871 336.804196 0.000000 0.000000 0.000000 0.000000 0.884774 372.000000
 47.000000 0.838773 339.610920 0.000000 0.000000 0.000000 0.000000 0.885166 377.000000
 47.250000 0.833515 336.299241 0.000000 0.000000 0.000000 0.000000 0.880030 375.000000
 47.500000 0.834607 334.617925 0.000000 0.000000 1.910131 7.640522 0.881503 367.000000
 47.750000 0.837358 338.750666 0.000000 0.000000 0.000000 0.000000 0.884259 377.000000
 48.000000 0.835754 334.189235 0.000000 0.000000 3.278868 13.115472 0.882592 374.000000
 48.250000 0.840348 335.528896 0.000000 0.000000 0.221939 0.887758 0.887239 374.000000
 48.500000 0.838869 334.609426 0.000000 0.000000 1.933696 7.734782 0.885739 371.000000
 48.750000 0.838335 335.984951 0.000000 0.000000 0.000226 0.000906 0.885244 378.000000
 49.000000 0.841729 335.561629 0.000000 0.000000 0.192170 0.768678 0.888758 372.000000
 49.250000 0.843235 341.294616 0.000000 0.000000 0.000000 0.000000 0.890354 388.000000
 49.500000 0.840617 336.298623 0.000000 0.000000 0.000000 0.000000 0.887698 385.000000
 49.750000 0.839532 338.075069 0.000000 0.000000 0.000000 0.000000 0.886041 369.000000
 50.000000 0.835954 335.790235 0.000000 0.000000 0.044002 0.176006 0.882490 373.968012
 50.250000 0.836291 334.845358 0.000000 0.000000 1.333199 5.332796 0.883490 371.000000
 50.500000 0.837660 336.630322 0.000000 0.000000 0.000000 0.000000 0.884930 382.000000
 50.750000 0.837347 332.958189 0.000000 0.000000 9.252617 37.010467 0.884292 374.000000
 51.000000 0.836087 335.676733 0.000000 0.000000 0.104501 0.418005 0.883022 376.000000
 51.250000 0.836124 338.951292 0.000000 0.000000 0.000000 0.000000 0.883115 388.000000
 51.500000 0.835882 334.708590 0.000000 0.000000 1.667741 6.670964 0.882756 379.000000
 51.750000 0.836387 334.276786 0.000000 0.000000 2.969467 11.877866 0.882671 379.000000
 52.000000 0.836826 337.513459 0.000000 0.000000 0.000000 0.000000 0.884209 379.000000
 52.250000 0.843015 341.388083 0.000000 0.000000 0.000000 0.000000 0.890077 380.000000
 52.500000 0.837542 335.597803 0.000000 0.000000 0.161763 0.647050 0.883858 376.000000
 52.750000 0.838055 336.532497 0.000000 0.000000 0.000000 0.000000 0.884618 374.000000
 53.000000 0.837954 336.099732 0.000000 0.000000 0.000000 0.000000 0.885158 376.000000
 53.250000 0.841308 336.894692 0.000000 0.000000 0.000000 0.000000 0.888522 375.000000
 53.500000 0.839850 336.036532 0.000000 0.000000 0.000000 0.000000 0.886572 376.000000
 53.750000 0.839294 337.478958 0.000000 0.000000 0.000000 0.000000 0.885801 381.000000
 54.000000 0.840175 335.693966 0.000000 0.000000 0.093657 0.374627 0.887279 382.000000
 54.250000 0.842820 337.105171 0.000000 0.000000 0.000000 0.000000 0.889678 380.000000
 54.500000 0.842288 338.268284 0.000000 0.000000 0.000000 0.000000 0.889124 379.000000
 54.750000 0.839968 334.847744 0.000000 0.000000 1.327695 5.310779 0.886764 377.000000
 55.000000 0.840882 334.599761 0.000000 0.000000 1.960668 7.842672 0.887495 381.000000
 55.250000 0.836150 336.915980 0.000000 0.000000 0.000000 0.000000 0.883201 380.000000
 55.500000 0.838259 336.375083 0.000000 0.000000 0.000000 0.000000 0.884735 372.000000
 55.750000 0.841262 340.499464 0.000000 0.000000 0.000000 0.000000 0.887499 387.000000
 56.000000 0.841615 339.482579 0.000000 0.000000 0.000000 0.000000 0.887783 384.000000
 56.250000 0.841706 335.670252 0.000000 0.000000 0.108734 0.434936 0.888011 383.000000
 56.500000 0.840316 336.509679 0.000000 0.000000 0.000000 0.000000 0.887457 388.000000
 56.750000 0.838492 337.133241 0.000000 0.000000 0.000000 0.000000 0.885095 379.000000
 57.000000 0.834669 335.404787 0.000000 0.000000 0.354279 1.417114 0.880942 376.000000
 57.250000 0.838008 336.178716 0.000000 0.000000 0.000000 0.000000 0.884385 383.000000
 57.500000 0.838102 335.436405 0.000000 0.000000 0.317639 1.270557 0.884720 376.000000
 57.750000 0.833172 335.725199 0.000000 0.000000 0.075516 0.302062 0.879962 379.000000
 58.000000 0.835919 335.282801 0.000000 0.000000 0.514374 2.057495 0.881941 373.000000
 58.250000 0.837730 335.705419 0.000000 0.000000 0.086778 0.347111 0.883734 375.000000
 58.500000 0.835304 335.878742 0.000000 0.000000 0.014704 0.058814 0.882066 379.000000
 58.750000 0.839072 334.790139 0.000000 0.000000 1.463763 5.855052 0.885089 378.000000
 59.000000 0.836711 335.291981 0.000000 0.000000 0.501290 2.005161 0.882828 378.000000
 59.250000 0.835566 335.078141 0.000000 0.000000 0.849824 3.399295 0.882003 381.000000
 59.500000 0.833842 332.573514 0.000000 0.000000 11.740804 46.963215 0.880819 370.000000
 59.750000 0.832117 333.255944 0.000000 0.000000 7.529846 30.119384 0.878712 371.000000
 60.000000 0.830875 336.621285 0.000000 0.000000 0.000000 0.000000 0.876323 371.000000
 60.250000 0.835654 334.838749 0.000000 0.000000 1.348504 5.394015 0.881414 371.000000
 60.500000 0.838434 337.034838 0.000000 0.000000 0.000000 0.000000 0.884883 370.000000
 60.750000 0.834280 334.469794 0.000000 0.000000 2.341531 9.366124 0.880455 373.000000
 61.000000 0.837275 337.818972 0.000000 0.000000 0.000000 0.000000 0.883118 381.000000
 61.250000 0.832013 334.428527 0.000000 0.000000 2.469527 9.878106 0.878498 378.000000
 61.500000 0.836137 335.351516 0.000000 0.000000 0.420532 1.682128 0.882556 374.000000
 61.750000 0.832861 336.505987 0.000000 0.000000 0.000000 0.000000 0.879721 377.000000
 62.000000 0.831040 335.974176 0.000000 0.000000 0.000667 0.002667 0.877663 381.000000
 62.250000 0.834254 335.927901 0.000000 0.000000 0.005198 0.020793 0.880143 378.000000
 62.500000 0.838196 333.839379 0.000000 0.000000 4.668281 18.673125 0.884728 371.000000
 62.750000 0.839075 338.127246 0.000000 0.000000 0.000000 0.000000 0.886251 374.000000
 63.000000 0.837707 335.196394 0.000000 0.000000 0.645782 2.583130 0.884088 370.000000
 63.250000 0.835317 335.594243 0.000000 0.000000 0.164639 0.658556 0.881284 374.000000
 63.500000 0.838230 337.902516 0.000000 0.000000 0.000000 0.000000 0.884670 373.000000
 63.750000 0.837954 335.645531 0.000000 0.000000 0.125649 0.502594 0.884729 369.000000
 64.000000 0.837474 336.542817 0.000000 0.000000 0.000000 0.000000 0.884112 376.000000
 64.250000 0.837414 336.287849 0.000000 0.000000 0.000000 0.000000 0.883940 375.000000
 64.500000 0.838325 335.134077 0.000000 0.000000 0.749823 2.999292 0.885019 370.000000
 64.750000 0.844404 339.738884 0.000000 0.000000 0.000000 0.000000 0.890518 372.000000
 65.000000 0.838894 336.146810 0.000000 0.000000 0.000000 0.000000 0.885619 376.000000
 65.250000 0.839204 334.898571 0.000000 0.000000 1.213145 4.852582 0.886147 376.000000
 65.500000 0.838909 336.373728 0.000000 0.000000 0.000000 0.000000 0.886013 370.000000
 65.750000 0.841043 339.385884 0.000000 0.000000 0.000000 0.000000 0.887911 380.000000
 66.000000 0.840539 337.895587 0.000000 0.000000 0.000000 0.000000 0.887173 373.000000
 66.250000 0.840630 338.529988 0.000000 0.000000 0.000000 0.000000 0.887512 380.000000
 66.500000 0.840495 336.186376 0.000000 0.000000 0.000000 0.000000 0.887628 379.000000
 66.750000 0.838007 334.854399 0.000000 0.000000 1.312401 5.249605 0.884855 367.000000
 67.000000 0.836848 338.543674 0.000000 0.000000 0.000000 0.000000 0.883191 381.000000
 67.250000 0.835565 335.203989 0.000000 0.000000 0.633634 2.534537 0.881712 375.000000
 67.500000 0.838500 338.637968 0.000000 0.000000 0.000000 0.000000 0.885412 378.000000
 67.750000 0.835674 333.252011 0.000000 0.000000 7.551441 30.205764 0.882971 377.000000
 68.000000 0.836579 332.672933 0.000000 0.000000 11.069374 44.277498 0.882832 368.000000
 68.250000 0.835070 338.069828 0.000000 0.000000 0.000000 0.000000 0.881070 373.000000
 68.500000 0.834807 334.987612 0.000000 0.000000 1.024929 4.099716 0.881107 377.000000
 68.750000 0.835907 336.012448 0.000000 0.000000 0.000000 0.000000 0.882396 378.000000
 69.000000 0.833910 334.358496 0.000000 0.000000 2.694536 10.778142 0.880857 374.000000
 69.250000 0.837994 336.487140 0.000000 0.000000 0.000000 0.000000 0.884399 377.000000
 69.500000 0.835865 337.847306 0.000000 0.000000 0.000000 0.000000 0.882609 390.000000
 69.750000 0.834490 338.024793 0.000000 0.000000 0.000000 0.000000 0.880976 388.000000
 70.000000 0.834126 338.844245 0.000000 0.000000 0.000000 0.000000 0.880392 386.000000
 70.250000 0.839479 341.814593 0.000000 0.000000 0.000000 0.000000 0.885817 391.000000
 70.500000 0.833270 336.397409 0.000000 0.000000 0.000000 0.000000 0.879960 388.000000
 70.750000 0.837365 339.346287 0.000000 0.000000 0.000000 0.000000 0.883898 386.000000
 71.000000 0.837382 337.656152 0.000000 0.000000 0.000000 0.000000 0.883925 384.000000
 71.250000 0.835699 337.409625 0.000000 0.000000 0.000000 0.000000 0.882439 386.000000
 71.500000 0.837303 337.162846 0.000000 0.000000 0.000000 0.000000 0.883639 389.000000
 71.750000 0.835053 335.577141 0.000000 0.000000 0.178810 0.715239 0.881549 385.000000
 72.000000 0.835804 337.568079 0.000000 0.000000 0.000000 0.000000 0.882040 385.000000
 72.250000 0.842971 347.536631 0.000000 0.000000 0.000000 0.000000 0.889129 388.000000
 72.500000 0.839380 341.019122 0.000000 0.000000 0.000000 0.000000 0.886048 393.000000
 72.750000 0.841170 344.937875 0.000000 0.000000 0.000000 0.000000 0.887094 386.000000
 73.000000 0.837643 344.260716 0.000000 0.000000 0.000000 0.000000 0.883579 387.000000
 73.250000 0.835595 340.098771 0.000000 0.000000 0.000000 0.000000 0.882015 387.000000
 73.500000 0.836650 336.901479 0.000000 0.000000 0.000000 0.000000 0.883288 386.000000
 73.750000 0.837452 336.666069 0.000000 0.000000 0.000000 0.000000 0.883910 377.000000
 74.000000 0.838066 338.175811 0.000000 0.000000 0.000000 0.000000 0.884227 383.000000
 74.250000 0.839124 341.818356 0.000000 0.000000 0.000000 0.000000 0.885017 390.000000
 74.500000 0.836219 340.781821 0.000000 0.000000 0.000000 0.000000 0.882565 381.000000
 74.750000 0.835859 336.377935 0.000000 0.000000 0.000000 0.000000 0.882071 375.000000
 75.000000 0.835366 336.975680 0.000000 0.000000 0.000000 0.000000 0.881014 386.000000
 75.250000 0.840467 345.475948 0.000000 0.000000 0.000000 0.000000 0.886128 383.000000
 75.500000 0.840902 349.813433 0.000000 0.000000 0.000000 0.000000 0.887046 389.000000
 75.750000 0.837042 337.018444 0.000000 0.000000 0.000000 0.000000 0.883730 379.000000
 76.000000 0.835516 335.776599 0.000000 0.000000 0.049908 0.199632 0.881857 378.000000
 76.250000 0.836904 335.551995 0.000000 0.000000 0.200709 0.802835 0.883173 376.000000
 76.500000 0.839895 339.043744 0.000000 0.000000 0.000000 0.000000 0.886384 376.000000
 76.750000 0.835502 336.335075 0.000000 0.000000 0.000000 0.000000 0.882261 382.000000
 77.000000 0.837731 339.495390 0.000000 0.000000 0.000000 0.000000 0.884228 378.000000
 77.250000 0.837761 335.428372 0.000000 0.000000 0.326759 1.307036 0.883857 374.000000
 77.500000 0.841007 341.014596 0.000000 0.000000 0.000000 0.000000 0.887006 380.000000
 77.750000 0.838826 338.148248 0.000000 0.000000 0.000000 0.000000 0.885451 385.000000
 78.000000 0.843731 344.197937 0.000000 0.000000 0.000000 0.000000 0.890093 382.000000
 78.250000 0.837073 334.118530 0.000000 0.000000 3.539930 14.159719 0.884208 381.000000
 78.500000 0.842125 339.525908 0.000000 0.000000 0.000000 0.000000 0.888480 378.000000
 78.750000 0.837394 337.131513 0.000000 0.000000 0.000000 0.000000 0.883940 377.000000
 79.000000 0.842260 343.445399 0.000000 0.000000 0.000000 0.000000 0.889180 379.000000
 79.250000 0.835450 336.838077 0.000000 0.000000 0.000000 0.000000 0.882087 375.000000
 79.500000 0.832268 338.926965 0.000000 0.000000 0.000000 0.000000 0.878188 377.000000
 79.750000 0.833726 335.723513 0.000000 0.000000 0.076445 0.305780 0.879901 376.000000
 80.000000 0.836213 336.572831 0.000000 0.000000 0.000000 0.000000 0.882850 380.000000
 80.250000 0.841850 341.519319 0.000000 0.000000 0.000000 0.000000 0.888421 380.000000
 80.500000 0.836757 336.934903 0.000000 0.000000 0.000000 0.000000 0.883089 382.000000
 80.750000 0.835863 336.775379 0.000000 0.000000 0.000000 0.000000 0.882363 380.000000
 81.000000 0.834856 337.803991 0.000000 0.000000 0.000000 0.000000 0.881841 382.000000
 81.250000 0.834308 336.026551 0.000000 0.000000 0.000000 0.000000 0.880617 378.000000
 81.500000 0.836596 335.204926 0.000000 0.000000 0.632143 2.528571 0.882267 378.000000
 81.750000 0.836471 332.973222 0.000000 0.000000 9.161385 36.645541 0.883092 375.000000
 82.000000 0.842242 339.281871 0.000000 0.000000 0.000000 0.000000 0.888941 377.000000
 82.250000 0.836568 336.082216 0.000000 0.000000 0.000000 0.000000 0.882743 373.000000
 82.500000 0.834964 334.923663 0.000000 0.000000 1.158501 4.634003 0.881373 383.000000
 82.750000 0.839531 336.793046 0.000000 0.000000 0.000000 0.000000 0.886019 382.000000
 83.000000 0.841467 339.495410 0.000000 0.000000 0.000000 0.000000 0.887915 390.000000
 83.250000 0.837827 335.220020 0.000000 0.000000 0.608369 2.433477 0.884854 387.000000
 83.500000 0.840039 339.654411 0.000000 0.000000 0.000000 0.000000 0.886178 386.000000
 83.750000 0.835243 336.592665 0.000000 0.000000 0.000000 0.000000 0.880880 374.000000
 84.000000 0.835607 335.865909 0.000000 0.000000 0.017980 0.071922 0.881567 378.000000
 84.250000 0.839357 343.399242 0.000000 0.000000 0.000000 0.000000 0.885147 380.000000
 84.500000 0.834217 334.552782 0.000000 0.000000 2.094439 8.377757 0.880432 377.000000
 84.750000 0.834171 337.129463 0.000000 0.000000 0.000000 0.000000 0.879723 372.000000
 85.000000 0.830472 336.299814 0.000000 0.000000 0.000000 0.000000 0.876603 373.000000
 85.250000 0.833738 335.330825 0.000000 0.000000 0.447795 1.791181 0.879982 374.000000
 85.500000 0.835436 335.680908 0.000000 0.000000 0.101820 0.407278 0.881808 378.000000
 85.750000 0.830631 333.663178 0.000000 0.000000 5.460735 21.842940 0.877201 378.000000
 86.000000 0.832004 334.077917 0.000000 0.000000 3.694402 14.777606 0.877983 373.000000
 86.250000 0.834661 334.497551 0.000000 0.000000 2.257353 9.029411 0.881105 370.000000
 86.500000 0.840930 340.303262 0.000000 0.000000 0.000000 0.000000 0.887281 375.000000
 86.750000 0.836464 336.269243 0.000000 0.000000 0.000000 0.000000 0.882286 372.000000
 87.000000 0.831643 334.321355 0.000000 0.000000 2.817850 11.271400 0.877231 376.000000
 87.250000 0.837852 337.168726 0.000000 0.000000 0.000000 0.000000 0.883982 372.000000
 87.500000 0.839406 338.804606 0.000000 0.000000 0.000000 0.000000 0.886012 372.000000
 87.750000 0.834688 334.830818 0.000000 0.000000 1.366987 5.467947 0.880663 370.000000
 88.000000 0.834245 338.025510 0.000000 0.000000 0.000000 0.000000 0.880068 378.000000
 88.250000 0.837934 338.911415 0.000000 0.000000 0.000000 0.000000 0.884252 378.000000
 88.500000 0.839670 342.674856 0.000000 0.000000 0.000000 0.000000 0.886298 384.000000
 88.750000 0.841459 344.027753 0.000000 0.000000 0.000000 0.000000 0.887363 374.000000
 89.000000 0.833706 334.028463 0.000000 0.000000 3.886957 15.547828 0.880174 379.000000
 89.250000 0.837267 338.676321 0.000000 0.000000 0.000000 0.000000 0.883477 381.000000
 89.500000 0.837606 334.236966 0.000000 0.000000 3.108289 12.433156 0.884315 369.000000
 89.750000 0.835248 334.788547 0.000000 0.000000 1.467618 5.870473 0.882004 373.000000
 90.000000 0.835426 336.364733 0.000000 0.000000 0.000000 0.000000 0.882066 376.000000
 90.250000 0.839040 339.640197 0.000000 0.000000 0.000000 0.000000 0.885565 374.000000
 90.500000 0.837437 335.909599 0.000000 0.000000 0.008172 0.032690 0.884293 374.000000
 90.750000 0.836038 336.722666 0.000000 0.000000 0.000000 0.000000 0.882587 374.000000
 91.000000 0.836159 334.954462 0.000000 0.000000 1.093149 4.372597 0.882744 371.000000
 91.250000 0.842362 342.410849 0.000000 0.000000 0.000000 0.000000 0.888271 386.000000
 91.500000 0.838168 338.040697 0.000000 0.000000 0.000000 0.000000 0.884783 377.000000
 91.750000 0.835605 336.448755 0.000000 0.000000 0.000000 0.000000 0.882112 375.000000
 92.000000 0.837050 339.833513 0.000000 0.000000 0.000000 0.000000 0.883022 371.000000
 92.250000 0.837427 334.987227 0.000000 0.000000 1.025709 4.102834 0.883831 371.000000
 92.500000 0.841242 339.360095 0.000000 0.000000 0.000000 0.000000 0.887756 373.000000
 92.750000 0.836499 334.959527 0.000000 0.000000 1.082584 4.330338 0.882900 371.000000
 93.000000 0.834019 334.417932 0.000000 0.000000 2.502938 10.011754 0.880435 376.000000
 93.250000 0.841202 337.468040 0.000000 0.000000 0.000000 0.000000 0.887720 377.000000
 93.500000 0.839151 337.659374 0.000000 0.000000 0.000000 0.000000 0.886540 383.000000
 93.750000 0.837621 336.901997 0.000000 0.000000 0.000000 0.000000 0.884726 373.000000
 94.000000 0.836704 336.810117 0.000000 0.000000 0.000000 0.000000 0.882756 375.000000
 94.250000 0.834999 334.553770 0.000000 0.000000 2.091581 8.366326 0.881694 373.000000
 94.500000 0.835918 336.382622 0.000000 0.000000 0.000000 0.000000 0.882517 379.971088
 94.750000 0.835641 337.340471 0.000000 0.000000 0.000000 0.000000 0.881922 376.000000
 95.000000 0.835964 335.700673 0.000000 0.000000 0.089597 0.358387 0.882701 376.000000
 95.250000 0.835754 336.572304 0.000000 0.000000 0.000000 0.000000 0.882864 372.000000
 95.500000 0.836917 337.271856 0.000000 0.000000 0.000000 0.000000 0.883730 376.000000
 95.750000 0.833531 334.061676 0.000000 0.000000 3.757099 15.028398 0.879852 369.000000
 96.000000 0.837118 336.905155 0.000000 0.000000 0.000000 0.000000 0.882706 376.000000
 96.250000 0.834510 337.923242 0.000000 0.000000 0.000000 0.000000 0.880822 374.000000
 96.500000 0.835758 335.870872 0.000000 0.000000 0.016674 0.066696 0.882438 373.000000
 96.750000 0.838835 336.030251 0.000000 0.000000 0.000000 0.000000 0.885259 379.000000
 97.000000 0.837756 337.701729 0.000000 0.000000 0.000000 0.000000 0.884141 375.000000
 97.250000 0.838631 335.566235 0.000000 0.000000 0.188152 0.752607 0.885186 375.000000
 97.500000 0.836521 336.706799 0.000000 0.000000 0.000000 0.000000 0.883394 378.000000
 97.750000 0.833613 336.754327 0.000000 0.000000 0.000000 0.000000 0.880301 380.000000
 98.000000 0.833183 338.878036 0.000000 0.000000 0.000000 0.000000 0.879285 378.000000
 98.250000 0.836484 336.063083 0.000000 0.000000 0.000000 0.000000 0.882770 377.000000
 98.500000 0.839599 338.930728 0.000000 0.000000 0.000000 0.000000 0.886164 380.000000
 98.750000 0.834160 334.763426 0.000000 0.000000 1.529116 6.116463 0.880676 378.000000
 99.000000 0.833880 335.249919 0.000000 0.000000 0.562622 2.250489 0.879828 376.000000
 99.250000 0.833329 334.808396 0.000000 0.000000 1.419920 5.679681 0.880033 375.000000
 99.500000 0.837318 335.742461 0.000000 0.000000 0.066326 0.265305 0.883832 375.000000
 99.750000 0.835777 337.369968 0.000000 0.000000 0.000000 0.000000 0.881615 374.000000
 100.000000 0.828722 333.724140 0.000000 0.000000 5.179540 20.718160 0.874870 373.000000
 100.250000 0.837862 334.932864 0.000000 0.000000 1.138780 4.555118 0.884236 369.000000
 100.500000 0.835890 334.875497 0.000000 0.000000 1.264507 5.058028 0.883219 379.000000
