#! FIELDS time refcv.mean refcv.morethan uwall.bias uwall.force2 lwall.bias lwall.force2 refcv2.mean refcv2.morethan
 1.000000 0.861192 364.870971 0.000000 0.000000 0.000000 0.000000 0.907166 393.000000
 1.250000 0.856185 364.279179 0.000000 0.000000 0.000000 0.000000 0.902633 398.000000
 1.500000 0.842127 350.053655 0.000000 0.000000 0.000000 0.000000 0.888411 400.000000
 1.750000 0.835781 337.778826 0.000000 0.000000 0.000000 0.000000 0.882043 393.000000
 2.000000 0.838024 346.522946 0.000000 0.000000 0.000000 0.000000 0.885028 390.000000
 2.250000 0.841875 351.674567 0.000000 0.000000 0.000000 0.000000 0.888713 395.000000
 2.500000 0.841963 346.332998 0.000000 0.000000 0.000000 0.000000 0.888576 391.000000
 2.750000 0.844403 349.984133 0.000000 0.000000 0.000000 0.000000 0.890962 396.000000
 3.000000 0.851209 355.207053 0.000000 0.000000 0.000000 0.000000 0.897774 399.000000
 3.250000 0.843288 344.851580 0.000000 0.000000 0.000000 0.000000 0.890583 390.000000
 3.500000 0.846984 350.025791 0.000000 0.000000 0.000000 0.000000 0.893212 393.000000
 3.750000 0.836303 337.332738 0.000000 0.000000 0.000000 0.000000 0.882738 384.000000
 4.000000 0.844100 350.034082 0.000000 0.000000 0.000000 0.000000 0.890787 397.000000
 4.250000 0.849164 350.913719 0.000000 0.000000 0.000000 0.000000 0.895939 388.000000
 4.500000 0.846833 349.167942 0.000000 0.000000 0.000000 0.000000 0.893700 395.000000
 4.750000 0.841816 343.997456 0.000000 0.000000 0.000000 0.000000 0.888570 389.000000
 5.000000 0.846009 354.188224 0.000000 0.000000 0.000000 0.000000 0.892014 394.000000
 5.250000 0.851736 359.175432 0.000000 0.000000 0.000000 0.000000 0.897745 394.000000
 5.500000 0.844924 355.951240 0.000000 0.000000 0.000000 0.000000 0.891425 394.000000
 5.750000 0.845631 352.849846 0.000000 0.000000 0.000000 0.000000 0.891553 391.000000
 6.000000 0.841358 345.789223 0.000000 0.000000 0.000000 0.000000 0.887757 387.000000
 6.250000 0.848346 353.917213 0.000000 0.000000 0.000000 0.000000 0.894457 389.000000
 6.500000 0.854326 364.021992 0.000000 0.000000 0.000000 0.000000 0.900232 399.000000
 6.750000 0.849066 353.555065 0.000000 0.000000 0.000000 0.000000 0.895510 385.000000
 7.000000 0.839424 335.666163 0.000000 0.000000 0.111447 0.445789 0.886484 371.000000
 7.250000 0.847975 346.624377 0.000000 0.000000 0.000000 0.000000 0.894316 384.000000
 7.500000 0.845411 348.261169 0.000000 0.000000 0.000000 0.000000 0.891838 383.000000
 7.750000 0.850004 353.640317 0.000000 0.000000 0.000000 0.000000 0.896105 390.000000
 8.000000 0.852348 352.108612 0.000000 0.000000 0.000000 0.000000 0.898090 387.000000
 8.250000 0.848014 352.651791 0.000000 0.000000 0.000000 0.000000 0.894408 390.000000
 8.500000 0.839590 342.329085 0.000000 0.000000 0.000000 0.000000 0.886151 380.000000
 8.750000 0.840495 345.385283 0.000000 0.000000 0.000000 0.000000 0.886467 381.000000
 9.000000 0.847871 356.980286 0.000000 0.000000 0.000000 0.000000 0.893503 383.000000
 9.250000 0.844266 346.492648 0.000000 0.000000 0.000000 0.000000 0.890990 382.000000
 9.500000 0.852778 362.604468 0.000000 0.000000 0.000000 0.000000 0.897991 395.000000
 9.750000 0.847029 354.687428 0.000000 0.000000 0.000000 0.000000 0.892649 386.000000
 10.000000 0.847568 357.078931 0.000000 0.000000 0.000000 0.000000 0.893001 391.000000
 10.250000 0.849371 354.793138 0.000000 0.000000 0.000000 0.000000 0.894782 389.000000
 10.500000 0.838502 343.879211 0.000000 0.000000 0.000000 0.000000 0.884673 385.000000
 10.750000 0.838155 352.410681 0.000000 0.000000 0.000000 0.000000 0.883082 389.000000
 11.000000 0.831926 336.646516 0.000000 0.000000 0.000000 0.000000 0.877769 378.000000
 11.250000 0.843249 350.839355 0.000000 0.000000 0.000000 0.000000 0.889364 382.000000
 11.500000 0.842570 351.671391 0.000000 0.000000 0.000000 0.000000 0.889108 392.000000
 11.750000 0.840466 340.902272 0.000000 0.000000 0.000000 0.000000 0.886408 379.000000
 12.000000 0.837278 340.180013 0.000000 0.000000 0.000000 0.000000 0.883330 377.000000
 12.250000 0.843928 350.391494 0.000000 0.000000 0.000000 0.000000 0.889665 385.000000
 12.500000 0.839383 338.020594 0.000000 0.000000 0.000000 0.000000 0.885684 373.000000
 12.750000 0.838392 338.794309 0.000000 0.000000 0.000000 0.000000 0.885283 377.000000
 13.000000 0.838278 340.286956 0.000000 0.000000 0.000000 0.000000 0.884725 379.000000
 13.250000 0.835196 340.016852 0.000000 0.000000 0.000000 0.000000 0.881367 372.000000
 13.500000 0.833137 334.599282 0.000000 0.000000 1.962012 7.848048 0.879476 377.000000
 13.750000 0.836631 342.164943 0.000000 0.000000 0.000000 0.000000 0.882520 376.000000
 14.000000 0.835520 340.080198 0.000000 0.000000 0.000000 0.000000 0.881933 377.000000
 14.250000 0.843816 348.946806 0.000000 0.000000 0.000000 0.000000 0.889922 384.000000
 14.500000 0.840224 339.319653 0.000000 0.000000 0.000000 0.000000 0.886750 378.000000
 14.750000 0.841226 346.929014 0.000000 0.000000 0.000000 0.000000 0.887471 385.000000
 15.000000 0.838205 340.145840 0.000000 0.000000 0.000000 0.000000 0.884476 376.000000
 15.250000 0.840086 341.463128 0.000000 0.000000 0.000000 0.000000 0.886154 376.000000
 15.500000 0.838744 334.695089 0.000000 0.000000 1.702793 6.811172 0.885198 372.000000
 15.750000 0.838597 338.054739 0.000000 0.000000 0.000000 0.000000 0.885466 376.814402
 16.000000 0.840557 338.589915 0.000000 0.000000 0.000000 0.000000 0.887134 372.000000
 16.250000 0.838603 339.717498 0.000000 0.000000 0.000000 0.000000 0.884953 375.000000
 16.500000 0.834223 338.475517 0.000000 0.000000 0.000000 0.000000 0.880398 371.000000
 16.750000 0.837526 337.680732 0.000000 0.000000 0.000000 0.000000 0.883741 371.000000
 17.000000 0.843714 343.884540 0.000000 0.000000 0.000000 0.000000 0.890334 378.000000
 17.250000 0.842979 343.900383 0.000000 0.000000 0.000000 0.000000 0.888662 380.000000
 17.500000 0.833337 336.345868 0.000000 0.000000 0.000000 0.000000 0.879341 383.000000
 17.750000 0.843227 343.416482 0.000000 0.000000 0.000000 0.000000 0.888872 375.000000
 18.000000 0.839030 340.729293 0.000000 0.000000 0.000000 0.000000 0.885495 381.000000
 18.250000 0.837161 335.291886 0.000000 0.000000 0.501425 2.005702 0.883795 375.000000
 18.500000 0.844736 346.960284 0.000000 0.000000 0.000000 0.000000 0.890558 388.000000
 18.750000 0.843643 343.864224 0.000000 0.000000 0.000000 0.000000 0.889802 382.000000
 19.000000 0.847485 345.109305 0.000000 0.000000 0.000000 0.000000 0.893878 378.000000
 19.250000 0.841633 342.036773 0.000000 0.000000 0.000000 0.000000 0.887725 375.000000
 19.500000 0.839944 341.865311 0.000000 0.000000 0.000000 0.000000 0.886033 391.000000
 19.750000 0.838242 336.650874 0.000000 0.000000 0.000000 0.000000 0.884849 376.000000
 20.000000 0.840505 337.334384 0.000000 0.000000 0.000000 0.000000 0.887154 369.000000
 20.250000 0.843047 344.697425 0.000000 0.000000 0.000000 0.000000 0.889152 384.000000
 20.500000 0.846003 350.914919 0.000000 0.000000 0.000000 0.000000 0.891985 385.000000
 20.750000 0.844111 345.491573 0.000000 0.000000 0.000000 0.000000 0.890929 381.000000
 21.000000 0.839833 343.806033 0.000000 0.000000 0.000000 0.000000 0.886310 379.000000
 21.250000 0.834876 341.156790 0.000000 0.000000 0.000000 0.000000 0.880469 385.000000
 21.500000 0.834608 340.890593 0.000000 0.000000 0.000000 0.000000 0.880872 382.000000
 21.750000 0.840040 344.962873 0.000000 0.000000 0.000000 0.000000 0.886437 384.000000
 22.000000 0.839982 345.925753 0.000000 0.000000 0.000000 0.000000 0.886332 383.000000
 22.250000 0.842914 341.267047 0.000000 0.000000 0.000000 0.000000 0.889251 374.000000
 22.500000 0.841550 343.012849 0.000000 0.000000 0.000000 0.000000 0.888092 386.000000
 22.750000 0.838339 338.253116 0.000000 0.000000 0.000000 0.000000 0.884948 371.000000
 23.000000 0.836797 335.069970 0.000000 0.000000 0.864955 3.459821 0.883175 374.000000
 23.250000 0.840727 345.101781 0.000000 0.000000 0.000000 0.000000 0.887097 381.000000
 23.500000 0.840312 343.725791 0.000000 0.000000 0.000000 0.000000 0.886754 381.000000
 23.750000 0.837147 337.271213 0.000000 0.000000 0.000000 0.000000 0.883869 372.000000
 24.000000 0.845873 339.640377 0.000000 0.000000 0.000000 0.000000 0.892745 374.000000
 24.250000 0.842218 336.504055 0.000000 0.000000 0.000000 0.000000 0.889313 377.000000
 24.500000 0.836542 332.470871 0.000000 0.000000 12.454752 49.819009 0.883144 373.000000
 24.750000 0.840007 334.733613 0.000000 0.000000 1.603736 6.414944 0.886707 377.000000
 25.000000 0.848178 344.484316 0.000000 0.000000 0.000000 0.000000 0.895424 385.000000
 25.250000 0.840946 336.955548 0.000000 0.000000 0.000000 0.000000 0.888520 382.000000
 25.500000 0.836760 340.167558 0.000000 0.000000 0.000000 0.000000 0.883398 381.000000
 25.750000 0.835450 336.557973 0.000000 0.000000 0.000000 0.000000 0.882329 379.000000
 26.000000 0.831171 334.449129 0.000000 0.000000 2.405202 9.620810 0.878267 380.000000
 26.250000 0.838472 342.941505 0.000000 0.000000 0.000000 0.000000 0.884883 383.000000
 26.500000 0.835373 338.019606 0.000000 0.000000 0.000000 0.000000 0.881528 375.000000
 26.750000 0.833206 340.158247 0.000000 0.000000 0.000000 0.000000 0.879446 386.000000
 27.000000 0.836369 338.840276 0.000000 0.000000 0.000000 0.000000 0.882529 380.000000
 27.250000 0.834659 336.995637 0.000000 0.000000 0.000000 0.000000 0.881498 380.000000
 27.500000 0.835965 342.254198 0.000000 0.000000 0.000000 0.000000 0.882708 387.000000
 27.750000 0.837032 341.236481 0.000000 0.000000 0.000000 0.000000 0.883622 382.000000
 28.000000 0.839243 344.512386 0.000000 0.000000 0.000000 0.000000 0.885587 383.000000
 28.250000 0.835553 341.318275 0.000000 0.000000 0.000000 0.000000 0.881892 388.000000
 28.500000 0.832489 341.343092 0.000000 0.000000 0.000000 0.000000 0.878424 381.000000
 28.750000 0.826869 336.654053 0.000000 0.000000 0.000000 0.000000 0.872939 379.000000
 29.000000 0.832187 336.965533 0.000000 0.000000 0.000000 0.000000 0.878801 377.000000
 29.250000 0.836676 340.343625 0.000000 0.000000 0.000000 0.000000 0.883549 375.000000
 29.500000 0.831348 336.878533 0.000000 0.000000 0.000000 0.000000 0.877290 383.000000
 29.750000 0.835555 340.852939 0.000000 0.000000 0.000000 0.000000 0.881164 384.000000
 30.000000 0.836745 340.019919 0.000000 0.000000 0.000000 0.000000 0.883734 384.000000
 30.250000 0.838704 342.291490 0.000000 0.000000 0.000000 0.000000 0.885221 379.000000
 30.500000 0.834683 340.143552 0.000000 0.000000 0.000000 0.000000 0.881019 385.000000
 30.750000 0.836572 339.851335 0.000000 0.000000 0.000000 0.000000 0.882159 382.000000
 31.000000 0.836751 345.860535 0.000000 0.000000 0.000000 0.000000 0.883130 389.000000
 31.250000 0.836818 340.689617 0.000000 0.000000 0.000000 0.000000 0.883498 379.000000
 31.500000 0.836529 337.897613 0.000000 0.000000 0.000000 0.000000 0.882912 378.000000
 31.750000 0.837330 342.662303 0.000000 0.000000 0.000000 0.000000 0.883873 377.000000
 32.000000 0.836425 334.937137 0.000000 0.000000 1.129679 4.518715 0.882887 377.000000
 32.250000 0.836465 338.600860 0.000000 0.000000 0.000000 0.000000 0.882953 380.000000
 32.500000 0.842504 348.705090 0.000000 0.000000 0.000000 0.000000 0.888743 384.000000
 32.750000 0.837933 335.950788 0.000000 0.000000 0.002422 0.009687 0.884593 378.000000
 33.000000 0.837122 340.883775 0.000000 0.000000 0.000000 0.000000 0.883889 384.000000
 33.250000 0.837702 336.408792 0.000000 0.000000 0.000000 0.000000 0.884395 379.000000
 33.500000 0.837566 335.742202 0.000000 0.000000 0.066460 0.265840 0.884503 369.000000
 33.750000 0.839627 335.774711 0.000000 0.000000 0.050755 0.203020 0.886249 366.000000
 34.000000 0.836035 336.932433 0.000000 0.000000 0.000000 0.000000 0.881995 377.000000
 34.250000 0.837462 340.313162 0.000000 0.000000 0.000000 0.000000 0.883340 377.000000
 34.500000 0.835891 337.343209 0.000000 0.000000 0.000000 0.000000 0.882693 382.000000
 34.750000 0.841357 340.080051 0.000000 0.000000 0.000000 0.000000 0.888556 380.000000
 35.000000 0.839724 336.831658 0.000000 0.000000 0.000000 0.000000 0.886553 373.000000
 35.250000 0.833591 335.652673 0.000000 0.000000 0.120636 0.482544 0.880208 378.000000
 35.500000 0.836434 340.513634 0.000000 0.000000 0.000000 0.000000 0.882929 380.000000
 35.750000 0.839174 341.714739 0.000000 0.000000 0.000000 0.000000 0.886763 376.000000
 36.000000 0.838385 337.910163 0.000000 0.000000 0.000000 0.000000 0.885109 370.000000
 36.250000 0.833576 338.607871 0.000000 0.000000 0.000000 0.000000 0.879774 373.885492
 36.500000 0.836492 336.948478 0.000000 0.000000 0.000000 0.000000 0.882833 378.000000
 36.750000 0.836875 337.946462 0.000000 0.000000 0.000000 0.000000 0.883528 376.000000
 37.000000 0.834194 336.951607 0.000000 0.000000 0.000000 0.000000 0.880921 375.000000
 37.250000 0.836212 338.880294 0.000000 0.000000 0.000000 0.000000 0.882167 377.000000
 37.500000 0.834660 337.985617 0.000000 0.000000 0.000000 0.000000 0.881113 381.000000
 37.750000 0.836420 338.426552 0.000000 0.000000 0.000000 0.000000 0.882864 375.000000
 38.000000 0.835173 334.766023 0.000000 0.000000 1.522699 6.090794 0.881768 377.000000
 38.250000 0.840393 339.324715 0.000000 0.000000 0.000000 0.000000 0.886820 378.000000
 38.500000 0.840141 341.802221 0.000000 0.000000 0.000000 0.000000 0.886368 381.000000
 38.750000 0.834575 336.286945 0.000000 0.000000 0.000000 0.000000 0.880799 376.000000
 39.000000 0.837006 338.276804 0.000000 0.000000 0.000000 0.000000 0.882877 373.000000
 39.250000 0.835912 342.891071 0.000000 0.000000 0.000000 0.000000 0.881760 385.000000
 39.500000 0.832908 338.802760 0.000000 0.000000 0.000000 0.000000 0.878732 378.000000
 39.750000 0.831025 337.691876 0.000000 0.000000 0.000000 0.000000 0.876873 380.000000
 40.000000 0.831807 335.667402 0.000000 0.000000 0.110622 0.442487 0.878042 378.000000
 40.250000 0.847862 354.683607 0.000000 0.000000 0.000000 0.000000 0.892976 389.000000
 40.500000 0.840566 345.095061 0.000000 0.000000 0.000000 0.000000 0.886865 382.000000
 40.750000 0.837018 335.995171 0.000000 0.000000 0.000023 0.000093 0.883306 370.000000
 41.000000 0.836782 340.932811 0.000000 0.000000 0.000000 0.000000 0.882811 377.000000
 41.250000 0.832905 339.347705 0.000000 0.000000 0.000000 0.000000 0.879446 383.000000
 41.500000 0.842117 350.694806 0.000000 0.000000 0.000000 0.000000 0.888382 394.000000
 41.750000 0.836799 343.384746 0.000000 0.000000 0.000000 0.000000 0.882836 386.000000
 42.000000 0.835311 341.439187 0.000000 0.000000 0.000000 0.000000 0.880955 384.000000
 42.250000 0.837141 340.063303 0.000000 0.000000 0.000000 0.000000 0.883775 384.000000
 42.500000 0.843123 347.442301 0.000000 0.000000 0.000000 0.000000 0.889546 385.000000
 42.750000 0.848157 351.502979 0.000000 0.000000 0.000000 0.000000 0.893699 386.000000
 43.000000 0.839388 342.478046 0.000000 0.000000 0.000000 0.000000 0.885847 384.000000
 43.250000 0.846734 357.359808 0.000000 0.000000 0.000000 0.000000 0.892565 396.000000
 43.500000 0.848125 355.546433 0.000000 0.000000 0.000000 0.000000 0.893969 387.000000
 43.750000 0.842941 350.707650 0.000000 0.000000 0.000000 0.000000 0.888943 387.000000
 44.000000 0.835252 335.650997 0.000000 0.000000 0.121803 0.487213 0.881726 381.000000
 44.250000 0.840964 344.420561 0.000000 0.000000 0.000000 0.000000 0.887251 386.000000
 44.500000 0.841612 339.012951 0.000000 0.000000 0.000000 0.000000 0.889074 380.000000
 44.750000 0.836434 334.189992 0.000000 0.000000 3.276128 13.104510 0.883832 378.000000
 45.000000 0.830406 334.798599 0.000000 0.000000 1.443364 5.773457 0.876733 385.000000
 45.250000 0.831013 336.764439 0.000000 0.000000 0.000000 0.000000 0.876807 380.000000
 45.500000 0.838154 344.868235 0.000000 0.000000 0.000000 0.000000 0.884309 383.000000
 45.750000 0.836295 341.631913 0.000000 0.000000 0.000000 0.000000 0.882706 382.000000
 46.000000 0.831018 335.658916 0.000000 0.000000 0.116338 0.465353 0.877413 382.000000
 46.250000 0.835217 341.420719 0.000000 0.000000 0.000000 0.000000 0.881730 383.000000
 46.500000 0.836929 336.908378 0.000000 0.000000 0.000000 0.000000 0.883889 380.000000
 46.750000 0.843615 347.796499 0.000000 0.000000 0.000000 0.000000 0.889772 384.000000
 47.000000 0.836939 335.763579 0.000000 0.000000 0.055895 0.223580 0.883543 367.000000
 47.250000 0.841016 343.045362 0.000000 0.000000 0.000000 0.000000 0.887329 377.000000
 47.500000 0.840349 343.949993 0.000000 0.000000 0.000000 0.000000 0.887402 379.000000
 47.750000 0.842124 342.228743 0.000000 0.000000 0.000000 0.000000 0.888801 379.000000
 48.000000 0.838212 336.578515 0.000000 0.000000 0.000000 0.000000 0.884922 369.000000
 48.250000 0.837929 341.886045 0.000000 0.000000 0.000000 0.000000 0.884022 375.000000
 48.500000 0.835528 337.555370 0.000000 0.000000 0.000000 0.000000 0.882343 380.000000
 48.750000 0.842177 345.954407 0.000000 0.000000 0.000000 0.000000 0.888280 379.000000
 49.000000 0.839787 341.063033 0.000000 0.000000 0.000000 0.000000 0.886091 383.000000
 49.250000 0.838973 339.826347 0.000000 0.000000 0.000000 0.000000 0.885503 379.000000
 49.500000 0.836671 335.126807 0.000000 0.000000 0.762467 3.049867 0.883466 376.000000
 49.750000 0.836924 337.156172 0.000000 0.000000 0.000000 0.000000 0.884180 381.000000
 50.000000 0.836133 335.133293 0.000000 0.000000 0.751182 3.004727 0.882647 380.000000
 50.250000 0.835198 336.020230 0.000000 0.000000 0.000000 0.000000 0.881822 381.000000
 50.500000 0.839507 339.214220 0.000000 0.000000 0.000000 0.000000 0.886529 379.000000
 50.750000 0.839479 336.558872 0.000000 0.000000 0.000000 0.000000 0.886686 376.000000
 51.000000 0.840556 338.908394 0.000000 0.000000 0.000000 0.000000 0.887078 377.000000
 51.250000 0.838563 335.456285 0.000000 0.000000 0.295626 1.182503 0.884674 372.000000
 51.500000 0.839679 336.776658 0.000000 0.000000 0.000000 0.000000 0.886759 376.000000
 51.750000 0.848773 350.509217 0.000000 0.000000 0.000000 0.000000 0.895146 383.000000
 52.000000 0.841724 341.351766 0.000000 0.000000 0.000000 0.000000 0.888120 383.000000
 52.250000 0.838466 336.481287 0.000000 0.000000 0.000000 0.000000 0.884971 374.000000
 52.500000 0.840033 338.733904 0.000000 0.000000 0.000000 0.000000 0.887133 380.000000
 52.750000 0.842184 341.619750 0.000000 0.000000 0.000000 0.000000 0.888895 383.000000
 53.000000 0.834510 335.095463 0.000000 0.000000 0.818186 3.272746 0.881430 379.000000
 53.250000 0.836753 335.068763 0.000000 0.000000 0.867202 3.468808 0.883734 381.000000
 53.500000 0.837367 334.738877 0.000000 0.000000 1.590430 6.361722 0.884941 372.000000
 53.750000 0.838139 338.480228 0.000000 0.000000 0.000000 0.000000 0.884824 378.000000
 54.000000 0.838505 336.554119 0.000000 0.000000 0.000000 0.000000 0.884969 367.000000
 54.250000 0.843692 336.307758 0.000000 0.000000 0.000000 0.000000 0.890696 375.000000
 54.500000 0.846245 346.733997 0.000000 0.000000 0.000000 0.000000 0.892981 383.000000
 54.750000 0.843034 341.240622 0.000000 0.000000 0.000000 0.000000 0.889344 373.000000
 55.000000 0.842314 343.734657 0.000000 0.000000 0.000000 0.000000 0.888508 376.000000
 55.250000 0.839620 337.729573 0.000000 0.000000 0.000000 0.000000 0.886810 382.000000
 55.500000 0.843094 342.858319 0.000000 0.000000 0.000000 0.000000 0.889996 380.000000
 55.750000 0.836435 336.533693 0.000000 0.000000 0.000000 0.000000 0.882920 377.000000
 56.000000 0.836854 338.532479 0.000000 0.000000 0.000000 0.000000 0.883449 380.000000
 56.250000 0.842363 343.793840 0.000000 0.000000 0.000000 0.000000 0.889039 384.000000
 56.500000 0.836442 341.911513 0.000000 0.000000 0.000000 0.000000 0.883471 377.000000
 56.750000 0.835301 335.338433 0.000000 0.000000 0.437671 1.750685 0.881612 375.000000
 57.000000 0.834109 335.438864 0.000000 0.000000 0.314874 1.259496 0.880987 379.000000
 57.250000 0.839080 336.261801 0.000000 0.000000 0.000000 0.000000 0.885759 370.000000
 57.500000 0.839231 335.354803 0.000000 0.000000 0.416279 1.665117 0.886120 374.000000
 57.750000 0.843467 335.764622 0.000000 0.000000 0.055403 0.221611 0.890140 369.000000
 58.000000 0.838173 335.324111 0.000000 0.000000 0.456827 1.827306 0.885718 377.000000
 58.250000 0.843892 345.782607 0.000000 0.000000 0.000000 0.000000 0.890585 377.000000
 58.500000 0.839965 339.067086 0.000000 0.000000 0.000000 0.000000 0.886504 374.000000
 58.750000 0.837747 334.254725 0.000000 0.000000 3.045986 12.183945 0.884495 375.000000
 59.000000 0.842050 335.853434 0.000000 0.000000 0.021482 0.085927 0.889235 375.000000
 59.250000 0.844015 339.605091 0.000000 0.000000 0.000000 0.000000 0.891057 368.000000
 59.500000 0.838003 336.055834 0.000000 0.000000 0.000000 0.000000 0.884679 375.000000
 59.750000 0.841306 340.204147 0.000000 0.000000 0.000000 0.000000 0.886997 377.000000
 60.000000 0.834887 335.214510 0.000000 0.000000 0.616994 2.467977 0.881846 383.000000
 60.250000 0.836684 335.258906 0.000000 0.000000 0.549220 2.196878 0.883734 371.000000
 60.500000 0.837380 338.435239 0.000000 0.000000 0.000000 0.000000 0.884069 378.000000
 60.750000 0.840330 338.161328 0.000000 0.000000 0.000000 0.000000 0.886235 375.000000
 61.000000 0.837288 337.539765 0.000000 0.000000 0.000000 0.000000 0.883495 373.000000
 61.250000 0.843479 345.643239 0.000000 0.000000 0.000000 0.000000 0.889503 380.000000
 61.500000 0.840568 338.672804 0.000000 0.000000 0.000000 0.000000 0.887290 372.000000
 61.750000 0.843149 342.718263 0.000000 0.000000 0.000000 0.000000 0.889224 374.000000
 62.000000 0.838781 341.125619 0.000000 0.000000 0.000000 0.000000 0.885281 379.000000
 62.250000 0.848108 348.257135 0.000000 0.000000 0.000000 0.000000 0.894312 378.000000
 62.500000 0.840924 337.628202 0.000000 0.000000 0.000000 0.000000 0.887695 373.000000
 62.750000 0.835305 338.793326 0.000000 0.000000 0.000000 0.000000 0.881945 374.000000
 63.000000 0.838430 338.126541 0.000000 0.000000 0.000000 0.000000 0.884497 374.000000
 63.250000 0.840277 340.890438 0.000000 0.000000 0.000000 0.000000 0.887094 368.000000
 63.500000 0.840354 337.863630 0.000000 0.000000 0.000000 0.000000 0.887591 378.000000
 63.750000 0.839071 340.538327 0.000000 0.000000 0.000000 0.000000 0.885029 377.000000
 64.000000 0.839197 339.294264 0.000000 0.000000 0.000000 0.000000 0.885391 368.000000
 64.250000 0.846714 342.732529 0.000000 0.000000 0.000000 0.000000 0.893347 376.000000
 64.500000 0.852490 354.208724 0.000000 0.000000 0.000000 0.000000 0.899323 385.000000
 64.750000 0.845168 345.022170 0.000000 0.000000 0.000000 0.000000 0.891930 382.000000
 65.000000 0.841862 340.901561 0.000000 0.000000 0.000000 0.000000 0.888006 369.000000
 65.250000 0.842768 343.662679 0.000000 0.000000 0.000000 0.000000 0.889029 378.000000
 65.500000 0.842043 340.476337 0.000000 0.000000 0.000000 0.000000 0.888308 372.000000
 65.750000 0.835117 335.291279 0.000000 0.000000 0.502285 2.009139 0.881631 371.000000
 66.000000 0.838696 338.625844 0.000000 0.000000 0.000000 0.000000 0.884690 368.000000
 66.250000 0.838058 339.933536 0.000000 0.000000 0.000000 0.000000 0.884602 371.000000
 66.500000 0.840117 342.076941 0.000000 0.000000 0.000000 0.000000 0.886524 373.000000
 66.750000 0.837292 336.058262 0.000000 0.000000 0.000000 0.000000 0.883392 368.000000
 67.000000 0.838459 343.359100 0.000000 0.000000 0.000000 0.000000 0.884723 378.000000
 67.250000 0.837440 336.616968 0.000000 0.000000 0.000000 0.000000 0.884025 371.000000
 67.500000 0.835268 335.450334 0.000000 0.000000 0.302133 1.208531 0.881783 374.000000
 67.750000 0.836812 337.717771 0.000000 0.000000 0.000000 0.000000 0.882844 370.000000
 68.000000 0.836137 334.493437 0.000000 0.000000 2.269732 9.078929 0.882748 377.000000
 68.250000 0.843291 341.174915 0.000000 0.000000 0.000000 0.000000 0.889833 379.000000
 68.500000 0.844459 346.417483 0.000000 0.000000 0.000000 0.000000 0.889921 381.000000
 68.750000 0.840714 340.741623 0.000000 0.000000 0.000000 0.000000 0.887180 386.000000
 69.000000 0.850032 349.940663 0.000000 0.000000 0.000000 0.000000 0.896350 387.000000
 69.250000 0.843359 341.041489 0.000000 0.000000 0.000000 0.000000 0.890143 374.000000
 69.500000 0.842675 345.970135 0.000000 0.000000 0.000000 0.000000 0.888429 377.000000
 69.750000 0.849539 356.157976 0.000000 0.000000 0.000000 0.000000 0.894919 395.000000
 70.000000 0.851857 357.657696 0.000000 0.000000 0.000000 0.000000 0.898093 394.000000
 70.250000 0.850177 349.383027 0.000000 0.000000 0.000000 0.000000 0.896290 383.000000
 70.500000 0.844265 344.134239 0.000000 0.000000 0.000000 0.000000 0.890161 386.000000
 70.750000 0.840588 342.464339 0.000000 0.000000 0.000000 0.000000 0.886840 389.000000
 71.000000 0.844500 344.665890 0.000000 0.000000 0.000000 0.000000 0.890949 381.000000
 71.250000 0.844786 348.528308 0.000000 0.000000 0.000000 0.000000 0.890922 382.000000
 71.500000 0.839083 344.087626 0.000000 0.000000 0.000000 0.000000 0.884992 381.000000
 71.750000 0.837972 336.988527 0.000000 0.000000 0.000000 0.000000 0.884133 376.000000
 72.000000 0.839998 342.347378 0.000000 0.000000 0.000000 0.000000 0.887065 378.000000
 72.250000 0.850146 354.899841 0.000000 0.000000 0.000000 0.000000 0.896421 389.000000
 72.500000 0.839558 337.569723 0.000000 0.000000 0.000000 0.000000 0.886370 385.000000
 72.750000 0.844050 348.943769 0.000000 0.000000 0.000000 0.000000 0.890249 390.000000
 73.000000 0.839085 337.243270 0.000000 0.000000 0.000000 0.000000 0.886040 376.000000
 73.250000 0.842042 341.702428 0.000000 0.000000 0.000000 0.000000 0.888321 374.000000
 73.500000 0.835194 340.688131 0.000000 0.000000 0.000000 0.000000 0.881311 390.000000
 73.750000 0.836435 340.008560 0.000000 0.000000 0.000000 0.000000 0.882390 377.000000
 74.000000 0.841593 342.222910 0.000000 0.000000 0.000000 0.000000 0.888021 381.000000
 74.250000 0.843387 346.981242 0.000000 0.000000 0.000000 0.000000 0.890217 389.000000
 74.500000 0.839927 340.311811 0.000000 0.000000 0.000000 0.000000 0.887125 381.000000
 74.750000 0.841352 342.185195 0.000000 0.000000 0.000000 0.000000 0.887771 378.000000
 75.000000 0.844675 344.638365 0.000000 0.000000 0.000000 0.000000 0.891227 379.000000
 75.250000 0.843712 342.598699 0.000000 0.000000 0.000000 0.000000 0.890782 376.000000
 75.500000 0.840469 336.552593 0.000000 0.000000 0.000000 0.000000 0.887507 378.000000
 75.750000 0.841517 340.973421 0.000000 0.000000 0.000000 0.000000 0.888818 380.000000
 76.000000 0.837728 335.688837 0.000000 0.000000 0.096822 0.387289 0.885222 371.000000
 76.250000 0.836005 333.418223 0.000000 0.000000 6.665572 26.662288 0.882504 364.000000
 76.500000 0.837244 335.741944 0.000000 0.000000 0.066593 0.266371 0.884121 377.000000
 76.750000 0.846554 344.256818 0.000000 0.000000 0.000000 0.000000 0.893585 382.000000
 77.000000 0.841843 338.380925 0.000000 0.000000 0.000000 0.000000 0.889148 375.000000
 77.250000 0.840009 337.402105 0.000000 0.000000 0.000000 0.000000 0.886368 374.000000
 77.500000 0.838682 334.877280 0.000000 0.000000 1.260499 5.041997 0.885511 366.000000
 77.750000 0.837930 333.932967 0.000000 0.000000 4.272626 17.090503 0.885183 370.000000
 78.000000 0.838461 336.266262 0.000000 0.000000 0.000000 0.000000 0.885685 381.000000
 78.250000 0.840969 335.779639 0.000000 0.000000 0.048559 0.194236 0.887756 369.000000
 78.500000 0.840891 334.892430 0.000000 0.000000 1.226711 4.906844 0.887829 369.000000
 78.750000 0.840794 335.168268 0.000000 0.000000 0.691777 2.767109 0.887444 371.000000
 79.000000 0.837742 335.494507 0.000000 0.000000 0.255523 1.022094 0.884283 371.000000
 79.250000 0.841312 335.592083 0.000000 0.000000 0.166396 0.665586 0.887914 367.000000
 79.500000 0.840888 335.184046 0.000000 0.000000 0.665780 2.663122 0.887475 374.000000
 79.750000 0.838346 334.614382 0.000000 0.000000 1.919937 7.679748 0.885018 367.000000
 80.000000 0.840548 338.140525 0.000000 0.000000 0.000000 0.000000 0.887133 379.000000
 80.250000 0.837923 335.390581 0.000000 0.000000 0.371391 1.485564 0.885291 377.000000
 80.500000 0.841380 337.933684 0.000000 0.000000 0.000000 0.000000 0.888324 375.000000
 80.750000 0.841428 336.937268 0.000000 0.000000 0.000000 0.000000 0.888052 372.000000
 81.000000 0.841985 334.115188 0.000000 0.000000 3.552518 14.210071 0.889065 369.000000
 81.250000 0.844135 335.077755 0.000000 0.000000 0.850536 3.402144 0.891506 368.000000
 81.500000 0.841688 335.399419 0.000000 0.000000 0.360698 1.442792 0.889114 375.000000
 81.750000 0.843413 332.203448 0.000000 0.000000 14.413807 57.655229 0.889942 361.000000
 82.000000 0.839716 332.819024 0.000000 0.000000 10.118607 40.474427 0.886969 369.000000
 82.250000 0.844380 336.459947 0.000000 0.000000 0.000000 0.000000 0.891040 366.000000
 82.500000 0.842032 334.599533 0.000000 0.000000 1.961309 7.845234 0.888585 375.000000
 82.750000 0.840346 335.627944 0.000000 0.000000 0.138425 0.553702 0.886995 376.000000
 83.000000 0.838656 334.062229 0.000000 0.000000 3.754958 15.019832 0.885589 370.000000
 83.250000 0.840914 337.193181 0.000000 0.000000 0.000000 0.000000 0.887769 371.000000
 83.500000 0.839483 336.124447 0.000000 0.000000 0.000000 0.000000 0.886428 372.000000
 83.750000 0.842237 337.562415 0.000000 0.000000 0.000000 0.000000 0.889814 370.000000
 84.000000 0.840367 335.334708 0.000000 0.000000 0.442614 1.770456 0.888065 373.000000
 84.250000 0.836824 333.431443 0.000000 0.000000 6.597486 26.389946 0.884047 368.000000
 84.500000 0.836387 334.797453 0.000000 0.000000 1.446120 5.784479 0.883146 370.000000
 84.750000 0.837101 339.003533 0.000000 0.000000 0.000000 0.000000 0.883895 376.000000
 85.000000 0.838343 334.094397 0.000000 0.000000 3.631323 14.525290 0.885526 369.000000
 85.250000 0.839334 333.971057 0.000000 0.000000 4.116610 16.466438 0.886742 370.000000
 85.500000 0.837983 334.375509 0.000000 0.000000 2.638972 10.555886 0.885192 369.000000
 85.750000 0.839344 337.677434 0.000000 0.000000 0.000000 0.000000 0.886483 371.000000
 86.000000 0.837599 335.301150 0.000000 0.000000 0.488391 1.953564 0.884854 375.000000
 86.250000 0.842214 338.479268 0.000000 0.000000 0.000000 0.000000 0.888623 365.000000
 86.500000 0.836822 336.093861 0.000000 0.000000 0.000000 0.000000 0.883822 377.000000
 86.750000 0.838195 336.418541 0.000000 0.000000 0.000000 0.000000 0.885078 369.000000
 87.000000 0.836402 333.932204 0.000000 0.000000 4.275779 17.103115 0.883700 369.000000
 87.250000 0.837253 334.703362 0.000000 0.000000 1.681269 6.725077 0.884440 368.000000
 87.500000 0.836534 334.783174 0.000000 0.000000 1.480665 5.922659 0.883206 367.000000
 87.750000 0.834059 334.664647 0.000000 0.000000 1.783167 7.132668 0.880703 373.000000
 88.000000 0.841037 338.351908 0.000000 0.000000 0.000000 0.000000 0.887831 371.000000
 88.250000 0.838573 337.312011 0.000000 0.000000 0.000000 0.000000 0.885648 381.000000
 88.500000 0.839268 334.983211 0.000000 0.000000 1.033860 4.135441 0.886102 368.000000
 88.750000 0.839670 339.269747 0.000000 0.000000 0.000000 0.000000 0.886574 381.000000
 89.000000 0.840584 334.620105 0.000000 0.000000 1.904111 7.616444 0.887295 372.000000
 89.250000 0.847713 345.431859 0.000000 0.000000 0.000000 0.000000 0.894499 387.000000
 89.500000 0.841995 338.518588 0.000000 0.000000 0.000000 0.000000 0.888850 374.000000
 89.750000 0.839265 335.266955 0.000000 0.000000 0.537355 2.149421 0.885960 376.000000
 90.000000 0.844888 342.738639 0.000000 0.000000 0.000000 0.000000 0.892208 384.000000
 90.250000 0.841189 334.783458 0.000000 0.000000 1.479975 5.919898 0.888594 377.000000
 90.500000 0.839085 335.709840 0.000000 0.000000 0.084193 0.336770 0.886158 370.000000
 90.750000 0.840937 335.929369 0.000000 0.000000 0.004989 0.019955 0.888126 374.000000
 91.000000 0.844335 340.652114 0.000000 0.000000 0.000000 0.000000 0.891066 375.000000
 91.250000 0.838075 335.527819 0.000000 0.000000 0.222955 0.891821 0.884769 374.000000
 91.500000 0.841415 336.492366 0.000000 0.000000 0.000000 0.000000 0.888024 370.000000
 91.750000 0.842090 340.400422 0.000000 0.000000 0.000000 0.000000 0.889183 373.400995
 92.000000 0.845886 339.573372 0.000000 0.000000 0.000000 0.000000 0.892780 380.000000
 92.250000 0.842606 336.354502 0.000000 0.000000 0.000000 0.000000 0.889618 369.000000
 92.500000 0.842546 338.384209 0.000000 0.000000 0.000000 0.000000 0.889407 373.000000
 92.750000 0.839421 335.990712 0.000000 0.000000 0.000086 0.000345 0.886241 368.000000
 93.000000 0.835236 337.365304 0.000000 0.000000 0.000000 0.000000 0.881875 373.000000
 93.250000 0.837449 334.761463 0.000000 0.000000 1.533975 6.135900 0.883427 369.000000
 93.500000 0.839834 340.737739 0.000000 0.000000 0.000000 0.000000 0.886515 379.000000
 93.750000 0.840178 336.339803 0.000000 0.000000 0.000000 0.000000 0.887207 378.000000
 94.000000 0.841031 341.276655 0.000000 0.000000 0.000000 0.000000 0.887421 381.000000
 94.250000 0.835327 335.193498 0.000000 0.000000 0.650445 2.601780 0.881604 375.000000
 94.500000 0.835643 335.319479 0.000000 0.000000 0.463108 1.852434 0.882835 372.000000
 94.750000 0.840856 337.690671 0.000000 0.000000 0.000000 0.000000 0.887888 374.000000
 95.000000 0.837772 335.582443 0.000000 0.000000 0.174354 0.697415 0.884599 374.000000
 95.250000 0.836803 336.042892 0.000000 0.000000 0.000000 0.000000 0.882906 373.000000
 95.500000 0.841616 342.233634 0.000000 0.000000 0.000000 0.000000 0.888267 377.000000
 95.750000 0.848986 347.994857 0.000000 0.000000 0.000000 0.000000 0.895856 377.000000
 96.000000 0.840125 337.071555 0.000000 0.000000 0.000000 0.000000 0.887229 371.000000
 96.250000 0.834664 334.305553 0.000000 0.000000 2.871150 11.484598 0.881117 373.000000
 96.500000 0.839771 336.950675 0.000000 0.000000 0.000000 0.000000 0.886499 370.000000
 96.750000 0.842353 338.821397 0.000000 0.000000 0.000000 0.000000 0.889208 373.000000
 97.000000 0.837922 335.655780 0.000000 0.000000 0.118488 0.473951 0.884395 375.000000
 97.250000 0.840092 337.913971 0.000000 0.000000 0.000000 0.000000 0.887031 378.000000
 97.500000 0.844712 341.285256 0.000000 0.000000 0.000000 0.000000 0.891407 381.000000
 97.750000 0.842488 336.847922 0.000000 0.000000 0.000000 0.000000 0.889613 372.000000
 98.000000 0.841907 337.619881 0.000000 0.000000 0.000000 0.000000 0.888940 379.000000
 98.250000 0.841095 335.113226 0.000000 0.000000 0.786367 3.145469 0.887648 368.000000
 98.500000 0.839934 335.084113 0.000000 0.000000 0.838850 3.355398 0.886384 375.000000
 98.750000 0.843505 339.725136 0.000000 0.000000 0.000000 0.000000 0.890651 384.000000
 99.000000 0.844697 340.752563 0.000000 0.000000 0.000000 0.000000 0.891964 387.000000
 99.250000 0.843390 337.091441 0.000000 0.000000 0.000000 0.000000 0.889859 377.000000
 99.500000 0.840042 339.888943 0.000000 0.000000 0.000000 0.000000 0.886377 373.000000
 99.750000 0.842967 339.909158 0.000000 0.000000 0.000000 0.000000 0.889199 377.000000
 100.000000 0.844025 336.589459 0.000000 0.000000 0.000000 0.000000 0.890623 377.000000
 100.250000 0.842752 339.569945 0.000000 0.000000 0.000000 0.000000 0.889827 382.000000
 100.500000 0.841123 337.666043 0.000000 0.000000 0.000000 0.000000 0.887898 380.000000
 100.750000 0.838988 334.938878 0.000000 0.000000 1.125980 4.503922 0.885428 371.000000
