#! FIELDS time refcv.mean refcv.morethan uwall.bias uwall.force2 lwall.bias lwall.force2 refcv2.mean refcv2.morethan
 0.500000 1.016973 474.153189 0.000000 0.000000 0.000000 0.000000 1.016973 459.000000
 0.750000 1.008956 469.263327 0.000000 0.000000 0.000000 0.000000 1.008956 455.000000
 1.000000 1.004930 464.322338 0.000000 0.000000 0.000000 0.000000 1.004930 462.000000
 1.250000 1.000888 460.530415 0.000000 0.000000 0.000000 0.000000 1.000888 456.000000
 1.500000 1.005658 467.962988 0.000000 0.000000 0.000000 0.000000 1.005658 465.000000
 1.750000 1.004027 468.514800 0.000000 0.000000 0.000000 0.000000 1.004027 463.000000
 2.000000 1.004866 466.959953 0.000000 0.000000 0.000000 0.000000 1.004866 451.000000
 2.250000 1.004808 463.649913 0.000000 0.000000 0.000000 0.000000 1.004808 452.000000
 2.500000 1.002942 461.277473 0.000000 0.000000 0.000000 0.000000 1.002942 455.000000
 2.750000 1.001198 462.453263 0.000000 0.000000 0.000000 0.000000 1.001198 454.000000
 3.000000 1.006429 472.740327 0.000000 0.000000 0.000000 0.000000 1.006429 461.000000
 3.250000 1.009331 477.480897 0.000000 0.000000 0.000000 0.000000 1.009331 460.000000
 3.500000 1.006927 472.677699 0.000000 0.000000 0.000000 0.000000 1.006927 463.000000
 3.750000 1.000997 463.510148 0.000000 0.000000 0.000000 0.000000 1.000997 457.000000
 4.000000 1.000930 472.114831 0.000000 0.000000 0.000000 0.000000 1.000930 472.000000
 4.250000 1.007605 476.905261 0.000000 0.000000 0.000000 0.000000 1.007605 463.000000
 4.500000 1.005799 471.226892 0.000000 0.000000 0.000000 0.000000 1.005799 458.000000
 4.750000 1.004529 467.714345 0.000000 0.000000 0.000000 0.000000 1.004529 462.000000
 5.000000 1.003791 470.536336 0.000000 0.000000 0.000000 0.000000 1.003791 464.000000
 5.250000 1.005256 464.987363 0.000000 0.000000 0.000000 0.000000 1.005256 458.000000
 5.500000 1.005170 470.601087 0.000000 0.000000 0.000000 0.000000 1.005170 462.000000
 5.750000 1.005284 472.084146 0.000000 0.000000 0.000000 0.000000 1.005284 467.000000
 6.000000 1.005494 473.791269 0.000000 0.000000 0.000000 0.000000 1.005494 464.000000
 6.250000 1.007375 477.577821 0.000000 0.000000 0.000000 0.000000 1.007375 470.000000
 6.500000 1.009199 478.058893 0.000000 0.000000 0.000000 0.000000 1.009199 469.000000
 6.750000 1.008468 476.990208 0.000000 0.000000 0.000000 0.000000 1.008468 469.000000
 7.000000 1.005044 469.752340 0.000000 0.000000 0.000000 0.000000 1.005044 462.000000
 7.250000 1.009317 475.385227 0.000000 0.000000 0.000000 0.000000 1.009317 465.000000
 7.500000 1.008552 477.679446 0.000000 0.000000 0.000000 0.000000 1.008552 467.000000
 7.750000 1.010843 477.591808 0.000000 0.000000 0.000000 0.000000 1.010843 470.000000
 8.000000 1.009061 472.346255 0.000000 0.000000 0.000000 0.000000 1.009061 465.000000
 8.250000 1.008216 472.725041 0.000000 0.000000 0.000000 0.000000 1.008216 464.000000
 8.500000 1.004739 469.091836 0.000000 0.000000 0.000000 0.000000 1.004739 458.000000
 8.750000 1.006041 466.960944 0.000000 0.000000 0.000000 0.000000 1.006041 458.000000
 9.000000 1.017237 485.504456 0.000000 0.000000 0.000000 0.000000 1.017237 466.000000
 9.250000 1.011226 477.165394 0.000000 0.000000 0.000000 0.000000 1.011226 466.000000
 9.500000 1.008695 469.889163 0.000000 0.000000 0.000000 0.000000 1.008695 459.000000
 9.750000 1.010824 474.733859 0.000000 0.000000 0.000000 0.000000 1.010824 461.000000
 10.000000 1.011300 478.144568 0.000000 0.000000 0.000000 0.000000 1.011300 471.000000
 10.250000 1.008538 473.440402 0.000000 0.000000 0.000000 0.000000 1.008538 462.000000
 10.500000 1.011888 480.916653 0.000000 0.000000 0.000000 0.000000 1.011888 465.000000
 10.750000 1.011779 481.206445 0.000000 0.000000 0.000000 0.000000 1.011779 468.000000
 11.000000 1.010197 480.500971 0.000000 0.000000 0.000000 0.000000 1.010197 466.000000
 11.250000 1.012789 477.835287 0.000000 0.000000 0.000000 0.000000 1.012789 466.000000
 11.500000 1.010143 480.992589 0.000000 0.000000 0.000000 0.000000 1.010143 475.000000
 11.750000 1.006470 473.829868 0.000000 0.000000 0.000000 0.000000 1.006470 464.000000
 12.000000 1.005312 471.842730 0.000000 0.000000 0.000000 0.000000 1.005312 464.000000
 12.250000 1.010620 477.996854 0.000000 0.000000 0.000000 0.000000 1.010620 470.000000
 12.500000 1.010687 479.925551 0.000000 0.000000 0.000000 0.000000 1.010687 468.000000
 12.750000 1.007300 474.791845 0.000000 0.000000 0.000000 0.000000 1.007300 462.000000
 13.000000 1.011039 480.165247 0.000000 0.000000 0.000000 0.000000 1.011039 469.000000
 13.250000 1.006454 471.721548 0.000000 0.000000 0.000000 0.000000 1.006454 465.000000
 13.500000 1.006767 469.927359 0.000000 0.000000 0.000000 0.000000 1.006767 458.000000
 13.750000 1.008898 481.038865 0.000000 0.000000 0.000000 0.000000 1.008898 475.000000
 14.000000 1.015229 487.186926 1.408793 5.635172 0.000000 0.000000 1.015229 474.000000
 14.250000 1.008339 480.760378 0.000000 0.000000 0.000000 0.000000 1.008339 476.000000
 14.500000 1.006607 476.424102 0.000000 0.000000 0.000000 0.000000 1.006607 468.000000
 14.750000 1.011147 483.006606 0.000000 0.000000 0.000000 0.000000 1.011147 476.000000
 15.000000 1.010704 481.580783 0.000000 0.000000 0.000000 0.000000 1.010704 473.000000
 15.250000 1.006693 476.407243 0.000000 0.000000 0.000000 0.000000 1.006693 468.000000
 15.500000 1.011098 485.825228 0.000000 0.000000 0.000000 0.000000 1.011098 472.000000
 15.750000 1.013952 481.302136 0.000000 0.000000 0.000000 0.000000 1.013952 469.000000
 16.000000 1.010961 484.110375 0.000000 0.000000 0.000000 0.000000 1.010961 473.000000
 16.250000 1.008697 478.121270 0.000000 0.000000 0.000000 0.000000 1.008697 469.000000
 16.500000 1.014169 481.625665 0.000000 0.000000 0.000000 0.000000 1.014169 475.000000
 16.750000 1.013263 483.582819 0.000000 0.000000 0.000000 0.000000 1.013263 476.000000
 17.000000 1.012511 484.599027 0.000000 0.000000 0.000000 0.000000 1.012511 475.000000
 17.250000 1.008259 476.011226 0.000000 0.000000 0.000000 0.000000 1.008259 468.000000
 17.500000 1.010374 476.116086 0.000000 0.000000 0.000000 0.000000 1.010374 470.000000
 17.750000 1.008529 478.311209 0.000000 0.000000 0.000000 0.000000 1.008529 471.000000
 18.000000 1.011373 483.560534 0.000000 0.000000 0.000000 0.000000 1.011373 471.000000
 18.250000 1.009829 479.694809 0.000000 0.000000 0.000000 0.000000 1.009829 474.000000
 18.500000 1.007052 473.539363 0.000000 0.000000 0.000000 0.000000 1.007052 472.000000
 18.750000 1.013900 483.734150 0.000000 0.000000 0.000000 0.000000 1.013900 468.000000
 19.000000 1.011354 475.430813 0.000000 0.000000 0.000000 0.000000 1.011354 464.000000
 19.250000 1.009137 481.585716 0.000000 0.000000 0.000000 0.000000 1.009137 471.000000
 19.500000 1.010813 480.476467 0.000000 0.000000 0.000000 0.000000 1.010813 473.000000
 19.750000 1.014330 486.418414 0.175071 0.700283 0.000000 0.000000 1.014330 473.000000
 20.000000 1.011780 483.506802 0.000000 0.000000 0.000000 0.000000 1.011780 472.000000
 20.250000 1.011225 485.100672 0.000000 0.000000 0.000000 0.000000 1.011225 479.000000
 20.500000 1.011304 479.825584 0.000000 0.000000 0.000000 0.000000 1.011304 468.000000
 20.750000 1.012472 484.294711 0.000000 0.000000 0.000000 0.000000 1.012472 470.000000
 21.000000 1.006976 471.092556 0.000000 0.000000 0.000000 0.000000 1.006976 457.000000
 21.250000 1.011487 481.796870 0.000000 0.000000 0.000000 0.000000 1.011487 465.000000
 21.500000 1.012753 484.449661 0.000000 0.000000 0.000000 0.000000 1.012753 475.000000
 21.750000 1.006238 472.441191 0.000000 0.000000 0.000000 0.000000 1.006238 469.000000
 22.000000 1.008167 474.481428 0.000000 0.000000 0.000000 0.000000 1.008167 463.000000
 22.250000 1.005516 467.266102 0.000000 0.000000 0.000000 0.000000 1.005516 463.000000
 22.500000 1.006395 470.457281 0.000000 0.000000 0.000000 0.000000 1.006395 464.000000
 22.750000 1.003662 463.407897 0.000000 0.000000 0.000000 0.000000 1.003662 458.000000
 23.000000 1.006896 473.785860 0.000000 0.000000 0.000000 0.000000 1.006896 467.000000
 23.250000 1.009871 477.680625 0.000000 0.000000 0.000000 0.000000 1.009871 461.000000
 23.500000 1.008569 471.632742 0.000000 0.000000 0.000000 0.000000 1.008569 465.000000
 23.750000 1.004429 466.788553 0.000000 0.000000 0.000000 0.000000 1.004429 462.000000
 24.000000 1.004200 468.945917 0.000000 0.000000 0.000000 0.000000 1.004200 465.000000
 24.250000 1.007118 465.587492 0.000000 0.000000 0.000000 0.000000 1.007118 457.000000
 24.500000 1.012694 480.460784 0.000000 0.000000 0.000000 0.000000 1.012694 470.000000
 24.750000 1.008396 470.407190 0.000000 0.000000 0.000000 0.000000 1.008396 466.000000
 25.000000 1.006302 470.483809 0.000000 0.000000 0.000000 0.000000 1.006302 469.000000
 25.250000 1.008258 479.734304 0.000000 0.000000 0.000000 0.000000 1.008258 469.000000
 25.500000 1.010996 479.661615 0.000000 0.000000 0.000000 0.000000 1.010996 472.000000
 25.750000 1.005860 471.631817 0.000000 0.000000 0.000000 0.000000 1.005860 467.000000
 26.000000 1.010824 482.338234 0.000000 0.000000 0.000000 0.000000 1.010824 475.000000
 26.250000 1.011302 484.069691 0.000000 0.000000 0.000000 0.000000 1.011302 477.000000
 26.500000 1.011331 476.099852 0.000000 0.000000 0.000000 0.000000 1.011331 464.000000
 26.750000 1.008013 472.922558 0.000000 0.000000 0.000000 0.000000 1.008013 460.000000
 27.000000 1.007488 471.745893 0.000000 0.000000 0.000000 0.000000 1.007488 460.000000
 27.250000 1.008586 472.875926 0.000000 0.000000 0.000000 0.000000 1.008586 461.000000
 27.500000 1.006830 478.126624 0.000000 0.000000 0.000000 0.000000 1.006830 471.000000
 27.750000 1.002973 468.658763 0.000000 0.000000 0.000000 0.000000 1.002973 464.000000
 28.000000 1.006254 473.173780 0.000000 0.000000 0.000000 0.000000 1.006254 463.000000
 28.250000 1.007797 471.772125 0.000000 0.000000 0.000000 0.000000 1.007797 466.000000
 28.500000 1.004483 467.341610 0.000000 0.000000 0.000000 0.000000 1.004483 461.000000
 28.750000 1.011334 478.978775 0.000000 0.000000 0.000000 0.000000 1.011334 469.000000
 29.000000 1.010948 477.213825 0.000000 0.000000 0.000000 0.000000 1.010948 472.000000
 29.250000 1.004294 469.566169 0.000000 0.000000 0.000000 0.000000 1.004294 462.000000
 29.500000 1.004231 469.011245 0.000000 0.000000 0.000000 0.000000 1.004231 465.000000
 29.750000 1.009720 475.432055 0.000000 0.000000 0.000000 0.000000 1.009720 472.000000
 30.000000 1.012000 479.629555 0.000000 0.000000 0.000000 0.000000 1.012000 474.000000
 30.250000 1.012679 483.536407 0.000000 0.000000 0.000000 0.000000 1.012679 475.000000
 30.500000 1.010958 482.056063 0.000000 0.000000 0.000000 0.000000 1.010958 471.000000
 30.750000 1.006560 471.318522 0.000000 0.000000 0.000000 0.000000 1.006560 467.000000
 31.000000 1.007123 476.904503 0.000000 0.000000 0.000000 0.000000 1.007123 471.000000
 31.250000 1.007387 470.810461 0.000000 0.000000 0.000000 0.000000 1.007387 466.000000
 31.500000 1.011699 476.255729 0.000000 0.000000 0.000000 0.000000 1.011699 463.000000
 31.750000 1.006671 467.938417 0.000000 0.000000 0.000000 0.000000 1.006671 457.000000
 32.000000 1.008532 475.962676 0.000000 0.000000 0.000000 0.000000 1.008532 470.000000
 32.250000 1.007008 469.588243 0.000000 0.000000 0.000000 0.000000 1.007008 466.000000
 32.500000 1.009878 475.881935 0.000000 0.000000 0.000000 0.000000 1.009878 471.000000
 32.750000 1.008764 472.592618 0.000000 0.000000 0.000000 0.000000 1.008764 467.000000
 33.000000 1.006547 475.642336 0.000000 0.000000 0.000000 0.000000 1.006547 475.000000
 33.250000 1.005106 471.468199 0.000000 0.000000 0.000000 0.000000 1.005106 466.000000
 33.500000 1.010912 482.695489 0.000000 0.000000 0.000000 0.000000 1.010912 479.000000
 33.750000 1.003853 474.860008 0.000000 0.000000 0.000000 0.000000 1.003853 472.000000
 34.000000 1.007284 478.932388 0.000000 0.000000 0.000000 0.000000 1.007284 469.000000
 34.250000 1.011370 484.323709 0.000000 0.000000 0.000000 0.000000 1.011370 473.000000
 34.500000 1.011509 479.529392 0.000000 0.000000 0.000000 0.000000 1.011509 474.000000
 34.750000 1.007738 477.122090 0.000000 0.000000 0.000000 0.000000 1.007738 474.000000
 35.000000 1.004623 470.510821 0.000000 0.000000 0.000000 0.000000 1.004623 462.000000
 35.250000 1.010083 474.776434 0.000000 0.000000 0.000000 0.000000 1.010083 466.000000
 35.500000 1.009129 474.379245 0.000000 0.000000 0.000000 0.000000 1.009129 463.000000
 35.750000 1.000572 467.237022 0.000000 0.000000 0.000000 0.000000 1.000572 465.000000
 36.000000 1.000053 464.222020 0.000000 0.000000 0.000000 0.000000 1.000053 458.000000
 36.250000 1.007169 469.199760 0.000000 0.000000 0.000000 0.000000 1.007169 468.000000
 36.500000 1.007634 475.723863 0.000000 0.000000 0.000000 0.000000 1.007634 472.000000
 36.750000 1.008477 477.716177 0.000000 0.000000 0.000000 0.000000 1.008477 470.000000
 37.000000 1.009439 478.476042 0.000000 0.000000 0.000000 0.000000 1.009439 468.000000
 37.250000 1.004550 473.234639 0.000000 0.000000 0.000000 0.000000 1.004550 475.000000
 37.500000 1.001839 463.930817 0.000000 0.000000 0.000000 0.000000 1.001839 467.000000
 37.750000 1.008939 479.605737 0.000000 0.000000 0.000000 0.000000 1.008939 475.000000
 38.000000 1.011656 483.403322 0.000000 0.000000 0.000000 0.000000 1.011656 477.000000
 38.250000 1.009608 477.737552 0.000000 0.000000 0.000000 0.000000 1.009608 473.000000
 38.500000 1.007825 473.730571 0.000000 0.000000 0.000000 0.000000 1.007825 473.000000
 38.750000 1.008023 476.853221 0.000000 0.000000 0.000000 0.000000 1.008023 472.000000
 39.000000 1.012227 480.982488 0.000000 0.000000 0.000000 0.000000 1.012227 473.000000
 39.250000 1.007965 477.573062 0.000000 0.000000 0.000000 0.000000 1.007965 469.000000
 39.500000 1.005699 469.611873 0.000000 0.000000 0.000000 0.000000 1.005699 462.000000
 39.750000 1.005370 470.404400 0.000000 0.000000 0.000000 0.000000 1.005370 467.000000
 40.000000 1.010646 478.963035 0.000000 0.000000 0.000000 0.000000 1.010646 466.000000
 40.250000 1.003528 468.090459 0.000000 0.000000 0.000000 0.000000 1.003528 465.000000
 40.500000 0.998654 457.042144 0.000000 0.000000 0.000000 0.000000 0.998654 457.000000
 40.750000 1.006923 479.959740 0.000000 0.000000 0.000000 0.000000 1.006923 474.000000
 41.000000 1.009199 480.251678 0.000000 0.000000 0.000000 0.000000 1.009199 470.000000
 41.250000 1.011019 484.387001 0.000000 0.000000 0.000000 0.000000 1.011019 471.000000
 41.500000 1.009763 479.652697 0.000000 0.000000 0.000000 0.000000 1.009763 468.000000
 41.750000 1.007716 473.831928 0.000000 0.000000 0.000000 0.000000 1.007716 468.000000
 42.000000 1.005904 473.224087 0.000000 0.000000 0.000000 0.000000 1.005904 466.000000
 42.250000 1.012441 487.565972 2.452268 9.809073 0.000000 0.000000 1.012441 476.000000
 42.500000 1.009521 477.252144 0.000000 0.000000 0.000000 0.000000 1.009521 467.000000
 42.750000 1.007793 477.155752 0.000000 0.000000 0.000000 0.000000 1.007793 474.000000
 43.000000 1.006647 470.573777 0.000000 0.000000 0.000000 0.000000 1.006647 460.000000
 43.250000 1.010490 482.269389 0.000000 0.000000 0.000000 0.000000 1.010490 473.000000
 43.500000 1.005076 469.430383 0.000000 0.000000 0.000000 0.000000 1.005076 461.000000
 43.750000 1.005598 476.652406 0.000000 0.000000 0.000000 0.000000 1.005598 470.000000
 44.000000 1.009210 477.082173 0.000000 0.000000 0.000000 0.000000 1.009210 465.000000
 44.250000 1.012753 486.568217 0.322871 1.291483 0.000000 0.000000 1.012753 479.000000
 44.500000 1.005554 473.127628 0.000000 0.000000 0.000000 0.000000 1.005554 465.000000
 44.750000 1.004535 469.821904 0.000000 0.000000 0.000000 0.000000 1.004535 464.000000
 45.000000 1.007269 472.914830 0.000000 0.000000 0.000000 0.000000 1.007269 467.000000
 45.250000 1.007591 472.673962 0.000000 0.000000 0.000000 0.000000 1.007591 462.000000
 45.500000 1.003144 467.516666 0.000000 0.000000 0.000000 0.000000 1.003144 458.000000
 45.750000 1.002949 464.467266 0.000000 0.000000 0.000000 0.000000 1.002949 458.000000
 46.000000 1.008030 474.748244 0.000000 0.000000 0.000000 0.000000 1.008030 467.000000
 46.250000 1.006147 473.217240 0.000000 0.000000 0.000000 0.000000 1.006147 463.000000
 46.500000 1.004539 467.953022 0.000000 0.000000 0.000000 0.000000 1.004539 463.000000
 46.750000 1.008833 471.950002 0.000000 0.000000 0.000000 0.000000 1.008833 463.000000
 47.000000 1.010082 475.171751 0.000000 0.000000 0.000000 0.000000 1.010082 477.000000
 47.250000 1.005851 475.806092 0.000000 0.000000 0.000000 0.000000 1.005851 475.000000
 47.500000 1.008815 473.539955 0.000000 0.000000 0.000000 0.000000 1.008815 468.000000
 47.750000 1.011461 479.004092 0.000000 0.000000 0.000000 0.000000 1.011461 463.000000
 48.000000 1.014757 482.233397 0.000000 0.000000 0.000000 0.000000 1.014757 474.000000
 48.250000 1.009453 474.142164 0.000000 0.000000 0.000000 0.000000 1.009453 464.000000
 48.500000 1.006712 474.268310 0.000000 0.000000 0.000000 0.000000 1.006712 463.000000
 48.750000 1.010433 476.296557 0.000000 0.000000 0.000000 0.000000 1.010433 469.000000
 49.000000 1.006785 465.558943 0.000000 0.000000 0.000000 0.000000 1.006785 454.000000
 49.250000 1.005218 467.368546 0.000000 0.000000 0.000000 0.000000 1.005218 464.000000
 49.500000 1.008322 470.586791 0.000000 0.000000 0.000000 0.000000 1.008322 458.000000
 49.750000 1.011872 478.096286 0.000000 0.000000 0.000000 0.000000 1.011872 468.000000
 50.000000 1.012990 481.110409 0.000000 0.000000 0.000000 0.000000 1.012990 472.000000
 50.250000 1.005946 468.967199 0.000000 0.000000 0.000000 0.000000 1.005946 460.000000
 50.500000 1.006422 470.299776 0.000000 0.000000 0.000000 0.000000 1.006422 461.000000
 50.750000 1.011078 476.604647 0.000000 0.000000 0.000000 0.000000 1.011078 464.000000
 51.000000 1.014583 478.935539 0.000000 0.000000 0.000000 0.000000 1.014583 463.000000
 51.250000 1.007316 467.686622 0.000000 0.000000 0.000000 0.000000 1.007316 461.000000
 51.500000 1.003672 461.858823 0.000000 0.000000 0.000000 0.000000 1.003672 453.000000
 51.750000 1.005780 469.227095 0.000000 0.000000 0.000000 0.000000 1.005780 463.000000
 52.000000 1.009833 475.765686 0.000000 0.000000 0.000000 0.000000 1.009833 464.000000
 52.250000 1.010217 474.246897 0.000000 0.000000 0.000000 0.000000 1.010217 466.000000
 52.500000 1.011131 478.259973 0.000000 0.000000 0.000000 0.000000 1.011131 465.000000
 52.750000 1.014012 481.005607 0.000000 0.000000 0.000000 0.000000 1.014012 462.000000
 53.000000 1.012934 474.829880 0.000000 0.000000 0.000000 0.000000 1.012934 460.000000
 53.250000 1.008676 471.303284 0.000000 0.000000 0.000000 0.000000 1.008676 453.000000
 53.500000 1.007934 470.185366 0.000000 0.000000 0.000000 0.000000 1.007934 465.000000
 53.750000 1.010249 472.324375 0.000000 0.000000 0.000000 0.000000 1.010249 458.000000
 54.000000 1.013187 476.312046 0.000000 0.000000 0.000000 0.000000 1.013187 463.000000
 54.250000 1.010731 476.486467 0.000000 0.000000 0.000000 0.000000 1.010731 464.000000
 54.500000 1.009999 476.146600 0.000000 0.000000 0.000000 0.000000 1.009999 465.000000
 54.750000 1.007252 474.547335 0.000000 0.000000 0.000000 0.000000 1.007252 469.000000
 55.000000 1.010957 474.060998 0.000000 0.000000 0.000000 0.000000 1.010957 466.000000
 55.250000 1.009384 479.356799 0.000000 0.000000 0.000000 0.000000 1.009384 469.000000
 55.500000 1.006997 474.476581 0.000000 0.000000 0.000000 0.000000 1.006997 467.000000
 55.750000 1.010160 474.181198 0.000000 0.000000 0.000000 0.000000 1.010160 468.000000
 56.000000 1.014848 484.122376 0.000000 0.000000 0.000000 0.000000 1.014848 476.000000
 56.250000 1.006027 473.183800 0.000000 0.000000 0.000000 0.000000 1.006027 467.000000
 56.500000 0.999705 461.710968 0.000000 0.000000 0.000000 0.000000 0.999705 457.000000
 56.750000 1.011349 484.274010 0.000000 0.000000 0.000000 0.000000 1.011349 476.000000
 57.000000 1.010654 472.385437 0.000000 0.000000 0.000000 0.000000 1.010654 467.000000
 57.250000 1.011482 481.380935 0.000000 0.000000 0.000000 0.000000 1.011482 471.000000
 57.500000 1.008024 477.307001 0.000000 0.000000 0.000000 0.000000 1.008024 470.000000
 57.750000 1.013569 477.998769 0.000000 0.000000 0.000000 0.000000 1.013569 463.000000
 58.000000 1.011797 479.117828 0.000000 0.000000 0.000000 0.000000 1.011797 471.000000
 58.250000 1.008676 477.180889 0.000000 0.000000 0.000000 0.000000 1.008676 468.000000
 58.500000 1.012400 485.246465 0.000000 0.000000 0.000000 0.000000 1.012400 476.000000
 58.750000 1.014253 485.992660 0.000000 0.000000 0.000000 0.000000 1.014253 473.000000
 59.000000 1.014767 484.732177 0.000000 0.000000 0.000000 0.000000 1.014767 470.000000
 59.250000 1.009753 480.068326 0.000000 0.000000 0.000000 0.000000 1.009753 470.000000
 59.500000 1.007669 475.024583 0.000000 0.000000 0.000000 0.000000 1.007669 467.000000
 59.750000 1.014466 480.365483 0.000000 0.000000 0.000000 0.000000 1.014466 471.000000
 60.000000 1.013867 483.330911 0.000000 0.000000 0.000000 0.000000 1.013867 478.000000
 60.250000 1.009248 481.647939 0.000000 0.000000 0.000000 0.000000 1.009248 472.000000
 60.500000 1.007765 472.899802 0.000000 0.000000 0.000000 0.000000 1.007765 463.000000
 60.750000 1.009500 474.325701 0.000000 0.000000 0.000000 0.000000 1.009500 468.000000
 61.000000 1.013036 479.369667 0.000000 0.000000 0.000000 0.000000 1.013036 467.000000
 61.250000 1.007162 471.064104 0.000000 0.000000 0.000000 0.000000 1.007162 466.000000
 61.500000 1.008948 471.716814 0.000000 0.000000 0.000000 0.000000 1.008948 462.000000
 61.750000 1.011707 480.139804 0.000000 0.000000 0.000000 0.000000 1.011707 473.000000
 62.000000 1.013573 484.409788 0.000000 0.000000 0.000000 0.000000 1.013573 473.000000
 62.250000 1.013810 483.936005 0.000000 0.000000 0.000000 0.000000 1.013810 480.000000
 62.500000 1.011628 478.709811 0.000000 0.000000 0.000000 0.000000 1.011628 474.000000
 62.750000 1.012775 477.367167 0.000000 0.000000 0.000000 0.000000 1.012775 467.000000
 63.000000 1.013021 484.903871 0.000000 0.000000 0.000000 0.000000 1.013021 477.000000
 63.250000 1.010095 477.088015 0.000000 0.000000 0.000000 0.000000 1.010095 470.000000
 63.500000 1.013695 482.260136 0.000000 0.000000 0.000000 0.000000 1.013695 466.000000
 63.750000 1.013528 483.692975 0.000000 0.000000 0.000000 0.000000 1.013528 470.000000
 64.000000 1.009931 477.696101 0.000000 0.000000 0.000000 0.000000 1.009931 463.000000
 64.250000 1.010062 479.457907 0.000000 0.000000 0.000000 0.000000 1.010062 472.000000
 64.500000 1.013295 483.236232 0.000000 0.000000 0.000000 0.000000 1.013295 473.000000
 64.750000 1.014594 481.631446 0.000000 0.000000 0.000000 0.000000 1.014594 472.000000
 65.000000 1.011032 479.245175 0.000000 0.000000 0.000000 0.000000 1.011032 464.000000
 65.250000 1.011773 481.319739 0.000000 0.000000 0.000000 0.000000 1.011773 470.000000
 65.500000 1.011684 479.022367 0.000000 0.000000 0.000000 0.000000 1.011684 472.000000
 65.750000 1.012086 482.486878 0.000000 0.000000 0.000000 0.000000 1.012086 474.000000
 66.000000 1.005426 467.919188 0.000000 0.000000 0.000000 0.000000 1.005426 461.000000
 66.250000 1.010154 480.137195 0.000000 0.000000 0.000000 0.000000 1.010154 472.000000
 66.500000 1.015797 481.890007 0.000000 0.000000 0.000000 0.000000 1.015797 468.000000
 66.750000 1.008849 476.471074 0.000000 0.000000 0.000000 0.000000 1.008849 466.000000
 67.000000 1.004667 466.324559 0.000000 0.000000 0.000000 0.000000 1.004667 460.000000
 67.250000 1.013363 485.702327 0.000000 0.000000 0.000000 0.000000 1.013363 478.000000
 67.500000 1.013138 483.600587 0.000000 0.000000 0.000000 0.000000 1.013138 471.000000
 67.750000 1.012800 487.610155 2.592600 10.370402 0.000000 0.000000 1.012800 476.000000
 68.000000 1.013058 485.164625 0.000000 0.000000 0.000000 0.000000 1.013058 473.000000
 68.250000 1.011464 483.019476 0.000000 0.000000 0.000000 0.000000 1.011464 474.000000
 68.500000 1.012508 483.362066 0.000000 0.000000 0.000000 0.000000 1.012508 472.000000
 68.750000 1.010589 479.173812 0.000000 0.000000 0.000000 0.000000 1.010589 466.000000
 69.000000 1.011139 486.018811 0.000354 0.001415 0.000000 0.000000 1.011139 479.000000
 69.250000 1.013815 485.107696 0.000000 0.000000 0.000000 0.000000 1.013815 472.000000
 69.500000 1.013543 485.303298 0.000000 0.000000 0.000000 0.000000 1.013543 468.000000
 69.750000 1.013123 483.299058 0.000000 0.000000 0.000000 0.000000 1.013123 471.000000
 70.000000 1.014540 485.185411 0.000000 0.000000 0.000000 0.000000 1.014540 469.000000
 70.250000 1.015221 483.991846 0.000000 0.000000 0.000000 0.000000 1.015221 469.000000
 70.500000 1.014746 484.594839 0.000000 0.000000 0.000000 0.000000 1.014746 473.000000
 70.750000 1.010624 478.467072 0.000000 0.000000 0.000000 0.000000 1.010624 469.000000
 71.000000 1.008782 476.417156 0.000000 0.000000 0.000000 0.000000 1.008782 469.000000
 71.250000 1.015418 488.437443 5.941129 23.764516 0.000000 0.000000 1.015418 477.000000
 71.500000 1.009203 474.033260 0.000000 0.000000 0.000000 0.000000 1.009203 463.000000
 71.750000 1.008113 472.894885 0.000000 0.000000 0.000000 0.000000 1.008113 466.000000
 72.000000 1.014420 487.545999 2.390114 9.560455 0.000000 0.000000 1.014420 480.000000
 72.250000 1.013311 478.588810 0.000000 0.000000 0.000000 0.000000 1.013311 471.000000
 72.500000 1.010528 476.847769 0.000000 0.000000 0.000000 0.000000 1.010528 466.000000
 72.750000 1.015793 482.076192 0.000000 0.000000 0.000000 0.000000 1.015793 465.000000
 73.000000 1.010586 471.806457 0.000000 0.000000 0.000000 0.000000 1.010586 460.000000
 73.250000 1.011671 480.135116 0.000000 0.000000 0.000000 0.000000 1.011671 470.000000
 73.500000 1.013300 478.781981 0.000000 0.000000 0.000000 0.000000 1.013300 462.000000
 73.750000 1.007732 475.517707 0.000000 0.000000 0.000000 0.000000 1.007732 471.000000
 74.000000 1.009069 469.770619 0.000000 0.000000 0.000000 0.000000 1.009069 457.000000
 74.250000 1.010714 476.681166 0.000000 0.000000 0.000000 0.000000 1.010714 467.000000
 74.500000 1.008975 472.353854 0.000000 0.000000 0.000000 0.000000 1.008975 468.000000
 74.750000 1.009840 471.324253 0.000000 0.000000 0.000000 0.000000 1.009840 458.000000
 75.000000 1.014522 481.943426 0.000000 0.000000 0.000000 0.000000 1.014522 470.000000
 75.250000 1.009401 476.610305 0.000000 0.000000 0.000000 0.000000 1.009401 468.000000
 75.500000 1.009430 474.014008 0.000000 0.000000 0.000000 0.000000 1.009430 461.000000
 75.750000 1.008188 473.906265 0.000000 0.000000 0.000000 0.000000 1.008188 466.000000
 76.000000 1.009491 477.793342 0.000000 0.000000 0.000000 0.000000 1.009491 465.000000
 76.250000 1.008590 473.647941 0.000000 0.000000 0.000000 0.000000 1.008590 461.000000
 76.500000 1.010992 479.525918 0.000000 0.000000 0.000000 0.000000 1.010992 473.000000
 76.750000 1.007597 465.427317 0.000000 0.000000 0.000000 0.000000 1.007597 460.000000
 77.000000 1.006573 464.725537 0.000000 0.000000 0.000000 0.000000 1.006573 455.000000
 77.250000 1.007316 463.856761 0.000000 0.000000 0.000000 0.000000 1.007316 452.000000
 77.500000 1.012110 475.590751 0.000000 0.000000 0.000000 0.000000 1.012110 461.000000
 77.750000 1.010135 467.719331 0.000000 0.000000 0.000000 0.000000 1.010135 456.000000
 78.000000 1.002858 455.905537 0.000000 0.000000 0.000000 0.000000 1.002858 447.000000
 78.250000 1.002745 460.711686 0.000000 0.000000 0.000000 0.000000 1.002745 453.000000
 78.500000 1.007037 465.855254 0.000000 0.000000 0.000000 0.000000 1.007037 459.000000
 78.750000 1.010127 470.239304 0.000000 0.000000 0.000000 0.000000 1.010127 454.000000
 79.000000 1.004949 465.841675 0.000000 0.000000 0.000000 0.000000 1.004949 455.000000
 79.250000 1.004471 463.281762 0.000000 0.000000 0.000000 0.000000 1.004471 451.000000
 79.500000 1.006373 459.479511 0.000000 0.000000 0.000000 0.000000 1.006373 447.000000
 79.750000 1.008868 470.592284 0.000000 0.000000 0.000000 0.000000 1.008868 459.000000
 80.000000 1.003422 459.013168 0.000000 0.000000 0.000000 0.000000 1.003422 447.000000
 80.250000 1.009242 472.339855 0.000000 0.000000 0.000000 0.000000 1.009242 460.000000
 80.500000 1.008401 465.403392 0.000000 0.000000 0.000000 0.000000 1.008401 451.000000
 80.750000 1.004897 460.110262 0.000000 0.000000 0.000000 0.000000 1.004897 449.000000
 81.000000 1.002246 458.646447 0.000000 0.000000 0.000000 0.000000 1.002246 455.000000
 81.250000 1.008064 461.019188 0.000000 0.000000 0.000000 0.000000 1.008064 451.000000
 81.500000 1.009291 469.269438 0.000000 0.000000 0.000000 0.000000 1.009291 455.000000
 81.750000 1.007165 467.114775 0.000000 0.000000 0.000000 0.000000 1.007165 462.000000
 82.000000 1.010806 471.571241 0.000000 0.000000 0.000000 0.000000 1.010806 459.000000
 82.250000 1.009593 470.466737 0.000000 0.000000 0.000000 0.000000 1.009593 460.000000
 82.500000 1.010833 474.153470 0.000000 0.000000 0.000000 0.000000 1.010833 469.000000
 82.750000 1.008787 467.239980 0.000000 0.000000 0.000000 0.000000 1.008787 459.000000
 83.000000 1.010094 471.709212 0.000000 0.000000 0.000000 0.000000 1.010094 464.000000
 83.250000 1.011030 478.142988 0.000000 0.000000 0.000000 0.000000 1.011030 463.000000
 83.500000 1.011719 477.257301 0.000000 0.000000 0.000000 0.000000 1.011719 465.000000
 83.750000 1.009692 469.311069 0.000000 0.000000 0.000000 0.000000 1.009692 456.000000
 84.000000 1.005710 461.044725 0.000000 0.000000 0.000000 0.000000 1.005710 450.000000
 84.250000 1.007195 468.393613 0.000000 0.000000 0.000000 0.000000 1.007195 465.000000
 84.500000 1.012178 477.551602 0.000000 0.000000 0.000000 0.000000 1.012178 473.000000
 84.750000 1.011726 467.506981 0.000000 0.000000 0.000000 0.000000 1.011726 457.000000
 85.000000 1.008702 473.845965 0.000000 0.000000 0.000000 0.000000 1.008702 465.000000
 85.250000 1.005217 466.047651 0.000000 0.000000 0.000000 0.000000 1.005217 456.000000
 85.500000 1.008609 470.725766 0.000000 0.000000 0.000000 0.000000 1.008609 465.000000
 85.750000 1.012611 475.895287 0.000000 0.000000 0.000000 0.000000 1.012611 468.000000
 86.000000 1.007448 466.944482 0.000000 0.000000 0.000000 0.000000 1.007448 454.000000
 86.250000 1.007733 471.946595 0.000000 0.000000 0.000000 0.000000 1.007733 463.000000
 86.500000 1.009743 470.374468 0.000000 0.000000 0.000000 0.000000 1.009743 462.000000
 86.750000 1.013394 475.141225 0.000000 0.000000 0.000000 0.000000 1.013394 466.000000
 87.000000 1.011642 479.462255 0.000000 0.000000 0.000000 0.000000 1.011642 472.000000
 87.250000 1.010199 470.286206 0.000000 0.000000 0.000000 0.000000 1.010199 455.000000
 87.500000 1.012281 481.507960 0.000000 0.000000 0.000000 0.000000 1.012281 473.000000
 87.750000 1.008100 472.181260 0.000000 0.000000 0.000000 0.000000 1.008100 467.000000
 88.000000 1.005193 470.692837 0.000000 0.000000 0.000000 0.000000 1.005193 467.000000
 88.250000 1.004762 467.340248 0.000000 0.000000 0.000000 0.000000 1.004762 465.000000
 88.500000 1.008804 474.522616 0.000000 0.000000 0.000000 0.000000 1.008804 469.000000
 88.750000 1.003094 470.923228 0.000000 0.000000 0.000000 0.000000 1.003094 470.000000
 89.000000 1.000453 460.590333 0.000000 0.000000 0.000000 0.000000 1.000453 458.000000
 89.250000 1.001331 464.675392 0.000000 0.000000 0.000000 0.000000 1.001331 460.000000
 89.500000 1.003789 464.722959 0.000000 0.000000 0.000000 0.000000 1.003789 460.000000
 89.750000 1.004314 467.730020 0.000000 0.000000 0.000000 0.000000 1.004314 458.000000
 90.000000 1.004518 470.769394 0.000000 0.000000 0.000000 0.000000 1.004518 466.000000
 90.250000 1.007957 475.054052 0.000000 0.000000 0.000000 0.000000 1.007957 468.000000
 90.500000 1.009102 477.516997 0.000000 0.000000 0.000000 0.000000 1.009102 472.000000
 90.750000 1.012833 477.781599 0.000000 0.000000 0.000000 0.000000 1.012833 463.000000
 91.000000 1.009811 483.172908 0.000000 0.000000 0.000000 0.000000 1.009811 483.000000
 91.250000 1.004779 465.250668 0.000000 0.000000 0.000000 0.000000 1.004779 462.000000
 91.500000 1.010744 485.223485 0.000000 0.000000 0.000000 0.000000 1.010744 478.000000
 91.750000 1.009547 477.952813 0.000000 0.000000 0.000000 0.000000 1.009547 472.000000
 92.000000 1.007300 470.670911 0.000000 0.000000 0.000000 0.000000 1.007300 464.000000
 92.250000 1.012170 479.474140 0.000000 0.000000 0.000000 0.000000 1.012170 469.000000
 92.500000 1.014980 484.325125 0.000000 0.000000 0.000000 0.000000 1.014980 477.000000
 92.750000 1.009564 481.154660 0.000000 0.000000 0.000000 0.000000 1.009564 480.000000
 93.000000 1.006720 477.852468 0.000000 0.000000 0.000000 0.000000 1.006720 478.000000
 93.250000 1.010678 483.214798 0.000000 0.000000 0.000000 0.000000 1.010678 478.000000
 93.500000 1.014632 487.523212 2.320176 9.280704 0.000000 0.000000 1.014632 479.000000
 93.750000 1.012073 486.108293 0.011727 0.046910 0.000000 0.000000 1.012073 484.000000
 94.000000 1.010224 480.066305 0.000000 0.000000 0.000000 0.000000 1.010224 480.000000
 94.250000 1.008135 476.617945 0.000000 0.000000 0.000000 0.000000 1.008135 475.000000
 94.500000 1.008708 482.327063 0.000000 0.000000 0.000000 0.000000 1.008708 479.000000
 94.750000 1.009489 483.963567 0.000000 0.000000 0.000000 0.000000 1.009489 479.000000
 95.000000 1.010216 478.515014 0.000000 0.000000 0.000000 0.000000 1.010216 469.000000
 95.250000 1.009219 478.912327 0.000000 0.000000 0.000000 0.000000 1.009219 474.000000
 95.500000 1.009192 476.229201 0.000000 0.000000 0.000000 0.000000 1.009192 472.000000
 95.750000 1.008727 476.830369 0.000000 0.000000 0.000000 0.000000 1.008727 463.000000
 96.000000 1.011385 478.834304 0.000000 0.000000 0.000000 0.000000 1.011385 467.000000
 96.250000 1.010585 479.793378 0.000000 0.000000 0.000000 0.000000 1.010585 468.000000
 96.500000 1.009671 480.296609 0.000000 0.000000 0.000000 0.000000 1.009671 474.000000
 96.750000 1.007350 473.399264 0.000000 0.000000 0.000000 0.000000 1.007350 465.000000
 97.000000 1.011010 478.583467 0.000000 0.000000 0.000000 0.000000 1.011010 474.000000
 97.250000 1.010084 471.504657 0.000000 0.000000 0.000000 0.000000 1.010084 463.000000
 97.500000 1.013996 487.385563 1.919784 7.679137 0.000000 0.000000 1.013996 478.000000
 97.750000 1.009690 480.252483 0.000000 0.000000 0.000000 0.000000 1.009690 476.000000
 98.000000 1.010608 482.024490 0.000000 0.000000 0.000000 0.000000 1.010608 479.000000
 98.250000 1.013386 483.673518 0.000000 0.000000 0.000000 0.000000 1.013386 474.000000
 98.500000 1.012425 480.638070 0.000000 0.000000 0.000000 0.000000 1.012425 471.000000
 98.750000 1.012780 481.354385 0.000000 0.000000 0.000000 0.000000 1.012780 475.000000
 99.000000 1.010618 481.787176 0.000000 0.000000 0.000000 0.000000 1.010618 477.000000
 99.250000 1.012439 481.400704 0.000000 0.000000 0.000000 0.000000 1.012439 474.000000
 99.500000 1.012903 480.226470 0.000000 0.000000 0.000000 0.000000 1.012903 473.000000
 99.750000 1.009735 474.171516 0.000000 0.000000 0.000000 0.000000 1.009735 469.000000
 100.000000 1.006729 470.685579 0.000000 0.000000 0.000000 0.000000 1.006729 463.000000
 100.250000 1.005323 463.472510 0.000000 0.000000 0.000000 0.000000 1.005323 459.000000
