#! FIELDS time refcv.mean refcv.morethan uwall.bias uwall.force2 lwall.bias lwall.force2 refcv2.mean refcv2.morethan
 1.000000 0.871119 374.497856 0.000000 0.000000 0.000000 0.000000 0.917703 405.000000
 1.250000 0.865054 370.510979 0.000000 0.000000 0.000000 0.000000 0.912336 403.000000
 1.500000 0.856498 363.883010 0.000000 0.000000 0.000000 0.000000 0.903154 397.000000
 1.750000 0.858385 366.541440 0.000000 0.000000 0.000000 0.000000 0.904690 406.000000
 2.000000 0.862062 372.549457 0.000000 0.000000 0.000000 0.000000 0.908635 404.000000
 2.250000 0.859362 365.761324 0.000000 0.000000 0.000000 0.000000 0.906091 405.000000
 2.500000 0.858396 367.973751 0.000000 0.000000 0.000000 0.000000 0.905096 397.597579
 2.750000 0.855638 356.611427 0.000000 0.000000 0.000000 0.000000 0.902536 399.000000
 3.000000 0.858381 361.425024 0.000000 0.000000 0.000000 0.000000 0.905017 402.000000
 3.250000 0.862429 371.454023 0.000000 0.000000 0.000000 0.000000 0.909125 405.000000
 3.500000 0.857247 360.325423 0.000000 0.000000 0.000000 0.000000 0.904720 402.000000
 3.750000 0.855324 363.197562 0.000000 0.000000 0.000000 0.000000 0.902016 399.000000
 4.000000 0.852579 356.225523 0.000000 0.000000 0.000000 0.000000 0.899363 391.000000
 4.250000 0.853489 356.989487 0.000000 0.000000 0.000000 0.000000 0.900940 396.000000
 4.500000 0.849915 356.284129 0.000000 0.000000 0.000000 0.000000 0.897440 400.000000
 4.750000 0.851833 362.118112 0.000000 0.000000 0.000000 0.000000 0.898233 395.000000
 5.000000 0.851393 354.821038 0.000000 0.000000 0.000000 0.000000 0.898877 392.000000
 5.250000 0.860061 366.106851 0.000000 0.000000 0.000000 0.000000 0.907074 399.000000
 5.500000 0.851842 357.401942 0.000000 0.000000 0.000000 0.000000 0.898734 394.000000
 5.750000 0.849237 349.680310 0.000000 0.000000 0.000000 0.000000 0.896315 394.000000
 6.000000 0.855520 357.516563 0.000000 0.000000 0.000000 0.000000 0.902682 398.000000
 6.250000 0.852944 356.053490 0.000000 0.000000 0.000000 0.000000 0.900860 402.000000
 6.500000 0.859684 366.109057 0.000000 0.000000 0.000000 0.000000 0.906803 407.000000
 6.750000 0.851829 355.522067 0.000000 0.000000 0.000000 0.000000 0.899305 393.000000
 7.000000 0.851063 359.096959 0.000000 0.000000 0.000000 0.000000 0.898124 402.000000
 7.250000 0.855370 361.331374 0.000000 0.000000 0.000000 0.000000 0.902427 401.000000
 7.500000 0.860510 368.369570 0.000000 0.000000 0.000000 0.000000 0.908034 412.000000
 7.750000 0.860056 361.724389 0.000000 0.000000 0.000000 0.000000 0.907636 403.000000
 8.000000 0.855300 360.425635 0.000000 0.000000 0.000000 0.000000 0.902540 406.000000
 8.250000 0.856388 364.098002 0.000000 0.000000 0.000000 0.000000 0.903061 405.000000
 8.500000 0.850188 351.070201 0.000000 0.000000 0.000000 0.000000 0.897356 391.000000
 8.750000 0.859192 368.966815 0.000000 0.000000 0.000000 0.000000 0.906062 406.000000
 9.000000 0.865064 374.439781 0.000000 0.000000 0.000000 0.000000 0.911647 419.000000
 9.250000 0.861362 372.202246 0.000000 0.000000 0.000000 0.000000 0.908161 421.000000
 9.500000 0.859178 361.050192 0.000000 0.000000 0.000000 0.000000 0.906212 404.000000
 9.750000 0.863545 372.660892 0.000000 0.000000 0.000000 0.000000 0.910431 412.000000
 10.000000 0.861972 374.074625 0.000000 0.000000 0.000000 0.000000 0.908697 417.000000
 10.250000 0.863774 368.577732 0.000000 0.000000 0.000000 0.000000 0.910093 401.000000
 10.500000 0.857201 365.433893 0.000000 0.000000 0.000000 0.000000 0.904359 410.000000
 10.750000 0.863959 369.533365 0.000000 0.000000 0.000000 0.000000 0.910992 406.000000
 11.000000 0.860421 364.967456 0.000000 0.000000 0.000000 0.000000 0.907718 397.000000
 11.250000 0.857571 365.592821 0.000000 0.000000 0.000000 0.000000 0.904475 410.000000
 11.500000 0.859270 363.232160 0.000000 0.000000 0.000000 0.000000 0.905631 398.000000
 11.750000 0.854233 359.471704 0.000000 0.000000 0.000000 0.000000 0.901451 407.000000
 12.000000 0.862439 364.705209 0.000000 0.000000 0.000000 0.000000 0.909389 406.000000
 12.250000 0.856013 362.559126 0.000000 0.000000 0.000000 0.000000 0.903472 400.000000
 12.500000 0.856413 357.432051 0.000000 0.000000 0.000000 0.000000 0.903390 391.000000
 12.750000 0.860507 367.951084 0.000000 0.000000 0.000000 0.000000 0.907642 414.000000
 13.000000 0.856187 359.506359 0.000000 0.000000 0.000000 0.000000 0.903472 399.000000
 13.250000 0.858735 360.703801 0.000000 0.000000 0.000000 0.000000 0.905310 395.000000
 13.500000 0.853182 350.996240 0.000000 0.000000 0.000000 0.000000 0.900708 396.000000
 13.750000 0.857901 360.254125 0.000000 0.000000 0.000000 0.000000 0.905228 390.000000
 14.000000 0.850878 353.481649 0.000000 0.000000 0.000000 0.000000 0.898747 400.000000
 14.250000 0.856260 360.473395 0.000000 0.000000 0.000000 0.000000 0.903925 398.000000
 14.500000 0.851283 356.773329 0.000000 0.000000 0.000000 0.000000 0.899271 401.000000
 14.750000 0.853619 359.175071 0.000000 0.000000 0.000000 0.000000 0.900888 401.000000
 15.000000 0.854663 365.281184 0.000000 0.000000 0.000000 0.000000 0.901956 407.000000
 15.250000 0.858655 365.513030 0.000000 0.000000 0.000000 0.000000 0.905907 402.000000
 15.500000 0.859241 366.234165 0.000000 0.000000 0.000000 0.000000 0.906544 408.000000
 15.750000 0.852855 355.463061 0.000000 0.000000 0.000000 0.000000 0.900965 406.000000
 16.000000 0.851462 351.908153 0.000000 0.000000 0.000000 0.000000 0.899379 401.000000
 16.250000 0.856230 364.274728 0.000000 0.000000 0.000000 0.000000 0.903550 407.000000
 16.500000 0.853501 359.988671 0.000000 0.000000 0.000000 0.000000 0.900840 399.000000
 16.750000 0.852040 358.434270 0.000000 0.000000 0.000000 0.000000 0.899490 406.000000
 17.000000 0.856286 358.455254 0.000000 0.000000 0.000000 0.000000 0.903903 397.000000
 17.250000 0.862456 370.225140 0.000000 0.000000 0.000000 0.000000 0.910074 407.000000
 17.500000 0.858722 361.579049 0.000000 0.000000 0.000000 0.000000 0.905508 404.000000
 17.750000 0.858761 357.907150 0.000000 0.000000 0.000000 0.000000 0.905601 394.000000
 18.000000 0.861194 365.941908 0.000000 0.000000 0.000000 0.000000 0.908505 405.000000
 18.250000 0.859355 361.062615 0.000000 0.000000 0.000000 0.000000 0.906506 394.000000
 18.500000 0.857866 364.784241 0.000000 0.000000 0.000000 0.000000 0.904729 405.000000
 18.750000 0.856293 358.736563 0.000000 0.000000 0.000000 0.000000 0.903453 397.000000
 19.000000 0.859883 363.354736 0.000000 0.000000 0.000000 0.000000 0.906841 405.000000
 19.250000 0.859208 365.410836 0.000000 0.000000 0.000000 0.000000 0.906209 411.000000
 19.500000 0.860875 370.454103 0.000000 0.000000 0.000000 0.000000 0.907731 409.000000
 19.750000 0.857689 368.896284 0.000000 0.000000 0.000000 0.000000 0.904802 407.000000
 20.000000 0.864663 377.464178 0.000000 0.000000 0.000000 0.000000 0.911426 417.000000
 20.250000 0.861189 370.604010 0.000000 0.000000 0.000000 0.000000 0.908203 413.000000
 20.500000 0.862513 372.764303 0.000000 0.000000 0.000000 0.000000 0.909039 415.000000
 20.750000 0.861121 366.601570 0.000000 0.000000 0.000000 0.000000 0.907938 401.000000
 21.000000 0.857544 363.128250 0.000000 0.000000 0.000000 0.000000 0.904686 396.000000
 21.250000 0.862177 364.693647 0.000000 0.000000 0.000000 0.000000 0.908722 410.000000
 21.500000 0.861712 368.559925 0.000000 0.000000 0.000000 0.000000 0.908340 416.000000
 21.750000 0.856772 358.764331 0.000000 0.000000 0.000000 0.000000 0.903538 392.000000
 22.000000 0.858542 361.697152 0.000000 0.000000 0.000000 0.000000 0.904841 403.000000
 22.250000 0.865658 376.365007 0.000000 0.000000 0.000000 0.000000 0.911660 415.000000
 22.500000 0.869371 384.099338 0.000000 0.000000 0.000000 0.000000 0.915754 426.000000
 22.750000 0.868227 383.270331 0.000000 0.000000 0.000000 0.000000 0.913642 421.000000
 23.000000 0.863819 384.293004 0.000000 0.000000 0.000000 0.000000 0.909251 423.000000
 23.250000 0.865046 376.935385 0.000000 0.000000 0.000000 0.000000 0.910946 422.000000
 23.500000 0.862590 373.749653 0.000000 0.000000 0.000000 0.000000 0.908849 417.000000
 23.750000 0.858318 369.584147 0.000000 0.000000 0.000000 0.000000 0.903936 410.000000
 24.000000 0.863673 377.043534 0.000000 0.000000 0.000000 0.000000 0.909183 415.000000
 24.250000 0.871059 385.614158 0.000000 0.000000 0.000000 0.000000 0.917483 425.000000
 24.500000 0.869911 383.980723 0.000000 0.000000 0.000000 0.000000 0.916277 423.000000
 24.750000 0.869525 385.047295 0.000000 0.000000 0.000000 0.000000 0.915555 427.000000
 25.000000 0.862674 374.705638 0.000000 0.000000 0.000000 0.000000 0.909347 422.000000
 25.250000 0.869105 383.390819 0.000000 0.000000 0.000000 0.000000 0.915150 423.000000
 25.500000 0.868497 388.471254 0.000000 0.000000 0.000000 0.000000 0.914349 425.000000
 25.750000 0.861468 371.393907 0.000000 0.000000 0.000000 0.000000 0.907382 411.000000
 26.000000 0.868482 381.970521 0.000000 0.000000 0.000000 0.000000 0.914317 422.000000
 26.250000 0.865457 384.850793 0.000000 0.000000 0.000000 0.000000 0.911599 432.000000
 26.500000 0.865337 381.332515 0.000000 0.000000 0.000000 0.000000 0.911484 420.000000
 26.750000 0.867485 380.828530 0.000000 0.000000 0.000000 0.000000 0.912765 429.000000
 27.000000 0.871831 392.515852 0.266103 1.064412 0.000000 0.000000 0.917354 437.000000
 27.250000 0.868465 380.063102 0.000000 0.000000 0.000000 0.000000 0.914602 421.000000
 27.500000 0.866608 382.452787 0.000000 0.000000 0.000000 0.000000 0.912953 421.000000
 27.750000 0.863827 376.990292 0.000000 0.000000 0.000000 0.000000 0.909708 423.000000
 28.000000 0.865778 373.454551 0.000000 0.000000 0.000000 0.000000 0.911482 406.000000
 28.250000 0.869218 381.274783 0.000000 0.000000 0.000000 0.000000 0.915872 418.000000
 28.500000 0.874746 391.258348 0.000000 0.000000 0.000000 0.000000 0.921342 429.000000
 28.750000 0.863368 376.922157 0.000000 0.000000 0.000000 0.000000 0.909695 408.000000
 29.000000 0.863191 375.973386 0.000000 0.000000 0.000000 0.000000 0.909156 411.000000
 29.250000 0.863727 378.351243 0.000000 0.000000 0.000000 0.000000 0.910505 417.000000
 29.500000 0.864599 380.740547 0.000000 0.000000 0.000000 0.000000 0.911237 411.000000
 29.750000 0.866960 380.396395 0.000000 0.000000 0.000000 0.000000 0.913082 411.000000
 30.000000 0.868668 381.141772 0.000000 0.000000 0.000000 0.000000 0.914910 416.000000
 30.250000 0.873227 394.440051 5.953848 23.815392 0.000000 0.000000 0.919001 433.000000
 30.500000 0.866453 379.709495 0.000000 0.000000 0.000000 0.000000 0.912336 414.000000
 30.750000 0.865188 378.827216 0.000000 0.000000 0.000000 0.000000 0.910911 418.000000
 31.000000 0.866585 383.363063 0.000000 0.000000 0.000000 0.000000 0.912745 420.000000
 31.250000 0.871378 391.647648 0.000000 0.000000 0.000000 0.000000 0.917541 427.000000
 31.500000 0.870541 387.431178 0.000000 0.000000 0.000000 0.000000 0.915987 417.000000
 31.750000 0.867326 385.371805 0.000000 0.000000 0.000000 0.000000 0.912527 417.000000
 32.000000 0.867822 380.747705 0.000000 0.000000 0.000000 0.000000 0.913848 414.000000
 32.250000 0.871837 386.643127 0.000000 0.000000 0.000000 0.000000 0.917782 414.000000
 32.500000 0.862310 375.348116 0.000000 0.000000 0.000000 0.000000 0.908380 415.000000
 32.750000 0.863216 380.668071 0.000000 0.000000 0.000000 0.000000 0.908500 412.000000
 33.000000 0.865845 379.715533 0.000000 0.000000 0.000000 0.000000 0.911270 416.000000
 33.250000 0.863209 372.973572 0.000000 0.000000 0.000000 0.000000 0.909380 405.000000
 33.500000 0.863218 374.302026 0.000000 0.000000 0.000000 0.000000 0.909404 411.000000
 33.750000 0.865183 378.498700 0.000000 0.000000 0.000000 0.000000 0.911518 419.000000
 34.000000 0.869381 382.598492 0.000000 0.000000 0.000000 0.000000 0.915484 424.000000
 34.250000 0.869623 386.573462 0.000000 0.000000 0.000000 0.000000 0.915496 419.000000
 34.500000 0.871564 387.806340 0.000000 0.000000 0.000000 0.000000 0.917074 422.000000
 34.750000 0.871179 386.284484 0.000000 0.000000 0.000000 0.000000 0.916833 423.000000
 35.000000 0.874480 389.009260 0.000000 0.000000 0.000000 0.000000 0.919932 421.000000
 35.250000 0.872902 389.968881 0.000000 0.000000 0.000000 0.000000 0.918369 420.000000
 35.500000 0.874846 394.935075 8.614667 34.458669 0.000000 0.000000 0.920317 426.000000
 35.750000 0.873456 392.261760 0.068518 0.274072 0.000000 0.000000 0.919337 429.000000
 36.000000 0.870321 389.978490 0.000000 0.000000 0.000000 0.000000 0.916412 428.000000
 36.250000 0.869845 388.638546 0.000000 0.000000 0.000000 0.000000 0.915639 426.000000
 36.500000 0.872600 394.476569 6.133394 24.533576 0.000000 0.000000 0.917450 434.000000
 36.750000 0.867743 386.812555 0.000000 0.000000 0.000000 0.000000 0.913408 420.000000
 37.000000 0.870165 392.585858 0.343229 1.372917 0.000000 0.000000 0.916125 435.000000
 37.250000 0.872173 392.145983 0.021311 0.085244 0.000000 0.000000 0.917904 432.000000
 37.500000 0.868631 389.649955 0.000000 0.000000 0.000000 0.000000 0.914362 436.000000
 37.750000 0.871144 391.679657 0.000000 0.000000 0.000000 0.000000 0.916663 433.000000
 38.000000 0.868540 392.118202 0.013972 0.055887 0.000000 0.000000 0.914390 441.000000
 38.250000 0.866785 384.843282 0.000000 0.000000 0.000000 0.000000 0.912293 427.000000
 38.500000 0.872752 393.564579 2.447906 9.791625 0.000000 0.000000 0.918054 430.000000
 38.750000 0.872577 392.322883 0.104253 0.417014 0.000000 0.000000 0.918277 431.000000
 39.000000 0.874610 392.039743 0.001580 0.006318 0.000000 0.000000 0.920309 436.000000
 39.250000 0.872571 387.541889 0.000000 0.000000 0.000000 0.000000 0.919033 429.000000
 39.500000 0.875196 392.255905 0.065487 0.261949 0.000000 0.000000 0.920658 427.000000
 39.750000 0.864785 377.192865 0.000000 0.000000 0.000000 0.000000 0.910632 414.000000
 40.000000 0.867290 384.156397 0.000000 0.000000 0.000000 0.000000 0.913245 419.000000
 40.250000 0.871036 383.247360 0.000000 0.000000 0.000000 0.000000 0.917048 417.000000
 40.500000 0.870116 385.142607 0.000000 0.000000 0.000000 0.000000 0.916228 424.000000
 40.750000 0.868555 384.449569 0.000000 0.000000 0.000000 0.000000 0.914645 418.000000
 41.000000 0.869891 381.640781 0.000000 0.000000 0.000000 0.000000 0.916105 422.000000
 41.250000 0.865059 375.390290 0.000000 0.000000 0.000000 0.000000 0.911447 413.000000
 41.500000 0.864770 377.184148 0.000000 0.000000 0.000000 0.000000 0.911041 417.000000
 41.750000 0.869136 379.527458 0.000000 0.000000 0.000000 0.000000 0.915350 416.000000
 42.000000 0.873943 382.993384 0.000000 0.000000 0.000000 0.000000 0.920297 420.000000
 42.250000 0.868002 383.543925 0.000000 0.000000 0.000000 0.000000 0.914417 426.000000
 42.500000 0.865596 378.694526 0.000000 0.000000 0.000000 0.000000 0.911906 422.000000
 42.750000 0.873141 387.524301 0.000000 0.000000 0.000000 0.000000 0.919273 424.000000
 43.000000 0.870165 385.517075 0.000000 0.000000 0.000000 0.000000 0.916354 422.000000
 43.250000 0.866912 384.069965 0.000000 0.000000 0.000000 0.000000 0.912888 426.000000
 43.500000 0.875401 392.550975 0.303573 1.214293 0.000000 0.000000 0.921107 432.000000
 43.750000 0.870261 389.085144 0.000000 0.000000 0.000000 0.000000 0.916507 438.000000
 44.000000 0.870188 384.970894 0.000000 0.000000 0.000000 0.000000 0.915719 423.000000
 44.250000 0.864703 384.799278 0.000000 0.000000 0.000000 0.000000 0.910781 420.000000
 44.500000 0.873027 391.058535 0.000000 0.000000 0.000000 0.000000 0.918985 433.000000
 44.750000 0.868154 385.879743 0.000000 0.000000 0.000000 0.000000 0.914132 424.000000
 45.000000 0.872411 390.965597 0.000000 0.000000 0.000000 0.000000 0.917573 435.000000
 45.250000 0.869819 389.744787 0.000000 0.000000 0.000000 0.000000 0.916206 432.000000
 45.500000 0.871264 391.255571 0.000000 0.000000 0.000000 0.000000 0.917103 434.000000
 45.750000 0.869192 384.068510 0.000000 0.000000 0.000000 0.000000 0.914516 414.000000
 46.000000 0.867106 386.894850 0.000000 0.000000 0.000000 0.000000 0.913460 429.000000
 46.250000 0.871930 388.543165 0.000000 0.000000 0.000000 0.000000 0.917876 428.000000
 46.500000 0.866282 389.155663 0.000000 0.000000 0.000000 0.000000 0.911944 432.000000
 46.750000 0.869400 391.323467 0.000000 0.000000 0.000000 0.000000 0.914593 430.000000
 47.000000 0.867584 386.315725 0.000000 0.000000 0.000000 0.000000 0.913560 423.000000
 47.250000 0.874300 393.375084 1.890856 7.563423 0.000000 0.000000 0.919993 439.000000
 47.500000 0.870197 390.696311 0.000000 0.000000 0.000000 0.000000 0.915979 428.000000
 47.750000 0.864987 388.134441 0.000000 0.000000 0.000000 0.000000 0.911078 436.000000
 48.000000 0.871255 389.269075 0.000000 0.000000 0.000000 0.000000 0.916585 427.000000
 48.250000 0.864537 382.725951 0.000000 0.000000 0.000000 0.000000 0.910619 432.000000
 48.500000 0.870079 391.160688 0.000000 0.000000 0.000000 0.000000 0.916236 439.000000
 48.750000 0.867667 381.530120 0.000000 0.000000 0.000000 0.000000 0.913939 422.000000
 49.000000 0.869157 386.195057 0.000000 0.000000 0.000000 0.000000 0.914903 426.000000
 49.250000 0.871097 382.074641 0.000000 0.000000 0.000000 0.000000 0.916552 423.000000
 49.500000 0.872893 387.736686 0.000000 0.000000 0.000000 0.000000 0.918737 427.000000
 49.750000 0.869222 386.127240 0.000000 0.000000 0.000000 0.000000 0.915217 425.000000
 50.000000 0.869666 388.214610 0.000000 0.000000 0.000000 0.000000 0.915117 428.000000
 50.250000 0.870922 390.719205 0.000000 0.000000 0.000000 0.000000 0.916590 426.000000
 50.500000 0.873999 390.315033 0.000000 0.000000 0.000000 0.000000 0.920397 434.000000
 50.750000 0.865407 380.006083 0.000000 0.000000 0.000000 0.000000 0.912002 436.000000
 51.000000 0.868163 390.379916 0.000000 0.000000 0.000000 0.000000 0.913230 428.000000
 51.250000 0.869163 387.936918 0.000000 0.000000 0.000000 0.000000 0.914660 431.000000
 51.500000 0.871494 391.675072 0.000000 0.000000 0.000000 0.000000 0.917386 438.000000
 51.750000 0.869686 390.873457 0.000000 0.000000 0.000000 0.000000 0.915763 433.000000
 52.000000 0.871249 393.924700 3.704469 14.817874 0.000000 0.000000 0.916642 435.000000
 52.250000 0.870466 388.928042 0.000000 0.000000 0.000000 0.000000 0.916084 427.000000
 52.500000 0.873439 393.041174 1.084043 4.336173 0.000000 0.000000 0.918986 427.000000
 52.750000 0.875384 392.630938 0.398082 1.592329 0.000000 0.000000 0.920500 434.000000
 53.000000 0.862536 378.389321 0.000000 0.000000 0.000000 0.000000 0.908546 420.000000
 53.250000 0.864126 379.787962 0.000000 0.000000 0.000000 0.000000 0.910144 416.000000
 53.500000 0.869815 384.075941 0.000000 0.000000 0.000000 0.000000 0.915858 423.000000
 53.750000 0.866180 380.199576 0.000000 0.000000 0.000000 0.000000 0.912331 424.000000
 54.000000 0.866782 381.278696 0.000000 0.000000 0.000000 0.000000 0.912900 421.000000
 54.250000 0.867513 383.559943 0.000000 0.000000 0.000000 0.000000 0.913546 424.000000
 54.500000 0.863039 377.754626 0.000000 0.000000 0.000000 0.000000 0.909032 425.000000
 54.750000 0.857521 367.619473 0.000000 0.000000 0.000000 0.000000 0.904452 407.000000
 55.000000 0.859133 373.277516 0.000000 0.000000 0.000000 0.000000 0.905723 415.000000
 55.250000 0.859874 372.841292 0.000000 0.000000 0.000000 0.000000 0.905796 415.000000
 55.500000 0.861118 377.308915 0.000000 0.000000 0.000000 0.000000 0.907203 420.000000
 55.750000 0.864693 375.740243 0.000000 0.000000 0.000000 0.000000 0.911122 422.000000
 56.000000 0.860016 376.955822 0.000000 0.000000 0.000000 0.000000 0.906497 416.000000
 56.250000 0.863451 378.953675 0.000000 0.000000 0.000000 0.000000 0.909438 418.000000
 56.500000 0.863345 374.650143 0.000000 0.000000 0.000000 0.000000 0.909586 406.000000
 56.750000 0.859926 368.996219 0.000000 0.000000 0.000000 0.000000 0.906278 407.000000
 57.000000 0.859743 374.951520 0.000000 0.000000 0.000000 0.000000 0.906231 417.000000
 57.250000 0.865135 373.368016 0.000000 0.000000 0.000000 0.000000 0.911867 409.000000
 57.500000 0.863456 372.014637 0.000000 0.000000 0.000000 0.000000 0.909867 401.000000
 57.750000 0.856939 368.487784 0.000000 0.000000 0.000000 0.000000 0.903391 406.000000
 58.000000 0.861564 378.536598 0.000000 0.000000 0.000000 0.000000 0.907884 422.000000
 58.250000 0.863065 378.945513 0.000000 0.000000 0.000000 0.000000 0.910096 422.000000
 58.500000 0.867512 381.767162 0.000000 0.000000 0.000000 0.000000 0.913943 430.000000
 58.750000 0.863642 379.288419 0.000000 0.000000 0.000000 0.000000 0.909702 413.000000
 59.000000 0.861432 375.115156 0.000000 0.000000 0.000000 0.000000 0.907809 422.000000
 59.250000 0.870874 384.554916 0.000000 0.000000 0.000000 0.000000 0.917443 423.000000
 59.500000 0.863030 375.206947 0.000000 0.000000 0.000000 0.000000 0.910063 426.000000
 59.750000 0.865738 385.010763 0.000000 0.000000 0.000000 0.000000 0.911404 421.000000
 60.000000 0.863184 377.006897 0.000000 0.000000 0.000000 0.000000 0.909510 425.000000
 60.250000 0.862299 381.485220 0.000000 0.000000 0.000000 0.000000 0.908596 422.000000
 60.500000 0.865314 377.831539 0.000000 0.000000 0.000000 0.000000 0.911286 419.000000
 60.750000 0.863598 380.394209 0.000000 0.000000 0.000000 0.000000 0.910089 415.000000
 61.000000 0.865688 381.995270 0.000000 0.000000 0.000000 0.000000 0.911698 424.000000
 61.250000 0.866544 381.185162 0.000000 0.000000 0.000000 0.000000 0.912495 428.000000
 61.500000 0.868087 381.339315 0.000000 0.000000 0.000000 0.000000 0.914456 424.000000
 61.750000 0.863498 376.657235 0.000000 0.000000 0.000000 0.000000 0.910215 417.000000
 62.000000 0.859464 365.535487 0.000000 0.000000 0.000000 0.000000 0.905897 402.000000
 62.250000 0.860451 375.145636 0.000000 0.000000 0.000000 0.000000 0.907083 414.000000
 62.500000 0.861416 367.117114 0.000000 0.000000 0.000000 0.000000 0.908154 403.000000
 62.750000 0.858302 365.071651 0.000000 0.000000 0.000000 0.000000 0.904905 408.000000
 63.000000 0.857076 366.883777 0.000000 0.000000 0.000000 0.000000 0.903273 405.000000
 63.250000 0.863844 374.898843 0.000000 0.000000 0.000000 0.000000 0.910210 412.000000
 63.500000 0.864237 376.030751 0.000000 0.000000 0.000000 0.000000 0.911505 421.000000
 63.750000 0.860011 369.477342 0.000000 0.000000 0.000000 0.000000 0.906861 407.000000
 64.000000 0.860064 366.099552 0.000000 0.000000 0.000000 0.000000 0.906655 409.000000
 64.250000 0.858168 366.314420 0.000000 0.000000 0.000000 0.000000 0.905345 409.000000
 64.500000 0.859172 361.555858 0.000000 0.000000 0.000000 0.000000 0.906150 404.000000
 64.750000 0.862757 374.374043 0.000000 0.000000 0.000000 0.000000 0.909335 412.000000
 65.000000 0.860841 370.044963 0.000000 0.000000 0.000000 0.000000 0.907489 414.000000
 65.250000 0.859557 367.703316 0.000000 0.000000 0.000000 0.000000 0.906558 407.000000
 65.500000 0.858484 368.645765 0.000000 0.000000 0.000000 0.000000 0.905622 413.000000
 65.750000 0.862776 368.341252 0.000000 0.000000 0.000000 0.000000 0.909584 412.000000
 66.000000 0.861467 365.401954 0.000000 0.000000 0.000000 0.000000 0.908795 403.000000
 66.250000 0.865538 370.181795 0.000000 0.000000 0.000000 0.000000 0.912580 412.000000
 66.500000 0.864041 369.100448 0.000000 0.000000 0.000000 0.000000 0.910676 411.000000
 66.750000 0.855338 358.496377 0.000000 0.000000 0.000000 0.000000 0.902225 400.000000
 67.000000 0.863994 372.680821 0.000000 0.000000 0.000000 0.000000 0.910744 410.000000
 67.250000 0.867505 368.834065 0.000000 0.000000 0.000000 0.000000 0.914491 409.000000
 67.500000 0.859052 367.687004 0.000000 0.000000 0.000000 0.000000 0.906037 413.000000
 67.750000 0.856445 360.658636 0.000000 0.000000 0.000000 0.000000 0.903328 401.000000
 68.000000 0.861120 367.197583 0.000000 0.000000 0.000000 0.000000 0.908233 403.000000
 68.250000 0.859152 365.367277 0.000000 0.000000 0.000000 0.000000 0.906253 405.000000
 68.500000 0.854767 361.004697 0.000000 0.000000 0.000000 0.000000 0.901548 396.000000
 68.750000 0.858231 363.035758 0.000000 0.000000 0.000000 0.000000 0.905081 400.000000
 69.000000 0.862026 367.063091 0.000000 0.000000 0.000000 0.000000 0.909343 407.000000
 69.250000 0.855245 355.996890 0.000000 0.000000 0.000000 0.000000 0.902198 394.000000
 69.500000 0.859482 366.357761 0.000000 0.000000 0.000000 0.000000 0.905814 396.000000
 69.750000 0.858055 362.553382 0.000000 0.000000 0.000000 0.000000 0.905359 397.000000
 70.000000 0.859453 359.855638 0.000000 0.000000 0.000000 0.000000 0.906746 395.000000
 70.250000 0.859526 363.936702 0.000000 0.000000 0.000000 0.000000 0.906483 402.000000
 70.500000 0.859778 363.959215 0.000000 0.000000 0.000000 0.000000 0.906295 401.000000
 70.750000 0.856293 360.282455 0.000000 0.000000 0.000000 0.000000 0.903586 399.000000
 71.000000 0.861112 370.830950 0.000000 0.000000 0.000000 0.000000 0.907771 407.000000
 71.250000 0.854498 358.929134 0.000000 0.000000 0.000000 0.000000 0.901343 402.000000
 71.500000 0.855146 361.013048 0.000000 0.000000 0.000000 0.000000 0.902011 394.000000
 71.750000 0.856887 363.242589 0.000000 0.000000 0.000000 0.000000 0.904091 404.000000
 72.000000 0.854236 354.621916 0.000000 0.000000 0.000000 0.000000 0.901554 386.000000
 72.250000 0.852948 357.224668 0.000000 0.000000 0.000000 0.000000 0.899978 388.000000
 72.500000 0.849209 345.759099 0.000000 0.000000 0.000000 0.000000 0.896757 382.000000
 72.750000 0.853852 356.747718 0.000000 0.000000 0.000000 0.000000 0.901523 397.000000
 73.000000 0.854188 359.135637 0.000000 0.000000 0.000000 0.000000 0.901797 399.000000
 73.250000 0.854245 353.575598 0.000000 0.000000 0.000000 0.000000 0.901511 391.000000
 73.500000 0.852812 356.388516 0.000000 0.000000 0.000000 0.000000 0.900811 401.000000
 73.750000 0.855471 359.147854 0.000000 0.000000 0.000000 0.000000 0.903219 398.000000
 74.000000 0.848123 350.557170 0.000000 0.000000 0.000000 0.000000 0.895774 399.000000
 74.250000 0.853692 357.587172 0.000000 0.000000 0.000000 0.000000 0.900985 391.000000
 74.500000 0.859173 363.666664 0.000000 0.000000 0.000000 0.000000 0.906515 404.000000
 74.750000 0.857326 361.478332 0.000000 0.000000 0.000000 0.000000 0.904291 403.000000
 75.000000 0.849939 352.805667 0.000000 0.000000 0.000000 0.000000 0.896542 395.000000
 75.250000 0.853139 358.748390 0.000000 0.000000 0.000000 0.000000 0.900145 401.000000
 75.500000 0.859840 364.843018 0.000000 0.000000 0.000000 0.000000 0.907193 398.000000
 75.750000 0.856984 360.872473 0.000000 0.000000 0.000000 0.000000 0.904328 404.000000
 76.000000 0.855704 360.560006 0.000000 0.000000 0.000000 0.000000 0.902589 399.000000
 76.250000 0.861281 367.990598 0.000000 0.000000 0.000000 0.000000 0.908124 400.000000
 76.500000 0.861536 364.811679 0.000000 0.000000 0.000000 0.000000 0.908605 398.000000
 76.750000 0.863240 368.301313 0.000000 0.000000 0.000000 0.000000 0.909669 409.000000
 77.000000 0.853326 357.908089 0.000000 0.000000 0.000000 0.000000 0.899957 394.000000
 77.250000 0.862374 367.906464 0.000000 0.000000 0.000000 0.000000 0.909253 403.000000
 77.500000 0.862123 370.558761 0.000000 0.000000 0.000000 0.000000 0.909083 408.000000
 77.750000 0.862717 372.641232 0.000000 0.000000 0.000000 0.000000 0.909610 409.000000
 78.000000 0.857750 364.609821 0.000000 0.000000 0.000000 0.000000 0.904513 407.000000
 78.250000 0.856453 366.788258 0.000000 0.000000 0.000000 0.000000 0.902272 406.000000
 78.500000 0.858706 371.487327 0.000000 0.000000 0.000000 0.000000 0.905103 415.000000
 78.750000 0.860576 370.710536 0.000000 0.000000 0.000000 0.000000 0.907204 406.000000
 79.000000 0.859693 367.474713 0.000000 0.000000 0.000000 0.000000 0.906288 397.000000
 79.250000 0.863670 375.643591 0.000000 0.000000 0.000000 0.000000 0.910129 411.000000
 79.500000 0.858596 368.505218 0.000000 0.000000 0.000000 0.000000 0.905107 403.000000
 79.750000 0.863605 373.389151 0.000000 0.000000 0.000000 0.000000 0.909890 404.000000
 80.000000 0.859607 368.358900 0.000000 0.000000 0.000000 0.000000 0.906323 403.000000
 80.250000 0.860019 367.602605 0.000000 0.000000 0.000000 0.000000 0.906351 393.000000
 80.500000 0.861997 370.496067 0.000000 0.000000 0.000000 0.000000 0.907942 409.000000
 80.750000 0.859771 372.366946 0.000000 0.000000 0.000000 0.000000 0.906624 411.000000
 81.000000 0.865264 375.435005 0.000000 0.000000 0.000000 0.000000 0.911775 409.000000
 81.250000 0.857152 366.136649 0.000000 0.000000 0.000000 0.000000 0.903533 405.000000
 81.500000 0.854144 362.287141 0.000000 0.000000 0.000000 0.000000 0.901004 403.000000
 81.750000 0.859547 366.555994 0.000000 0.000000 0.000000 0.000000 0.906254 398.000000
 82.000000 0.858372 364.887372 0.000000 0.000000 0.000000 0.000000 0.905484 404.000000
 82.250000 0.855390 364.096689 0.000000 0.000000 0.000000 0.000000 0.902331 402.000000
 82.500000 0.859313 367.395243 0.000000 0.000000 0.000000 0.000000 0.905727 405.000000
 82.750000 0.856716 364.489783 0.000000 0.000000 0.000000 0.000000 0.903568 408.000000
 83.000000 0.865236 370.699665 0.000000 0.000000 0.000000 0.000000 0.911963 402.000000
 83.250000 0.865466 375.578244 0.000000 0.000000 0.000000 0.000000 0.912514 412.000000
 83.500000 0.862246 369.811282 0.000000 0.000000 0.000000 0.000000 0.909126 412.000000
 83.750000 0.859564 365.963180 0.000000 0.000000 0.000000 0.000000 0.906557 402.000000
 84.000000 0.859555 367.632353 0.000000 0.000000 0.000000 0.000000 0.906233 401.000000
 84.250000 0.861476 368.330019 0.000000 0.000000 0.000000 0.000000 0.908849 407.000000
 84.500000 0.862691 374.660637 0.000000 0.000000 0.000000 0.000000 0.909721 413.000000
 84.750000 0.860508 372.938307 0.000000 0.000000 0.000000 0.000000 0.907252 408.000000
 85.000000 0.858926 372.545098 0.000000 0.000000 0.000000 0.000000 0.905395 415.000000
 85.250000 0.863274 373.201463 0.000000 0.000000 0.000000 0.000000 0.910211 410.000000
 85.500000 0.860745 369.411682 0.000000 0.000000 0.000000 0.000000 0.908221 410.000000
 85.750000 0.864741 376.143865 0.000000 0.000000 0.000000 0.000000 0.911824 408.000000
 86.000000 0.868663 381.395481 0.000000 0.000000 0.000000 0.000000 0.915550 418.000000
 86.250000 0.869414 382.067625 0.000000 0.000000 0.000000 0.000000 0.915998 417.927479
 86.500000 0.859413 371.126048 0.000000 0.000000 0.000000 0.000000 0.905950 411.000000
 86.750000 0.862072 372.974447 0.000000 0.000000 0.000000 0.000000 0.908631 411.000000
 87.000000 0.871735 384.022579 0.000000 0.000000 0.000000 0.000000 0.918648 416.000000
 87.250000 0.865865 378.557231 0.000000 0.000000 0.000000 0.000000 0.912993 409.000000
 87.500000 0.861817 372.844143 0.000000 0.000000 0.000000 0.000000 0.908056 414.000000
 87.750000 0.866644 381.264009 0.000000 0.000000 0.000000 0.000000 0.912434 420.000000
 88.000000 0.867607 380.710419 0.000000 0.000000 0.000000 0.000000 0.913775 415.000000
 88.250000 0.867534 383.901759 0.000000 0.000000 0.000000 0.000000 0.913308 426.000000
 88.500000 0.873265 392.148152 0.021949 0.087796 0.000000 0.000000 0.918794 424.000000
 88.750000 0.860298 372.852722 0.000000 0.000000 0.000000 0.000000 0.906958 412.000000
 89.000000 0.863486 380.579519 0.000000 0.000000 0.000000 0.000000 0.909574 419.000000
 89.250000 0.868286 385.994906 0.000000 0.000000 0.000000 0.000000 0.914204 428.000000
 89.500000 0.870370 391.184444 0.000000 0.000000 0.000000 0.000000 0.915938 427.000000
 89.750000 0.869181 391.330575 0.000000 0.000000 0.000000 0.000000 0.915390 430.000000
 90.000000 0.866727 384.653909 0.000000 0.000000 0.000000 0.000000 0.912729 425.000000
 90.250000 0.867571 385.630437 0.000000 0.000000 0.000000 0.000000 0.913213 425.000000
 90.500000 0.864734 386.421750 0.000000 0.000000 0.000000 0.000000 0.910679 424.000000
 90.750000 0.869169 387.356799 0.000000 0.000000 0.000000 0.000000 0.914969 416.000000
 91.000000 0.865632 384.127826 0.000000 0.000000 0.000000 0.000000 0.911568 419.000000
 91.250000 0.863536 381.653028 0.000000 0.000000 0.000000 0.000000 0.909423 422.000000
 91.500000 0.872110 386.634547 0.000000 0.000000 0.000000 0.000000 0.917799 425.000000
 91.750000 0.866934 381.655276 0.000000 0.000000 0.000000 0.000000 0.912903 421.000000
 92.000000 0.867119 383.622650 0.000000 0.000000 0.000000 0.000000 0.912624 421.000000
 92.250000 0.865291 374.489519 0.000000 0.000000 0.000000 0.000000 0.911174 417.000000
 92.500000 0.864466 377.276877 0.000000 0.000000 0.000000 0.000000 0.910387 411.000000
 92.750000 0.864362 377.984740 0.000000 0.000000 0.000000 0.000000 0.910083 415.000000
 93.000000 0.861402 378.955254 0.000000 0.000000 0.000000 0.000000 0.908098 422.000000
 93.250000 0.868194 380.501904 0.000000 0.000000 0.000000 0.000000 0.914272 425.000000
 93.500000 0.865845 380.664889 0.000000 0.000000 0.000000 0.000000 0.911669 417.000000
 93.750000 0.866657 388.877842 0.000000 0.000000 0.000000 0.000000 0.912303 428.000000
 94.000000 0.868933 388.528381 0.000000 0.000000 0.000000 0.000000 0.914157 423.000000
 94.250000 0.864698 380.377752 0.000000 0.000000 0.000000 0.000000 0.910352 425.000000
 94.500000 0.868895 386.001406 0.000000 0.000000 0.000000 0.000000 0.914646 423.000000
 94.750000 0.866624 381.734340 0.000000 0.000000 0.000000 0.000000 0.912838 422.000000
 95.000000 0.863552 380.501574 0.000000 0.000000 0.000000 0.000000 0.909266 424.000000
 95.250000 0.862804 378.689766 0.000000 0.000000 0.000000 0.000000 0.908157 417.000000
 95.500000 0.871055 388.347725 0.000000 0.000000 0.000000 0.000000 0.916860 422.000000
 95.750000 0.877561 393.617970 2.617828 10.471313 0.000000 0.000000 0.923437 428.000000
 96.000000 0.866626 379.090123 0.000000 0.000000 0.000000 0.000000 0.912862 418.000000
 96.250000 0.861870 375.990386 0.000000 0.000000 0.000000 0.000000 0.908151 416.000000
 96.500000 0.866874 382.901384 0.000000 0.000000 0.000000 0.000000 0.913247 421.000000
 96.750000 0.868018 380.177352 0.000000 0.000000 0.000000 0.000000 0.914260 415.000000
 97.000000 0.865110 379.690529 0.000000 0.000000 0.000000 0.000000 0.911506 420.000000
 97.250000 0.858229 370.023573 0.000000 0.000000 0.000000 0.000000 0.905059 409.000000
 97.500000 0.861548 378.467219 0.000000 0.000000 0.000000 0.000000 0.907610 429.000000
 97.750000 0.863784 380.559785 0.000000 0.000000 0.000000 0.000000 0.909624 419.000000
 98.000000 0.858561 375.947701 0.000000 0.000000 0.000000 0.000000 0.905378 417.000000
 98.250000 0.865084 379.327664 0.000000 0.000000 0.000000 0.000000 0.911191 417.000000
 98.500000 0.859535 371.761450 0.000000 0.000000 0.000000 0.000000 0.906010 409.000000
 98.750000 0.865568 379.845528 0.000000 0.000000 0.000000 0.000000 0.911624 422.000000
 99.000000 0.871244 388.432853 0.000000 0.000000 0.000000 0.000000 0.917279 417.000000
 99.250000 0.864202 378.129236 0.000000 0.000000 0.000000 0.000000 0.910721 411.000000
 99.500000 0.873090 390.211374 0.000000 0.000000 0.000000 0.000000 0.919168 427.000000
 99.750000 0.864085 377.567208 0.000000 0.000000 0.000000 0.000000 0.910879 422.000000
 100.000000 0.864792 375.668126 0.000000 0.000000 0.000000 0.000000 0.911322 418.000000
 100.250000 0.870317 383.609724 0.000000 0.000000 0.000000 0.000000 0.916417 416.000000
 100.500000 0.866182 378.754466 0.000000 0.000000 0.000000 0.000000 0.912769 417.000000
 100.750000 0.870415 382.292641 0.000000 0.000000 0.000000 0.000000 0.916024 414.000000
