#! FIELDS time s.mean
 0.000000 1.929098
 1.000000 1.919812
 2.000000 1.940425
 3.000000 1.922963
 4.000000 1.930613
 5.000000 1.965284
 6.000000 1.904701
 7.000000 1.952863
 8.000000 1.941315
 9.000000 1.912680
 10.000000 1.932097
 11.000000 1.915871
 12.000000 1.918172
 13.000000 1.941352
 14.000000 1.918240
 15.000000 1.911824
 16.000000 1.927812
 17.000000 1.920070
 18.000000 1.895614
 19.000000 1.919149
 20.000000 1.931947
 21.000000 1.913581
 22.000000 1.926303
 23.000000 1.921624
 24.000000 1.937168
 25.000000 1.914068
 26.000000 1.926280
 27.000000 1.912478
 28.000000 1.921863
 29.000000 1.920550
 30.000000 1.944085
 31.000000 1.896315
 32.000000 1.923318
 33.000000 1.935826
 34.000000 1.920404
 35.000000 1.937050
 36.000000 1.921554
 37.000000 1.914520
 38.000000 1.948402
 39.000000 1.887858
 40.000000 1.944278
 41.000000 1.916894
 42.000000 1.910240
 43.000000 1.948690
 44.000000 1.920535
 45.000000 1.933589
 46.000000 1.942556
 47.000000 1.915358
 48.000000 1.926305
 49.000000 1.917206
 50.000000 1.930519
 51.000000 1.941655
 52.000000 1.923596
 53.000000 1.957758
 54.000000 1.900504
 55.000000 1.921242
 56.000000 1.930388
 57.000000 1.905516
 58.000000 1.933991
 59.000000 1.928787
 60.000000 1.922339
 61.000000 1.906761
 62.000000 1.938194
 63.000000 1.946350
 64.000000 1.914273
 65.000000 1.953910
 66.000000 1.922524
 67.000000 1.907658
 68.000000 1.923323
 69.000000 1.899421
 70.000000 1.928159
 71.000000 1.916897
 72.000000 1.941168
 73.000000 1.914125
 74.000000 1.916635
 75.000000 1.943052
 76.000000 1.910340
 77.000000 1.919984
 78.000000 1.930742
 79.000000 1.927570
 80.000000 1.910190
 81.000000 1.934662
 82.000000 1.925633
 83.000000 1.907450
 84.000000 1.946927
 85.000000 1.909556
 86.000000 1.906412
 87.000000 1.919029
 88.000000 1.919350
 89.000000 1.933761
 90.000000 1.924010
 91.000000 1.923169
 92.000000 1.916223
 93.000000 1.938696
 94.000000 1.904613
 95.000000 1.911562
 96.000000 1.927964
 97.000000 1.918512
 98.000000 1.930176
 99.000000 1.923106
 100.000000 1.900851
 101.000000 1.934643
 102.000000 1.879931
 103.000000 1.935517
 104.000000 1.910005
 105.000000 1.893140
 106.000000 1.935627
 107.000000 1.906078
 108.000000 1.932217
 109.000000 1.915300
 110.000000 1.912170
 111.000000 1.924585
 112.000000 1.912684
 113.000000 1.939073
 114.000000 1.915410
 115.000000 1.947321
 116.000000 1.929681
 117.000000 1.931105
 118.000000 1.941109
 119.000000 1.910522
 120.000000 1.921624
 121.000000 1.932588
 122.000000 1.933388
 123.000000 1.931148
 124.000000 1.939666
 125.000000 1.942132
 126.000000 1.926875
 127.000000 1.938163
 128.000000 1.964915
 129.000000 1.919636
 130.000000 1.934000
 131.000000 1.932329
 132.000000 1.917486
 133.000000 1.938622
 134.000000 1.930655
 135.000000 1.921872
 136.000000 1.941065
 137.000000 1.915662
 138.000000 1.929103
 139.000000 1.932203
 140.000000 1.937538
 141.000000 1.943780
 142.000000 1.925232
 143.000000 1.927417
 144.000000 1.932662
 145.000000 1.924591
 146.000000 1.928966
 147.000000 1.898185
 148.000000 1.919702
 149.000000 1.927145
 150.000000 1.905582
 151.000000 1.926422
 152.000000 1.915407
 153.000000 1.938465
 154.000000 1.933248
 155.000000 1.921005
 156.000000 1.944010
 157.000000 1.911171
 158.000000 1.920191
 159.000000 1.942876
 160.000000 1.898376
 161.000000 1.928118
 162.000000 1.920446
 163.000000 1.898140
 164.000000 1.938696
 165.000000 1.918795
 166.000000 1.919661
 167.000000 1.936002
 168.000000 1.917976
 169.000000 1.916929
 170.000000 1.915379
 171.000000 1.912806
 172.000000 1.926499
 173.000000 1.917409
 174.000000 1.922225
 175.000000 1.934750
 176.000000 1.907580
 177.000000 1.916661
 178.000000 1.925645
 179.000000 1.920955
 180.000000 1.924690
 181.000000 1.895807
 182.000000 1.930523
 183.000000 1.922655
 184.000000 1.913495
 185.000000 1.926164
 186.000000 1.904352
 187.000000 1.936704
 188.000000 1.911640
 189.000000 1.917702
 190.000000 1.952701
 191.000000 1.901013
 192.000000 1.934261
 193.000000 1.922901
 194.000000 1.910378
 195.000000 1.937086
 196.000000 1.906544
 197.000000 1.935347
 198.000000 1.948544
 199.000000 1.890841
 200.000000 1.947084
 201.000000 1.913893
 202.000000 1.918337
 203.000000 1.938120
 204.000000 1.924588
 205.000000 1.944843
 206.000000 1.938250
 207.000000 1.942747
 208.000000 1.924423
 209.000000 1.920027
 210.000000 1.940883
 211.000000 1.915643
 212.000000 1.927285
 213.000000 1.940818
 214.000000 1.911531
 215.000000 1.961260
 216.000000 1.909694
 217.000000 1.928871
 218.000000 1.949034
 219.000000 1.925773
 220.000000 1.955378
 221.000000 1.939405
 222.000000 1.947443
 223.000000 1.933389
 224.000000 1.910292
 225.000000 1.936921
 226.000000 1.908760
 227.000000 1.951903
 228.000000 1.920152
 229.000000 1.917128
 230.000000 1.929569
 231.000000 1.920372
 232.000000 1.924048
 233.000000 1.923595
 234.000000 1.917442
 235.000000 1.927706
 236.000000 1.928701
 237.000000 1.914231
 238.000000 1.928400
 239.000000 1.934734
 240.000000 1.903024
 241.000000 1.928434
 242.000000 1.927510
 243.000000 1.907291
 244.000000 1.934633
 245.000000 1.917890
 246.000000 1.928510
 247.000000 1.926885
 248.000000 1.921587
 249.000000 1.920012
 250.000000 1.951283
 251.000000 1.915933
 252.000000 1.936882
 253.000000 1.936609
 254.000000 1.902607
 255.000000 1.931907
 256.000000 1.908258
 257.000000 1.907356
 258.000000 1.919961
 259.000000 1.900631
 260.000000 1.924990
 261.000000 1.910644
 262.000000 1.907293
 263.000000 1.912736
 264.000000 1.895040
 265.000000 1.949938
 266.000000 1.916764
 267.000000 1.924783
 268.000000 1.944216
 269.000000 1.888971
 270.000000 1.919958
 271.000000 1.922589
 272.000000 1.905080
 273.000000 1.918448
 274.000000 1.912234
 275.000000 1.914497
 276.000000 1.920001
 277.000000 1.906450
 278.000000 1.934015
 279.000000 1.904623
 280.000000 1.909283
 281.000000 1.933341
 282.000000 1.899086
 283.000000 1.924036
 284.000000 1.916149
 285.000000 1.931134
 286.000000 1.928661
 287.000000 1.903068
 288.000000 1.920687
 289.000000 1.913640
 290.000000 1.917302
 291.000000 1.943223
 292.000000 1.893733
 293.000000 1.930141
 294.000000 1.928633
 295.000000 1.902692
 296.000000 1.926613
 297.000000 1.908205
 298.000000 1.916120
 299.000000 1.920351
 300.000000 1.909925
 301.000000 1.925470
 302.000000 1.908968
 303.000000 1.905279
 304.000000 1.920356
 305.000000 1.888314
 306.000000 1.913666
 307.000000 1.934141
 308.000000 1.929170
 309.000000 1.941981
 310.000000 1.915043
 311.000000 1.930055
 312.000000 1.948631
 313.000000 1.929841
 314.000000 1.920187
 315.000000 1.940288
 316.000000 1.940512
 317.000000 1.933646
 318.000000 1.926527
 319.000000 1.942802
 320.000000 1.934169
 321.000000 1.891957
 322.000000 1.945844
 323.000000 1.921074
 324.000000 1.904810
 325.000000 1.937256
 326.000000 1.915089
 327.000000 1.913978
 328.000000 1.923911
 329.000000 1.920249
 330.000000 1.899212
 331.000000 1.930837
 332.000000 1.931497
 333.000000 1.902850
 334.000000 1.929236
 335.000000 1.909575
 336.000000 1.912016
 337.000000 1.914701
 338.000000 1.921326
 339.000000 1.916670
 340.000000 1.927675
 341.000000 1.912729
 342.000000 1.936009
 343.000000 1.941177
 344.000000 1.889245
 345.000000 1.946197
 346.000000 1.919503
 347.000000 1.918180
 348.000000 1.940226
 349.000000 1.906468
 350.000000 1.929328
 351.000000 1.921393
 352.000000 1.913603
 353.000000 1.926811
 354.000000 1.917793
 355.000000 1.931796
 356.000000 1.941013
 357.000000 1.895560
 358.000000 1.907385
 359.000000 1.932887
 360.000000 1.892893
 361.000000 1.900129
 362.000000 1.922348
 363.000000 1.885248
 364.000000 1.932210
 365.000000 1.925820
 366.000000 1.904698
 367.000000 1.934904
 368.000000 1.894099
 369.000000 1.916826
 370.000000 1.929669
 371.000000 1.912721
 372.000000 1.922249
 373.000000 1.920004
 374.000000 1.905709
 375.000000 1.906724
 376.000000 1.914652
 377.000000 1.908708
 378.000000 1.922078
 379.000000 1.925888
 380.000000 1.925171
 381.000000 1.922337
 382.000000 1.951888
 383.000000 1.933251
 384.000000 1.920640
 385.000000 1.949944
 386.000000 1.927241
 387.000000 1.906014
 388.000000 1.949341
 389.000000 1.912012
 390.000000 1.943300
 391.000000 1.940911
 392.000000 1.921781
 393.000000 1.945803
 394.000000 1.925925
 395.000000 1.907098
 396.000000 1.953918
 397.000000 1.912924
 398.000000 1.916065
 399.000000 1.945342
