#! FIELDS time s.mean
 0.000000 13.004369
 1.000000 12.957306
 2.000000 13.064877
 3.000000 12.965302
 4.000000 13.009613
 5.000000 13.238375
 6.000000 12.845673
 7.000000 13.161980
 8.000000 13.078141
 9.000000 12.890167
 10.000000 13.017786
 11.000000 12.921043
 12.000000 12.933376
 13.000000 13.095981
 14.000000 12.929160
 15.000000 12.894365
 16.000000 12.998240
 17.000000 12.950186
 18.000000 12.792461
 19.000000 12.940714
 20.000000 13.033149
 21.000000 12.902235
 22.000000 13.003090
 23.000000 12.960323
 24.000000 13.056903
 25.000000 12.912843
 26.000000 12.993954
 27.000000 12.885868
 28.000000 12.953281
 29.000000 12.946668
 30.000000 13.100558
 31.000000 12.797580
 32.000000 12.965164
 33.000000 13.046138
 34.000000 12.936883
 35.000000 13.052594
 36.000000 12.958350
 37.000000 12.920215
 38.000000 13.137391
 39.000000 12.747276
 40.000000 13.111604
 41.000000 12.936468
 42.000000 12.881592
 43.000000 13.138387
 44.000000 12.954184
 45.000000 13.045872
 46.000000 13.099594
 47.000000 12.929532
 48.000000 12.994925
 49.000000 12.929232
 50.000000 13.015357
 51.000000 13.090120
 52.000000 12.965560
 53.000000 13.186631
 54.000000 12.815942
 55.000000 12.961083
 56.000000 13.031729
 57.000000 12.860299
 58.000000 13.041855
 59.000000 13.009662
 60.000000 12.972340
 61.000000 12.868603
 62.000000 13.067797
 63.000000 13.131016
 64.000000 12.913023
 65.000000 13.174556
 66.000000 12.959696
 67.000000 12.874135
 68.000000 12.982014
 69.000000 12.818428
 70.000000 13.007098
 71.000000 12.930612
 72.000000 13.078447
 73.000000 12.913120
 74.000000 12.929607
 75.000000 13.097726
 76.000000 12.890213
 77.000000 12.955788
 78.000000 13.020991
 79.000000 12.997832
 80.000000 12.879815
 81.000000 13.045183
 82.000000 12.993188
 83.000000 12.877002
 84.000000 13.124247
 85.000000 12.889375
 86.000000 12.863282
 87.000000 12.949590
 88.000000 12.939307
 89.000000 13.033287
 90.000000 12.974056
 91.000000 12.967447
 92.000000 12.923945
 93.000000 13.073513
 94.000000 12.851246
 95.000000 12.893159
 96.000000 12.991777
 97.000000 12.941404
 98.000000 13.021085
 99.000000 12.968888
 100.000000 12.832501
 101.000000 13.048039
 102.000000 12.696084
 103.000000 13.051990
 104.000000 12.888173
 105.000000 12.772931
 106.000000 13.052020
 107.000000 12.854498
 108.000000 13.026537
 109.000000 12.911483
 110.000000 12.906816
 111.000000 12.979667
 112.000000 12.896409
 113.000000 13.060488
 114.000000 12.919380
 115.000000 13.126646
 116.000000 13.017385
 117.000000 13.025746
 118.000000 13.088302
 119.000000 12.885222
 120.000000 12.971653
 121.000000 13.028425
 122.000000 13.034162
 123.000000 13.022391
 124.000000 13.084276
 125.000000 13.090885
 126.000000 12.995445
 127.000000 13.053454
 128.000000 13.237818
 129.000000 12.939592
 130.000000 13.040470
 131.000000 13.022107
 132.000000 12.926630
 133.000000 13.060800
 134.000000 13.015290
 135.000000 12.953040
 136.000000 13.087905
 137.000000 12.917420
 138.000000 13.009812
 139.000000 13.017271
 140.000000 13.059792
 141.000000 13.096606
 142.000000 12.985398
 143.000000 12.989808
 144.000000 13.019249
 145.000000 12.973507
 146.000000 12.999327
 147.000000 12.820893
 148.000000 12.946664
 149.000000 12.992440
 150.000000 12.860919
 151.000000 12.995447
 152.000000 12.910204
 153.000000 13.060829
 154.000000 13.042336
 155.000000 12.963281
 156.000000 13.093192
 157.000000 12.892128
 158.000000 12.955063
 159.000000 13.091027
 160.000000 12.807746
 161.000000 13.001875
 162.000000 12.958638
 163.000000 12.812908
 164.000000 13.075546
 165.000000 12.948585
 166.000000 12.954242
 167.000000 13.043584
 168.000000 12.927176
 169.000000 12.930863
 170.000000 12.924516
 171.000000 12.908590
 172.000000 12.981531
 173.000000 12.931348
 174.000000 12.969550
 175.000000 13.052785
 176.000000 12.887939
 177.000000 12.933033
 178.000000 12.995859
 179.000000 12.949428
 180.000000 12.985896
 181.000000 12.785748
 182.000000 13.018594
 183.000000 12.970758
 184.000000 12.902732
 185.000000 12.992234
 186.000000 12.839406
 187.000000 13.052817
 188.000000 12.900682
 189.000000 12.931659
 190.000000 13.154303
 191.000000 12.806534
 192.000000 13.046922
 193.000000 12.974551
 194.000000 12.889194
 195.000000 13.067968
 196.000000 12.864010
 197.000000 13.048192
 198.000000 13.152744
 199.000000 12.757444
 200.000000 13.120140
 201.000000 12.909539
 202.000000 12.941386
 203.000000 13.060973
 204.000000 12.978179
 205.000000 13.103216
 206.000000 13.068733
 207.000000 13.094073
 208.000000 12.980583
 209.000000 12.941529
 210.000000 13.090740
 211.000000 12.916473
 212.000000 12.992174
 213.000000 13.080510
 214.000000 12.884297
 215.000000 13.207036
 216.000000 12.885215
 217.000000 13.012746
 218.000000 13.142039
 219.000000 12.974431
 220.000000 13.189876
 221.000000 13.077316
 222.000000 13.121061
 223.000000 13.034312
 224.000000 12.877915
 225.000000 13.065711
 226.000000 12.870576
 227.000000 13.156296
 228.000000 12.951863
 229.000000 12.938907
 230.000000 13.019780
 231.000000 12.954905
 232.000000 12.976072
 233.000000 12.979596
 234.000000 12.937772
 235.000000 12.994990
 236.000000 13.002214
 237.000000 12.912011
 238.000000 12.997999
 239.000000 13.039250
 240.000000 12.845478
 241.000000 13.005409
 242.000000 13.000734
 243.000000 12.869644
 244.000000 13.041544
 245.000000 12.947176
 246.000000 12.997337
 247.000000 12.995936
 248.000000 12.968770
 249.000000 12.950635
 250.000000 13.153012
 251.000000 12.915529
 252.000000 13.054989
 253.000000 13.061081
 254.000000 12.833683
 255.000000 13.036348
 256.000000 12.876681
 257.000000 12.858463
 258.000000 12.946754
 259.000000 12.816825
 260.000000 12.977850
 261.000000 12.891543
 262.000000 12.866796
 263.000000 12.897775
 264.000000 12.791984
 265.000000 13.138160
 266.000000 12.933073
 267.000000 12.975240
 268.000000 13.097588
 269.000000 12.752214
 270.000000 12.957167
 271.000000 12.959864
 272.000000 12.857154
 273.000000 12.946575
 274.000000 12.903705
 275.000000 12.918161
 276.000000 12.951149
 277.000000 12.865506
 278.000000 13.048527
 279.000000 12.845075
 280.000000 12.870504
 281.000000 13.038014
 282.000000 12.813911
 283.000000 12.974586
 284.000000 12.921090
 285.000000 13.012406
 286.000000 13.002784
 287.000000 12.840427
 288.000000 12.961661
 289.000000 12.909100
 290.000000 12.929525
 291.000000 13.100555
 292.000000 12.764097
 293.000000 13.008909
 294.000000 12.995989
 295.000000 12.846819
 296.000000 13.002837
 297.000000 12.881669
 298.000000 12.924672
 299.000000 12.960371
 300.000000 12.887774
 301.000000 12.972899
 302.000000 12.873541
 303.000000 12.854182
 304.000000 12.952521
 305.000000 12.741928
 306.000000 12.915919
 307.000000 13.040854
 308.000000 13.003715
 309.000000 13.082493
 310.000000 12.918751
 311.000000 13.007439
 312.000000 13.129978
 313.000000 13.003801
 314.000000 12.942858
 315.000000 13.080632
 316.000000 13.071978
 317.000000 13.037809
 318.000000 12.986378
 319.000000 13.094757
 320.000000 13.044599
 321.000000 12.788232
 322.000000 13.120527
 323.000000 12.957761
 324.000000 12.848908
 325.000000 13.063280
 326.000000 12.920508
 327.000000 12.917621
 328.000000 12.962137
 329.000000 12.939341
 330.000000 12.812133
 331.000000 13.007239
 332.000000 13.013855
 333.000000 12.843092
 334.000000 13.004747
 335.000000 12.887020
 336.000000 12.900302
 337.000000 12.912191
 338.000000 12.964807
 339.000000 12.920487
 340.000000 13.006149
 341.000000 12.912416
 342.000000 13.052513
 343.000000 13.090517
 344.000000 12.761250
 345.000000 13.119468
 346.000000 12.938641
 347.000000 12.938046
 348.000000 13.073828
 349.000000 12.863941
 350.000000 13.011343
 351.000000 12.957524
 352.000000 12.908519
 353.000000 12.984831
 354.000000 12.924595
 355.000000 13.011463
 356.000000 13.076686
 357.000000 12.791083
 358.000000 12.858016
 359.000000 13.025140
 360.000000 12.780421
 361.000000 12.815140
 362.000000 12.956210
 363.000000 12.712687
 364.000000 13.033688
 365.000000 12.971451
 366.000000 12.850724
 367.000000 13.049999
 368.000000 12.782039
 369.000000 12.935197
 370.000000 12.998224
 371.000000 12.908168
 372.000000 12.966553
 373.000000 12.933388
 374.000000 12.844442
 375.000000 12.866676
 376.000000 12.919076
 377.000000 12.871740
 378.000000 12.961653
 379.000000 12.977648
 380.000000 12.971056
 381.000000 12.966839
 382.000000 13.152443
 383.000000 13.032740
 384.000000 12.935141
 385.000000 13.142595
 386.000000 12.990212
 387.000000 12.855352
 388.000000 13.149153
 389.000000 12.893470
 390.000000 13.097851
 391.000000 13.078517
 392.000000 12.963380
 393.000000 13.111476
 394.000000 12.983475
 395.000000 12.866891
 396.000000 13.172006
 397.000000 12.894757
 398.000000 12.920174
 399.000000 13.117100
