#! FIELDS time s.mean
 0.000000 1.425753
 1.000000 1.418605
 2.000000 1.433459
 3.000000 1.421118
 4.000000 1.428611
 5.000000 1.452796
 6.000000 1.407024
 7.000000 1.441206
 8.000000 1.433602
 9.000000 1.414186
 10.000000 1.428184
 11.000000 1.415853
 12.000000 1.418843
 13.000000 1.434649
 14.000000 1.417774
 15.000000 1.413339
 16.000000 1.423452
 17.000000 1.420119
 18.000000 1.401924
 19.000000 1.417294
 20.000000 1.426752
 21.000000 1.412813
 22.000000 1.421644
 23.000000 1.418271
 24.000000 1.431061
 25.000000 1.413662
 26.000000 1.422592
 27.000000 1.412628
 28.000000 1.419017
 29.000000 1.420355
 30.000000 1.434611
 31.000000 1.400121
 32.000000 1.421010
 33.000000 1.431384
 34.000000 1.419373
 35.000000 1.431879
 36.000000 1.420164
 37.000000 1.413287
 38.000000 1.438022
 39.000000 1.395874
 40.000000 1.435211
 41.000000 1.417509
 42.000000 1.411537
 43.000000 1.438102
 44.000000 1.418032
 45.000000 1.429128
 46.000000 1.435368
 47.000000 1.414610
 48.000000 1.422032
 49.000000 1.416769
 50.000000 1.426128
 51.000000 1.435552
 52.000000 1.420825
 53.000000 1.446770
 54.000000 1.404943
 55.000000 1.419388
 56.000000 1.425350
 57.000000 1.406370
 58.000000 1.428615
 59.000000 1.424491
 60.000000 1.419780
 61.000000 1.408390
 62.000000 1.431321
 63.000000 1.436440
 64.000000 1.413493
 65.000000 1.444414
 66.000000 1.419987
 67.000000 1.409045
 68.000000 1.420131
 69.000000 1.403051
 70.000000 1.423726
 71.000000 1.415354
 72.000000 1.433761
 73.000000 1.414314
 74.000000 1.416090
 75.000000 1.435737
 76.000000 1.411621
 77.000000 1.419221
 78.000000 1.426068
 79.000000 1.424514
 80.000000 1.411212
 81.000000 1.428204
 82.000000 1.423450
 83.000000 1.408252
 84.000000 1.437445
 85.000000 1.409398
 86.000000 1.409390
 87.000000 1.418327
 88.000000 1.418246
 89.000000 1.428815
 90.000000 1.422121
 91.000000 1.420758
 92.000000 1.415317
 93.000000 1.432384
 94.000000 1.407782
 95.000000 1.411769
 96.000000 1.424369
 97.000000 1.417460
 98.000000 1.425534
 99.000000 1.419893
 100.000000 1.404685
 101.000000 1.430210
 102.000000 1.388658
 103.000000 1.429121
 104.000000 1.411504
 105.000000 1.397021
 106.000000 1.429993
 107.000000 1.408789
 108.000000 1.428629
 109.000000 1.415713
 110.000000 1.412772
 111.000000 1.422311
 112.000000 1.413008
 113.000000 1.433056
 114.000000 1.416369
 115.000000 1.438830
 116.000000 1.425865
 117.000000 1.426432
 118.000000 1.434127
 119.000000 1.409941
 120.000000 1.418007
 121.000000 1.427446
 122.000000 1.430087
 123.000000 1.426098
 124.000000 1.430623
 125.000000 1.435964
 126.000000 1.424037
 127.000000 1.433526
 128.000000 1.452888
 129.000000 1.421554
 130.000000 1.430619
 131.000000 1.429351
 132.000000 1.417623
 133.000000 1.434852
 134.000000 1.425906
 135.000000 1.419420
 136.000000 1.434297
 137.000000 1.414446
 138.000000 1.426677
 139.000000 1.428373
 140.000000 1.431625
 141.000000 1.436459
 142.000000 1.422125
 143.000000 1.424669
 144.000000 1.429625
 145.000000 1.422974
 146.000000 1.427125
 147.000000 1.401779
 148.000000 1.418718
 149.000000 1.425208
 150.000000 1.407790
 151.000000 1.421811
 152.000000 1.415741
 153.000000 1.431634
 154.000000 1.427795
 155.000000 1.418759
 156.000000 1.435752
 157.000000 1.411700
 158.000000 1.418119
 159.000000 1.434993
 160.000000 1.402184
 161.000000 1.423819
 162.000000 1.418644
 163.000000 1.401550
 164.000000 1.431659
 165.000000 1.415401
 166.000000 1.416874
 167.000000 1.430975
 168.000000 1.416806
 169.000000 1.415867
 170.000000 1.414550
 171.000000 1.410783
 172.000000 1.423420
 173.000000 1.416714
 174.000000 1.420422
 175.000000 1.428552
 176.000000 1.409293
 177.000000 1.415388
 178.000000 1.423412
 179.000000 1.418202
 180.000000 1.420932
 181.000000 1.401121
 182.000000 1.426641
 183.000000 1.421219
 184.000000 1.413169
 185.000000 1.422842
 186.000000 1.407513
 187.000000 1.429899
 188.000000 1.412895
 189.000000 1.419240
 190.000000 1.443139
 191.000000 1.406147
 192.000000 1.429323
 193.000000 1.419462
 194.000000 1.411616
 195.000000 1.430353
 196.000000 1.408244
 197.000000 1.428404
 198.000000 1.438616
 199.000000 1.397136
 200.000000 1.437686
 201.000000 1.415051
 202.000000 1.417378
 203.000000 1.431741
 204.000000 1.420792
 205.000000 1.435802
 206.000000 1.432456
 207.000000 1.436522
 208.000000 1.422850
 209.000000 1.417900
 210.000000 1.434142
 211.000000 1.416903
 212.000000 1.423936
 213.000000 1.435553
 214.000000 1.414054
 215.000000 1.449238
 216.000000 1.412361
 217.000000 1.425314
 218.000000 1.439887
 219.000000 1.423135
 220.000000 1.444910
 221.000000 1.431830
 222.000000 1.437958
 223.000000 1.426518
 224.000000 1.410635
 225.000000 1.432685
 226.000000 1.411350
 227.000000 1.442240
 228.000000 1.418444
 229.000000 1.416328
 230.000000 1.425523
 231.000000 1.418010
 232.000000 1.420147
 233.000000 1.420517
 234.000000 1.415613
 235.000000 1.424528
 236.000000 1.424790
 237.000000 1.413220
 238.000000 1.424772
 239.000000 1.429391
 240.000000 1.404982
 241.000000 1.425211
 242.000000 1.422674
 243.000000 1.408338
 244.000000 1.429529
 245.000000 1.415359
 246.000000 1.423969
 247.000000 1.424816
 248.000000 1.419440
 249.000000 1.418001
 250.000000 1.441511
 251.000000 1.413978
 252.000000 1.428504
 253.000000 1.428125
 254.000000 1.404466
 255.000000 1.427460
 256.000000 1.409014
 257.000000 1.410039
 258.000000 1.418183
 259.000000 1.405379
 260.000000 1.424953
 261.000000 1.411271
 262.000000 1.407016
 263.000000 1.412438
 264.000000 1.400619
 265.000000 1.441087
 266.000000 1.416680
 267.000000 1.422785
 268.000000 1.438534
 269.000000 1.397704
 270.000000 1.419447
 271.000000 1.419980
 272.000000 1.407788
 273.000000 1.416872
 274.000000 1.412828
 275.000000 1.414337
 276.000000 1.418784
 277.000000 1.408920
 278.000000 1.427440
 279.000000 1.407986
 280.000000 1.410472
 281.000000 1.429652
 282.000000 1.404251
 283.000000 1.421373
 284.000000 1.416992
 285.000000 1.427214
 286.000000 1.424117
 287.000000 1.406821
 288.000000 1.419393
 289.000000 1.414476
 290.000000 1.416121
 291.000000 1.435352
 292.000000 1.400278
 293.000000 1.426954
 294.000000 1.425005
 295.000000 1.405781
 296.000000 1.421281
 297.000000 1.408785
 298.000000 1.416127
 299.000000 1.418575
 300.000000 1.410719
 301.000000 1.423941
 302.000000 1.410733
 303.000000 1.408004
 304.000000 1.420959
 305.000000 1.395403
 306.000000 1.415051
 307.000000 1.428871
 308.000000 1.426123
 309.000000 1.434770
 310.000000 1.416219
 311.000000 1.426482
 312.000000 1.440578
 313.000000 1.427411
 314.000000 1.419453
 315.000000 1.433509
 316.000000 1.435199
 317.000000 1.428620
 318.000000 1.424609
 319.000000 1.435307
 320.000000 1.428898
 321.000000 1.397707
 322.000000 1.437127
 323.000000 1.419626
 324.000000 1.407916
 325.000000 1.431482
 326.000000 1.415047
 327.000000 1.416310
 328.000000 1.423082
 329.000000 1.419891
 330.000000 1.402055
 331.000000 1.428037
 332.000000 1.427206
 333.000000 1.406543
 334.000000 1.426512
 335.000000 1.411222
 336.000000 1.413023
 337.000000 1.414551
 338.000000 1.420721
 339.000000 1.415843
 340.000000 1.422356
 341.000000 1.413204
 342.000000 1.430648
 343.000000 1.434449
 344.000000 1.395721
 345.000000 1.438714
 346.000000 1.417423
 347.000000 1.417887
 348.000000 1.431966
 349.000000 1.408065
 350.000000 1.425344
 351.000000 1.419934
 352.000000 1.415022
 353.000000 1.425726
 354.000000 1.418943
 355.000000 1.430338
 356.000000 1.434254
 357.000000 1.402004
 358.000000 1.411089
 359.000000 1.429532
 360.000000 1.401381
 361.000000 1.405582
 362.000000 1.422219
 363.000000 1.394587
 364.000000 1.427722
 365.000000 1.423763
 366.000000 1.408943
 367.000000 1.429592
 368.000000 1.399200
 369.000000 1.415340
 370.000000 1.425671
 371.000000 1.412774
 372.000000 1.421062
 373.000000 1.419768
 374.000000 1.409499
 375.000000 1.409208
 376.000000 1.414558
 377.000000 1.412505
 378.000000 1.420389
 379.000000 1.423123
 380.000000 1.422998
 381.000000 1.420173
 382.000000 1.443946
 383.000000 1.430627
 384.000000 1.419087
 385.000000 1.441581
 386.000000 1.423831
 387.000000 1.408641
 388.000000 1.440421
 389.000000 1.414810
 390.000000 1.436066
 391.000000 1.435219
 392.000000 1.420857
 393.000000 1.439558
 394.000000 1.423177
 395.000000 1.410046
 396.000000 1.442733
 397.000000 1.413676
 398.000000 1.416380
 399.000000 1.437553
