#! FIELDS time s.mean
 0.000000 5.179908
 1.000000 5.160520
 2.000000 5.206341
 3.000000 5.164736
 4.000000 5.180723
 5.000000 5.275456
 6.000000 5.114534
 7.000000 5.245764
 8.000000 5.211288
 9.000000 5.132848
 10.000000 5.187697
 11.000000 5.146917
 12.000000 5.150092
 13.000000 5.215268
 14.000000 5.150604
 15.000000 5.135798
 16.000000 5.178196
 17.000000 5.159652
 18.000000 5.095824
 19.000000 5.155701
 20.000000 5.191131
 21.000000 5.140134
 22.000000 5.183137
 23.000000 5.160319
 24.000000 5.202588
 25.000000 5.142750
 26.000000 5.175671
 27.000000 5.133344
 28.000000 5.161059
 29.000000 5.153288
 30.000000 5.221995
 31.000000 5.094099
 32.000000 5.165177
 33.000000 5.193290
 34.000000 5.150163
 35.000000 5.197904
 36.000000 5.157934
 37.000000 5.141732
 38.000000 5.230318
 39.000000 5.072536
 40.000000 5.221410
 41.000000 5.151776
 42.000000 5.129686
 43.000000 5.234134
 44.000000 5.159440
 45.000000 5.197278
 46.000000 5.218124
 47.000000 5.146812
 48.000000 5.179757
 49.000000 5.150192
 50.000000 5.186728
 51.000000 5.216373
 52.000000 5.160896
 53.000000 5.256555
 54.000000 5.101997
 55.000000 5.158477
 56.000000 5.190143
 57.000000 5.119941
 58.000000 5.194763
 59.000000 5.185212
 60.000000 5.167042
 61.000000 5.124247
 62.000000 5.207567
 63.000000 5.227487
 64.000000 5.141876
 65.000000 5.247972
 66.000000 5.162289
 67.000000 5.127021
 68.000000 5.170588
 69.000000 5.102739
 70.000000 5.182904
 71.000000 5.151315
 72.000000 5.212536
 73.000000 5.142455
 74.000000 5.149783
 75.000000 5.217104
 76.000000 5.130401
 77.000000 5.155871
 78.000000 5.186027
 79.000000 5.175052
 80.000000 5.127814
 81.000000 5.194375
 82.000000 5.175958
 83.000000 5.122830
 84.000000 5.226666
 85.000000 5.132541
 86.000000 5.124804
 87.000000 5.159207
 88.000000 5.155587
 89.000000 5.190588
 90.000000 5.169439
 91.000000 5.163981
 92.000000 5.148360
 93.000000 5.212211
 94.000000 5.117655
 95.000000 5.136207
 96.000000 5.175327
 97.000000 5.154001
 98.000000 5.187507
 99.000000 5.165102
 100.000000 5.111355
 101.000000 5.199221
 102.000000 5.054979
 103.000000 5.199611
 104.000000 5.134102
 105.000000 5.087861
 106.000000 5.203009
 107.000000 5.115686
 108.000000 5.190828
 109.000000 5.142072
 110.000000 5.138636
 111.000000 5.170764
 112.000000 5.139212
 113.000000 5.206716
 114.000000 5.146360
 115.000000 5.227609
 116.000000 5.185406
 117.000000 5.187899
 118.000000 5.213307
 119.000000 5.132284
 120.000000 5.165805
 121.000000 5.187010
 122.000000 5.192193
 123.000000 5.185118
 124.000000 5.212654
 125.000000 5.214237
 126.000000 5.176578
 127.000000 5.202046
 128.000000 5.274135
 129.000000 5.155997
 130.000000 5.194389
 131.000000 5.184179
 132.000000 5.146045
 133.000000 5.200977
 134.000000 5.181594
 135.000000 5.157237
 136.000000 5.216115
 137.000000 5.140870
 138.000000 5.181799
 139.000000 5.185832
 140.000000 5.201955
 141.000000 5.215105
 142.000000 5.171815
 143.000000 5.177223
 144.000000 5.185515
 145.000000 5.167645
 146.000000 5.180772
 147.000000 5.106292
 148.000000 5.157342
 149.000000 5.176372
 150.000000 5.120707
 151.000000 5.177238
 152.000000 5.144758
 153.000000 5.205153
 154.000000 5.193534
 155.000000 5.160588
 156.000000 5.213704
 157.000000 5.133355
 158.000000 5.158199
 159.000000 5.215344
 160.000000 5.098332
 161.000000 5.176520
 162.000000 5.162270
 163.000000 5.098451
 164.000000 5.205265
 165.000000 5.155083
 166.000000 5.159042
 167.000000 5.196095
 168.000000 5.148559
 169.000000 5.153599
 170.000000 5.151369
 171.000000 5.137494
 172.000000 5.171229
 173.000000 5.153171
 174.000000 5.168043
 175.000000 5.199995
 176.000000 5.132951
 177.000000 5.151789
 178.000000 5.178113
 179.000000 5.158227
 180.000000 5.173462
 181.000000 5.090161
 182.000000 5.183819
 183.000000 5.167025
 184.000000 5.139451
 185.000000 5.175133
 186.000000 5.113411
 187.000000 5.201001
 188.000000 5.135663
 189.000000 5.154404
 190.000000 5.242562
 191.000000 5.099222
 192.000000 5.197323
 193.000000 5.162793
 194.000000 5.131740
 195.000000 5.201338
 196.000000 5.123944
 197.000000 5.195258
 198.000000 5.240399
 199.000000 5.076768
 200.000000 5.227843
 201.000000 5.139955
 202.000000 5.154201
 203.000000 5.201889
 204.000000 5.165059
 205.000000 5.219982
 206.000000 5.206377
 207.000000 5.214729
 208.000000 5.166737
 209.000000 5.154423
 210.000000 5.215262
 211.000000 5.142458
 212.000000 5.174483
 213.000000 5.215732
 214.000000 5.132011
 215.000000 5.266577
 216.000000 5.126577
 217.000000 5.182413
 218.000000 5.234835
 219.000000 5.169191
 220.000000 5.254111
 221.000000 5.206300
 222.000000 5.226141
 223.000000 5.191710
 224.000000 5.128774
 225.000000 5.205074
 226.000000 5.124526
 227.000000 5.240908
 228.000000 5.158313
 229.000000 5.153986
 230.000000 5.185055
 231.000000 5.160017
 232.000000 5.168583
 233.000000 5.171023
 234.000000 5.151943
 235.000000 5.178783
 236.000000 5.177640
 237.000000 5.139300
 238.000000 5.178167
 239.000000 5.194024
 240.000000 5.114873
 241.000000 5.181425
 242.000000 5.178201
 243.000000 5.125290
 244.000000 5.195873
 245.000000 5.157574
 246.000000 5.176951
 247.000000 5.172509
 248.000000 5.163867
 249.000000 5.157192
 250.000000 5.239532
 251.000000 5.141716
 252.000000 5.200239
 253.000000 5.200527
 254.000000 5.111852
 255.000000 5.193858
 256.000000 5.127521
 257.000000 5.122825
 258.000000 5.159532
 259.000000 5.103378
 260.000000 5.171274
 261.000000 5.134145
 262.000000 5.126914
 263.000000 5.136804
 264.000000 5.092302
 265.000000 5.232074
 266.000000 5.147384
 267.000000 5.165328
 268.000000 5.216406
 269.000000 5.076727
 270.000000 5.160266
 271.000000 5.165157
 272.000000 5.124642
 273.000000 5.157577
 274.000000 5.143607
 275.000000 5.147260
 276.000000 5.158548
 277.000000 5.125429
 278.000000 5.201497
 279.000000 5.117354
 280.000000 5.125975
 281.000000 5.196080
 282.000000 5.105109
 283.000000 5.169008
 284.000000 5.144427
 285.000000 5.183793
 286.000000 5.181258
 287.000000 5.117676
 288.000000 5.161192
 289.000000 5.142020
 290.000000 5.150728
 291.000000 5.220901
 292.000000 5.086161
 293.000000 5.180420
 294.000000 5.176539
 295.000000 5.114413
 296.000000 5.178404
 297.000000 5.128783
 298.000000 5.149299
 299.000000 5.162776
 300.000000 5.131410
 301.000000 5.166626
 302.000000 5.129106
 303.000000 5.118039
 304.000000 5.156222
 305.000000 5.073922
 306.000000 5.144465
 307.000000 5.194280
 308.000000 5.179505
 309.000000 5.214811
 310.000000 5.146784
 311.000000 5.181387
 312.000000 5.228828
 313.000000 5.177638
 314.000000 5.150730
 315.000000 5.209130
 316.000000 5.208206
 317.000000 5.195117
 318.000000 5.172673
 319.000000 5.215815
 320.000000 5.195929
 321.000000 5.087463
 322.000000 5.226870
 323.000000 5.158678
 324.000000 5.118617
 325.000000 5.199432
 326.000000 5.144917
 327.000000 5.145398
 328.000000 5.164739
 329.000000 5.156354
 330.000000 5.103434
 331.000000 5.184261
 332.000000 5.187848
 333.000000 5.114109
 334.000000 5.181887
 335.000000 5.133294
 336.000000 5.139158
 337.000000 5.139585
 338.000000 5.162381
 339.000000 5.145204
 340.000000 5.180659
 341.000000 5.139053
 342.000000 5.198023
 343.000000 5.217138
 344.000000 5.081223
 345.000000 5.228140
 346.000000 5.152187
 347.000000 5.151007
 348.000000 5.206702
 349.000000 5.119239
 350.000000 5.180448
 351.000000 5.162593
 352.000000 5.140544
 353.000000 5.174261
 354.000000 5.148385
 355.000000 5.182501
 356.000000 5.205931
 357.000000 5.096436
 358.000000 5.122587
 359.000000 5.189538
 360.000000 5.089398
 361.000000 5.103138
 362.000000 5.163842
 363.000000 5.063663
 364.000000 5.192859
 365.000000 5.168085
 366.000000 5.114744
 367.000000 5.201270
 368.000000 5.087649
 369.000000 5.149377
 370.000000 5.178161
 371.000000 5.136321
 372.000000 5.164559
 373.000000 5.150783
 374.000000 5.115191
 375.000000 5.128987
 376.000000 5.149298
 377.000000 5.128419
 378.000000 5.163841
 379.000000 5.169289
 380.000000 5.168577
 381.000000 5.161113
 382.000000 5.238677
 383.000000 5.191332
 384.000000 5.151725
 385.000000 5.235586
 386.000000 5.175418
 387.000000 5.118563
 388.000000 5.240921
 389.000000 5.131425
 390.000000 5.218508
 391.000000 5.210303
 392.000000 5.162340
 393.000000 5.224243
 394.000000 5.169877
 395.000000 5.125235
 396.000000 5.248485
 397.000000 5.135634
 398.000000 5.143886
 399.000000 5.224706
