#! FIELDS time refcv.mean refcv.morethan uwall.bias uwall.force2 lwall.bias lwall.force2 refcv2.mean refcv2.morethan
 0.250000 0.724477 670.416101 0.000000 0.000000 0.000000 0.000000 0.724477 662.000000
 0.500000 0.719313 677.955733 0.000000 0.000000 0.000000 0.000000 0.719313 674.000000
 0.750000 0.722037 680.837766 0.000000 0.000000 0.000000 0.000000 0.722037 675.000000
 1.000000 0.730531 695.912780 0.000000 0.000000 0.000000 0.000000 0.730531 688.000000
 1.250000 0.728339 692.955099 0.000000 0.000000 0.000000 0.000000 0.728339 690.000000
 1.500000 0.725870 700.049911 0.000000 0.000000 0.000000 0.000000 0.725870 693.000000
 1.750000 0.727758 705.609512 0.000000 0.000000 0.000000 0.000000 0.727758 708.000000
 2.000000 0.729595 699.626872 0.000000 0.000000 0.000000 0.000000 0.729595 695.000000
 2.250000 0.733407 703.386656 0.000000 0.000000 0.000000 0.000000 0.733407 700.000000
 2.500000 0.728536 695.463021 0.000000 0.000000 0.000000 0.000000 0.728536 691.000000
 2.750000 0.730002 699.374665 0.000000 0.000000 0.000000 0.000000 0.730002 697.000000
 3.000000 0.729821 702.235602 0.000000 0.000000 0.000000 0.000000 0.729821 694.000000
 3.250000 0.731739 707.792654 0.000000 0.000000 0.000000 0.000000 0.731739 707.000000
 3.500000 0.734620 703.066278 0.000000 0.000000 0.000000 0.000000 0.734620 690.000000
 3.750000 0.726549 705.613029 0.000000 0.000000 0.000000 0.000000 0.726549 705.000000
 4.000000 0.723849 698.418993 0.000000 0.000000 0.000000 0.000000 0.723849 696.000000
 4.250000 0.729028 700.088272 0.000000 0.000000 0.000000 0.000000 0.729028 696.000000
 4.500000 0.730578 707.296537 0.000000 0.000000 0.000000 0.000000 0.730578 709.000000
 4.750000 0.734001 707.163558 0.000000 0.000000 0.000000 0.000000 0.734001 701.000000
 5.000000 0.734427 709.929332 0.000000 0.000000 0.000000 0.000000 0.734427 710.000000
 5.250000 0.734376 712.749123 7.557675 30.230701 0.000000 0.000000 0.734376 706.000000
 5.500000 0.731223 703.702708 0.000000 0.000000 0.000000 0.000000 0.731223 707.000000
 5.750000 0.729311 706.399108 0.000000 0.000000 0.000000 0.000000 0.729311 713.000000
 6.000000 0.729709 705.816961 0.000000 0.000000 0.000000 0.000000 0.729709 697.000000
 6.250000 0.732749 705.996912 0.000000 0.000000 0.000000 0.000000 0.732749 705.000000
 6.500000 0.733906 704.533584 0.000000 0.000000 0.000000 0.000000 0.733906 704.000000
 6.750000 0.732235 704.455724 0.000000 0.000000 0.000000 0.000000 0.732235 699.000000
 7.000000 0.731477 704.947002 0.000000 0.000000 0.000000 0.000000 0.731477 695.000000
 7.250000 0.733717 703.829584 0.000000 0.000000 0.000000 0.000000 0.733717 698.000000
 7.500000 0.727740 694.918257 0.000000 0.000000 0.000000 0.000000 0.727740 691.000000
 7.750000 0.732762 708.945716 0.000000 0.000000 0.000000 0.000000 0.732762 712.000000
 8.000000 0.732565 705.740378 0.000000 0.000000 0.000000 0.000000 0.732565 696.000000
 8.250000 0.730982 700.770719 0.000000 0.000000 0.000000 0.000000 0.730982 702.000000
 8.500000 0.736499 704.678564 0.000000 0.000000 0.000000 0.000000 0.736499 697.000000
 8.750000 0.734533 704.906403 0.000000 0.000000 0.000000 0.000000 0.734533 701.000000
 9.000000 0.735011 710.727802 0.529696 2.118786 0.000000 0.000000 0.735011 711.000000
 9.250000 0.735573 710.755837 0.571289 2.285156 0.000000 0.000000 0.735573 709.000000
 9.500000 0.727939 704.525236 0.000000 0.000000 0.000000 0.000000 0.727939 705.000000
 9.750000 0.729849 694.411722 0.000000 0.000000 0.000000 0.000000 0.729849 692.000000
 10.000000 0.733866 706.959614 0.000000 0.000000 0.000000 0.000000 0.733866 702.000000
 10.250000 0.730829 705.736557 0.000000 0.000000 0.000000 0.000000 0.730829 709.000000
 10.500000 0.729216 693.767680 0.000000 0.000000 0.000000 0.000000 0.729216 694.000000
 10.750000 0.734862 705.002935 0.000000 0.000000 0.000000 0.000000 0.734862 702.000000
 11.000000 0.733387 707.825565 0.000000 0.000000 0.000000 0.000000 0.733387 704.000000
 11.250000 0.730975 707.563889 0.000000 0.000000 0.000000 0.000000 0.730975 704.000000
 11.500000 0.729117 702.733671 0.000000 0.000000 0.000000 0.000000 0.729117 699.000000
 11.750000 0.730657 702.495070 0.000000 0.000000 0.000000 0.000000 0.730657 700.000000
 12.000000 0.724022 683.672619 0.000000 0.000000 0.000000 0.000000 0.724022 684.000000
 12.250000 0.728027 700.193163 0.000000 0.000000 0.000000 0.000000 0.728027 700.000000
 12.500000 0.730205 706.561073 0.000000 0.000000 0.000000 0.000000 0.730205 704.000000
 12.750000 0.730019 701.014640 0.000000 0.000000 0.000000 0.000000 0.730019 702.000000
 13.000000 0.728099 704.574724 0.000000 0.000000 0.000000 0.000000 0.728099 701.000000
 13.250000 0.727602 702.274567 0.000000 0.000000 0.000000 0.000000 0.727602 701.000000
 13.500000 0.728722 704.532795 0.000000 0.000000 0.000000 0.000000 0.728722 694.000000
 13.750000 0.730739 701.361557 0.000000 0.000000 0.000000 0.000000 0.730739 694.000000
 14.000000 0.727821 696.466910 0.000000 0.000000 0.000000 0.000000 0.727821 687.000000
 14.250000 0.729333 697.248007 0.000000 0.000000 0.000000 0.000000 0.729333 695.000000
 14.500000 0.726390 687.348222 0.000000 0.000000 0.000000 0.000000 0.726390 681.000000
 14.750000 0.733034 702.290991 0.000000 0.000000 0.000000 0.000000 0.733034 693.000000
 15.000000 0.732691 694.456294 0.000000 0.000000 0.000000 0.000000 0.732691 692.000000
 15.250000 0.732230 691.253983 0.000000 0.000000 0.000000 0.000000 0.732230 686.000000
 15.500000 0.732546 690.571181 0.000000 0.000000 0.000000 0.000000 0.732546 687.000000
 15.750000 0.730388 694.099271 0.000000 0.000000 0.000000 0.000000 0.730388 693.000000
 16.000000 0.722520 680.746081 0.000000 0.000000 0.000000 0.000000 0.722520 679.000000
 16.250000 0.725509 690.954767 0.000000 0.000000 0.000000 0.000000 0.725509 691.000000
 16.500000 0.727000 702.965638 0.000000 0.000000 0.000000 0.000000 0.727000 703.000000
 16.750000 0.729692 701.268910 0.000000 0.000000 0.000000 0.000000 0.729692 700.000000
 17.000000 0.730096 699.521284 0.000000 0.000000 0.000000 0.000000 0.730096 699.000000
 17.250000 0.729156 702.734505 0.000000 0.000000 0.000000 0.000000 0.729156 699.000000
 17.500000 0.733402 709.230554 0.000000 0.000000 0.000000 0.000000 0.733402 711.000000
 17.750000 0.728334 698.763396 0.000000 0.000000 0.000000 0.000000 0.728334 699.000000
 18.000000 0.729462 698.324041 0.000000 0.000000 0.000000 0.000000 0.729462 695.000000
 18.250000 0.730117 704.462759 0.000000 0.000000 0.000000 0.000000 0.730117 703.000000
 18.500000 0.730135 705.369961 0.000000 0.000000 0.000000 0.000000 0.730135 696.000000
 18.750000 0.731433 706.504373 0.000000 0.000000 0.000000 0.000000 0.731433 709.000000
 19.000000 0.732310 697.142409 0.000000 0.000000 0.000000 0.000000 0.732310 695.000000
 19.250000 0.731306 698.328398 0.000000 0.000000 0.000000 0.000000 0.731306 692.000000
 19.500000 0.732668 699.145388 0.000000 0.000000 0.000000 0.000000 0.732668 699.000000
 19.750000 0.731229 703.032192 0.000000 0.000000 0.000000 0.000000 0.731229 699.000000
 20.000000 0.724124 682.812463 0.000000 0.000000 0.000000 0.000000 0.724124 683.000000
 20.250000 0.723279 684.838528 0.000000 0.000000 0.000000 0.000000 0.723279 683.000000
 20.500000 0.725496 681.246726 0.000000 0.000000 0.000000 0.000000 0.725496 674.000000
 20.750000 0.725772 688.281435 0.000000 0.000000 0.000000 0.000000 0.725772 682.000000
 21.000000 0.728005 691.389805 0.000000 0.000000 0.000000 0.000000 0.728005 686.000000
 21.250000 0.721895 666.568911 0.000000 0.000000 0.000000 0.000000 0.721895 655.000000
 21.500000 0.729543 683.524603 0.000000 0.000000 0.000000 0.000000 0.729543 676.000000
 21.750000 0.725099 680.644954 0.000000 0.000000 0.000000 0.000000 0.725099 679.000000
 22.000000 0.725174 673.865574 0.000000 0.000000 0.000000 0.000000 0.725174 668.000000
 22.250000 0.723455 678.661657 0.000000 0.000000 0.000000 0.000000 0.723455 681.000000
 22.500000 0.728309 686.864391 0.000000 0.000000 0.000000 0.000000 0.728309 684.000000
 22.750000 0.723478 680.130434 0.000000 0.000000 0.000000 0.000000 0.723478 679.000000
 23.000000 0.722869 680.801996 0.000000 0.000000 0.000000 0.000000 0.722869 671.000000
 23.250000 0.725543 678.987138 0.000000 0.000000 0.000000 0.000000 0.725543 669.000000
 23.500000 0.728300 694.647722 0.000000 0.000000 0.000000 0.000000 0.728300 687.000000
 23.750000 0.727764 691.286717 0.000000 0.000000 0.000000 0.000000 0.727764 689.000000
 24.000000 0.730857 693.206832 0.000000 0.000000 0.000000 0.000000 0.730857 691.000000
 24.250000 0.727261 692.643086 0.000000 0.000000 0.000000 0.000000 0.727261 691.000000
 24.500000 0.728828 689.370399 0.000000 0.000000 0.000000 0.000000 0.728828 693.000000
 24.750000 0.724976 689.832163 0.000000 0.000000 0.000000 0.000000 0.724976 681.000000
 25.000000 0.727516 679.237282 0.000000 0.000000 0.000000 0.000000 0.727516 668.000000
 25.250000 0.733806 703.173645 0.000000 0.000000 0.000000 0.000000 0.733806 692.000000
 25.500000 0.731063 694.995239 0.000000 0.000000 0.000000 0.000000 0.731063 696.000000
 25.750000 0.725846 687.635317 0.000000 0.000000 0.000000 0.000000 0.725846 681.000000
 26.000000 0.723609 683.698910 0.000000 0.000000 0.000000 0.000000 0.723609 682.000000
 26.250000 0.721816 686.070779 0.000000 0.000000 0.000000 0.000000 0.721816 684.000000
 26.500000 0.723416 688.345954 0.000000 0.000000 0.000000 0.000000 0.723416 688.000000
 26.750000 0.723580 682.709079 0.000000 0.000000 0.000000 0.000000 0.723580 683.000000
 27.000000 0.719759 685.843925 0.000000 0.000000 0.000000 0.000000 0.719759 683.000000
 27.250000 0.728035 686.081564 0.000000 0.000000 0.000000 0.000000 0.728035 687.000000
 27.500000 0.724426 683.641334 0.000000 0.000000 0.000000 0.000000 0.724426 680.000000
 27.750000 0.726861 694.199260 0.000000 0.000000 0.000000 0.000000 0.726861 694.000000
 28.000000 0.728482 697.820562 0.000000 0.000000 0.000000 0.000000 0.728482 696.000000
 28.250000 0.723595 690.403509 0.000000 0.000000 0.000000 0.000000 0.723595 691.000000
 28.500000 0.725342 689.899570 0.000000 0.000000 0.000000 0.000000 0.725342 688.000000
 28.750000 0.725695 693.287119 0.000000 0.000000 0.000000 0.000000 0.725695 691.000000
 29.000000 0.729219 705.879479 0.000000 0.000000 0.000000 0.000000 0.729219 708.000000
 29.250000 0.728684 691.974516 0.000000 0.000000 0.000000 0.000000 0.728684 687.000000
 29.500000 0.728289 687.639494 0.000000 0.000000 0.000000 0.000000 0.728289 684.000000
 29.750000 0.728525 692.222289 0.000000 0.000000 0.000000 0.000000 0.728525 688.000000
 30.000000 0.725315 690.067378 0.000000 0.000000 0.000000 0.000000 0.725315 681.000000
 30.250000 0.726813 692.940902 0.000000 0.000000 0.000000 0.000000 0.726813 692.000000
 30.500000 0.723939 687.750350 0.000000 0.000000 0.000000 0.000000 0.723939 688.000000
 30.750000 0.728077 685.254175 0.000000 0.000000 0.000000 0.000000 0.728077 679.000000
 31.000000 0.728553 695.175751 0.000000 0.000000 0.000000 0.000000 0.728553 698.000000
 31.250000 0.722625 688.468112 0.000000 0.000000 0.000000 0.000000 0.722625 689.000000
 31.500000 0.725966 692.894302 0.000000 0.000000 0.000000 0.000000 0.725966 692.000000
 31.750000 0.725147 686.873082 0.000000 0.000000 0.000000 0.000000 0.725147 687.000000
 32.000000 0.728800 685.341918 0.000000 0.000000 0.000000 0.000000 0.728800 681.000000
 32.250000 0.731077 704.489782 0.000000 0.000000 0.000000 0.000000 0.731077 706.000000
 32.500000 0.726520 689.216068 0.000000 0.000000 0.000000 0.000000 0.726520 687.000000
 32.750000 0.731213 704.133205 0.000000 0.000000 0.000000 0.000000 0.731213 708.000000
 33.000000 0.730902 699.900388 0.000000 0.000000 0.000000 0.000000 0.730902 694.000000
 33.250000 0.729835 687.734276 0.000000 0.000000 0.000000 0.000000 0.729835 683.000000
 33.500000 0.733267 702.911351 0.000000 0.000000 0.000000 0.000000 0.733267 700.000000
 33.750000 0.726676 692.845027 0.000000 0.000000 0.000000 0.000000 0.726676 694.000000
 34.000000 0.732192 710.321572 0.103409 0.413634 0.000000 0.000000 0.732192 709.000000
 34.250000 0.735822 705.398793 0.000000 0.000000 0.000000 0.000000 0.735822 699.000000
 34.500000 0.731669 699.688841 0.000000 0.000000 0.000000 0.000000 0.731669 697.000000
 34.750000 0.726832 692.408872 0.000000 0.000000 0.000000 0.000000 0.726832 689.000000
 35.000000 0.725771 691.733086 0.000000 0.000000 0.000000 0.000000 0.725771 691.000000
 35.250000 0.721567 683.460093 0.000000 0.000000 0.000000 0.000000 0.721567 683.000000
 35.500000 0.733060 702.999978 0.000000 0.000000 0.000000 0.000000 0.733060 703.000000
 35.750000 0.728268 694.138304 0.000000 0.000000 0.000000 0.000000 0.728268 692.000000
 36.000000 0.729715 693.348706 0.000000 0.000000 0.000000 0.000000 0.729715 691.000000
 36.250000 0.729237 688.781436 0.000000 0.000000 0.000000 0.000000 0.729237 687.000000
 36.500000 0.729960 689.611424 0.000000 0.000000 0.000000 0.000000 0.729960 686.000000
 36.750000 0.727484 690.639353 0.000000 0.000000 0.000000 0.000000 0.727484 683.000000
 37.000000 0.732089 694.959147 0.000000 0.000000 0.000000 0.000000 0.732089 690.000000
 37.250000 0.729850 697.240860 0.000000 0.000000 0.000000 0.000000 0.729850 688.000000
 37.500000 0.732535 699.120631 0.000000 0.000000 0.000000 0.000000 0.732535 695.000000
 37.750000 0.729145 685.815199 0.000000 0.000000 0.000000 0.000000 0.729145 679.000000
 38.000000 0.729905 685.432135 0.000000 0.000000 0.000000 0.000000 0.729905 679.000000
 38.250000 0.727850 679.247316 0.000000 0.000000 0.000000 0.000000 0.727850 670.000000
 38.500000 0.726050 678.272961 0.000000 0.000000 0.000000 0.000000 0.726050 674.000000
 38.750000 0.725758 674.006349 0.000000 0.000000 0.000000 0.000000 0.725758 665.000000
 39.000000 0.726381 680.396349 0.000000 0.000000 0.000000 0.000000 0.726381 672.000000
 39.250000 0.722954 674.881588 0.000000 0.000000 0.000000 0.000000 0.722954 664.000000
 39.500000 0.726658 683.371166 0.000000 0.000000 0.000000 0.000000 0.726658 678.000000
 39.750000 0.720798 679.319319 0.000000 0.000000 0.000000 0.000000 0.720798 676.000000
 40.000000 0.718564 677.450628 0.000000 0.000000 0.000000 0.000000 0.718564 675.000000
 40.250000 0.723942 689.129181 0.000000 0.000000 0.000000 0.000000 0.723942 689.000000
 40.500000 0.722191 685.442457 0.000000 0.000000 0.000000 0.000000 0.722191 687.000000
 40.750000 0.723992 685.829804 0.000000 0.000000 0.000000 0.000000 0.723992 683.000000
 41.000000 0.722659 686.735785 0.000000 0.000000 0.000000 0.000000 0.722659 684.000000
 41.250000 0.723674 678.134369 0.000000 0.000000 0.000000 0.000000 0.723674 676.000000
 41.500000 0.729668 697.158521 0.000000 0.000000 0.000000 0.000000 0.729668 693.000000
 41.750000 0.723487 676.694805 0.000000 0.000000 0.000000 0.000000 0.723487 675.000000
 42.000000 0.723020 686.514247 0.000000 0.000000 0.000000 0.000000 0.723020 689.000000
 42.250000 0.723798 690.554682 0.000000 0.000000 0.000000 0.000000 0.723798 687.000000
 42.500000 0.725698 688.496619 0.000000 0.000000 0.000000 0.000000 0.725698 683.000000
 42.750000 0.718902 671.097336 0.000000 0.000000 0.000000 0.000000 0.718902 675.000000
 43.000000 0.722315 684.606008 0.000000 0.000000 0.000000 0.000000 0.722315 686.000000
 43.250000 0.720519 675.127324 0.000000 0.000000 0.000000 0.000000 0.720519 673.000000
 43.500000 0.718846 674.329088 0.000000 0.000000 0.000000 0.000000 0.718846 677.000000
 43.750000 0.719268 677.127114 0.000000 0.000000 0.000000 0.000000 0.719268 677.000000
 44.000000 0.719267 675.946254 0.000000 0.000000 0.000000 0.000000 0.719267 675.000000
 44.250000 0.727173 688.804342 0.000000 0.000000 0.000000 0.000000 0.727173 685.000000
 44.500000 0.722214 673.801001 0.000000 0.000000 0.000000 0.000000 0.722214 673.000000
 44.750000 0.726697 682.555775 0.000000 0.000000 0.000000 0.000000 0.726697 676.000000
 45.000000 0.726874 689.834311 0.000000 0.000000 0.000000 0.000000 0.726874 688.000000
 45.250000 0.722126 683.628265 0.000000 0.000000 0.000000 0.000000 0.722126 679.000000
 45.500000 0.722177 686.096579 0.000000 0.000000 0.000000 0.000000 0.722177 688.000000
 45.750000 0.717207 671.926847 0.000000 0.000000 0.000000 0.000000 0.717207 667.000000
 46.000000 0.725302 677.583193 0.000000 0.000000 0.000000 0.000000 0.725302 677.000000
 46.250000 0.721199 670.709809 0.000000 0.000000 0.000000 0.000000 0.721199 669.000000
 46.500000 0.721857 672.118727 0.000000 0.000000 0.000000 0.000000 0.721857 668.000000
 46.750000 0.719385 662.188113 0.000000 0.000000 0.000000 0.000000 0.719385 658.000000
 47.000000 0.721519 663.027834 0.000000 0.000000 0.000000 0.000000 0.721519 659.000000
 47.250000 0.724896 675.246225 0.000000 0.000000 0.000000 0.000000 0.724896 671.000000
 47.500000 0.720873 665.379539 0.000000 0.000000 0.000000 0.000000 0.720873 665.000000
 47.750000 0.724861 672.175135 0.000000 0.000000 0.000000 0.000000 0.724861 666.000000
 48.000000 0.724178 672.253820 0.000000 0.000000 0.000000 0.000000 0.724178 666.000000
 48.250000 0.719566 671.375997 0.000000 0.000000 0.000000 0.000000 0.719566 667.000000
 48.500000 0.718572 664.881302 0.000000 0.000000 0.000000 0.000000 0.718572 659.000000
 48.750000 0.718863 672.882229 0.000000 0.000000 0.000000 0.000000 0.718863 672.000000
 49.000000 0.725790 678.610060 0.000000 0.000000 0.000000 0.000000 0.725790 668.000000
 49.250000 0.720499 665.021575 0.000000 0.000000 0.000000 0.000000 0.720499 662.000000
 49.500000 0.720405 666.591020 0.000000 0.000000 0.000000 0.000000 0.720405 667.000000
 49.750000 0.720218 666.819566 0.000000 0.000000 0.000000 0.000000 0.720218 662.000000
 50.000000 0.714337 659.329765 0.000000 0.000000 0.000000 0.000000 0.714337 661.000000
 50.250000 0.717520 664.302497 0.000000 0.000000 0.000000 0.000000 0.717520 661.000000
 50.500000 0.715723 658.625502 0.000000 0.000000 0.000000 0.000000 0.715723 653.000000
 50.750000 0.715544 656.693680 0.000000 0.000000 0.000000 0.000000 0.715544 652.000000
 51.000000 0.715799 655.102382 0.000000 0.000000 0.000000 0.000000 0.715799 655.000000
 51.250000 0.716207 656.386681 0.000000 0.000000 0.000000 0.000000 0.716207 656.000000
 51.500000 0.720971 666.105182 0.000000 0.000000 0.000000 0.000000 0.720971 664.000000
 51.750000 0.716917 663.693192 0.000000 0.000000 0.000000 0.000000 0.716917 661.000000
 52.000000 0.719723 671.136611 0.000000 0.000000 0.000000 0.000000 0.719723 667.000000
 52.250000 0.716243 653.476962 0.000000 0.000000 0.000000 0.000000 0.716243 649.000000
 52.500000 0.718176 665.384244 0.000000 0.000000 0.000000 0.000000 0.718176 665.000000
 52.750000 0.713865 660.558736 0.000000 0.000000 0.000000 0.000000 0.713865 659.000000
 53.000000 0.717111 656.349024 0.000000 0.000000 0.000000 0.000000 0.717111 649.000000
 53.250000 0.722673 670.575055 0.000000 0.000000 0.000000 0.000000 0.722673 670.000000
 53.500000 0.717115 655.294071 0.000000 0.000000 0.000000 0.000000 0.717115 648.000000
 53.750000 0.720765 668.264496 0.000000 0.000000 0.000000 0.000000 0.720765 663.000000
 54.000000 0.722206 668.992992 0.000000 0.000000 0.000000 0.000000 0.722206 669.000000
 54.250000 0.727259 668.477152 0.000000 0.000000 0.000000 0.000000 0.727259 661.000000
 54.500000 0.718454 666.936404 0.000000 0.000000 0.000000 0.000000 0.718454 662.000000
 54.750000 0.717328 667.540951 0.000000 0.000000 0.000000 0.000000 0.717328 667.000000
 55.000000 0.720073 669.851089 0.000000 0.000000 0.000000 0.000000 0.720073 669.000000
 55.250000 0.718027 658.542132 0.000000 0.000000 0.000000 0.000000 0.718027 656.000000
 55.500000 0.721264 666.482554 0.000000 0.000000 0.000000 0.000000 0.721264 667.000000
 55.750000 0.720606 667.801689 0.000000 0.000000 0.000000 0.000000 0.720606 661.000000
 56.000000 0.721061 676.534962 0.000000 0.000000 0.000000 0.000000 0.721061 671.000000
 56.250000 0.720723 677.573112 0.000000 0.000000 0.000000 0.000000 0.720723 680.000000
 56.500000 0.719663 665.438864 0.000000 0.000000 0.000000 0.000000 0.719663 662.000000
 56.750000 0.719878 674.023392 0.000000 0.000000 0.000000 0.000000 0.719878 671.000000
 57.000000 0.718656 666.927771 0.000000 0.000000 0.000000 0.000000 0.718656 662.000000
 57.250000 0.717124 660.737817 0.000000 0.000000 0.000000 0.000000 0.717124 656.000000
 57.500000 0.718597 664.698352 0.000000 0.000000 0.000000 0.000000 0.718597 665.000000
 57.750000 0.716440 659.120884 0.000000 0.000000 0.000000 0.000000 0.716440 657.000000
 58.000000 0.719906 660.806288 0.000000 0.000000 0.000000 0.000000 0.719906 657.000000
 58.250000 0.721249 666.519684 0.000000 0.000000 0.000000 0.000000 0.721249 665.000000
 58.500000 0.720409 659.480478 0.000000 0.000000 0.000000 0.000000 0.720409 657.000000
 58.750000 0.722162 670.939067 0.000000 0.000000 0.000000 0.000000 0.722162 665.000000
 59.000000 0.722695 671.560063 0.000000 0.000000 0.000000 0.000000 0.722695 668.000000
 59.250000 0.720092 668.098257 0.000000 0.000000 0.000000 0.000000 0.720092 661.000000
 59.500000 0.717187 656.364542 0.000000 0.000000 0.000000 0.000000 0.717187 652.000000
 59.750000 0.720765 677.254385 0.000000 0.000000 0.000000 0.000000 0.720765 678.000000
 60.000000 0.714659 657.255969 0.000000 0.000000 0.000000 0.000000 0.714659 651.000000
 60.250000 0.717071 668.353155 0.000000 0.000000 0.000000 0.000000 0.717071 665.000000
 60.500000 0.715698 652.617749 0.000000 0.000000 0.000000 0.000000 0.715698 643.000000
 60.750000 0.718656 667.483055 0.000000 0.000000 0.000000 0.000000 0.718656 665.000000
 61.000000 0.718963 665.732110 0.000000 0.000000 0.000000 0.000000 0.718963 659.000000
 61.250000 0.714851 657.538459 0.000000 0.000000 0.000000 0.000000 0.714851 655.000000
 61.500000 0.719887 666.808274 0.000000 0.000000 0.000000 0.000000 0.719887 658.000000
 61.750000 0.716627 660.134405 0.000000 0.000000 0.000000 0.000000 0.716627 654.000000
 62.000000 0.717556 663.832486 0.000000 0.000000 0.000000 0.000000 0.717556 663.000000
 62.250000 0.714531 657.295504 0.000000 0.000000 0.000000 0.000000 0.714531 656.000000
 62.500000 0.715843 661.091217 0.000000 0.000000 0.000000 0.000000 0.715843 658.000000
 62.750000 0.715217 651.622882 0.000000 0.000000 0.000000 0.000000 0.715217 647.000000
 63.000000 0.711873 649.509921 0.000000 0.000000 0.240177 0.960708 0.711873 643.000000
 63.250000 0.713326 651.247936 0.000000 0.000000 0.000000 0.000000 0.713326 649.000000
 63.500000 0.716053 651.125511 0.000000 0.000000 0.000000 0.000000 0.716053 649.000000
 63.750000 0.714719 663.157679 0.000000 0.000000 0.000000 0.000000 0.714719 669.000000
 64.000000 0.713881 655.901228 0.000000 0.000000 0.000000 0.000000 0.713881 655.000000
 64.250000 0.719377 661.545015 0.000000 0.000000 0.000000 0.000000 0.719377 651.000000
 64.500000 0.718301 658.660721 0.000000 0.000000 0.000000 0.000000 0.718301 658.000000
 64.750000 0.713179 649.474167 0.000000 0.000000 0.276500 1.106001 0.713179 644.000000
 65.000000 0.712946 648.996112 0.000000 0.000000 1.007791 4.031166 0.712946 647.000000
 65.250000 0.718407 655.825699 0.000000 0.000000 0.000000 0.000000 0.718407 646.000000
 65.500000 0.714970 649.799767 0.000000 0.000000 0.040093 0.160373 0.714970 645.000000
 65.750000 0.714508 650.911366 0.000000 0.000000 0.000000 0.000000 0.714508 646.000000
 66.000000 0.717044 657.134501 0.000000 0.000000 0.000000 0.000000 0.717044 649.000000
 66.250000 0.713215 649.408879 0.000000 0.000000 0.349424 1.397695 0.713215 642.000000
 66.500000 0.716487 660.628999 0.000000 0.000000 0.000000 0.000000 0.716487 655.000000
 66.750000 0.716766 656.781411 0.000000 0.000000 0.000000 0.000000 0.716766 654.000000
 67.000000 0.717115 654.680624 0.000000 0.000000 0.000000 0.000000 0.717115 649.000000
 67.250000 0.719775 660.544567 0.000000 0.000000 0.000000 0.000000 0.719775 663.000000
 67.500000 0.712743 653.526423 0.000000 0.000000 0.000000 0.000000 0.712743 649.000000
 67.750000 0.717034 654.031199 0.000000 0.000000 0.000000 0.000000 0.717034 652.000000
 68.000000 0.711603 653.809786 0.000000 0.000000 0.000000 0.000000 0.711603 647.000000
 68.250000 0.716321 652.861599 0.000000 0.000000 0.000000 0.000000 0.716321 650.000000
 68.500000 0.718271 666.184166 0.000000 0.000000 0.000000 0.000000 0.718271 660.000000
 68.750000 0.715259 648.403193 0.000000 0.000000 2.549793 10.199172 0.715259 646.000000
 69.000000 0.719251 658.677715 0.000000 0.000000 0.000000 0.000000 0.719251 652.000000
 69.250000 0.715000 658.271719 0.000000 0.000000 0.000000 0.000000 0.715000 654.000000
 69.500000 0.717501 659.164474 0.000000 0.000000 0.000000 0.000000 0.717501 657.000000
 69.750000 0.710790 651.048136 0.000000 0.000000 0.000000 0.000000 0.710790 648.000000
 70.000000 0.713942 650.951978 0.000000 0.000000 0.000000 0.000000 0.713942 651.000000
 70.250000 0.717904 657.417403 0.000000 0.000000 0.000000 0.000000 0.717904 653.000000
 70.500000 0.717433 657.091991 0.000000 0.000000 0.000000 0.000000 0.717433 649.000000
 70.750000 0.717645 660.000340 0.000000 0.000000 0.000000 0.000000 0.717645 654.000000
 71.000000 0.714377 651.817167 0.000000 0.000000 0.000000 0.000000 0.714377 645.000000
 71.250000 0.716216 653.536548 0.000000 0.000000 0.000000 0.000000 0.716216 655.000000
 71.500000 0.716887 650.662384 0.000000 0.000000 0.000000 0.000000 0.716887 646.000000
 71.750000 0.713537 650.840759 0.000000 0.000000 0.000000 0.000000 0.713537 645.000000
 72.000000 0.711788 652.162423 0.000000 0.000000 0.000000 0.000000 0.711788 653.000000
 72.250000 0.714440 650.419360 0.000000 0.000000 0.000000 0.000000 0.714440 644.000000
 72.500000 0.712049 648.876338 0.000000 0.000000 1.262616 5.050465 0.712049 646.000000
 72.750000 0.713588 649.732336 0.000000 0.000000 0.071644 0.286576 0.713588 646.000000
 73.000000 0.717018 658.929064 0.000000 0.000000 0.000000 0.000000 0.717018 653.000000
 73.250000 0.714774 649.535823 0.000000 0.000000 0.215461 0.861842 0.714774 647.000000
 73.500000 0.717022 650.713710 0.000000 0.000000 0.000000 0.000000 0.717022 647.000000
 73.750000 0.713067 651.839780 0.000000 0.000000 0.000000 0.000000 0.713067 655.000000
 74.000000 0.713852 650.822302 0.000000 0.000000 0.000000 0.000000 0.713852 646.000000
 74.250000 0.713675 650.502635 0.000000 0.000000 0.000000 0.000000 0.713675 649.000000
 74.500000 0.716674 655.782461 0.000000 0.000000 0.000000 0.000000 0.716674 650.000000
 74.750000 0.715980 653.455190 0.000000 0.000000 0.000000 0.000000 0.715980 651.000000
 75.000000 0.714027 651.837518 0.000000 0.000000 0.000000 0.000000 0.714027 648.000000
 75.250000 0.716416 649.537148 0.000000 0.000000 0.214232 0.856927 0.716416 643.000000
 75.500000 0.711989 654.281864 0.000000 0.000000 0.000000 0.000000 0.711989 653.000000
 75.750000 0.712976 653.635664 0.000000 0.000000 0.000000 0.000000 0.712976 652.000000
 76.000000 0.713180 653.584948 0.000000 0.000000 0.000000 0.000000 0.713180 659.000000
 76.250000 0.716510 650.451932 0.000000 0.000000 0.000000 0.000000 0.716510 652.000000
 76.500000 0.716873 654.757137 0.000000 0.000000 0.000000 0.000000 0.716873 655.000000
 76.750000 0.716099 652.498144 0.000000 0.000000 0.000000 0.000000 0.716099 656.000000
 77.000000 0.718853 660.469944 0.000000 0.000000 0.000000 0.000000 0.718853 657.000000
 77.250000 0.712370 648.866770 0.000000 0.000000 1.284211 5.136845 0.712370 647.000000
 77.500000 0.711110 648.579546 0.000000 0.000000 2.017691 8.070762 0.711110 653.000000
 77.750000 0.714156 649.595299 0.000000 0.000000 0.163783 0.655132 0.714156 645.000000
 78.000000 0.714719 651.105340 0.000000 0.000000 0.000000 0.000000 0.714719 643.000000
 78.250000 0.714743 657.251591 0.000000 0.000000 0.000000 0.000000 0.714743 649.000000
 78.500000 0.718908 658.591809 0.000000 0.000000 0.000000 0.000000 0.718908 651.000000
 78.750000 0.720735 660.357103 0.000000 0.000000 0.000000 0.000000 0.720735 649.000000
 79.000000 0.717034 656.324774 0.000000 0.000000 0.000000 0.000000 0.717034 653.000000
 79.250000 0.714879 653.626549 0.000000 0.000000 0.000000 0.000000 0.714879 652.000000
 79.500000 0.714463 651.192310 0.000000 0.000000 0.000000 0.000000 0.714463 643.000000
 79.750000 0.716435 654.354280 0.000000 0.000000 0.000000 0.000000 0.716435 650.000000
 80.000000 0.714014 651.343561 0.000000 0.000000 0.000000 0.000000 0.714014 641.000000
 80.250000 0.714389 650.030727 0.000000 0.000000 0.000000 0.000000 0.714389 648.000000
 80.500000 0.712192 653.722541 0.000000 0.000000 0.000000 0.000000 0.712192 650.000000
 80.750000 0.713464 659.812109 0.000000 0.000000 0.000000 0.000000 0.713464 659.000000
 81.000000 0.714428 655.911138 0.000000 0.000000 0.000000 0.000000 0.714428 653.000000
 81.250000 0.714899 662.084794 0.000000 0.000000 0.000000 0.000000 0.714899 664.000000
 81.500000 0.715293 660.274095 0.000000 0.000000 0.000000 0.000000 0.715293 658.000000
 81.750000 0.711548 656.467086 0.000000 0.000000 0.000000 0.000000 0.711548 655.000000
 82.000000 0.714075 656.660863 0.000000 0.000000 0.000000 0.000000 0.714075 651.000000
 82.250000 0.718592 657.774741 0.000000 0.000000 0.000000 0.000000 0.718592 661.000000
 82.500000 0.716501 657.411248 0.000000 0.000000 0.000000 0.000000 0.716501 655.000000
 82.750000 0.717594 657.554209 0.000000 0.000000 0.000000 0.000000 0.717594 650.000000
 83.000000 0.714699 659.562749 0.000000 0.000000 0.000000 0.000000 0.714699 653.000000
 83.250000 0.714487 658.127898 0.000000 0.000000 0.000000 0.000000 0.714487 654.000000
 83.500000 0.713662 651.072370 0.000000 0.000000 0.000000 0.000000 0.713662 648.000000
 83.750000 0.716494 655.457421 0.000000 0.000000 0.000000 0.000000 0.716494 647.000000
 84.000000 0.714831 654.648147 0.000000 0.000000 0.000000 0.000000 0.714831 650.000000
 84.250000 0.712378 649.073095 0.000000 0.000000 0.859153 3.436610 0.712378 645.000000
 84.500000 0.717615 657.551011 0.000000 0.000000 0.000000 0.000000 0.717615 649.000000
 84.750000 0.716847 654.583692 0.000000 0.000000 0.000000 0.000000 0.716847 652.000000
 85.000000 0.716899 658.699147 0.000000 0.000000 0.000000 0.000000 0.716899 657.000000
 85.250000 0.713930 651.130748 0.000000 0.000000 0.000000 0.000000 0.713930 647.000000
 85.500000 0.716337 658.320869 0.000000 0.000000 0.000000 0.000000 0.716337 645.000000
 85.750000 0.717433 657.067698 0.000000 0.000000 0.000000 0.000000 0.717433 651.000000
 86.000000 0.717867 660.663098 0.000000 0.000000 0.000000 0.000000 0.717867 655.000000
 86.250000 0.714521 653.455596 0.000000 0.000000 0.000000 0.000000 0.714521 650.000000
 86.500000 0.716391 649.246295 0.000000 0.000000 0.568071 2.272284 0.716391 646.000000
 86.750000 0.717138 658.876598 0.000000 0.000000 0.000000 0.000000 0.717138 656.000000
 87.000000 0.715693 651.536810 0.000000 0.000000 0.000000 0.000000 0.715693 640.000000
 87.250000 0.715032 648.424866 0.000000 0.000000 2.481046 9.924186 0.715032 648.000000
 87.500000 0.714185 649.315327 0.000000 0.000000 0.468778 1.875110 0.714185 649.000000
 87.750000 0.715248 653.719165 0.000000 0.000000 0.000000 0.000000 0.715248 650.000000
 88.000000 0.718742 657.467749 0.000000 0.000000 0.000000 0.000000 0.718742 651.000000
 88.250000 0.720467 659.625541 0.000000 0.000000 0.000000 0.000000 0.720467 658.000000
 88.500000 0.716240 652.093729 0.000000 0.000000 0.000000 0.000000 0.716240 648.000000
 88.750000 0.720019 659.957377 0.000000 0.000000 0.000000 0.000000 0.720019 648.000000
 89.000000 0.713199 651.270388 0.000000 0.000000 0.000000 0.000000 0.713199 650.000000
 89.250000 0.715346 653.357552 0.000000 0.000000 0.000000 0.000000 0.715346 648.000000
 89.500000 0.715238 650.469047 0.000000 0.000000 0.000000 0.000000 0.715238 645.000000
 89.750000 0.712884 651.360412 0.000000 0.000000 0.000000 0.000000 0.712884 649.000000
 90.000000 0.715139 649.778468 0.000000 0.000000 0.049076 0.196305 0.715139 648.000000
 90.250000 0.716851 652.569771 0.000000 0.000000 0.000000 0.000000 0.716851 646.000000
 90.500000 0.712624 648.027631 0.000000 0.000000 3.890241 15.560964 0.712624 643.000000
 90.750000 0.713868 654.125477 0.000000 0.000000 0.000000 0.000000 0.713868 644.000000
 91.000000 0.717372 659.803834 0.000000 0.000000 0.000000 0.000000 0.717372 653.000000
 91.250000 0.724050 665.521783 0.000000 0.000000 0.000000 0.000000 0.724050 656.000000
 91.500000 0.719628 649.466677 0.000000 0.000000 0.284434 1.137735 0.719628 645.000000
 91.750000 0.714506 656.405352 0.000000 0.000000 0.000000 0.000000 0.714506 657.000000
 92.000000 0.713770 651.370476 0.000000 0.000000 0.000000 0.000000 0.713770 651.000000
 92.250000 0.713546 654.386448 0.000000 0.000000 0.000000 0.000000 0.713546 653.000000
 92.500000 0.712938 651.112825 0.000000 0.000000 0.000000 0.000000 0.712938 650.000000
 92.750000 0.714817 652.101016 0.000000 0.000000 0.000000 0.000000 0.714817 643.000000
 93.000000 0.712562 651.846658 0.000000 0.000000 0.000000 0.000000 0.712562 653.000000
 93.250000 0.711958 648.837907 0.000000 0.000000 1.350460 5.401841 0.711958 642.000000
 93.500000 0.711248 651.303658 0.000000 0.000000 0.000000 0.000000 0.711248 651.000000
 93.750000 0.714865 650.749944 0.000000 0.000000 0.000000 0.000000 0.714865 642.000000
 94.000000 0.715618 655.892539 0.000000 0.000000 0.000000 0.000000 0.715618 650.000000
 94.250000 0.710374 652.401122 0.000000 0.000000 0.000000 0.000000 0.710374 651.000000
 94.500000 0.713846 656.103192 0.000000 0.000000 0.000000 0.000000 0.713846 657.000000
 94.750000 0.714166 654.012757 0.000000 0.000000 0.000000 0.000000 0.714166 654.000000
 95.000000 0.711744 648.399520 0.000000 0.000000 2.561538 10.246151 0.711744 644.000000
 95.250000 0.718932 656.972384 0.000000 0.000000 0.000000 0.000000 0.718932 651.000000
 95.500000 0.713899 651.383371 0.000000 0.000000 0.000000 0.000000 0.713899 645.000000
 95.750000 0.717012 657.097422 0.000000 0.000000 0.000000 0.000000 0.717012 650.000000
 96.000000 0.713940 653.498281 0.000000 0.000000 0.000000 0.000000 0.713940 654.000000
 96.250000 0.717665 668.217182 0.000000 0.000000 0.000000 0.000000 0.717665 670.000000
 96.500000 0.715347 653.828678 0.000000 0.000000 0.000000 0.000000 0.715347 656.000000
 96.750000 0.714142 656.126087 0.000000 0.000000 0.000000 0.000000 0.714142 652.000000
 97.000000 0.713229 651.333225 0.000000 0.000000 0.000000 0.000000 0.713229 650.000000
 97.250000 0.712020 655.907968 0.000000 0.000000 0.000000 0.000000 0.712020 654.000000
 97.500000 0.708078 649.525156 0.000000 0.000000 0.225477 0.901908 0.708078 649.000000
 97.750000 0.713053 655.134852 0.000000 0.000000 0.000000 0.000000 0.713053 655.000000
 98.000000 0.713660 653.931013 0.000000 0.000000 0.000000 0.000000 0.713660 658.000000
 98.250000 0.719303 661.424182 0.000000 0.000000 0.000000 0.000000 0.719303 655.000000
 98.500000 0.712981 654.049300 0.000000 0.000000 0.000000 0.000000 0.712981 656.000000
 98.750000 0.713912 658.578199 0.000000 0.000000 0.000000 0.000000 0.713912 662.000000
 99.000000 0.719831 671.038749 0.000000 0.000000 0.000000 0.000000 0.719831 667.000000
 99.250000 0.716138 665.113108 0.000000 0.000000 0.000000 0.000000 0.716138 663.000000
 99.500000 0.714535 651.387280 0.000000 0.000000 0.000000 0.000000 0.714535 649.000000
 99.750000 0.713080 657.835504 0.000000 0.000000 0.000000 0.000000 0.713080 656.000000
 100.000000 0.716203 652.035956 0.000000 0.000000 0.000000 0.000000 0.716203 647.000000
