#! FIELDS time refcv.mean refcv.morethan uwall.bias uwall.force2 lwall.bias lwall.force2 refcv2.mean refcv2.morethan
 0.750000 0.784575 372.284958 0.000000 0.000000 0.000000 0.000000 0.784575 382.000000
 1.000000 0.795987 394.218741 0.000000 0.000000 0.000000 0.000000 0.795987 408.000000
 1.250000 0.784896 384.441371 0.000000 0.000000 0.000000 0.000000 0.784896 407.000000
 1.500000 0.792243 397.555437 0.000000 0.000000 0.000000 0.000000 0.792243 416.000000
 1.750000 0.790891 393.674681 0.000000 0.000000 0.000000 0.000000 0.790891 415.000000
 2.000000 0.791611 398.071993 0.000000 0.000000 0.000000 0.000000 0.791611 413.000000
 2.250000 0.791333 396.476115 0.000000 0.000000 0.000000 0.000000 0.791333 412.000000
 2.500000 0.797082 400.398851 0.000000 0.000000 0.000000 0.000000 0.797082 410.000000
 2.750000 0.796671 400.695912 0.000000 0.000000 0.000000 0.000000 0.796671 419.000000
 3.000000 0.792910 394.068618 0.000000 0.000000 0.000000 0.000000 0.792910 411.000000
 3.250000 0.792140 393.863323 0.000000 0.000000 0.000000 0.000000 0.792140 407.000000
 3.500000 0.798365 404.320613 0.000000 0.000000 0.000000 0.000000 0.798365 416.000000
 3.750000 0.800831 406.835902 3.370536 13.482144 0.000000 0.000000 0.800831 420.000000
 4.000000 0.803531 403.199485 0.000000 0.000000 0.000000 0.000000 0.803531 409.000000
 4.250000 0.798940 406.637340 2.680883 10.723531 0.000000 0.000000 0.798940 420.000000
 4.500000 0.796409 401.021060 0.000000 0.000000 0.000000 0.000000 0.796409 412.000000
 4.750000 0.797689 401.818260 0.000000 0.000000 0.000000 0.000000 0.797689 417.000000
 5.000000 0.798189 397.764921 0.000000 0.000000 0.000000 0.000000 0.798189 406.000000
 5.250000 0.795196 399.173660 0.000000 0.000000 0.000000 0.000000 0.795196 412.000000
 5.500000 0.798204 404.310096 0.000000 0.000000 0.000000 0.000000 0.798204 417.000000
 5.750000 0.791470 393.833542 0.000000 0.000000 0.000000 0.000000 0.791470 418.000000
 6.000000 0.794973 394.366545 0.000000 0.000000 0.000000 0.000000 0.794973 412.000000
 6.250000 0.795567 399.840205 0.000000 0.000000 0.000000 0.000000 0.795567 416.000000
 6.500000 0.798105 403.002439 0.000000 0.000000 0.000000 0.000000 0.798105 420.000000
 6.750000 0.793784 393.503800 0.000000 0.000000 0.000000 0.000000 0.793784 411.000000
 7.000000 0.796021 404.094452 0.000000 0.000000 0.000000 0.000000 0.796021 421.000000
 7.250000 0.794695 397.451851 0.000000 0.000000 0.000000 0.000000 0.794695 406.000000
 7.500000 0.795094 393.390457 0.000000 0.000000 0.000000 0.000000 0.795094 406.000000
 7.750000 0.800944 405.914063 0.835511 3.342042 0.000000 0.000000 0.800944 419.000000
 8.000000 0.792323 393.928571 0.000000 0.000000 0.000000 0.000000 0.792323 411.000000
 8.250000 0.789886 391.358337 0.000000 0.000000 0.000000 0.000000 0.789886 410.000000
 8.500000 0.795270 402.754542 0.000000 0.000000 0.000000 0.000000 0.795270 418.000000
 8.750000 0.796990 398.106850 0.000000 0.000000 0.000000 0.000000 0.796990 411.000000
 9.000000 0.793323 395.186788 0.000000 0.000000 0.000000 0.000000 0.793323 413.000000
 9.250000 0.799416 404.617141 0.000000 0.000000 0.000000 0.000000 0.799416 413.000000
 9.500000 0.788595 388.419273 0.000000 0.000000 0.000000 0.000000 0.788595 400.000000
 9.750000 0.790268 392.141542 0.000000 0.000000 0.000000 0.000000 0.790268 412.000000
 10.000000 0.797333 402.167335 0.000000 0.000000 0.000000 0.000000 0.797333 414.000000
 10.250000 0.794740 393.936611 0.000000 0.000000 0.000000 0.000000 0.794740 406.000000
 10.500000 0.797496 398.694679 0.000000 0.000000 0.000000 0.000000 0.797496 406.000000
 10.750000 0.793671 393.280506 0.000000 0.000000 0.000000 0.000000 0.793671 405.000000
 11.000000 0.798082 400.907859 0.000000 0.000000 0.000000 0.000000 0.798082 421.000000
 11.250000 0.794354 400.505625 0.000000 0.000000 0.000000 0.000000 0.794354 415.000000
 11.500000 0.793071 394.059149 0.000000 0.000000 0.000000 0.000000 0.793071 413.000000
 11.750000 0.796983 400.265509 0.000000 0.000000 0.000000 0.000000 0.796983 421.000000
 12.000000 0.799145 402.214961 0.000000 0.000000 0.000000 0.000000 0.799145 414.000000
 12.250000 0.796289 400.211098 0.000000 0.000000 0.000000 0.000000 0.796289 417.000000
 12.500000 0.797599 396.790361 0.000000 0.000000 0.000000 0.000000 0.797599 406.000000
 12.750000 0.796145 400.325873 0.000000 0.000000 0.000000 0.000000 0.796145 419.000000
 13.000000 0.795598 399.835435 0.000000 0.000000 0.000000 0.000000 0.795598 422.000000
 13.250000 0.797443 401.572067 0.000000 0.000000 0.000000 0.000000 0.797443 414.000000
 13.500000 0.799818 403.150355 0.000000 0.000000 0.000000 0.000000 0.799818 415.000000
 13.750000 0.796515 399.566095 0.000000 0.000000 0.000000 0.000000 0.796515 420.000000
 14.000000 0.794699 393.260911 0.000000 0.000000 0.000000 0.000000 0.794699 410.000000
 14.250000 0.795271 394.541970 0.000000 0.000000 0.000000 0.000000 0.795271 405.000000
 14.500000 0.797735 398.877301 0.000000 0.000000 0.000000 0.000000 0.797735 405.000000
 14.750000 0.796189 395.565591 0.000000 0.000000 0.000000 0.000000 0.796189 408.000000
 15.000000 0.797571 394.698198 0.000000 0.000000 0.000000 0.000000 0.797571 405.000000
 15.250000 0.800375 403.177132 0.000000 0.000000 0.000000 0.000000 0.800375 411.000000
 15.500000 0.798058 399.950409 0.000000 0.000000 0.000000 0.000000 0.798058 411.000000
 15.750000 0.791924 390.912456 0.000000 0.000000 0.000000 0.000000 0.791924 402.000000
 16.000000 0.799116 400.966377 0.000000 0.000000 0.000000 0.000000 0.799116 405.000000
 16.250000 0.790970 391.718814 0.000000 0.000000 0.000000 0.000000 0.790970 411.000000
 16.500000 0.797017 399.805724 0.000000 0.000000 0.000000 0.000000 0.797017 415.000000
 16.750000 0.792936 395.039452 0.000000 0.000000 0.000000 0.000000 0.792936 406.000000
 17.000000 0.791099 393.826034 0.000000 0.000000 0.000000 0.000000 0.791099 414.000000
 17.250000 0.789101 390.919603 0.000000 0.000000 0.000000 0.000000 0.789101 410.000000
 17.500000 0.794179 394.186641 0.000000 0.000000 0.000000 0.000000 0.794179 407.000000
 17.750000 0.793614 399.361496 0.000000 0.000000 0.000000 0.000000 0.793614 416.000000
 18.000000 0.799325 405.075963 0.005770 0.023081 0.000000 0.000000 0.799325 415.000000
 18.250000 0.795498 396.998767 0.000000 0.000000 0.000000 0.000000 0.795498 415.000000
 18.500000 0.794069 396.504965 0.000000 0.000000 0.000000 0.000000 0.794069 405.000000
 18.750000 0.794876 395.930398 0.000000 0.000000 0.000000 0.000000 0.794876 409.000000
 19.000000 0.791289 390.168580 0.000000 0.000000 0.000000 0.000000 0.791289 404.000000
 19.250000 0.787189 386.179767 0.000000 0.000000 0.000000 0.000000 0.787189 405.000000
 19.500000 0.794547 399.939055 0.000000 0.000000 0.000000 0.000000 0.794547 414.000000
 19.750000 0.797643 400.197033 0.000000 0.000000 0.000000 0.000000 0.797643 410.000000
 20.000000 0.793559 394.096456 0.000000 0.000000 0.000000 0.000000 0.793559 407.000000
 20.250000 0.793669 399.188252 0.000000 0.000000 0.000000 0.000000 0.793669 417.000000
 20.500000 0.796025 396.734815 0.000000 0.000000 0.000000 0.000000 0.796025 408.000000
 20.750000 0.794262 394.542991 0.000000 0.000000 0.000000 0.000000 0.794262 408.000000
 21.000000 0.789768 389.095143 0.000000 0.000000 0.000000 0.000000 0.789768 406.000000
 21.250000 0.794511 395.214729 0.000000 0.000000 0.000000 0.000000 0.794511 409.000000
 21.500000 0.793101 393.606832 0.000000 0.000000 0.000000 0.000000 0.793101 411.000000
 21.750000 0.791190 389.261403 0.000000 0.000000 0.000000 0.000000 0.791190 402.000000
 22.000000 0.790563 391.948930 0.000000 0.000000 0.000000 0.000000 0.790563 409.000000
 22.250000 0.789564 390.604663 0.000000 0.000000 0.000000 0.000000 0.789564 415.000000
 22.500000 0.789317 390.810376 0.000000 0.000000 0.000000 0.000000 0.789317 409.000000
 22.750000 0.797086 402.059351 0.000000 0.000000 0.000000 0.000000 0.797086 420.000000
 23.000000 0.790934 390.476287 0.000000 0.000000 0.000000 0.000000 0.790934 409.000000
 23.250000 0.792757 395.063860 0.000000 0.000000 0.000000 0.000000 0.792757 410.000000
 23.500000 0.788767 383.487417 0.000000 0.000000 0.000000 0.000000 0.788767 397.000000
 23.750000 0.796665 394.144226 0.000000 0.000000 0.000000 0.000000 0.796665 401.000000
 24.000000 0.797098 399.071370 0.000000 0.000000 0.000000 0.000000 0.797098 412.000000
 24.250000 0.796887 401.179049 0.000000 0.000000 0.000000 0.000000 0.796887 417.000000
 24.500000 0.794822 397.194070 0.000000 0.000000 0.000000 0.000000 0.794822 408.000000
 24.750000 0.795804 396.495790 0.000000 0.000000 0.000000 0.000000 0.795804 412.000000
 25.000000 0.794945 398.757261 0.000000 0.000000 0.000000 0.000000 0.794945 411.000000
 25.250000 0.791728 392.946417 0.000000 0.000000 0.000000 0.000000 0.791728 406.000000
 25.500000 0.793132 397.805008 0.000000 0.000000 0.000000 0.000000 0.793132 412.000000
 25.750000 0.792522 388.712929 0.000000 0.000000 0.000000 0.000000 0.792522 401.000000
 26.000000 0.789331 386.518917 0.000000 0.000000 0.000000 0.000000 0.789331 403.000000
 26.250000 0.794629 389.784196 0.000000 0.000000 0.000000 0.000000 0.794629 404.000000
 26.500000 0.794286 391.844765 0.000000 0.000000 0.000000 0.000000 0.794286 405.000000
 26.750000 0.796665 395.924110 0.000000 0.000000 0.000000 0.000000 0.796665 407.000000
 27.000000 0.802939 404.579307 0.000000 0.000000 0.000000 0.000000 0.802939 413.000000
 27.250000 0.797444 396.632632 0.000000 0.000000 0.000000 0.000000 0.797444 408.000000
 27.500000 0.798446 395.371458 0.000000 0.000000 0.000000 0.000000 0.798446 402.000000
 27.750000 0.795861 390.451646 0.000000 0.000000 0.000000 0.000000 0.795861 404.000000
 28.000000 0.793753 391.490049 0.000000 0.000000 0.000000 0.000000 0.793753 402.000000
 28.250000 0.794640 394.019996 0.000000 0.000000 0.000000 0.000000 0.794640 409.000000
 28.500000 0.799140 397.656030 0.000000 0.000000 0.000000 0.000000 0.799140 413.000000
 28.750000 0.801090 402.539406 0.000000 0.000000 0.000000 0.000000 0.801090 417.000000
 29.000000 0.797436 398.016417 0.000000 0.000000 0.000000 0.000000 0.797436 409.000000
 29.250000 0.786244 381.209621 0.000000 0.000000 0.000000 0.000000 0.786244 404.000000
 29.500000 0.797826 401.604945 0.000000 0.000000 0.000000 0.000000 0.797826 415.000000
 29.750000 0.797274 399.724939 0.000000 0.000000 0.000000 0.000000 0.797274 419.000000
 30.000000 0.798129 400.694342 0.000000 0.000000 0.000000 0.000000 0.798129 417.000000
 30.250000 0.791730 393.302512 0.000000 0.000000 0.000000 0.000000 0.791730 418.000000
 30.500000 0.799298 400.148371 0.000000 0.000000 0.000000 0.000000 0.799298 413.000000
 30.750000 0.797497 396.015143 0.000000 0.000000 0.000000 0.000000 0.797497 413.000000
 31.000000 0.796801 395.822977 0.000000 0.000000 0.000000 0.000000 0.796801 409.000000
 31.250000 0.794292 394.545910 0.000000 0.000000 0.000000 0.000000 0.794292 408.000000
 31.500000 0.798282 401.349583 0.000000 0.000000 0.000000 0.000000 0.798282 416.000000
 31.750000 0.790641 389.856294 0.000000 0.000000 0.000000 0.000000 0.790641 410.000000
 32.000000 0.791997 389.681748 0.000000 0.000000 0.000000 0.000000 0.791997 407.000000
 32.250000 0.795681 399.476029 0.000000 0.000000 0.000000 0.000000 0.795681 417.000000
 32.500000 0.800693 401.000284 0.000000 0.000000 0.000000 0.000000 0.800693 418.000000
 32.750000 0.798043 397.906001 0.000000 0.000000 0.000000 0.000000 0.798043 409.000000
 33.000000 0.794757 394.945989 0.000000 0.000000 0.000000 0.000000 0.794757 413.000000
 33.250000 0.794151 396.317829 0.000000 0.000000 0.000000 0.000000 0.794151 416.000000
 33.500000 0.801481 405.785234 0.616592 2.466367 0.000000 0.000000 0.801481 416.000000
 33.750000 0.798170 397.887908 0.000000 0.000000 0.000000 0.000000 0.798170 416.000000
 34.000000 0.794203 394.337744 0.000000 0.000000 0.000000 0.000000 0.794203 407.000000
 34.250000 0.793030 393.092549 0.000000 0.000000 0.000000 0.000000 0.793030 408.000000
 34.500000 0.792163 391.226377 0.000000 0.000000 0.000000 0.000000 0.792163 401.000000
 34.750000 0.796602 399.985568 0.000000 0.000000 0.000000 0.000000 0.796602 414.000000
 35.000000 0.792128 391.235705 0.000000 0.000000 0.000000 0.000000 0.792128 407.000000
 35.250000 0.795891 400.611057 0.000000 0.000000 0.000000 0.000000 0.795891 419.000000
 35.500000 0.795169 399.585323 0.000000 0.000000 0.000000 0.000000 0.795169 417.000000
 35.750000 0.792877 393.794798 0.000000 0.000000 0.000000 0.000000 0.792877 406.000000
 36.000000 0.791547 390.692868 0.000000 0.000000 0.000000 0.000000 0.791547 403.000000
 36.250000 0.794403 393.017105 0.000000 0.000000 0.000000 0.000000 0.794403 407.000000
 36.500000 0.800339 401.327252 0.000000 0.000000 0.000000 0.000000 0.800339 412.000000
 36.750000 0.791316 390.173352 0.000000 0.000000 0.000000 0.000000 0.791316 403.000000
 37.000000 0.788523 388.744475 0.000000 0.000000 0.000000 0.000000 0.788523 409.000000
 37.250000 0.792466 391.614714 0.000000 0.000000 0.000000 0.000000 0.792466 407.000000
 37.500000 0.790023 389.038618 0.000000 0.000000 0.000000 0.000000 0.790023 408.000000
 37.750000 0.790912 391.393775 0.000000 0.000000 0.000000 0.000000 0.790912 407.000000
 38.000000 0.784598 385.203547 0.000000 0.000000 0.000000 0.000000 0.784598 403.000000
 38.250000 0.790223 387.917083 0.000000 0.000000 0.000000 0.000000 0.790223 405.000000
 38.500000 0.802352 404.735926 0.000000 0.000000 0.000000 0.000000 0.802352 417.000000
 38.750000 0.799442 401.773366 0.000000 0.000000 0.000000 0.000000 0.799442 415.000000
 39.000000 0.792990 387.764724 0.000000 0.000000 0.000000 0.000000 0.792990 403.000000
 39.250000 0.796195 401.176211 0.000000 0.000000 0.000000 0.000000 0.796195 415.000000
 39.500000 0.792361 396.799008 0.000000 0.000000 0.000000 0.000000 0.792361 412.000000
 39.750000 0.791966 389.436411 0.000000 0.000000 0.000000 0.000000 0.791966 397.000000
 40.000000 0.792021 389.616782 0.000000 0.000000 0.000000 0.000000 0.792021 403.000000
 40.250000 0.787825 383.074302 0.000000 0.000000 0.000000 0.000000 0.787825 392.000000
 40.500000 0.793819 392.525106 0.000000 0.000000 0.000000 0.000000 0.793819 402.000000
 40.750000 0.797507 394.629178 0.000000 0.000000 0.000000 0.000000 0.797507 404.000000
 41.000000 0.791501 387.071567 0.000000 0.000000 0.000000 0.000000 0.791501 404.000000
 41.250000 0.790255 385.189718 0.000000 0.000000 0.000000 0.000000 0.790255 401.000000
 41.500000 0.786288 382.864313 0.000000 0.000000 0.000000 0.000000 0.786288 399.000000
 41.750000 0.790760 387.629654 0.000000 0.000000 0.000000 0.000000 0.790760 399.000000
 42.000000 0.791491 386.933508 0.000000 0.000000 0.000000 0.000000 0.791491 404.000000
 42.250000 0.797263 395.858501 0.000000 0.000000 0.000000 0.000000 0.797263 411.000000
 42.500000 0.791978 388.033999 0.000000 0.000000 0.000000 0.000000 0.791978 399.000000
 42.750000 0.791279 393.440947 0.000000 0.000000 0.000000 0.000000 0.791279 412.000000
 43.000000 0.791400 393.177770 0.000000 0.000000 0.000000 0.000000 0.791400 404.000000
 43.250000 0.787473 381.616710 0.000000 0.000000 0.000000 0.000000 0.787473 394.000000
 43.500000 0.785463 382.773718 0.000000 0.000000 0.000000 0.000000 0.785463 400.000000
 43.750000 0.788056 383.693443 0.000000 0.000000 0.000000 0.000000 0.788056 398.000000
 44.000000 0.792348 389.177348 0.000000 0.000000 0.000000 0.000000 0.792348 397.000000
 44.250000 0.794392 398.137411 0.000000 0.000000 0.000000 0.000000 0.794392 409.000000
 44.500000 0.792005 392.662639 0.000000 0.000000 0.000000 0.000000 0.792005 406.000000
 44.750000 0.798568 397.325746 0.000000 0.000000 0.000000 0.000000 0.798568 406.000000
 45.000000 0.796503 401.232794 0.000000 0.000000 0.000000 0.000000 0.796503 419.000000
 45.250000 0.793660 392.028347 0.000000 0.000000 0.000000 0.000000 0.793660 405.000000
 45.500000 0.793063 392.033797 0.000000 0.000000 0.000000 0.000000 0.793063 409.000000
 45.750000 0.796870 400.591144 0.000000 0.000000 0.000000 0.000000 0.796870 418.000000
 46.000000 0.793069 392.981768 0.000000 0.000000 0.000000 0.000000 0.793069 412.000000
 46.250000 0.795156 399.777741 0.000000 0.000000 0.000000 0.000000 0.795156 416.000000
 46.500000 0.798775 401.609027 0.000000 0.000000 0.000000 0.000000 0.798775 416.000000
 46.750000 0.792764 391.645457 0.000000 0.000000 0.000000 0.000000 0.792764 410.000000
 47.000000 0.787512 381.724678 0.000000 0.000000 0.000000 0.000000 0.787512 401.000000
 47.250000 0.792170 391.325640 0.000000 0.000000 0.000000 0.000000 0.792170 404.000000
 47.500000 0.789824 387.994715 0.000000 0.000000 0.000000 0.000000 0.789824 399.000000
 47.750000 0.790188 390.567496 0.000000 0.000000 0.000000 0.000000 0.790188 408.000000
 48.000000 0.797768 401.306833 0.000000 0.000000 0.000000 0.000000 0.797768 414.000000
 48.250000 0.789084 390.237675 0.000000 0.000000 0.000000 0.000000 0.789084 405.000000
 48.500000 0.789833 391.920723 0.000000 0.000000 0.000000 0.000000 0.789833 404.000000
 48.750000 0.792890 396.201391 0.000000 0.000000 0.000000 0.000000 0.792890 412.000000
 49.000000 0.786642 384.893023 0.000000 0.000000 0.000000 0.000000 0.786642 399.000000
 49.250000 0.792844 397.868014 0.000000 0.000000 0.000000 0.000000 0.792844 412.000000
 49.500000 0.790030 389.522382 0.000000 0.000000 0.000000 0.000000 0.790030 403.000000
 49.750000 0.798188 401.284307 0.000000 0.000000 0.000000 0.000000 0.798188 417.000000
 50.000000 0.790271 384.004437 0.000000 0.000000 0.000000 0.000000 0.790271 399.000000
 50.250000 0.787974 388.434358 0.000000 0.000000 0.000000 0.000000 0.787974 413.000000
 50.500000 0.793184 393.525114 0.000000 0.000000 0.000000 0.000000 0.793184 414.000000
 50.750000 0.794816 395.573610 0.000000 0.000000 0.000000 0.000000 0.794816 403.000000
 51.000000 0.794041 396.903610 0.000000 0.000000 0.000000 0.000000 0.794041 411.000000
 51.250000 0.790877 389.394198 0.000000 0.000000 0.000000 0.000000 0.790877 406.000000
 51.500000 0.794156 393.568055 0.000000 0.000000 0.000000 0.000000 0.794156 408.000000
 51.750000 0.788314 381.564298 0.000000 0.000000 0.000000 0.000000 0.788314 397.000000
 52.000000 0.794728 391.635586 0.000000 0.000000 0.000000 0.000000 0.794728 403.000000
 52.250000 0.792792 393.373006 0.000000 0.000000 0.000000 0.000000 0.792792 411.000000
 52.500000 0.797922 402.021624 0.000000 0.000000 0.000000 0.000000 0.797922 412.000000
 52.750000 0.798344 406.768650 3.128122 12.512490 0.000000 0.000000 0.798344 426.000000
 53.000000 0.796007 403.706193 0.000000 0.000000 0.000000 0.000000 0.796007 426.000000
 53.250000 0.792796 397.367556 0.000000 0.000000 0.000000 0.000000 0.792796 414.000000
 53.500000 0.796010 397.855089 0.000000 0.000000 0.000000 0.000000 0.796010 411.000000
 53.750000 0.792525 398.680556 0.000000 0.000000 0.000000 0.000000 0.792525 415.000000
 54.000000 0.793499 394.399679 0.000000 0.000000 0.000000 0.000000 0.793499 410.000000
 54.250000 0.794038 397.641220 0.000000 0.000000 0.000000 0.000000 0.794038 413.000000
 54.500000 0.796752 400.581414 0.000000 0.000000 0.000000 0.000000 0.796752 413.000000
 54.750000 0.792250 393.973904 0.000000 0.000000 0.000000 0.000000 0.792250 409.000000
 55.000000 0.796631 398.784530 0.000000 0.000000 0.000000 0.000000 0.796631 416.000000
 55.250000 0.790225 389.548756 0.000000 0.000000 0.000000 0.000000 0.790225 411.000000
 55.500000 0.798316 400.897551 0.000000 0.000000 0.000000 0.000000 0.798316 414.000000
 55.750000 0.797620 401.746970 0.000000 0.000000 0.000000 0.000000 0.797620 419.000000
 56.000000 0.793550 394.634859 0.000000 0.000000 0.000000 0.000000 0.793550 410.000000
 56.250000 0.798105 403.353498 0.000000 0.000000 0.000000 0.000000 0.798105 419.000000
 56.500000 0.792038 398.829637 0.000000 0.000000 0.000000 0.000000 0.792038 419.000000
 56.750000 0.800740 405.960940 0.923406 3.693623 0.000000 0.000000 0.800740 414.000000
 57.000000 0.796686 400.576575 0.000000 0.000000 0.000000 0.000000 0.796686 419.000000
 57.250000 0.799967 402.163858 0.000000 0.000000 0.000000 0.000000 0.799967 414.000000
 57.500000 0.797151 400.009137 0.000000 0.000000 0.000000 0.000000 0.797151 414.000000
 57.750000 0.796593 400.276784 0.000000 0.000000 0.000000 0.000000 0.796593 416.000000
 58.000000 0.797145 399.815675 0.000000 0.000000 0.000000 0.000000 0.797145 412.000000
 58.250000 0.800541 402.810420 0.000000 0.000000 0.000000 0.000000 0.800541 408.000000
 58.500000 0.797420 398.157949 0.000000 0.000000 0.000000 0.000000 0.797420 420.000000
 58.750000 0.796684 402.003848 0.000000 0.000000 0.000000 0.000000 0.796684 419.000000
 59.000000 0.787963 387.090180 0.000000 0.000000 0.000000 0.000000 0.787963 404.000000
 59.250000 0.797256 399.836797 0.000000 0.000000 0.000000 0.000000 0.797256 413.000000
 59.500000 0.799176 402.648966 0.000000 0.000000 0.000000 0.000000 0.799176 415.000000
 59.750000 0.799451 404.833876 0.000000 0.000000 0.000000 0.000000 0.799451 415.000000
 60.000000 0.799093 400.783230 0.000000 0.000000 0.000000 0.000000 0.799093 415.000000
 60.250000 0.798396 404.969210 0.000000 0.000000 0.000000 0.000000 0.798396 425.000000
 60.500000 0.798478 405.041264 0.001703 0.006811 0.000000 0.000000 0.798478 420.000000
 60.750000 0.801900 404.535022 0.000000 0.000000 0.000000 0.000000 0.801900 415.000000
 61.000000 0.801213 405.334495 0.111887 0.447547 0.000000 0.000000 0.801213 413.000000
 61.250000 0.797055 403.649875 0.000000 0.000000 0.000000 0.000000 0.797055 423.000000
 61.500000 0.798419 403.934389 0.000000 0.000000 0.000000 0.000000 0.798419 419.000000
 61.750000 0.796720 402.396957 0.000000 0.000000 0.000000 0.000000 0.796720 422.000000
 62.000000 0.797633 403.436499 0.000000 0.000000 0.000000 0.000000 0.797633 424.000000
 62.250000 0.796887 399.624869 0.000000 0.000000 0.000000 0.000000 0.796887 409.000000
 62.500000 0.797118 400.752843 0.000000 0.000000 0.000000 0.000000 0.797118 415.000000
 62.750000 0.800431 399.880294 0.000000 0.000000 0.000000 0.000000 0.800431 409.000000
 63.000000 0.800014 402.918247 0.000000 0.000000 0.000000 0.000000 0.800014 422.000000
 63.250000 0.799111 398.425912 0.000000 0.000000 0.000000 0.000000 0.799111 415.000000
 63.500000 0.800825 402.773585 0.000000 0.000000 0.000000 0.000000 0.800825 416.000000
 63.750000 0.800789 404.419693 0.000000 0.000000 0.000000 0.000000 0.800789 414.000000
 64.000000 0.799359 403.203255 0.000000 0.000000 0.000000 0.000000 0.799359 414.000000
 64.250000 0.800116 405.864640 0.747603 2.990410 0.000000 0.000000 0.800116 420.000000
 64.500000 0.799315 401.137813 0.000000 0.000000 0.000000 0.000000 0.799315 421.000000
 64.750000 0.797571 400.777875 0.000000 0.000000 0.000000 0.000000 0.797571 414.000000
 65.000000 0.800220 404.901928 0.000000 0.000000 0.000000 0.000000 0.800220 420.000000
 65.250000 0.801658 401.861856 0.000000 0.000000 0.000000 0.000000 0.801658 416.000000
 65.500000 0.797704 399.087116 0.000000 0.000000 0.000000 0.000000 0.797704 412.000000
 65.750000 0.800017 405.068339 0.004670 0.018681 0.000000 0.000000 0.800017 426.000000
 66.000000 0.795310 398.516203 0.000000 0.000000 0.000000 0.000000 0.795310 417.000000
 66.250000 0.800085 405.491019 0.241100 0.964398 0.000000 0.000000 0.800085 413.000000
 66.500000 0.798083 404.635254 0.000000 0.000000 0.000000 0.000000 0.798083 419.000000
 66.750000 0.799991 405.862429 0.743783 2.975133 0.000000 0.000000 0.799991 421.000000
 67.000000 0.800247 402.912708 0.000000 0.000000 0.000000 0.000000 0.800247 412.000000
 67.250000 0.800517 401.828762 0.000000 0.000000 0.000000 0.000000 0.800517 414.000000
 67.500000 0.798052 401.628561 0.000000 0.000000 0.000000 0.000000 0.798052 418.000000
 67.750000 0.801213 402.867421 0.000000 0.000000 0.000000 0.000000 0.801213 418.000000
 68.000000 0.801742 405.998744 0.997489 3.989957 0.000000 0.000000 0.801742 419.000000
 68.250000 0.799954 401.716902 0.000000 0.000000 0.000000 0.000000 0.799954 419.000000
 68.500000 0.799446 403.715350 0.000000 0.000000 0.000000 0.000000 0.799446 415.000000
 68.750000 0.796707 398.741511 0.000000 0.000000 0.000000 0.000000 0.796707 415.000000
 69.000000 0.797045 398.095085 0.000000 0.000000 0.000000 0.000000 0.797045 418.000000
 69.250000 0.798638 400.943911 0.000000 0.000000 0.000000 0.000000 0.798638 412.000000
 69.500000 0.797014 396.904737 0.000000 0.000000 0.000000 0.000000 0.797014 415.000000
 69.750000 0.801097 404.336052 0.000000 0.000000 0.000000 0.000000 0.801097 421.000000
 70.000000 0.794018 402.045113 0.000000 0.000000 0.000000 0.000000 0.794018 417.000000
 70.250000 0.797607 401.761020 0.000000 0.000000 0.000000 0.000000 0.797607 420.000000
 70.500000 0.796017 402.610454 0.000000 0.000000 0.000000 0.000000 0.796017 419.000000
 70.750000 0.796397 402.078368 0.000000 0.000000 0.000000 0.000000 0.796397 421.000000
 71.000000 0.794571 399.451086 0.000000 0.000000 0.000000 0.000000 0.794571 418.000000
 71.250000 0.792339 394.867833 0.000000 0.000000 0.000000 0.000000 0.792339 413.000000
 71.500000 0.796491 403.774667 0.000000 0.000000 0.000000 0.000000 0.796491 417.000000
 71.750000 0.797894 403.323428 0.000000 0.000000 0.000000 0.000000 0.797894 413.000000
 72.000000 0.793182 396.752004 0.000000 0.000000 0.000000 0.000000 0.793182 417.000000
 72.250000 0.795291 404.254366 0.000000 0.000000 0.000000 0.000000 0.795291 418.000000
 72.500000 0.794766 397.306253 0.000000 0.000000 0.000000 0.000000 0.794766 412.000000
 72.750000 0.798543 402.984773 0.000000 0.000000 0.000000 0.000000 0.798543 412.000000
 73.000000 0.796286 402.405813 0.000000 0.000000 0.000000 0.000000 0.796286 419.000000
 73.250000 0.796310 400.216653 0.000000 0.000000 0.000000 0.000000 0.796310 415.000000
 73.500000 0.793009 396.818187 0.000000 0.000000 0.000000 0.000000 0.793009 411.000000
 73.750000 0.792570 394.940334 0.000000 0.000000 0.000000 0.000000 0.792570 410.000000
 74.000000 0.788036 387.696733 0.000000 0.000000 0.000000 0.000000 0.788036 412.000000
 74.250000 0.800009 402.863807 0.000000 0.000000 0.000000 0.000000 0.800009 410.000000
 74.500000 0.798623 405.106043 0.011245 0.044980 0.000000 0.000000 0.798623 419.000000
 74.750000 0.795978 398.185905 0.000000 0.000000 0.000000 0.000000 0.795978 410.000000
 75.000000 0.795302 395.596176 0.000000 0.000000 0.000000 0.000000 0.795302 407.000000
 75.250000 0.790732 394.380933 0.000000 0.000000 0.000000 0.000000 0.790732 419.000000
 75.500000 0.792912 396.910149 0.000000 0.000000 0.000000 0.000000 0.792912 415.000000
 75.750000 0.792132 394.664935 0.000000 0.000000 0.000000 0.000000 0.792132 406.000000
 76.000000 0.798774 403.088801 0.000000 0.000000 0.000000 0.000000 0.798774 414.000000
 76.250000 0.798098 402.230077 0.000000 0.000000 0.000000 0.000000 0.798098 414.000000
 76.500000 0.800724 404.357990 0.000000 0.000000 0.000000 0.000000 0.800724 412.000000
 76.750000 0.802121 405.653849 0.427519 1.710075 0.000000 0.000000 0.802121 414.000000
 77.000000 0.797120 405.264111 0.069755 0.279019 0.000000 0.000000 0.797120 416.000000
 77.250000 0.800080 403.830967 0.000000 0.000000 0.000000 0.000000 0.800080 416.000000
 77.500000 0.801418 406.162824 1.352161 5.408643 0.000000 0.000000 0.801418 414.000000
 77.750000 0.800814 403.191034 0.000000 0.000000 0.000000 0.000000 0.800814 409.000000
 78.000000 0.798863 399.492662 0.000000 0.000000 0.000000 0.000000 0.798863 414.000000
 78.250000 0.794649 400.033969 0.000000 0.000000 0.000000 0.000000 0.794649 417.000000
 78.500000 0.796821 401.282733 0.000000 0.000000 0.000000 0.000000 0.796821 421.000000
 78.750000 0.801021 405.160281 0.025690 0.102760 0.000000 0.000000 0.801021 409.000000
 79.000000 0.798160 401.894631 0.000000 0.000000 0.000000 0.000000 0.798160 410.000000
 79.250000 0.796287 396.261888 0.000000 0.000000 0.000000 0.000000 0.796287 416.000000
 79.500000 0.795982 396.482399 0.000000 0.000000 0.000000 0.000000 0.795982 407.000000
 79.750000 0.795127 395.699621 0.000000 0.000000 0.000000 0.000000 0.795127 409.000000
 80.000000 0.799310 398.974872 0.000000 0.000000 0.000000 0.000000 0.799310 409.000000
 80.250000 0.797703 398.928771 0.000000 0.000000 0.000000 0.000000 0.797703 408.000000
 80.500000 0.799041 402.498513 0.000000 0.000000 0.000000 0.000000 0.799041 420.000000
 80.750000 0.801430 404.218876 0.000000 0.000000 0.000000 0.000000 0.801430 416.000000
 81.000000 0.799716 401.358118 0.000000 0.000000 0.000000 0.000000 0.799716 410.000000
 81.250000 0.799196 402.017173 0.000000 0.000000 0.000000 0.000000 0.799196 415.000000
 81.500000 0.795189 397.107083 0.000000 0.000000 0.000000 0.000000 0.795189 413.000000
 81.750000 0.794072 394.725916 0.000000 0.000000 0.000000 0.000000 0.794072 412.000000
 82.000000 0.800219 404.948429 0.000000 0.000000 0.000000 0.000000 0.800219 416.000000
 82.250000 0.797376 405.206011 0.042441 0.169762 0.000000 0.000000 0.797376 424.000000
 82.500000 0.793720 395.281949 0.000000 0.000000 0.000000 0.000000 0.793720 415.000000
 82.750000 0.789022 388.997350 0.000000 0.000000 0.000000 0.000000 0.789022 405.000000
 83.000000 0.796493 397.769953 0.000000 0.000000 0.000000 0.000000 0.796493 415.000000
 83.250000 0.793820 396.963924 0.000000 0.000000 0.000000 0.000000 0.793820 417.000000
 83.500000 0.795815 398.803310 0.000000 0.000000 0.000000 0.000000 0.795815 419.000000
 83.750000 0.801884 405.912096 0.831918 3.327674 0.000000 0.000000 0.801884 419.000000
 84.000000 0.797252 400.236735 0.000000 0.000000 0.000000 0.000000 0.797252 418.000000
 84.250000 0.799443 405.967146 0.935371 3.741483 0.000000 0.000000 0.799443 416.000000
 84.500000 0.797382 401.155108 0.000000 0.000000 0.000000 0.000000 0.797382 412.000000
 84.750000 0.797355 400.889009 0.000000 0.000000 0.000000 0.000000 0.797355 418.000000
 85.000000 0.795066 397.850234 0.000000 0.000000 0.000000 0.000000 0.795066 416.000000
 85.250000 0.797899 403.706306 0.000000 0.000000 0.000000 0.000000 0.797899 415.000000
 85.500000 0.793493 398.564674 0.000000 0.000000 0.000000 0.000000 0.793493 419.000000
 85.750000 0.800029 403.127120 0.000000 0.000000 0.000000 0.000000 0.800029 412.000000
 86.000000 0.798714 403.721691 0.000000 0.000000 0.000000 0.000000 0.798714 414.000000
 86.250000 0.796108 402.244389 0.000000 0.000000 0.000000 0.000000 0.796108 415.000000
 86.500000 0.799701 400.339753 0.000000 0.000000 0.000000 0.000000 0.799701 412.000000
 86.750000 0.794427 395.361162 0.000000 0.000000 0.000000 0.000000 0.794427 408.000000
 87.000000 0.794184 400.145752 0.000000 0.000000 0.000000 0.000000 0.794184 415.000000
 87.250000 0.797547 403.051975 0.000000 0.000000 0.000000 0.000000 0.797547 420.000000
 87.500000 0.799773 405.294277 0.086599 0.346396 0.000000 0.000000 0.799773 420.000000
 87.750000 0.799777 399.032810 0.000000 0.000000 0.000000 0.000000 0.799777 415.000000
 88.000000 0.796235 401.396399 0.000000 0.000000 0.000000 0.000000 0.796235 413.000000
 88.250000 0.798561 403.006741 0.000000 0.000000 0.000000 0.000000 0.798561 421.000000
 88.500000 0.798767 406.171656 1.372778 5.491112 0.000000 0.000000 0.798767 422.000000
 88.750000 0.800125 402.800058 0.000000 0.000000 0.000000 0.000000 0.800125 415.000000
 89.000000 0.794530 396.648783 0.000000 0.000000 0.000000 0.000000 0.794530 422.000000
 89.250000 0.798698 401.669871 0.000000 0.000000 0.000000 0.000000 0.798698 420.000000
 89.500000 0.796501 400.571867 0.000000 0.000000 0.000000 0.000000 0.796501 417.000000
 89.750000 0.795959 398.602157 0.000000 0.000000 0.000000 0.000000 0.795959 420.000000
 90.000000 0.795785 398.953653 0.000000 0.000000 0.000000 0.000000 0.795785 414.000000
 90.250000 0.791500 390.891531 0.000000 0.000000 0.000000 0.000000 0.791500 409.000000
 90.500000 0.795424 401.033588 0.000000 0.000000 0.000000 0.000000 0.795424 420.000000
 90.750000 0.796159 398.978310 0.000000 0.000000 0.000000 0.000000 0.796159 416.000000
 91.000000 0.792333 393.425363 0.000000 0.000000 0.000000 0.000000 0.792333 411.000000
 91.250000 0.787387 382.135726 0.000000 0.000000 0.000000 0.000000 0.787387 400.000000
 91.500000 0.798133 402.156562 0.000000 0.000000 0.000000 0.000000 0.798133 415.000000
 91.750000 0.797979 404.259148 0.000000 0.000000 0.000000 0.000000 0.797979 423.000000
 92.000000 0.797562 401.831397 0.000000 0.000000 0.000000 0.000000 0.797562 422.000000
 92.250000 0.794035 392.368834 0.000000 0.000000 0.000000 0.000000 0.794035 411.000000
 92.500000 0.798314 405.139709 0.019519 0.078074 0.000000 0.000000 0.798314 424.000000
 92.750000 0.798472 400.026789 0.000000 0.000000 0.000000 0.000000 0.798472 413.000000
 93.000000 0.799160 402.840736 0.000000 0.000000 0.000000 0.000000 0.799160 419.000000
 93.250000 0.792935 393.932482 0.000000 0.000000 0.000000 0.000000 0.792935 410.000000
 93.500000 0.789152 384.026773 0.000000 0.000000 0.000000 0.000000 0.789152 406.000000
 93.750000 0.797773 400.658418 0.000000 0.000000 0.000000 0.000000 0.797773 411.000000
 94.000000 0.796545 404.222929 0.000000 0.000000 0.000000 0.000000 0.796545 419.000000
 94.250000 0.799110 404.267520 0.000000 0.000000 0.000000 0.000000 0.799110 425.000000
 94.500000 0.802172 405.358902 0.128811 0.515243 0.000000 0.000000 0.802172 416.000000
 94.750000 0.797324 399.456599 0.000000 0.000000 0.000000 0.000000 0.797324 417.000000
 95.000000 0.792087 394.462776 0.000000 0.000000 0.000000 0.000000 0.792087 416.000000
 95.250000 0.796109 399.353448 0.000000 0.000000 0.000000 0.000000 0.796109 418.000000
 95.500000 0.798637 403.654873 0.000000 0.000000 0.000000 0.000000 0.798637 414.000000
 95.750000 0.798266 403.099030 0.000000 0.000000 0.000000 0.000000 0.798266 416.000000
 96.000000 0.799040 402.756166 0.000000 0.000000 0.000000 0.000000 0.799040 421.000000
 96.250000 0.801697 405.424513 0.180211 0.720844 0.000000 0.000000 0.801697 418.000000
 96.500000 0.802345 407.727015 7.436612 29.746447 0.000000 0.000000 0.802345 424.000000
 96.750000 0.801924 405.139065 0.019339 0.077357 0.000000 0.000000 0.801924 423.000000
 97.000000 0.797277 402.700475 0.000000 0.000000 0.000000 0.000000 0.797277 421.000000
 97.250000 0.798826 403.362481 0.000000 0.000000 0.000000 0.000000 0.798826 421.000000
 97.500000 0.793376 395.701093 0.000000 0.000000 0.000000 0.000000 0.793376 416.000000
 97.750000 0.798757 402.054677 0.000000 0.000000 0.000000 0.000000 0.798757 416.000000
 98.000000 0.800745 406.878743 3.529674 14.118697 0.000000 0.000000 0.800745 424.000000
 98.250000 0.798402 404.662286 0.000000 0.000000 0.000000 0.000000 0.798402 425.000000
 98.500000 0.798845 402.233631 0.000000 0.000000 0.000000 0.000000 0.798845 414.000000
 98.750000 0.800207 404.925037 0.000000 0.000000 0.000000 0.000000 0.800207 422.000000
 99.000000 0.797416 397.962238 0.000000 0.000000 0.000000 0.000000 0.797416 409.000000
 99.250000 0.798972 401.341362 0.000000 0.000000 0.000000 0.000000 0.798972 416.000000
 99.500000 0.797604 401.374855 0.000000 0.000000 0.000000 0.000000 0.797604 418.000000
 99.750000 0.793759 400.019282 0.000000 0.000000 0.000000 0.000000 0.793759 417.000000
 100.000000 0.798725 405.236624 0.055991 0.223963 0.000000 0.000000 0.798725 423.000000
 100.250000 0.796168 398.829386 0.000000 0.000000 0.000000 0.000000 0.796168 416.000000
 100.500000 0.800255 405.579793 0.336159 1.344638 0.000000 0.000000 0.800255 416.000000
