#! FIELDS time refcv.mean refcv.morethan uwall.bias uwall.force2 lwall.bias lwall.force2 refcv2.mean refcv2.morethan
 1.000000 0.885104 384.670979 0.000000 0.000000 0.000000 0.000000 0.928798 400.000000
 1.250000 0.860044 363.253568 0.000000 0.000000 0.000000 0.000000 0.907585 401.000000
 1.500000 0.857516 361.431840 0.000000 0.000000 0.000000 0.000000 0.905114 397.000000
 1.750000 0.842956 341.212690 0.000000 0.000000 0.000000 0.000000 0.890387 385.000000
 2.000000 0.848131 353.542755 0.000000 0.000000 0.000000 0.000000 0.895001 398.000000
 2.250000 0.850016 350.425351 0.000000 0.000000 0.000000 0.000000 0.896893 386.000000
 2.500000 0.848625 356.407675 0.000000 0.000000 0.000000 0.000000 0.895486 397.000000
 2.750000 0.841501 343.604565 0.000000 0.000000 0.000000 0.000000 0.888642 388.000000
 3.000000 0.839299 336.876242 0.000000 0.000000 0.000000 0.000000 0.886906 392.000000
 3.250000 0.842154 338.308304 0.000000 0.000000 0.000000 0.000000 0.890246 385.000000
 3.500000 0.843036 342.653268 0.000000 0.000000 0.000000 0.000000 0.890498 388.000000
 3.750000 0.845901 353.377735 0.000000 0.000000 0.000000 0.000000 0.892720 402.000000
 4.000000 0.850040 350.789085 0.000000 0.000000 0.000000 0.000000 0.897557 391.000000
 4.250000 0.851398 355.988754 0.000000 0.000000 0.000000 0.000000 0.899169 401.000000
 4.500000 0.852327 356.656933 0.000000 0.000000 0.000000 0.000000 0.899806 395.000000
 4.750000 0.848692 345.826274 0.000000 0.000000 0.000000 0.000000 0.896316 394.000000
 5.000000 0.850231 347.375521 0.000000 0.000000 0.000000 0.000000 0.897603 381.000000
 5.250000 0.844649 340.659055 0.000000 0.000000 0.000000 0.000000 0.892638 383.000000
 5.500000 0.842069 335.120233 0.000000 0.000000 0.773991 3.095963 0.889633 377.000000
 5.750000 0.843181 342.550764 0.000000 0.000000 0.000000 0.000000 0.890332 374.000000
 6.000000 0.842182 338.499220 0.000000 0.000000 0.000000 0.000000 0.889714 379.000000
 6.250000 0.838668 335.691987 0.000000 0.000000 0.094872 0.379489 0.885818 379.000000
 6.500000 0.837776 341.306966 0.000000 0.000000 0.000000 0.000000 0.884462 380.926363
 6.750000 0.835933 336.338563 0.000000 0.000000 0.000000 0.000000 0.883323 386.000000
 7.000000 0.842765 342.199081 0.000000 0.000000 0.000000 0.000000 0.889934 380.000000
 7.250000 0.840180 340.051104 0.000000 0.000000 0.000000 0.000000 0.887610 383.000000
 7.500000 0.842378 341.301364 0.000000 0.000000 0.000000 0.000000 0.889645 376.000000
 7.750000 0.840042 342.765705 0.000000 0.000000 0.000000 0.000000 0.887343 386.000000
 8.000000 0.837380 338.550142 0.000000 0.000000 0.000000 0.000000 0.884232 381.000000
 8.250000 0.834574 334.369021 0.000000 0.000000 2.660094 10.640376 0.881913 375.000000
 8.500000 0.837355 336.942205 0.000000 0.000000 0.000000 0.000000 0.884664 378.000000
 8.750000 0.839737 336.533625 0.000000 0.000000 0.000000 0.000000 0.887156 382.000000
 9.000000 0.837267 339.157250 0.000000 0.000000 0.000000 0.000000 0.884698 380.000000
 9.250000 0.843148 339.923090 0.000000 0.000000 0.000000 0.000000 0.889931 375.000000
 9.500000 0.839277 337.042573 0.000000 0.000000 0.000000 0.000000 0.886819 376.000000
 9.750000 0.841075 338.079403 0.000000 0.000000 0.000000 0.000000 0.888503 390.000000
 10.000000 0.840807 339.830700 0.000000 0.000000 0.000000 0.000000 0.888080 386.000000
 10.250000 0.848709 346.112751 0.000000 0.000000 0.000000 0.000000 0.896018 387.000000
 10.500000 0.846746 340.607748 0.000000 0.000000 0.000000 0.000000 0.894774 384.000000
 10.750000 0.843275 335.364353 0.000000 0.000000 0.404047 1.616188 0.890578 380.000000
 11.000000 0.840371 336.287459 0.000000 0.000000 0.000000 0.000000 0.887221 368.000000
 11.250000 0.843925 341.621129 0.000000 0.000000 0.000000 0.000000 0.890995 390.000000
 11.500000 0.850543 350.802379 0.000000 0.000000 0.000000 0.000000 0.898335 395.000000
 11.750000 0.847490 343.559196 0.000000 0.000000 0.000000 0.000000 0.895295 390.000000
 12.000000 0.842118 338.449157 0.000000 0.000000 0.000000 0.000000 0.889028 375.000000
 12.250000 0.841371 337.318864 0.000000 0.000000 0.000000 0.000000 0.888781 383.000000
 12.500000 0.844584 344.578984 0.000000 0.000000 0.000000 0.000000 0.892171 383.000000
 12.750000 0.842204 342.037215 0.000000 0.000000 0.000000 0.000000 0.889699 375.000000
 13.000000 0.845914 349.606873 0.000000 0.000000 0.000000 0.000000 0.892943 392.000000
 13.250000 0.843247 343.371139 0.000000 0.000000 0.000000 0.000000 0.890270 387.000000
 13.500000 0.843570 340.760878 0.000000 0.000000 0.000000 0.000000 0.890500 380.000000
 13.750000 0.845182 343.141868 0.000000 0.000000 0.000000 0.000000 0.892418 382.000000
 14.000000 0.846606 342.711306 0.000000 0.000000 0.000000 0.000000 0.894187 381.000000
 14.250000 0.845443 347.783853 0.000000 0.000000 0.000000 0.000000 0.892635 389.000000
 14.500000 0.838796 338.079912 0.000000 0.000000 0.000000 0.000000 0.885792 375.000000
 14.750000 0.835700 336.571790 0.000000 0.000000 0.000000 0.000000 0.882820 372.000000
 15.000000 0.843597 343.418296 0.000000 0.000000 0.000000 0.000000 0.890358 379.000000
 15.250000 0.842848 343.561057 0.000000 0.000000 0.000000 0.000000 0.890022 384.000000
 15.500000 0.842890 342.527503 0.000000 0.000000 0.000000 0.000000 0.889861 387.000000
 15.750000 0.839916 337.262581 0.000000 0.000000 0.000000 0.000000 0.887151 374.000000
 16.000000 0.839442 333.622006 0.000000 0.000000 5.654855 22.619421 0.886600 376.000000
 16.250000 0.837481 336.333221 0.000000 0.000000 0.000000 0.000000 0.884874 378.000000
 16.500000 0.840619 336.329869 0.000000 0.000000 0.000000 0.000000 0.887657 376.000000
 16.750000 0.842631 338.694505 0.000000 0.000000 0.000000 0.000000 0.889450 382.000000
 17.000000 0.843004 338.030398 0.000000 0.000000 0.000000 0.000000 0.889948 367.000000
 17.250000 0.841553 335.435826 0.000000 0.000000 0.318292 1.273168 0.889106 371.000000
 17.500000 0.842958 343.339756 0.000000 0.000000 0.000000 0.000000 0.890277 379.000000
 17.750000 0.835726 334.963669 0.000000 0.000000 1.073981 4.295925 0.883236 379.000000
 18.000000 0.843046 339.276440 0.000000 0.000000 0.000000 0.000000 0.889824 378.000000
 18.250000 0.840112 335.802052 0.000000 0.000000 0.039184 0.156734 0.887884 375.000000
 18.500000 0.842893 336.489113 0.000000 0.000000 0.000000 0.000000 0.890192 373.000000
 18.750000 0.845221 337.181340 0.000000 0.000000 0.000000 0.000000 0.892687 371.000000
 19.000000 0.846081 337.784869 0.000000 0.000000 0.000000 0.000000 0.894143 383.000000
 19.250000 0.843295 334.308919 0.000000 0.000000 2.859756 11.439025 0.891727 374.000000
 19.500000 0.840839 335.992406 0.000000 0.000000 0.000058 0.000231 0.888617 379.000000
 19.750000 0.840676 335.363144 0.000000 0.000000 0.405586 1.622344 0.887760 371.000000
 20.000000 0.846239 344.917732 0.000000 0.000000 0.000000 0.000000 0.893581 383.000000
 20.250000 0.844272 336.792728 0.000000 0.000000 0.000000 0.000000 0.892169 373.000000
 20.500000 0.841471 335.509193 0.000000 0.000000 0.240892 0.963567 0.888482 370.000000
 20.750000 0.843057 340.198943 0.000000 0.000000 0.000000 0.000000 0.889401 381.000000
 21.000000 0.844062 346.082358 0.000000 0.000000 0.000000 0.000000 0.890940 383.000000
 21.250000 0.844381 338.471063 0.000000 0.000000 0.000000 0.000000 0.891400 372.000000
 21.500000 0.840387 337.158071 0.000000 0.000000 0.000000 0.000000 0.887419 377.000000
 21.750000 0.841132 336.462566 0.000000 0.000000 0.000000 0.000000 0.887956 380.000000
 22.000000 0.841102 338.405898 0.000000 0.000000 0.000000 0.000000 0.888289 376.000000
 22.250000 0.844400 342.372737 0.000000 0.000000 0.000000 0.000000 0.891758 382.000000
 22.500000 0.847213 341.197083 0.000000 0.000000 0.000000 0.000000 0.894028 384.000000
 22.750000 0.837710 334.900838 0.000000 0.000000 1.208157 4.832626 0.885210 379.000000
 23.000000 0.841268 334.487767 0.000000 0.000000 2.286848 9.147392 0.888144 381.000000
 23.250000 0.842226 333.788773 0.000000 0.000000 4.889524 19.558095 0.889583 375.000000
 23.500000 0.842204 335.296145 0.000000 0.000000 0.495411 1.981645 0.890033 373.000000
 23.750000 0.840610 335.063557 0.000000 0.000000 0.876925 3.507701 0.887395 368.000000
 24.000000 0.839790 340.162825 0.000000 0.000000 0.000000 0.000000 0.885932 377.000000
 24.250000 0.839706 336.742254 0.000000 0.000000 0.000000 0.000000 0.887002 376.000000
 24.500000 0.842973 336.585377 0.000000 0.000000 0.000000 0.000000 0.890891 379.000000
 24.750000 0.839901 334.339940 0.000000 0.000000 2.755800 11.023198 0.887670 380.000000
 25.000000 0.838334 334.181702 0.000000 0.000000 3.306207 13.224827 0.885378 382.000000
 25.250000 0.842678 342.925295 0.000000 0.000000 0.000000 0.000000 0.889734 388.000000
 25.500000 0.838519 335.693579 0.000000 0.000000 0.093894 0.375576 0.886225 380.000000
 25.750000 0.839416 336.620388 0.000000 0.000000 0.000000 0.000000 0.886507 376.000000
 26.000000 0.834480 335.385397 0.000000 0.000000 0.377737 1.510947 0.881540 383.000000
 26.250000 0.837878 335.631497 0.000000 0.000000 0.135794 0.543177 0.885279 378.000000
 26.500000 0.841624 338.512356 0.000000 0.000000 0.000000 0.000000 0.889573 383.000000
 26.750000 0.842355 339.162977 0.000000 0.000000 0.000000 0.000000 0.889903 380.000000
 27.000000 0.841762 338.128414 0.000000 0.000000 0.000000 0.000000 0.888891 383.000000
 27.250000 0.839347 335.648076 0.000000 0.000000 0.123850 0.495401 0.886839 388.000000
 27.500000 0.841325 339.578149 0.000000 0.000000 0.000000 0.000000 0.888965 382.000000
 27.750000 0.840455 338.307773 0.000000 0.000000 0.000000 0.000000 0.887713 379.000000
 28.000000 0.839774 336.962228 0.000000 0.000000 0.000000 0.000000 0.887015 381.000000
 28.250000 0.843333 343.495569 0.000000 0.000000 0.000000 0.000000 0.890798 383.000000
 28.500000 0.843588 337.973252 0.000000 0.000000 0.000000 0.000000 0.891808 386.000000
 28.750000 0.847512 345.810922 0.000000 0.000000 0.000000 0.000000 0.894944 393.000000
 29.000000 0.841437 336.945863 0.000000 0.000000 0.000000 0.000000 0.888814 389.000000
 29.250000 0.838990 336.228819 0.000000 0.000000 0.000000 0.000000 0.886403 385.000000
 29.500000 0.843955 342.905204 0.000000 0.000000 0.000000 0.000000 0.891488 377.000000
 29.750000 0.840335 338.648850 0.000000 0.000000 0.000000 0.000000 0.887427 389.000000
 30.000000 0.843528 339.089995 0.000000 0.000000 0.000000 0.000000 0.890585 387.000000
 30.250000 0.838862 334.839500 0.000000 0.000000 1.346760 5.387042 0.886835 385.000000
 30.500000 0.845748 342.752051 0.000000 0.000000 0.000000 0.000000 0.893219 384.000000
 30.750000 0.841381 338.491857 0.000000 0.000000 0.000000 0.000000 0.888291 373.000000
 31.000000 0.844278 344.077964 0.000000 0.000000 0.000000 0.000000 0.891112 384.000000
 31.250000 0.839840 337.477923 0.000000 0.000000 0.000000 0.000000 0.887816 379.000000
 31.500000 0.838272 337.518332 0.000000 0.000000 0.000000 0.000000 0.885285 373.000000
 31.750000 0.838712 341.249951 0.000000 0.000000 0.000000 0.000000 0.885012 378.000000
 32.000000 0.844018 340.610265 0.000000 0.000000 0.000000 0.000000 0.891006 383.000000
 32.250000 0.845672 343.234559 0.000000 0.000000 0.000000 0.000000 0.892858 387.000000
 32.500000 0.842161 337.131046 0.000000 0.000000 0.000000 0.000000 0.889540 382.000000
 32.750000 0.843033 338.988174 0.000000 0.000000 0.000000 0.000000 0.890134 388.000000
 33.000000 0.839811 339.349719 0.000000 0.000000 0.000000 0.000000 0.886801 380.000000
 33.250000 0.837478 338.804177 0.000000 0.000000 0.000000 0.000000 0.884691 374.000000
 33.500000 0.843489 350.088081 0.000000 0.000000 0.000000 0.000000 0.889972 393.000000
 33.750000 0.838360 336.086999 0.000000 0.000000 0.000000 0.000000 0.885471 378.000000
 34.000000 0.838503 336.123255 0.000000 0.000000 0.000000 0.000000 0.885850 375.000000
 34.250000 0.840936 340.525142 0.000000 0.000000 0.000000 0.000000 0.887803 377.000000
 34.500000 0.842571 346.142038 0.000000 0.000000 0.000000 0.000000 0.889025 385.000000
 34.750000 0.838166 342.789363 0.000000 0.000000 0.000000 0.000000 0.885576 388.000000
 35.000000 0.845774 351.724505 0.000000 0.000000 0.000000 0.000000 0.892929 395.000000
 35.250000 0.840664 339.008403 0.000000 0.000000 0.000000 0.000000 0.888524 381.000000
 35.500000 0.839986 344.778691 0.000000 0.000000 0.000000 0.000000 0.887194 391.000000
 35.750000 0.845488 348.624384 0.000000 0.000000 0.000000 0.000000 0.892206 390.000000
 36.000000 0.858076 361.035863 0.000000 0.000000 0.000000 0.000000 0.905019 398.000000
 36.250000 0.856248 360.164852 0.000000 0.000000 0.000000 0.000000 0.903502 399.000000
 36.500000 0.846429 351.538862 0.000000 0.000000 0.000000 0.000000 0.893237 395.000000
 36.750000 0.847693 350.950667 0.000000 0.000000 0.000000 0.000000 0.893895 387.000000
 37.000000 0.846952 346.140299 0.000000 0.000000 0.000000 0.000000 0.893843 385.000000
 37.250000 0.848816 347.939147 0.000000 0.000000 0.000000 0.000000 0.896097 387.000000
 37.500000 0.849741 353.496201 0.000000 0.000000 0.000000 0.000000 0.896665 401.000000
 37.750000 0.844964 351.552417 0.000000 0.000000 0.000000 0.000000 0.891883 402.000000
 38.000000 0.847355 347.307621 0.000000 0.000000 0.000000 0.000000 0.894315 399.000000
 38.250000 0.852702 361.465295 0.000000 0.000000 0.000000 0.000000 0.899585 406.000000
 38.500000 0.848984 350.974782 0.000000 0.000000 0.000000 0.000000 0.896201 400.000000
 38.750000 0.849130 351.430759 0.000000 0.000000 0.000000 0.000000 0.896342 400.000000
 39.000000 0.844534 344.416006 0.000000 0.000000 0.000000 0.000000 0.892330 393.000000
 39.250000 0.852582 351.823225 0.000000 0.000000 0.000000 0.000000 0.899411 396.000000
 39.500000 0.847039 349.967908 0.000000 0.000000 0.000000 0.000000 0.894219 391.000000
 39.750000 0.843206 341.635771 0.000000 0.000000 0.000000 0.000000 0.890166 381.000000
 40.000000 0.843187 345.153821 0.000000 0.000000 0.000000 0.000000 0.890167 395.000000
 40.250000 0.849815 354.582820 0.000000 0.000000 0.000000 0.000000 0.897340 395.000000
 40.500000 0.849302 347.283108 0.000000 0.000000 0.000000 0.000000 0.897348 389.000000
 40.750000 0.844290 345.242017 0.000000 0.000000 0.000000 0.000000 0.891550 388.000000
 41.000000 0.836674 335.347029 0.000000 0.000000 0.426371 1.705484 0.883741 388.000000
 41.250000 0.846708 347.889605 0.000000 0.000000 0.000000 0.000000 0.893713 396.000000
 41.500000 0.845144 341.772930 0.000000 0.000000 0.000000 0.000000 0.893125 389.000000
 41.750000 0.848190 345.170865 0.000000 0.000000 0.000000 0.000000 0.894867 382.000000
 42.000000 0.839410 340.076303 0.000000 0.000000 0.000000 0.000000 0.886797 392.000000
 42.250000 0.847415 349.401790 0.000000 0.000000 0.000000 0.000000 0.894626 393.000000
 42.500000 0.845974 349.287570 0.000000 0.000000 0.000000 0.000000 0.893325 390.000000
 42.750000 0.845842 346.694692 0.000000 0.000000 0.000000 0.000000 0.892853 396.000000
 43.000000 0.845430 348.796591 0.000000 0.000000 0.000000 0.000000 0.892643 401.000000
 43.250000 0.847513 353.305473 0.000000 0.000000 0.000000 0.000000 0.895031 400.000000
 43.500000 0.848299 352.127760 0.000000 0.000000 0.000000 0.000000 0.896114 392.000000
 43.750000 0.845560 352.095615 0.000000 0.000000 0.000000 0.000000 0.892819 394.000000
 44.000000 0.838225 337.499848 0.000000 0.000000 0.000000 0.000000 0.885166 375.000000
 44.250000 0.835833 336.710213 0.000000 0.000000 0.000000 0.000000 0.883145 384.000000
 44.500000 0.840578 340.840837 0.000000 0.000000 0.000000 0.000000 0.888288 389.000000
 44.750000 0.845559 342.863983 0.000000 0.000000 0.000000 0.000000 0.892705 383.000000
 45.000000 0.841711 338.958429 0.000000 0.000000 0.000000 0.000000 0.888505 371.000000
 45.250000 0.843876 348.920768 0.000000 0.000000 0.000000 0.000000 0.890558 386.000000
 45.500000 0.843219 342.009784 0.000000 0.000000 0.000000 0.000000 0.890063 388.000000
 45.750000 0.843572 349.069302 0.000000 0.000000 0.000000 0.000000 0.890582 391.000000
 46.000000 0.840816 339.319878 0.000000 0.000000 0.000000 0.000000 0.887508 378.000000
 46.250000 0.840912 343.181615 0.000000 0.000000 0.000000 0.000000 0.888092 387.000000
 46.500000 0.847567 345.810703 0.000000 0.000000 0.000000 0.000000 0.894843 384.000000
 46.750000 0.845620 341.004149 0.000000 0.000000 0.000000 0.000000 0.892616 381.000000
 47.000000 0.838033 338.166502 0.000000 0.000000 0.000000 0.000000 0.885014 384.000000
 47.250000 0.841241 340.386033 0.000000 0.000000 0.000000 0.000000 0.888249 383.000000
 47.500000 0.843195 337.218461 0.000000 0.000000 0.000000 0.000000 0.890976 384.000000
 47.750000 0.846448 348.341686 0.000000 0.000000 0.000000 0.000000 0.894024 396.000000
 48.000000 0.842300 342.240801 0.000000 0.000000 0.000000 0.000000 0.889219 385.000000
 48.250000 0.841631 338.180392 0.000000 0.000000 0.000000 0.000000 0.888668 377.000000
 48.500000 0.843478 340.655466 0.000000 0.000000 0.000000 0.000000 0.890837 382.000000
 48.750000 0.847481 347.757562 0.000000 0.000000 0.000000 0.000000 0.894292 390.000000
 49.000000 0.842856 340.493354 0.000000 0.000000 0.000000 0.000000 0.890358 381.000000
 49.250000 0.847307 341.810657 0.000000 0.000000 0.000000 0.000000 0.894476 375.000000
 49.500000 0.840367 337.791900 0.000000 0.000000 0.000000 0.000000 0.887645 373.000000
 49.750000 0.840580 338.454558 0.000000 0.000000 0.000000 0.000000 0.887515 376.000000
 50.000000 0.838092 335.431049 0.000000 0.000000 0.323705 1.294820 0.885411 375.000000
 50.250000 0.843903 339.916662 0.000000 0.000000 0.000000 0.000000 0.890678 377.000000
 50.500000 0.841712 340.540088 0.000000 0.000000 0.000000 0.000000 0.888697 378.000000
 50.750000 0.841344 334.445682 0.000000 0.000000 2.415904 9.663615 0.887831 370.000000
 51.000000 0.843263 340.974240 0.000000 0.000000 0.000000 0.000000 0.890227 372.000000
 51.250000 0.844911 342.175284 0.000000 0.000000 0.000000 0.000000 0.892165 377.000000
 51.500000 0.840952 337.525909 0.000000 0.000000 0.000000 0.000000 0.888336 374.000000
 51.750000 0.841022 336.393654 0.000000 0.000000 0.000000 0.000000 0.888654 371.000000
 52.000000 0.845505 339.099451 0.000000 0.000000 0.000000 0.000000 0.892802 375.000000
 52.250000 0.839276 334.433348 0.000000 0.000000 2.454399 9.817596 0.887451 382.000000
 52.500000 0.843162 337.718380 0.000000 0.000000 0.000000 0.000000 0.890256 374.000000
 52.750000 0.838984 335.914782 0.000000 0.000000 0.007262 0.029049 0.886518 381.000000
 53.000000 0.842629 340.620309 0.000000 0.000000 0.000000 0.000000 0.889862 377.000000
 53.250000 0.846032 340.575053 0.000000 0.000000 0.000000 0.000000 0.893390 373.000000
 53.500000 0.842851 339.629726 0.000000 0.000000 0.000000 0.000000 0.890554 381.000000
 53.750000 0.840054 337.714453 0.000000 0.000000 0.000000 0.000000 0.887686 384.000000
 54.000000 0.841447 338.046751 0.000000 0.000000 0.000000 0.000000 0.888687 382.000000
 54.250000 0.843985 342.067159 0.000000 0.000000 0.000000 0.000000 0.891277 380.000000
 54.500000 0.843382 343.431430 0.000000 0.000000 0.000000 0.000000 0.889969 382.000000
 54.750000 0.838605 340.359675 0.000000 0.000000 0.000000 0.000000 0.885148 379.000000
 55.000000 0.836943 340.406001 0.000000 0.000000 0.000000 0.000000 0.884010 384.000000
 55.250000 0.840446 338.542570 0.000000 0.000000 0.000000 0.000000 0.887810 378.000000
 55.500000 0.842188 344.159418 0.000000 0.000000 0.000000 0.000000 0.889572 385.000000
 55.750000 0.840642 334.303766 0.000000 0.000000 2.877209 11.508837 0.888118 376.000000
 56.000000 0.842420 336.626370 0.000000 0.000000 0.000000 0.000000 0.890182 382.000000
 56.250000 0.843758 340.011579 0.000000 0.000000 0.000000 0.000000 0.891699 384.000000
 56.500000 0.837989 335.974782 0.000000 0.000000 0.000636 0.002544 0.885286 383.000000
 56.750000 0.836473 335.173018 0.000000 0.000000 0.683899 2.735595 0.883067 374.000000
 57.000000 0.835988 334.771337 0.000000 0.000000 1.509613 6.038453 0.883483 389.000000
 57.250000 0.839416 340.022093 0.000000 0.000000 0.000000 0.000000 0.887012 384.000000
 57.500000 0.838291 337.509136 0.000000 0.000000 0.000000 0.000000 0.885441 382.000000
 57.750000 0.837550 336.785899 0.000000 0.000000 0.000000 0.000000 0.884575 380.000000
 58.000000 0.845076 341.129860 0.000000 0.000000 0.000000 0.000000 0.892151 383.000000
 58.250000 0.841584 337.830380 0.000000 0.000000 0.000000 0.000000 0.888880 378.000000
 58.500000 0.838876 333.813179 0.000000 0.000000 4.782188 19.128751 0.886115 371.000000
 58.750000 0.840165 335.632550 0.000000 0.000000 0.135019 0.540078 0.887457 376.000000
 59.000000 0.841259 337.512919 0.000000 0.000000 0.000000 0.000000 0.888923 376.000000
 59.250000 0.840238 343.011612 0.000000 0.000000 0.000000 0.000000 0.887481 387.000000
 59.500000 0.835809 337.273205 0.000000 0.000000 0.000000 0.000000 0.882335 382.000000
 59.750000 0.835280 338.785395 0.000000 0.000000 0.000000 0.000000 0.881921 377.000000
 60.000000 0.839995 342.090849 0.000000 0.000000 0.000000 0.000000 0.887699 385.000000
 60.250000 0.844140 344.906600 0.000000 0.000000 0.000000 0.000000 0.891772 382.000000
 60.500000 0.842013 340.399535 0.000000 0.000000 0.000000 0.000000 0.888785 384.000000
 60.750000 0.840960 343.842414 0.000000 0.000000 0.000000 0.000000 0.887349 389.000000
 61.000000 0.843183 339.455118 0.000000 0.000000 0.000000 0.000000 0.889909 379.000000
 61.250000 0.842993 335.746811 0.000000 0.000000 0.064105 0.256418 0.890547 383.000000
 61.500000 0.842342 334.973634 0.000000 0.000000 1.053426 4.213706 0.890028 372.000000
 61.750000 0.842166 339.132197 0.000000 0.000000 0.000000 0.000000 0.889606 374.000000
 62.000000 0.846612 346.779755 0.000000 0.000000 0.000000 0.000000 0.893497 385.000000
 62.250000 0.845378 344.379811 0.000000 0.000000 0.000000 0.000000 0.892511 382.000000
 62.500000 0.839246 339.317778 0.000000 0.000000 0.000000 0.000000 0.886466 382.000000
 62.750000 0.839185 340.244965 0.000000 0.000000 0.000000 0.000000 0.886063 383.000000
 63.000000 0.839894 338.974708 0.000000 0.000000 0.000000 0.000000 0.887318 375.000000
 63.250000 0.846306 344.087175 0.000000 0.000000 0.000000 0.000000 0.893792 387.000000
 63.500000 0.851893 353.979373 0.000000 0.000000 0.000000 0.000000 0.898969 387.000000
 63.750000 0.840281 336.957318 0.000000 0.000000 0.000000 0.000000 0.887797 387.000000
 64.000000 0.844265 341.721082 0.000000 0.000000 0.000000 0.000000 0.890860 380.000000
 64.250000 0.843919 347.690826 0.000000 0.000000 0.000000 0.000000 0.890913 390.000000
 64.500000 0.846780 351.968710 0.000000 0.000000 0.000000 0.000000 0.893432 390.000000
 64.750000 0.845041 349.000011 0.000000 0.000000 0.000000 0.000000 0.891412 386.000000
 65.000000 0.843062 345.868195 0.000000 0.000000 0.000000 0.000000 0.889927 385.000000
 65.250000 0.854866 362.865821 0.000000 0.000000 0.000000 0.000000 0.901147 402.000000
 65.500000 0.854349 363.784927 0.000000 0.000000 0.000000 0.000000 0.900852 409.000000
 65.750000 0.843958 348.546113 0.000000 0.000000 0.000000 0.000000 0.890844 389.000000
 66.000000 0.852895 360.892891 0.000000 0.000000 0.000000 0.000000 0.899202 403.000000
 66.250000 0.841466 343.090391 0.000000 0.000000 0.000000 0.000000 0.888567 391.000000
 66.500000 0.844659 348.230141 0.000000 0.000000 0.000000 0.000000 0.890993 389.000000
 66.750000 0.843692 353.821547 0.000000 0.000000 0.000000 0.000000 0.889514 402.000000
 67.000000 0.845360 348.980452 0.000000 0.000000 0.000000 0.000000 0.891376 393.000000
 67.250000 0.848398 352.124393 0.000000 0.000000 0.000000 0.000000 0.894545 391.000000
 67.500000 0.842971 345.789800 0.000000 0.000000 0.000000 0.000000 0.889974 388.000000
 67.750000 0.844029 350.577582 0.000000 0.000000 0.000000 0.000000 0.890961 402.000000
 68.000000 0.841810 346.271246 0.000000 0.000000 0.000000 0.000000 0.888914 392.000000
 68.250000 0.845451 352.703709 0.000000 0.000000 0.000000 0.000000 0.891928 405.000000
 68.500000 0.845712 354.613930 0.000000 0.000000 0.000000 0.000000 0.891847 397.000000
 68.750000 0.841426 342.264535 0.000000 0.000000 0.000000 0.000000 0.888750 386.000000
 69.000000 0.844926 346.512618 0.000000 0.000000 0.000000 0.000000 0.891835 385.000000
 69.250000 0.840010 337.964686 0.000000 0.000000 0.000000 0.000000 0.886601 382.000000
 69.500000 0.842984 343.549604 0.000000 0.000000 0.000000 0.000000 0.889581 385.000000
 69.750000 0.846088 343.537484 0.000000 0.000000 0.000000 0.000000 0.893083 389.000000
 70.000000 0.848765 352.490562 0.000000 0.000000 0.000000 0.000000 0.895307 394.999134
 70.250000 0.843756 344.493356 0.000000 0.000000 0.000000 0.000000 0.890296 385.000000
 70.500000 0.851335 357.312286 0.000000 0.000000 0.000000 0.000000 0.897915 401.000000
 70.750000 0.851970 356.086425 0.000000 0.000000 0.000000 0.000000 0.899320 408.000000
 71.000000 0.849747 349.901264 0.000000 0.000000 0.000000 0.000000 0.897341 393.000000
 71.250000 0.849105 351.671822 0.000000 0.000000 0.000000 0.000000 0.895753 397.000000
 71.500000 0.839640 335.112623 0.000000 0.000000 0.787438 3.149754 0.886306 376.000000
 71.750000 0.841859 338.884209 0.000000 0.000000 0.000000 0.000000 0.888613 377.000000
 72.000000 0.850201 350.166553 0.000000 0.000000 0.000000 0.000000 0.896978 380.000000
 72.250000 0.844675 341.537221 0.000000 0.000000 0.000000 0.000000 0.891116 374.000000
 72.500000 0.843944 338.968428 0.000000 0.000000 0.000000 0.000000 0.890683 369.000000
 72.750000 0.845817 345.813246 0.000000 0.000000 0.000000 0.000000 0.892844 382.000000
 73.000000 0.841533 336.891012 0.000000 0.000000 0.000000 0.000000 0.889056 377.000000
 73.250000 0.845181 347.480985 0.000000 0.000000 0.000000 0.000000 0.891856 387.000000
 73.500000 0.840732 341.539381 0.000000 0.000000 0.000000 0.000000 0.887385 377.000000
 73.750000 0.847403 345.780011 0.000000 0.000000 0.000000 0.000000 0.894139 379.000000
 74.000000 0.843787 342.020014 0.000000 0.000000 0.000000 0.000000 0.891149 379.000000
 74.250000 0.845858 345.809813 0.000000 0.000000 0.000000 0.000000 0.892475 385.000000
 74.500000 0.841783 341.871267 0.000000 0.000000 0.000000 0.000000 0.888502 376.000000
 74.750000 0.845707 349.139813 0.000000 0.000000 0.000000 0.000000 0.892592 390.000000
 75.000000 0.842469 335.519656 0.000000 0.000000 0.230730 0.922920 0.890262 371.000000
 75.250000 0.841358 337.683199 0.000000 0.000000 0.000000 0.000000 0.888981 381.000000
 75.500000 0.842027 334.525873 0.000000 0.000000 2.173050 8.692199 0.889643 375.000000
 75.750000 0.846072 338.248358 0.000000 0.000000 0.000000 0.000000 0.893701 377.000000
 76.000000 0.845410 337.015632 0.000000 0.000000 0.000000 0.000000 0.893200 374.000000
 76.250000 0.843362 335.076761 0.000000 0.000000 0.852369 3.409477 0.890663 368.000000
 76.500000 0.844969 342.726096 0.000000 0.000000 0.000000 0.000000 0.891619 379.000000
 76.750000 0.842964 339.346360 0.000000 0.000000 0.000000 0.000000 0.890349 375.000000
 77.000000 0.842818 337.711969 0.000000 0.000000 0.000000 0.000000 0.890236 380.000000
 77.250000 0.840177 340.078185 0.000000 0.000000 0.000000 0.000000 0.886930 374.000000
 77.500000 0.839478 339.172413 0.000000 0.000000 0.000000 0.000000 0.886514 381.000000
 77.750000 0.837496 337.259973 0.000000 0.000000 0.000000 0.000000 0.885255 381.000000
 78.000000 0.837565 335.505545 0.000000 0.000000 0.244485 0.977942 0.884842 379.000000
 78.250000 0.838247 336.119437 0.000000 0.000000 0.000000 0.000000 0.885547 385.000000
 78.500000 0.839227 338.376606 0.000000 0.000000 0.000000 0.000000 0.886187 383.000000
 78.750000 0.849746 353.086356 0.000000 0.000000 0.000000 0.000000 0.895524 387.000000
 79.000000 0.846889 344.943669 0.000000 0.000000 0.000000 0.000000 0.893823 384.000000
 79.250000 0.853871 356.046130 0.000000 0.000000 0.000000 0.000000 0.900846 396.000000
 79.500000 0.841216 340.075003 0.000000 0.000000 0.000000 0.000000 0.889007 380.000000
 79.750000 0.838662 335.088263 0.000000 0.000000 0.831264 3.325056 0.885345 372.000000
 80.000000 0.836067 337.837134 0.000000 0.000000 0.000000 0.000000 0.883673 382.000000
 80.250000 0.841079 335.374924 0.000000 0.000000 0.390719 1.562878 0.889096 376.000000
 80.500000 0.843255 340.586036 0.000000 0.000000 0.000000 0.000000 0.890479 381.000000
 80.750000 0.838707 337.915756 0.000000 0.000000 0.000000 0.000000 0.885801 375.000000
 81.000000 0.842274 342.114850 0.000000 0.000000 0.000000 0.000000 0.889131 378.000000
 81.250000 0.844719 345.984776 0.000000 0.000000 0.000000 0.000000 0.891805 382.000000
 81.500000 0.838010 334.621439 0.000000 0.000000 1.900431 7.601725 0.885320 375.000000
 81.750000 0.837492 336.099557 0.000000 0.000000 0.000000 0.000000 0.884380 377.000000
 82.000000 0.840918 336.115814 0.000000 0.000000 0.000000 0.000000 0.888311 379.000000
 82.250000 0.843380 340.503242 0.000000 0.000000 0.000000 0.000000 0.890677 381.000000
 82.500000 0.842406 338.711889 0.000000 0.000000 0.000000 0.000000 0.888966 376.000000
 82.750000 0.835820 335.744065 0.000000 0.000000 0.065503 0.262011 0.882647 383.000000
 83.000000 0.842640 338.753171 0.000000 0.000000 0.000000 0.000000 0.889383 378.000000
 83.250000 0.840677 337.350172 0.000000 0.000000 0.000000 0.000000 0.888249 380.000000
 83.500000 0.842817 339.758109 0.000000 0.000000 0.000000 0.000000 0.889915 385.000000
 83.750000 0.841707 336.974542 0.000000 0.000000 0.000000 0.000000 0.889091 382.000000
 84.000000 0.840706 334.331596 0.000000 0.000000 2.783571 11.134283 0.888168 381.000000
 84.250000 0.845353 344.078137 0.000000 0.000000 0.000000 0.000000 0.892594 384.000000
 84.500000 0.836485 335.307021 0.000000 0.000000 0.480220 1.920880 0.883972 372.000000
 84.750000 0.839982 335.641084 0.000000 0.000000 0.128821 0.515284 0.887030 373.000000
 85.000000 0.839535 332.040271 0.000000 0.000000 15.679455 62.717818 0.887456 372.000000
 85.250000 0.841946 333.120672 0.000000 0.000000 8.290528 33.162112 0.890806 371.000000
 85.500000 0.844979 335.583417 0.000000 0.000000 0.173542 0.694167 0.893130 372.000000
 85.750000 0.842407 334.511265 0.000000 0.000000 2.216331 8.865323 0.889894 368.000000
 86.000000 0.840204 335.218491 0.000000 0.000000 0.610756 2.443022 0.888059 365.000000
 86.250000 0.845778 337.825532 0.000000 0.000000 0.000000 0.000000 0.892908 372.000000
 86.500000 0.843024 335.721987 0.000000 0.000000 0.077291 0.309164 0.890870 374.000000
 86.750000 0.844873 336.202838 0.000000 0.000000 0.000000 0.000000 0.892691 371.000000
 87.000000 0.842024 333.541175 0.000000 0.000000 6.045819 24.183274 0.889807 370.000000
 87.250000 0.840662 331.325707 0.000000 0.000000 21.849016 87.396063 0.888257 363.000000
 87.500000 0.844763 337.943445 0.000000 0.000000 0.000000 0.000000 0.891956 371.000000
 87.750000 0.842082 335.542207 0.000000 0.000000 0.209575 0.838298 0.889510 368.000000
 88.000000 0.840015 335.292482 0.000000 0.000000 0.500581 2.002325 0.887592 363.000000
 88.250000 0.841208 337.788180 0.000000 0.000000 0.000000 0.000000 0.887501 373.000000
 88.500000 0.839102 337.833546 0.000000 0.000000 0.000000 0.000000 0.885709 373.000000
 88.750000 0.841251 335.836965 0.000000 0.000000 0.026581 0.106322 0.888905 372.000000
 89.000000 0.844882 337.178617 0.000000 0.000000 0.000000 0.000000 0.893102 375.000000
 89.250000 0.838769 337.054744 0.000000 0.000000 0.000000 0.000000 0.886647 380.000000
 89.500000 0.841203 337.375470 0.000000 0.000000 0.000000 0.000000 0.888503 376.000000
 89.750000 0.841790 335.490851 0.000000 0.000000 0.259232 1.036930 0.889147 369.000000
 90.000000 0.839118 334.839715 0.000000 0.000000 1.346262 5.385047 0.887267 376.000000
 90.250000 0.841560 335.268407 0.000000 0.000000 0.535229 2.140915 0.889632 375.000000
 90.500000 0.841797 334.748318 0.000000 0.000000 1.566707 6.266828 0.889746 373.000000
 90.750000 0.845247 338.140114 0.000000 0.000000 0.000000 0.000000 0.893495 381.000000
 91.000000 0.847633 344.219521 0.000000 0.000000 0.000000 0.000000 0.895412 383.000000
 91.250000 0.843224 339.232093 0.000000 0.000000 0.000000 0.000000 0.890256 379.000000
 91.500000 0.839895 336.371893 0.000000 0.000000 0.000000 0.000000 0.887465 377.000000
 91.750000 0.842145 336.191885 0.000000 0.000000 0.000000 0.000000 0.889868 373.000000
 92.000000 0.841334 334.987701 0.000000 0.000000 1.024749 4.098996 0.889328 378.000000
 92.250000 0.842324 334.508629 0.000000 0.000000 2.224187 8.896749 0.889875 377.000000
 92.500000 0.841369 337.333259 0.000000 0.000000 0.000000 0.000000 0.889031 379.000000
 92.750000 0.841103 337.284162 0.000000 0.000000 0.000000 0.000000 0.888596 375.000000
 93.000000 0.839108 336.969956 0.000000 0.000000 0.000000 0.000000 0.886454 378.000000
 93.250000 0.840560 335.004710 0.000000 0.000000 0.990603 3.962410 0.887629 375.000000
 93.500000 0.838884 336.134693 0.000000 0.000000 0.000000 0.000000 0.886602 381.000000
 93.750000 0.841745 336.920800 0.000000 0.000000 0.000000 0.000000 0.888986 381.000000
 94.000000 0.839488 333.507383 0.000000 0.000000 6.213139 24.852555 0.886709 375.000000
 94.250000 0.841203 338.731945 0.000000 0.000000 0.000000 0.000000 0.888462 382.000000
 94.500000 0.842473 339.285843 0.000000 0.000000 0.000000 0.000000 0.889524 381.000000
 94.750000 0.838671 333.869766 0.000000 0.000000 4.537896 18.151584 0.885801 373.000000
 95.000000 0.842602 339.671471 0.000000 0.000000 0.000000 0.000000 0.890080 390.000000
 95.250000 0.846029 339.196677 0.000000 0.000000 0.000000 0.000000 0.893534 380.000000
 95.500000 0.841803 336.979420 0.000000 0.000000 0.000000 0.000000 0.888920 383.000000
 95.750000 0.841166 334.841185 0.000000 0.000000 1.342852 5.371407 0.888311 371.000000
 96.000000 0.841747 338.645405 0.000000 0.000000 0.000000 0.000000 0.889186 375.000000
 96.250000 0.838059 332.789585 0.000000 0.000000 10.306763 41.227054 0.885380 369.000000
 96.500000 0.841470 336.254560 0.000000 0.000000 0.000000 0.000000 0.888772 376.000000
 96.750000 0.839124 338.000444 0.000000 0.000000 0.000000 0.000000 0.886608 380.000000
 97.000000 0.844136 339.636565 0.000000 0.000000 0.000000 0.000000 0.891387 379.000000
 97.250000 0.845184 342.922800 0.000000 0.000000 0.000000 0.000000 0.892471 381.000000
 97.500000 0.839679 335.218678 0.000000 0.000000 0.610464 2.441857 0.887411 373.000000
 97.750000 0.846424 346.708303 0.000000 0.000000 0.000000 0.000000 0.893310 384.000000
 98.000000 0.842393 338.258513 0.000000 0.000000 0.000000 0.000000 0.889696 372.000000
 98.250000 0.841149 336.129345 0.000000 0.000000 0.000000 0.000000 0.888132 377.000000
 98.500000 0.837357 335.493975 0.000000 0.000000 0.256062 1.024246 0.884322 376.000000
 98.750000 0.841496 342.944530 0.000000 0.000000 0.000000 0.000000 0.888298 385.000000
 99.000000 0.840589 337.532287 0.000000 0.000000 0.000000 0.000000 0.888193 372.000000
 99.250000 0.840615 338.356552 0.000000 0.000000 0.000000 0.000000 0.888479 385.000000
 99.500000 0.840278 337.931778 0.000000 0.000000 0.000000 0.000000 0.887672 380.000000
 99.750000 0.840650 339.475392 0.000000 0.000000 0.000000 0.000000 0.888225 383.000000
 100.000000 0.845539 343.053196 0.000000 0.000000 0.000000 0.000000 0.892894 387.000000
 100.250000 0.844492 339.394721 0.000000 0.000000 0.000000 0.000000 0.892144 371.000000
 100.500000 0.845981 346.197745 0.000000 0.000000 0.000000 0.000000 0.893107 383.000000
 100.750000 0.845300 343.888522 0.000000 0.000000 0.000000 0.000000 0.892529 381.000000
