#! FIELDS time refcv.mean refcv.morethan uwall.bias uwall.force2 lwall.bias lwall.force2 refcv2.mean refcv2.morethan
 0.500000 0.743617 278.249606 0.000000 0.000000 0.000000 0.000000 0.743617 285.000000
 0.750000 0.742129 278.524366 0.000000 0.000000 0.000000 0.000000 0.742129 284.000000
 1.000000 0.740997 280.005196 0.000000 0.000000 0.000000 0.000000 0.740997 284.000000
 1.250000 0.732983 275.131388 0.000000 0.000000 0.000000 0.000000 0.732983 284.000000
 1.500000 0.742380 278.753350 0.000000 0.000000 0.000000 0.000000 0.742380 286.000000
 1.750000 0.746244 280.579431 0.000000 0.000000 0.000000 0.000000 0.746244 284.000000
 2.000000 0.738352 277.686627 0.000000 0.000000 0.000000 0.000000 0.738352 289.000000
 2.250000 0.727045 268.735918 0.000000 0.000000 0.000000 0.000000 0.727045 285.000000
 2.500000 0.734821 278.668995 0.000000 0.000000 0.000000 0.000000 0.734821 285.000000
 2.750000 0.734198 275.187724 0.000000 0.000000 0.000000 0.000000 0.734198 288.000000
 3.000000 0.734523 278.565075 0.000000 0.000000 0.000000 0.000000 0.734523 289.000000
 3.250000 0.734509 278.008310 0.000000 0.000000 0.000000 0.000000 0.734509 284.000000
 3.500000 0.736228 278.208957 0.000000 0.000000 0.000000 0.000000 0.736228 285.000000
 3.750000 0.738920 276.826969 0.000000 0.000000 0.000000 0.000000 0.738920 285.000000
 4.000000 0.745187 282.017465 0.000000 0.000000 0.000000 0.000000 0.745187 286.000000
 4.250000 0.735694 276.408207 0.000000 0.000000 0.000000 0.000000 0.735694 288.000000
 4.500000 0.737278 275.943817 0.000000 0.000000 0.000000 0.000000 0.737278 285.000000
 4.750000 0.739036 278.511575 0.000000 0.000000 0.000000 0.000000 0.739036 285.000000
 5.000000 0.732874 274.479156 0.000000 0.000000 0.000000 0.000000 0.732874 285.000000
 5.250000 0.736536 279.519515 0.000000 0.000000 0.000000 0.000000 0.736536 286.000000
 5.500000 0.739349 276.571374 0.000000 0.000000 0.000000 0.000000 0.739349 284.000000
 5.750000 0.737958 275.766639 0.000000 0.000000 0.000000 0.000000 0.737958 285.000000
 6.000000 0.731733 271.897169 0.000000 0.000000 0.000000 0.000000 0.731733 285.000000
 6.250000 0.735810 274.436775 0.000000 0.000000 0.000000 0.000000 0.735810 285.000000
 6.500000 0.732740 277.310118 0.000000 0.000000 0.000000 0.000000 0.732740 285.000000
 6.750000 0.732725 274.240573 0.000000 0.000000 0.000000 0.000000 0.732725 285.000000
 7.000000 0.731265 270.823170 0.000000 0.000000 0.000000 0.000000 0.731265 283.000000
 7.250000 0.736365 274.394534 0.000000 0.000000 0.000000 0.000000 0.736365 284.000000
 7.500000 0.741538 277.605778 0.000000 0.000000 0.000000 0.000000 0.741538 282.000000
 7.750000 0.734844 273.354730 0.000000 0.000000 0.000000 0.000000 0.734844 285.000000
 8.000000 0.732663 271.502403 0.000000 0.000000 0.000000 0.000000 0.732663 284.000000
 8.250000 0.731353 270.213674 0.000000 0.000000 0.000000 0.000000 0.731353 283.000000
 8.500000 0.737502 277.894001 0.000000 0.000000 0.000000 0.000000 0.737502 285.000000
 8.750000 0.740747 278.037067 0.000000 0.000000 0.000000 0.000000 0.740747 285.000000
 9.000000 0.731575 274.348249 0.000000 0.000000 0.000000 0.000000 0.731575 288.000000
 9.250000 0.732678 274.306287 0.000000 0.000000 0.000000 0.000000 0.732678 282.000000
 9.500000 0.733920 277.801616 0.000000 0.000000 0.000000 0.000000 0.733920 286.000000
 9.750000 0.731885 273.603223 0.000000 0.000000 0.000000 0.000000 0.731885 286.000000
 10.000000 0.731908 276.291782 0.000000 0.000000 0.000000 0.000000 0.731908 288.000000
 10.250000 0.737328 277.004191 0.000000 0.000000 0.000000 0.000000 0.737328 286.000000
 10.500000 0.730675 274.133168 0.000000 0.000000 0.000000 0.000000 0.730675 288.000000
 10.750000 0.730693 274.950838 0.000000 0.000000 0.000000 0.000000 0.730693 290.000000
 11.000000 0.733303 274.533079 0.000000 0.000000 0.000000 0.000000 0.733303 285.000000
 11.250000 0.735750 276.341577 0.000000 0.000000 0.000000 0.000000 0.735750 289.000000
 11.500000 0.733076 274.884691 0.000000 0.000000 0.000000 0.000000 0.733076 288.000000
 11.750000 0.737968 278.350918 0.000000 0.000000 0.000000 0.000000 0.737968 285.000000
 12.000000 0.729143 272.966919 0.000000 0.000000 0.000000 0.000000 0.729143 285.000000
 12.250000 0.728058 273.498643 0.000000 0.000000 0.000000 0.000000 0.728058 284.000000
 12.500000 0.729862 273.178193 0.000000 0.000000 0.000000 0.000000 0.729862 288.000000
 12.750000 0.732578 273.664545 0.000000 0.000000 0.000000 0.000000 0.732578 284.000000
 13.000000 0.733973 276.965848 0.000000 0.000000 0.000000 0.000000 0.733973 287.000000
 13.250000 0.735829 276.872890 0.000000 0.000000 0.000000 0.000000 0.735829 284.000000
 13.500000 0.737844 277.134180 0.000000 0.000000 0.000000 0.000000 0.737844 288.000000
 13.750000 0.736870 278.691319 0.000000 0.000000 0.000000 0.000000 0.736870 290.000000
 14.000000 0.734408 276.815119 0.000000 0.000000 0.000000 0.000000 0.734408 287.000000
 14.250000 0.732000 274.882615 0.000000 0.000000 0.000000 0.000000 0.732000 284.000000
 14.500000 0.740132 281.620456 0.000000 0.000000 0.000000 0.000000 0.740132 287.000000
 14.750000 0.733992 273.374975 0.000000 0.000000 0.000000 0.000000 0.733992 286.000000
 15.000000 0.742303 281.902810 0.000000 0.000000 0.000000 0.000000 0.742303 287.000000
 15.250000 0.736710 277.061483 0.000000 0.000000 0.000000 0.000000 0.736710 287.000000
 15.500000 0.732856 274.029242 0.000000 0.000000 0.000000 0.000000 0.732856 287.000000
 15.750000 0.738865 282.092517 0.000000 0.000000 0.000000 0.000000 0.738865 289.000000
 16.000000 0.735415 279.872955 0.000000 0.000000 0.000000 0.000000 0.735415 291.000000
 16.250000 0.732982 277.465794 0.000000 0.000000 0.000000 0.000000 0.732982 293.000000
 16.500000 0.731716 277.119578 0.000000 0.000000 0.000000 0.000000 0.731716 290.000000
 16.750000 0.727202 269.556272 0.000000 0.000000 0.000000 0.000000 0.727202 283.000000
 17.000000 0.733446 270.773745 0.000000 0.000000 0.000000 0.000000 0.733446 283.000000
 17.250000 0.737941 277.226567 0.000000 0.000000 0.000000 0.000000 0.737941 288.000000
 17.500000 0.738040 277.022923 0.000000 0.000000 0.000000 0.000000 0.738040 288.000000
 17.750000 0.737427 277.216900 0.000000 0.000000 0.000000 0.000000 0.737427 285.000000
 18.000000 0.732555 276.417906 0.000000 0.000000 0.000000 0.000000 0.732555 286.000000
 18.250000 0.733376 276.812995 0.000000 0.000000 0.000000 0.000000 0.733376 287.000000
 18.500000 0.736827 273.985171 0.000000 0.000000 0.000000 0.000000 0.736827 282.000000
 18.750000 0.739274 277.653510 0.000000 0.000000 0.000000 0.000000 0.739274 284.000000
 19.000000 0.738277 273.748899 0.000000 0.000000 0.000000 0.000000 0.738277 282.000000
 19.250000 0.733466 274.076880 0.000000 0.000000 0.000000 0.000000 0.733466 283.000000
 19.500000 0.738986 274.545363 0.000000 0.000000 0.000000 0.000000 0.738986 279.000000
 19.750000 0.734966 272.943530 0.000000 0.000000 0.000000 0.000000 0.734966 283.000000
 20.000000 0.738506 276.087134 0.000000 0.000000 0.000000 0.000000 0.738506 286.000000
 20.250000 0.742387 282.466608 0.000000 0.000000 0.000000 0.000000 0.742387 292.000000
 20.500000 0.738523 279.982669 0.000000 0.000000 0.000000 0.000000 0.738523 288.000000
 20.750000 0.739772 280.070408 0.000000 0.000000 0.000000 0.000000 0.739772 288.000000
 21.000000 0.734357 278.017893 0.000000 0.000000 0.000000 0.000000 0.734357 288.000000
 21.250000 0.739362 278.809582 0.000000 0.000000 0.000000 0.000000 0.739362 282.000000
 21.500000 0.744297 283.245288 0.000000 0.000000 0.000000 0.000000 0.744297 289.000000
 21.750000 0.741426 280.358702 0.000000 0.000000 0.000000 0.000000 0.741426 288.000000
 22.000000 0.742402 281.010272 0.000000 0.000000 0.000000 0.000000 0.742402 289.000000
 22.250000 0.739286 275.913615 0.000000 0.000000 0.000000 0.000000 0.739286 282.000000
 22.500000 0.742038 278.488227 0.000000 0.000000 0.000000 0.000000 0.742038 286.000000
 22.750000 0.750346 283.167311 0.000000 0.000000 0.000000 0.000000 0.750346 287.000000
 23.000000 0.737932 277.441561 0.000000 0.000000 0.000000 0.000000 0.737932 284.000000
 23.250000 0.734050 275.495384 0.000000 0.000000 0.000000 0.000000 0.734050 285.000000
 23.500000 0.738728 279.759688 0.000000 0.000000 0.000000 0.000000 0.738728 285.000000
 23.750000 0.737498 279.373103 0.000000 0.000000 0.000000 0.000000 0.737498 286.000000
 24.000000 0.737959 279.066672 0.000000 0.000000 0.000000 0.000000 0.737959 285.000000
 24.250000 0.738754 279.204301 0.000000 0.000000 0.000000 0.000000 0.738754 286.000000
 24.500000 0.740753 283.723776 0.000000 0.000000 0.000000 0.000000 0.740753 288.000000
 24.750000 0.742580 284.847667 0.000000 0.000000 0.000000 0.000000 0.742580 292.000000
 25.000000 0.740880 281.701313 0.000000 0.000000 0.000000 0.000000 0.740880 289.998499
 25.250000 0.745511 286.832729 0.000000 0.000000 0.000000 0.000000 0.745511 292.000000
 25.500000 0.740423 280.422572 0.000000 0.000000 0.000000 0.000000 0.740423 290.000000
 25.750000 0.742527 283.750093 0.000000 0.000000 0.000000 0.000000 0.742527 292.345645
 26.000000 0.743215 286.499737 0.000000 0.000000 0.000000 0.000000 0.743215 291.000000
 26.250000 0.739017 280.158431 0.000000 0.000000 0.000000 0.000000 0.739017 285.000000
 26.500000 0.746874 286.343011 0.000000 0.000000 0.000000 0.000000 0.746874 292.000000
 26.750000 0.744581 286.081853 0.000000 0.000000 0.000000 0.000000 0.744581 292.000000
 27.000000 0.742210 280.915943 0.000000 0.000000 0.000000 0.000000 0.742210 288.000000
 27.250000 0.741720 284.353328 0.000000 0.000000 0.000000 0.000000 0.741720 291.000000
 27.500000 0.740793 283.223962 0.000000 0.000000 0.000000 0.000000 0.740793 291.000000
 27.750000 0.747386 283.923044 0.000000 0.000000 0.000000 0.000000 0.747386 288.000000
 28.000000 0.742335 282.097920 0.000000 0.000000 0.000000 0.000000 0.742335 289.000000
 28.250000 0.743723 286.070023 0.000000 0.000000 0.000000 0.000000 0.743723 291.000000
 28.500000 0.744958 284.389166 0.000000 0.000000 0.000000 0.000000 0.744958 288.000000
 28.750000 0.742281 281.054297 0.000000 0.000000 0.000000 0.000000 0.742281 286.000000
 29.000000 0.741468 281.741678 0.000000 0.000000 0.000000 0.000000 0.741468 286.000000
 29.250000 0.743745 284.942472 0.000000 0.000000 0.000000 0.000000 0.743745 289.000000
 29.500000 0.750342 289.181032 1.394837 5.579348 0.000000 0.000000 0.750342 293.000000
 29.750000 0.748849 288.673691 0.453860 1.815441 0.000000 0.000000 0.748849 294.000000
 30.000000 0.749294 285.744929 0.000000 0.000000 0.000000 0.000000 0.749294 292.000000
 30.250000 0.746930 284.711408 0.000000 0.000000 0.000000 0.000000 0.746930 289.000000
 30.500000 0.750295 288.497533 0.247539 0.990156 0.000000 0.000000 0.750295 292.000000
 30.750000 0.751191 287.279707 0.000000 0.000000 0.000000 0.000000 0.751191 288.000000
 31.000000 0.751165 288.733817 0.538488 2.153951 0.000000 0.000000 0.751165 295.000000
 31.250000 0.752171 286.835238 0.000000 0.000000 0.000000 0.000000 0.752171 295.000000
 31.500000 0.749516 288.319236 0.101911 0.407645 0.000000 0.000000 0.749516 293.000000
 31.750000 0.745921 287.458035 0.000000 0.000000 0.000000 0.000000 0.745921 299.000000
 32.000000 0.745741 283.997176 0.000000 0.000000 0.000000 0.000000 0.745741 289.000000
 32.250000 0.750593 289.165975 1.359498 5.437994 0.000000 0.000000 0.750593 297.000000
 32.500000 0.743280 286.912162 0.000000 0.000000 0.000000 0.000000 0.743280 298.000000
 32.750000 0.745158 287.338582 0.000000 0.000000 0.000000 0.000000 0.745158 297.000000
 33.000000 0.746570 289.866266 3.482947 13.931789 0.000000 0.000000 0.746570 297.000000
 33.250000 0.746594 287.998814 0.000000 0.000000 0.000000 0.000000 0.746594 298.000000
 33.500000 0.750325 290.811268 7.903227 31.612908 0.000000 0.000000 0.750325 299.000000
 33.750000 0.738757 280.924567 0.000000 0.000000 0.000000 0.000000 0.738757 290.000000
 34.000000 0.745815 287.096352 0.000000 0.000000 0.000000 0.000000 0.745815 297.000000
 34.250000 0.745184 286.278404 0.000000 0.000000 0.000000 0.000000 0.745184 295.000000
 34.500000 0.747981 286.082877 0.000000 0.000000 0.000000 0.000000 0.747981 292.000000
 34.750000 0.745412 286.464560 0.000000 0.000000 0.000000 0.000000 0.745412 298.000000
 35.000000 0.746344 285.068019 0.000000 0.000000 0.000000 0.000000 0.746344 295.000000
 35.250000 0.743475 287.995176 0.000000 0.000000 0.000000 0.000000 0.743475 299.000000
 35.500000 0.745082 286.609670 0.000000 0.000000 0.000000 0.000000 0.745082 296.000000
 35.750000 0.742882 281.510120 0.000000 0.000000 0.000000 0.000000 0.742882 294.000000
 36.000000 0.745320 287.753097 0.000000 0.000000 0.000000 0.000000 0.745320 299.000000
 36.250000 0.745562 288.766468 0.587474 2.349894 0.000000 0.000000 0.745562 298.879215
 36.500000 0.747293 288.439379 0.193054 0.772216 0.000000 0.000000 0.747293 296.000000
 36.750000 0.744316 286.983205 0.000000 0.000000 0.000000 0.000000 0.744316 300.000000
 37.000000 0.746528 287.818939 0.000000 0.000000 0.000000 0.000000 0.746528 297.000000
 37.250000 0.744556 284.452240 0.000000 0.000000 0.000000 0.000000 0.744556 293.000000
 37.500000 0.746047 288.585197 0.342455 1.369821 0.000000 0.000000 0.746047 300.000000
 37.750000 0.742919 286.171466 0.000000 0.000000 0.000000 0.000000 0.742919 294.000000
 38.000000 0.737269 280.177621 0.000000 0.000000 0.000000 0.000000 0.737269 289.000000
 38.250000 0.739056 279.323597 0.000000 0.000000 0.000000 0.000000 0.739056 289.000000
 38.500000 0.743146 285.967905 0.000000 0.000000 0.000000 0.000000 0.743146 297.000000
 38.750000 0.740031 284.753416 0.000000 0.000000 0.000000 0.000000 0.740031 292.000000
 39.000000 0.737903 278.786497 0.000000 0.000000 0.000000 0.000000 0.737903 291.000000
 39.250000 0.738888 280.696806 0.000000 0.000000 0.000000 0.000000 0.738888 286.000000
 39.500000 0.742979 282.916062 0.000000 0.000000 0.000000 0.000000 0.742979 292.000000
 39.750000 0.741591 282.449308 0.000000 0.000000 0.000000 0.000000 0.741591 289.000000
 40.000000 0.741735 284.057806 0.000000 0.000000 0.000000 0.000000 0.741735 293.000000
 40.250000 0.738970 283.741991 0.000000 0.000000 0.000000 0.000000 0.738970 291.000000
 40.500000 0.743853 286.614394 0.000000 0.000000 0.000000 0.000000 0.743853 291.000000
 40.750000 0.748732 288.221464 0.049046 0.196185 0.000000 0.000000 0.748732 292.000000
 41.000000 0.745545 286.759543 0.000000 0.000000 0.000000 0.000000 0.745545 292.000000
 41.250000 0.746904 288.852699 0.727095 2.908381 0.000000 0.000000 0.746904 293.000000
 41.500000 0.741074 282.858733 0.000000 0.000000 0.000000 0.000000 0.741074 294.000000
 41.750000 0.735540 277.507689 0.000000 0.000000 0.000000 0.000000 0.735540 287.000000
 42.000000 0.740677 283.935087 0.000000 0.000000 0.000000 0.000000 0.740677 290.000000
 42.250000 0.744406 281.765957 0.000000 0.000000 0.000000 0.000000 0.744406 289.000000
 42.500000 0.743582 285.957460 0.000000 0.000000 0.000000 0.000000 0.743582 295.000000
 42.750000 0.743009 282.944993 0.000000 0.000000 0.000000 0.000000 0.743009 290.000000
 43.000000 0.741760 281.994478 0.000000 0.000000 0.000000 0.000000 0.741760 287.000000
 43.250000 0.744994 282.675134 0.000000 0.000000 0.000000 0.000000 0.744994 286.000000
 43.500000 0.744871 283.922226 0.000000 0.000000 0.000000 0.000000 0.744871 292.000000
 43.750000 0.746819 286.230817 0.000000 0.000000 0.000000 0.000000 0.746819 292.000000
 44.000000 0.747622 285.240384 0.000000 0.000000 0.000000 0.000000 0.747622 287.000000
 44.250000 0.737674 281.473991 0.000000 0.000000 0.000000 0.000000 0.737674 292.000000
 44.500000 0.736260 278.197022 0.000000 0.000000 0.000000 0.000000 0.736260 287.000000
 44.750000 0.751051 288.319915 0.102346 0.409383 0.000000 0.000000 0.751051 291.000000
 45.000000 0.743783 284.399734 0.000000 0.000000 0.000000 0.000000 0.743783 290.000000
 45.250000 0.750733 289.947104 3.791215 15.164859 0.000000 0.000000 0.750733 294.000000
 45.500000 0.748909 286.136266 0.000000 0.000000 0.000000 0.000000 0.748909 291.000000
 45.750000 0.749254 287.120407 0.000000 0.000000 0.000000 0.000000 0.749254 293.000000
 46.000000 0.749672 287.942357 0.000000 0.000000 0.000000 0.000000 0.749672 291.000000
 46.250000 0.751358 288.831406 0.691235 2.764941 0.000000 0.000000 0.751358 293.000000
 46.500000 0.746458 286.664061 0.000000 0.000000 0.000000 0.000000 0.746458 291.000000
 46.750000 0.748582 288.581652 0.338319 1.353278 0.000000 0.000000 0.748582 293.000000
 47.000000 0.746323 285.471645 0.000000 0.000000 0.000000 0.000000 0.746323 295.000000
 47.250000 0.745859 286.316064 0.000000 0.000000 0.000000 0.000000 0.745859 287.000000
 47.500000 0.747096 285.787740 0.000000 0.000000 0.000000 0.000000 0.747096 285.000000
 47.750000 0.740248 282.948528 0.000000 0.000000 0.000000 0.000000 0.740248 288.000000
 48.000000 0.743373 286.281456 0.000000 0.000000 0.000000 0.000000 0.743373 293.000000
 48.250000 0.744767 285.707508 0.000000 0.000000 0.000000 0.000000 0.744767 293.000000
 48.500000 0.741289 285.591863 0.000000 0.000000 0.000000 0.000000 0.741289 294.000000
 48.750000 0.740800 281.918797 0.000000 0.000000 0.000000 0.000000 0.740800 290.000000
 49.000000 0.744444 286.054647 0.000000 0.000000 0.000000 0.000000 0.744444 295.000000
 49.250000 0.744830 285.536836 0.000000 0.000000 0.000000 0.000000 0.744830 293.779571
 49.500000 0.740991 283.666379 0.000000 0.000000 0.000000 0.000000 0.740991 293.000000
 49.750000 0.750301 290.003928 4.015729 16.062917 0.000000 0.000000 0.750301 292.000000
 50.000000 0.747807 287.611474 0.000000 0.000000 0.000000 0.000000 0.747807 293.000000
 50.250000 0.747326 287.350584 0.000000 0.000000 0.000000 0.000000 0.747326 289.000000
 50.500000 0.743760 284.009540 0.000000 0.000000 0.000000 0.000000 0.743760 288.000000
 50.750000 0.741163 283.180679 0.000000 0.000000 0.000000 0.000000 0.741163 291.000000
 51.000000 0.752432 288.838412 0.702935 2.811739 0.000000 0.000000 0.752432 292.250102
 51.250000 0.750079 286.093272 0.000000 0.000000 0.000000 0.000000 0.750079 287.000000
 51.500000 0.752299 289.198933 1.437440 5.749759 0.000000 0.000000 0.752299 292.000000
 51.750000 0.748457 287.035142 0.000000 0.000000 0.000000 0.000000 0.748457 293.000000
 52.000000 0.736974 278.580738 0.000000 0.000000 0.000000 0.000000 0.736974 289.000000
 52.250000 0.749425 287.942715 0.000000 0.000000 0.000000 0.000000 0.749425 290.000000
 52.500000 0.750049 286.854163 0.000000 0.000000 0.000000 0.000000 0.750049 293.000000
 52.750000 0.741315 280.790613 0.000000 0.000000 0.000000 0.000000 0.741315 289.000000
 53.000000 0.745133 283.401370 0.000000 0.000000 0.000000 0.000000 0.745133 291.000000
 53.250000 0.751628 287.464789 0.000000 0.000000 0.000000 0.000000 0.751628 289.000000
 53.500000 0.743049 280.083273 0.000000 0.000000 0.000000 0.000000 0.743049 287.000000
 53.750000 0.735948 276.038833 0.000000 0.000000 0.000000 0.000000 0.735948 285.000000
 54.000000 0.742072 282.069153 0.000000 0.000000 0.000000 0.000000 0.742072 288.000000
 54.250000 0.735128 277.192531 0.000000 0.000000 0.000000 0.000000 0.735128 289.000000
 54.500000 0.738194 279.775830 0.000000 0.000000 0.000000 0.000000 0.738194 289.000000
 54.750000 0.733507 274.098539 0.000000 0.000000 0.000000 0.000000 0.733507 285.000000
 55.000000 0.736177 276.790613 0.000000 0.000000 0.000000 0.000000 0.736177 286.000000
 55.250000 0.736379 276.878994 0.000000 0.000000 0.000000 0.000000 0.736379 285.000000
 55.500000 0.735826 276.787790 0.000000 0.000000 0.000000 0.000000 0.735826 284.000000
 55.750000 0.734772 279.602904 0.000000 0.000000 0.000000 0.000000 0.734772 288.000000
 56.000000 0.731337 275.177226 0.000000 0.000000 0.000000 0.000000 0.731337 284.000000
 56.250000 0.729390 276.106298 0.000000 0.000000 0.000000 0.000000 0.729390 286.000000
 56.500000 0.735828 277.277102 0.000000 0.000000 0.000000 0.000000 0.735828 285.000000
 56.750000 0.729818 273.611405 0.000000 0.000000 0.000000 0.000000 0.729818 283.000000
 57.000000 0.732661 273.375343 0.000000 0.000000 0.000000 0.000000 0.732661 286.000000
 57.250000 0.729155 274.984874 0.000000 0.000000 0.000000 0.000000 0.729155 288.000000
 57.500000 0.734402 275.223312 0.000000 0.000000 0.000000 0.000000 0.734402 286.000000
 57.750000 0.740689 283.218225 0.000000 0.000000 0.000000 0.000000 0.740689 292.000000
 58.000000 0.739127 278.224526 0.000000 0.000000 0.000000 0.000000 0.739127 287.000000
 58.250000 0.729299 274.248191 0.000000 0.000000 0.000000 0.000000 0.729299 286.000000
 58.500000 0.733566 278.056541 0.000000 0.000000 0.000000 0.000000 0.733566 289.000000
 58.750000 0.734526 275.151130 0.000000 0.000000 0.000000 0.000000 0.734526 286.000000
 59.000000 0.738619 278.578954 0.000000 0.000000 0.000000 0.000000 0.738619 287.000000
 59.250000 0.729254 271.170437 0.000000 0.000000 0.000000 0.000000 0.729254 283.000000
 59.500000 0.736900 279.762200 0.000000 0.000000 0.000000 0.000000 0.736900 288.000000
 59.750000 0.742485 282.450867 0.000000 0.000000 0.000000 0.000000 0.742485 289.000000
 60.000000 0.741337 280.654658 0.000000 0.000000 0.000000 0.000000 0.741337 289.000000
 60.250000 0.738140 275.068734 0.000000 0.000000 0.000000 0.000000 0.738140 283.000000
 60.500000 0.740627 279.754440 0.000000 0.000000 0.000000 0.000000 0.740627 287.000000
 60.750000 0.738418 277.642195 0.000000 0.000000 0.000000 0.000000 0.738418 280.000000
 61.000000 0.744769 284.739175 0.000000 0.000000 0.000000 0.000000 0.744769 291.000000
 61.250000 0.743589 280.123397 0.000000 0.000000 0.000000 0.000000 0.743589 286.000000
 61.500000 0.736937 279.699094 0.000000 0.000000 0.000000 0.000000 0.736937 288.000000
 61.750000 0.740411 282.532139 0.000000 0.000000 0.000000 0.000000 0.740411 291.000000
 62.000000 0.745594 284.313454 0.000000 0.000000 0.000000 0.000000 0.745594 288.000000
 62.250000 0.742285 281.839988 0.000000 0.000000 0.000000 0.000000 0.742285 285.000000
 62.500000 0.741753 282.170622 0.000000 0.000000 0.000000 0.000000 0.741753 287.000000
 62.750000 0.737801 281.232130 0.000000 0.000000 0.000000 0.000000 0.737801 287.000000
 63.000000 0.741370 280.431211 0.000000 0.000000 0.000000 0.000000 0.741370 287.000000
 63.250000 0.735968 275.951277 0.000000 0.000000 0.000000 0.000000 0.735968 284.000000
 63.500000 0.738398 280.508881 0.000000 0.000000 0.000000 0.000000 0.738398 288.000000
 63.750000 0.737396 277.395663 0.000000 0.000000 0.000000 0.000000 0.737396 286.000000
 64.000000 0.747464 282.764745 0.000000 0.000000 0.000000 0.000000 0.747464 286.000000
 64.250000 0.737009 278.843535 0.000000 0.000000 0.000000 0.000000 0.737009 286.000000
 64.500000 0.748324 283.691988 0.000000 0.000000 0.000000 0.000000 0.748324 285.000000
 64.750000 0.748413 284.532601 0.000000 0.000000 0.000000 0.000000 0.748413 286.000000
 65.000000 0.751091 287.837005 0.000000 0.000000 0.000000 0.000000 0.751091 290.000000
 65.250000 0.746585 282.528930 0.000000 0.000000 0.000000 0.000000 0.746585 285.000000
 65.500000 0.747106 283.391990 0.000000 0.000000 0.000000 0.000000 0.747106 289.000000
 65.750000 0.744240 281.183330 0.000000 0.000000 0.000000 0.000000 0.744240 286.000000
 66.000000 0.743488 277.584065 0.000000 0.000000 0.000000 0.000000 0.743488 285.000000
 66.250000 0.748552 285.043585 0.000000 0.000000 0.000000 0.000000 0.748552 287.000000
 66.500000 0.746267 282.859686 0.000000 0.000000 0.000000 0.000000 0.746267 287.000000
 66.750000 0.744496 280.897680 0.000000 0.000000 0.000000 0.000000 0.744496 286.000000
 67.000000 0.740007 278.878263 0.000000 0.000000 0.000000 0.000000 0.740007 286.000000
 67.250000 0.738018 276.176720 0.000000 0.000000 0.000000 0.000000 0.738018 285.000000
 67.500000 0.742805 280.453801 0.000000 0.000000 0.000000 0.000000 0.742805 284.000000
 67.750000 0.741918 280.650248 0.000000 0.000000 0.000000 0.000000 0.741918 288.000000
 68.000000 0.740403 277.230474 0.000000 0.000000 0.000000 0.000000 0.740403 285.000000
 68.250000 0.740092 279.156721 0.000000 0.000000 0.000000 0.000000 0.740092 283.000000
 68.500000 0.740602 278.683998 0.000000 0.000000 0.000000 0.000000 0.740602 285.000000
 68.750000 0.731045 271.891435 0.000000 0.000000 0.000000 0.000000 0.731045 283.000000
 69.000000 0.737033 278.900398 0.000000 0.000000 0.000000 0.000000 0.737033 286.000000
 69.250000 0.740048 278.466941 0.000000 0.000000 0.000000 0.000000 0.740048 287.000000
 69.500000 0.747695 284.073620 0.000000 0.000000 0.000000 0.000000 0.747695 291.000000
 69.750000 0.742023 281.797714 0.000000 0.000000 0.000000 0.000000 0.742023 287.000000
 70.000000 0.739833 282.117165 0.000000 0.000000 0.000000 0.000000 0.739833 287.000000
 70.250000 0.740538 281.961475 0.000000 0.000000 0.000000 0.000000 0.740538 291.000000
 70.500000 0.740641 279.533251 0.000000 0.000000 0.000000 0.000000 0.740641 287.000000
 70.750000 0.742864 282.650859 0.000000 0.000000 0.000000 0.000000 0.742864 288.000000
 71.000000 0.741055 281.847461 0.000000 0.000000 0.000000 0.000000 0.741055 288.000000
 71.250000 0.741683 282.228733 0.000000 0.000000 0.000000 0.000000 0.741683 287.000000
 71.500000 0.747916 283.078570 0.000000 0.000000 0.000000 0.000000 0.747916 288.000000
 71.750000 0.735915 276.731850 0.000000 0.000000 0.000000 0.000000 0.735915 286.000000
 72.000000 0.743991 281.468705 0.000000 0.000000 0.000000 0.000000 0.743991 287.000000
 72.250000 0.735365 275.447871 0.000000 0.000000 0.000000 0.000000 0.735365 284.000000
 72.500000 0.741803 279.475343 0.000000 0.000000 0.000000 0.000000 0.741803 285.000000
 72.750000 0.740022 280.364681 0.000000 0.000000 0.000000 0.000000 0.740022 289.000000
 73.000000 0.738683 278.440904 0.000000 0.000000 0.000000 0.000000 0.738683 289.000000
 73.250000 0.741646 278.125708 0.000000 0.000000 0.000000 0.000000 0.741646 286.000000
 73.500000 0.747677 284.295453 0.000000 0.000000 0.000000 0.000000 0.747677 288.000000
 73.750000 0.741459 281.370233 0.000000 0.000000 0.000000 0.000000 0.741459 288.000000
 74.000000 0.739982 280.419823 0.000000 0.000000 0.000000 0.000000 0.739982 286.000000
 74.250000 0.742752 283.578314 0.000000 0.000000 0.000000 0.000000 0.742752 289.000000
 74.500000 0.746585 283.603382 0.000000 0.000000 0.000000 0.000000 0.746585 290.000000
 74.750000 0.746035 282.993337 0.000000 0.000000 0.000000 0.000000 0.746035 290.000000
 75.000000 0.747110 283.873291 0.000000 0.000000 0.000000 0.000000 0.747110 291.000000
 75.250000 0.745989 282.668806 0.000000 0.000000 0.000000 0.000000 0.745989 287.000000
 75.500000 0.746189 283.133244 0.000000 0.000000 0.000000 0.000000 0.746189 287.000000
 75.750000 0.750741 285.928447 0.000000 0.000000 0.000000 0.000000 0.750741 292.000000
 76.000000 0.747186 281.224871 0.000000 0.000000 0.000000 0.000000 0.747186 288.000000
 76.250000 0.746147 282.864648 0.000000 0.000000 0.000000 0.000000 0.746147 289.000000
 76.500000 0.748470 285.249513 0.000000 0.000000 0.000000 0.000000 0.748470 290.000000
 76.750000 0.750853 287.008124 0.000000 0.000000 0.000000 0.000000 0.750853 289.000000
 77.000000 0.746068 283.966424 0.000000 0.000000 0.000000 0.000000 0.746068 290.000000
 77.250000 0.737241 280.591396 0.000000 0.000000 0.000000 0.000000 0.737241 292.000000
 77.500000 0.747497 287.843188 0.000000 0.000000 0.000000 0.000000 0.747497 291.000000
 77.750000 0.743559 283.684996 0.000000 0.000000 0.000000 0.000000 0.743559 290.000000
 78.000000 0.745036 285.446441 0.000000 0.000000 0.000000 0.000000 0.745036 290.000000
 78.250000 0.741556 282.399002 0.000000 0.000000 0.000000 0.000000 0.741556 292.000000
 78.500000 0.745348 284.679486 0.000000 0.000000 0.000000 0.000000 0.745348 291.000000
 78.750000 0.745365 285.688250 0.000000 0.000000 0.000000 0.000000 0.745365 289.000000
 79.000000 0.741834 283.583905 0.000000 0.000000 0.000000 0.000000 0.741834 293.000000
 79.250000 0.750188 286.093384 0.000000 0.000000 0.000000 0.000000 0.750188 290.000000
 79.500000 0.749851 284.901335 0.000000 0.000000 0.000000 0.000000 0.749851 292.000000
 79.750000 0.750835 285.231161 0.000000 0.000000 0.000000 0.000000 0.750835 291.000000
 80.000000 0.745456 279.924347 0.000000 0.000000 0.000000 0.000000 0.745456 286.000000
 80.250000 0.743937 282.721153 0.000000 0.000000 0.000000 0.000000 0.743937 290.000000
 80.500000 0.744094 285.673299 0.000000 0.000000 0.000000 0.000000 0.744094 292.000000
 80.750000 0.742218 282.689108 0.000000 0.000000 0.000000 0.000000 0.742218 289.000000
 81.000000 0.740683 280.977863 0.000000 0.000000 0.000000 0.000000 0.740683 289.000000
 81.250000 0.747547 283.485507 0.000000 0.000000 0.000000 0.000000 0.747547 288.000000
 81.500000 0.745380 280.835177 0.000000 0.000000 0.000000 0.000000 0.745380 287.000000
 81.750000 0.746104 280.082107 0.000000 0.000000 0.000000 0.000000 0.746104 285.000000
 82.000000 0.740144 277.404187 0.000000 0.000000 0.000000 0.000000 0.740144 285.000000
 82.250000 0.742380 282.200777 0.000000 0.000000 0.000000 0.000000 0.742380 286.000000
 82.500000 0.739506 278.669611 0.000000 0.000000 0.000000 0.000000 0.739506 285.000000
 82.750000 0.736108 280.277389 0.000000 0.000000 0.000000 0.000000 0.736108 287.000000
 83.000000 0.744080 281.878867 0.000000 0.000000 0.000000 0.000000 0.744080 286.000000
 83.250000 0.750517 285.371770 0.000000 0.000000 0.000000 0.000000 0.750517 289.000000
 83.500000 0.747044 281.610985 0.000000 0.000000 0.000000 0.000000 0.747044 286.000000
 83.750000 0.747314 282.402172 0.000000 0.000000 0.000000 0.000000 0.747314 289.000000
 84.000000 0.754410 288.441697 0.195096 0.780384 0.000000 0.000000 0.754410 290.000000
 84.250000 0.745360 283.796735 0.000000 0.000000 0.000000 0.000000 0.745360 289.000000
 84.500000 0.747939 285.985679 0.000000 0.000000 0.000000 0.000000 0.747939 290.000000
 84.750000 0.740673 280.241536 0.000000 0.000000 0.000000 0.000000 0.740673 287.000000
 85.000000 0.745324 284.605122 0.000000 0.000000 0.000000 0.000000 0.745324 290.000000
 85.250000 0.747776 284.933768 0.000000 0.000000 0.000000 0.000000 0.747776 290.000000
 85.500000 0.747762 284.138162 0.000000 0.000000 0.000000 0.000000 0.747762 290.000000
 85.750000 0.745705 282.812301 0.000000 0.000000 0.000000 0.000000 0.745705 290.000000
 86.000000 0.750201 287.939701 0.000000 0.000000 0.000000 0.000000 0.750201 293.000000
 86.250000 0.742639 280.954762 0.000000 0.000000 0.000000 0.000000 0.742639 288.000000
 86.500000 0.743692 282.880134 0.000000 0.000000 0.000000 0.000000 0.743692 292.000000
 86.750000 0.746155 284.144893 0.000000 0.000000 0.000000 0.000000 0.746155 289.000000
 87.000000 0.750024 286.556327 0.000000 0.000000 0.000000 0.000000 0.750024 293.000000
 87.250000 0.744841 282.202078 0.000000 0.000000 0.000000 0.000000 0.744841 291.000000
 87.500000 0.745960 280.565028 0.000000 0.000000 0.000000 0.000000 0.745960 286.000000
 87.750000 0.745795 283.089802 0.000000 0.000000 0.000000 0.000000 0.745795 293.000000
 88.000000 0.745851 285.752010 0.000000 0.000000 0.000000 0.000000 0.745851 293.000000
 88.250000 0.749842 285.311326 0.000000 0.000000 0.000000 0.000000 0.749842 290.000000
 88.500000 0.749611 284.868956 0.000000 0.000000 0.000000 0.000000 0.749611 286.000000
 88.750000 0.749796 283.821355 0.000000 0.000000 0.000000 0.000000 0.749796 293.000000
 89.000000 0.750408 284.671186 0.000000 0.000000 0.000000 0.000000 0.750408 290.000000
 89.250000 0.743547 281.604286 0.000000 0.000000 0.000000 0.000000 0.743547 290.000000
 89.500000 0.751763 284.912430 0.000000 0.000000 0.000000 0.000000 0.751763 290.000000
 89.750000 0.745978 281.125338 0.000000 0.000000 0.000000 0.000000 0.745978 288.000000
 90.000000 0.745748 281.996032 0.000000 0.000000 0.000000 0.000000 0.745748 286.000000
 90.250000 0.742673 283.692154 0.000000 0.000000 0.000000 0.000000 0.742673 291.000000
 90.500000 0.746202 285.621368 0.000000 0.000000 0.000000 0.000000 0.746202 292.000000
 90.750000 0.746046 283.945981 0.000000 0.000000 0.000000 0.000000 0.746046 289.000000
 91.000000 0.747157 282.015879 0.000000 0.000000 0.000000 0.000000 0.747157 289.000000
 91.250000 0.754682 287.099681 0.000000 0.000000 0.000000 0.000000 0.754682 297.000000
 91.500000 0.752738 285.960054 0.000000 0.000000 0.000000 0.000000 0.752738 293.000000
 91.750000 0.753175 285.967100 0.000000 0.000000 0.000000 0.000000 0.753175 293.000000
 92.000000 0.750046 287.389628 0.000000 0.000000 0.000000 0.000000 0.750046 293.000000
 92.250000 0.749384 285.329730 0.000000 0.000000 0.000000 0.000000 0.749384 293.000000
 92.500000 0.743556 278.730528 0.000000 0.000000 0.000000 0.000000 0.743556 288.000000
 92.750000 0.749364 285.207722 0.000000 0.000000 0.000000 0.000000 0.749364 294.000000
 93.000000 0.745342 283.473768 0.000000 0.000000 0.000000 0.000000 0.745342 293.000000
 93.250000 0.742443 279.865526 0.000000 0.000000 0.000000 0.000000 0.742443 290.000000
 93.500000 0.738963 280.484575 0.000000 0.000000 0.000000 0.000000 0.738963 287.000000
 93.750000 0.738064 279.623257 0.000000 0.000000 0.000000 0.000000 0.738064 293.000000
 94.000000 0.743713 282.808870 0.000000 0.000000 0.000000 0.000000 0.743713 289.000000
 94.250000 0.743538 279.751036 0.000000 0.000000 0.000000 0.000000 0.743538 288.000000
 94.500000 0.734803 271.510800 0.000000 0.000000 0.000000 0.000000 0.734803 280.000000
 94.750000 0.739554 278.912449 0.000000 0.000000 0.000000 0.000000 0.739554 288.000000
 95.000000 0.749051 283.424701 0.000000 0.000000 0.000000 0.000000 0.749051 290.000000
 95.250000 0.743472 279.851251 0.000000 0.000000 0.000000 0.000000 0.743472 290.000000
 95.500000 0.745589 284.911957 0.000000 0.000000 0.000000 0.000000 0.745589 294.000000
 95.750000 0.738971 278.570970 0.000000 0.000000 0.000000 0.000000 0.738971 290.000000
 96.000000 0.751684 288.292615 0.085623 0.342494 0.000000 0.000000 0.751684 293.000000
 96.250000 0.744632 280.740814 0.000000 0.000000 0.000000 0.000000 0.744632 290.000000
 96.500000 0.746955 285.414572 0.000000 0.000000 0.000000 0.000000 0.746955 294.000000
 96.750000 0.747448 283.144072 0.000000 0.000000 0.000000 0.000000 0.747448 292.000000
 97.000000 0.748506 284.520003 0.000000 0.000000 0.000000 0.000000 0.748506 293.000000
 97.250000 0.747593 281.524057 0.000000 0.000000 0.000000 0.000000 0.747593 287.000000
 97.500000 0.752853 287.896698 0.000000 0.000000 0.000000 0.000000 0.752853 294.000000
 97.750000 0.753264 289.274237 1.623680 6.494720 0.000000 0.000000 0.753264 297.000000
 98.000000 0.746701 281.351057 0.000000 0.000000 0.000000 0.000000 0.746701 288.000000
 98.250000 0.753368 289.750401 3.063905 12.255622 0.000000 0.000000 0.753368 294.000000
 98.500000 0.748157 283.159756 0.000000 0.000000 0.000000 0.000000 0.748157 289.000000
 98.750000 0.751154 286.958126 0.000000 0.000000 0.000000 0.000000 0.751154 298.000000
 99.000000 0.751802 287.705695 0.000000 0.000000 0.000000 0.000000 0.751802 291.000000
 99.250000 0.747126 284.487160 0.000000 0.000000 0.000000 0.000000 0.747126 291.000000
 99.500000 0.751221 287.905177 0.000000 0.000000 0.000000 0.000000 0.751221 295.000000
 99.750000 0.750484 287.582822 0.000000 0.000000 0.000000 0.000000 0.750484 294.000000
 100.000000 0.754118 287.356349 0.000000 0.000000 0.000000 0.000000 0.754118 293.000000
 100.250000 0.753984 285.665469 0.000000 0.000000 0.000000 0.000000 0.753984 295.000000
